3
21136813.7692673727869987487793
0
0
0
0
0
0.086031905642171488390879119379
-2.43121338936104021741902582225e-16
0.0861417902248730743552940225527
0.086196805551130920020064252185
0.0862518696699479531231347095854
0.0863069826585287497300313930282
0.0863621445941987059269351334478
0.0864173555544642396641918935529
0.0864726156169587922839525617746
0
0
0.0866386911966639250426425178375
0.0866941484476802387559857265842
0.0867496551915022673373556472143
0.0868052115067171475848439854417
0.0868608174720817555192198256009
0.0869164731664723300141872641689
0.0869721786689583858942498295619
0.0870279340587737232359799577353
0.0870837394152736005148440767698
0.0871395948180081064693425219048
0.0871955003466771960685122166979
0
0
0
0
0
0
0
0
0
0.0877573302077637035223389716521
0.0878137924277249959370550413951
0.0878703057425780781342083969321
0.087926870234151147109891155651
0.0879834859844003808193590998599
0.0880401530754534866751725985523
0.0880968715896369297668755393715
0.0881536416094152314171239481766
0.0882104632174029457125641329185
0.0882673364964468021298671374097
0
0
0.0884382671903107958621959028278
0.0884953479848689800180139286567
0.0885524808669958529705468208704
0.088609665920518790316329216239
0.0886669032293989634041508907103
0.0887241928778069455230337325702
0.0887815349500634953816557981554
0.0888389295306459547685307143183
0.0888963767042430796916363533455
0.0889538765556706634285433210607
0.0890114291699508203281610008162
0
0
0
0
0
0
0
0
0
0.089589876094991097166264637508
0.0896480147607094796091686816908
0.0897062072229425355729404145677
0.0897644535689706701830914425955
0.0898227538862139546216312169236
0.0898811082623458962315154963107
0.0899395167851557292282294042707
0.089997979542624589877064522625
0.090056496622965914733427439387
0.0901150681144974874392516994703
0
0
0.0902911099424404950397615721158
0.0903498999658662454992352763838
0.0904087448449193836763626563879
0.0904676446690786950632912066794
0.0905265995279453949962089609471
0.090585609511309020391855995058
0.0906446747091496363157858695558
0.0907037952116681867043013198781
0.0907629711091929441968417791031
0.0908222024922562265469849762667
0.0908814894515899279747728201073
0
0
0
0
0
0
0
0
0
0.0914774358311837981760916704843
0.0915373401703361150305582327746
0.0915973011889673199847905493698
0.0916573189802657450897527269262
0.0917173936375702963941236589562
0.0917775252544343889127276270301
0.0918377139245942636369690603715
0.0918979597419811861103156047648
0.0919582628007278995996287562775
0.0920186231951222038949467219027
0
0
0.0922000493383912517186828949889
0.0922606400224838113510728021538
0.0923212885167341151815278976756
0.0923819949166194143153063578211
0.0924427593178416828756382983556
0.0925035818162522061047781107845
0.0925644625079328625671948316267
0.0926254014891502996942307390782
0.0926863988564001067826936264282
0.0927474547063251025802443905377
0.0928085691357919267963083598261
0
0
0
0
0
0
0
0
0
0
0.0934847220148804919359619702846
0.0935465470276735100441101167235
0.0936084318976009022161832717757
0.0936703767243803886444197814853
0.0937323816079143889989921945016
0.0937944466483268124434857782035
0.0938565719459311248451527376346
0.0939187576012422420390635124932
0
0
0
0.0941681058176349478072708620857
0.0942305947767922563729214857631
0.0942931447012478329838813806418
0.0943557556929701807257870882495
0.094418427854161129930687934575
0.0944811612872788336714435786234
0.0945439560949015572743903135233
0.0946068123799132937312705848854
0.0946697302453483741091488923303
0.0947327097944831580944580196046
0.0947957511308008121675428014896
0
0
0
0
0
0
0
0
0
0.0954295857099546618318441915108
0.0954933135970801733050095094768
0.0955571045300856319881788181192
0.0956209586153191071211665530427
0
0.0957488566687769299123900168524
0.095812900850762924842562995309
0.095877008612417546906669940654
0.0959411800612087473094646838945
0.0960054153047863734204980801223
0
0
0.0961985048840607731568397298361
0.0962629963877632971458453425839
0.0963275522278613932636304184598
0.0963921725134062462592154929553
0.0964568573535954099096301206373
0.0965216068579106134528444727039
0.0965864211360283053675601649957
0.0966513002978839214085482467453
0.0967162444536231180602925405765
0.0967812537136372580404142240695
0
0
0
0
0
0
19915.7508563975607103202491999
0
0
0
0
0
0.148652228402805175466738774048
-1.49585101261270638665194067171e-15
0.145658293154040441308438857959
0.144158321831789948408442114669
0.142656344332160650578700256119
0.141152357863589456021813361986
0.139646359632267347272716051521
0.138138346838652142922754251231
0.13662831667900246501723415804
0
0
0.132086093895121076124965497911
0.130567966143114166932548414479
0.129047806938187070713297543989
0.12752561345155261074424402068
0.126001382847045678703423732259
0.124475112285882455465113594073
0.122946798923332045738732176687
0.121416439910511472777265851164
0.119884032395002684823204219811
0.118349573518613693234868833315
0.116813060420530370753233739833
0
0
0
0
0
0
0
0
0
0.101334314228681471314885698121
0.0997750144663596405525396448866
0.0982136257765668235775180505698
0.0966501452385042508774759539847
0.0950845699245479181183071659689
0.0935168969040969105810390260558
0.0919471232407810395992342478166
0.0903752459938572810793644407568
0.0888012622172347637627964900275
0.0872251689617509068375156289221
0
0
0.0824842027462365651180320469393
0.0808996419779682562900546827223
0.0793129569086246238862614177378
0.0777241445607913528093035893107
0.0761332019482877236926654518356
0.0745401260857369712953257590016
0.0729449139798527684819262617566
0.0713475626320697470239551307714
0.0697480690403080305639349489866
0.0681464301977317832292868615696
0.0665426430914855121523387992966
0
0
0
0
0
0
0
0
0
0.0503859514227948321329897396481
0.0487583332345614406388989436891
0.0471285302588291404868314771193
0.0454965394186665900155830399854
0.0438623576364325640231101033351
0.0422259818250602658729064842191
0.040587408893004585375141601844
0.0389466357462824319668470707256
0.0373036592849875225930134092778
0.0356584764021467826022870895031
0
0
0.0307096581028655710166042069886
0.0290556183841207057994004969714
0.0273993566430086668561649787534
0.0257408697434598141007278115922
0.0240801545455652035720994774692
0.0224172079032709976875725743639
0.0207520266660294397387254150544
0.019084607677933469738196237131
0.017414947778997897503971969968
0.015743043802437739486776990816
0.0140688925765396939671081355527
0
0
0
0
0
0
0
0
0
-0.00279691964744933994208020422434
-0.00449600136696054735602201546385
-0.00619736878992515477504454679547
-0.00790102515447791732550175680672
-0.00960697370392013701156930238767
-0.0113152176884691001157445811032
-0.0130257603599453642556627031013
-0.0147386049799507201640835774015
-0.016453754811757714121567275356
-0.0181712131267525861533229658562
0
0
-0.0233374717421006121209625661095
-0.0250641967913157459602047083536
-0.0267932467525822948228864106568
-0.0285246249275251419208476733047
-0.030258334623927726769743173918
-0.0319943791540728272870808268635
-0.0337327618363726863814910927886
-0.0354734859932722759734424755607
-0.0372165549548496774057149139026
-0.0389619720545304401571051755582
-0.0407097406328704586320199609872
0
0
0
0
0
0
0
0
0
0
-0.0600913531523072086404368974399
-0.0618676019507347699222243875283
-0.0636462461411977931113881368219
-0.0654272891411560725272167360345
-0.0672107343712083638020970965954
-0.0689965852598514450821909349543
-0.0707848452412704193248416117967
-0.07257551775414250450069175713
0
0
0
-0.0797624020967537816773074155208
-0.0815651890477699925696697391686
-0.0833704092845002492362382895408
-0.0851780662823468509570190576596
-0.0869881635283542009595691979484
-0.0888007045101116970764465463617
-0.0906156927250979515875428660365
-0.0924331316729512242336141980559
-0.0942530248626277239454296363874
-0.0960753758068584456930594228652
-0.0979001880224157350340874472749
0
0
0
0
0
0
0
0
0
-0.116284458419012387553337362078
-0.118136578523697535758607557455
-0.119991202576147204528211887009
-0.121848334174211730962511524012
0
-0.125570134407702760359626381614
-0.127434810261902342620743411317
-0.129302008097497256322583325527
-0.131171731539230035368248650229
-0.133043984216506316897721262649
0
0
-0.138675954050676369933015052993
-0.140558360089038658635729461821
-0.142443313604050575404968981275
-0.144330818261011489811451724563
-0.146220877732951393124238848031
-0.148113495695689573183884135688
-0.15000867583542393246531787554
-0.151906421843326006060337363124
-0.153806737414920985385080598462
-0.155709626251684968289978883149
0
0
0
0
0
0
0.0136821197448210897518183770671
0
0
0
0
0
0.208282409588067013439527386254
-2.68637182112709928368791328717e-09
0.193239186534347046064752362327
0.185870002673815509774968290913
0.1786006715484976803409722379
0.171433265794725314679070038437
0.164365535189862022047435630157
0.157398122763846376459540010728
0.150530533063636062784951263893
0
0
0.130523722430605865207908777847
0.124051678699853465404068231237
0.117679441831495756876080349684
0.111404941642932145406952315625
0.105228716985696496566404789519
0.0991479144307820664527852727588
0.0931661971831718310754766321224
0.087281167986738572572846805997
0.0814927281355538601914645369106
0.0758006909172896231607907679972
0.0702043972590650489085106755738
0
0
0
0
0
0
0
0
0
0.0194617159711459597470906146555
0.0149010782958141942133867274833
0.0104347457783595491676020827754
0.00605984401980261960796170228605
0.00177615649294625530148217240622
-0.00241597261944372088127153119785
-0.006517182072340295048706870773
-0.0105270616920381480247081995572
-0.0144458753152104761585672321189
-0.0182765038981845921728375259363
0
0
-0.0292266060666160794323520377702
-0.0326979754312526210702216644677
-0.0360815116742381272740836095636
-0.0393783567701287487428096767417
-0.042585419247818785681847231217
-0.0457070249341635925777183047103
-0.0487397769617699400113153274106
-0.0516863433647390402292387534544
-0.0545463737886269783849968462164
-0.0573191379368870046473460888592
-0.0600080304814154669168502209686
0
0
0
0
0
0
0
0
0
-0.0822499844670845775551626388733
-0.0840169846214076782020541145357
-0.0857052727804307329373401103112
-0.0873112157840900821037521950529
-0.088835841749727875726883041807
-0.0902802428098991721627797346628
-0.0916452620563604491987774736117
-0.0929297638884764715117015043688
-0.0941353491008422305075242775274
-0.0952618314789758086069682008201
0
0
-0.0981727120317838763963180781502
-0.0989861804594226457609806857363
-0.0997247724721473660647319547934
-0.100385962740266287962498381603
-0.100971641773808032405135293175
-0.101480590035741530252622055741
-0.101914939189837558397577765845
-0.102273148146357420462670972938
-0.10255771986071106349758252918
-0.102767008834070847078656640861
-0.102902559587264824658703332716
0
0
0
0
0
0
0
0
0
-0.100292024239626104131772876826
-0.0996422892659960396377627489528
-0.0989237154866058204794043717811
-0.0981368598848124940037251917602
-0.0972817215132936174981637122983
-0.0963585396791333814725533102319
-0.0953693416585672526508687951718
-0.0943137387492573170399978721434
-0.0931890953767260943330086320202
-0.092001392119240701927829206852
0
0
-0.088041747418785828993570419243
-0.0865934661971410057912379443223
-0.0850805998999887985734247308756
-0.0835067693938779664897253951494
-0.0818663860179418140239349099829
-0.0801654437890991777848626043124
-0.0784030494749925754849328995988
-0.0765778784852628041646127599051
-0.0746917155900370249854702819903
-0.0727461629759408728856939774232
-0.0707390618801440052010320869158
0
0
0
0
0
0
0
0
0
0
-0.0448277163927038174717765173227
-0.0421358172834649241655924356564
-0.0393898940930662785908644707433
-0.0365902413506823814826063312466
-0.0337366304454054036221499757175
-0.0308301416349007831319006811555
-0.0278723231305182186923197207307
-0.0248624931712453020593578401076
0
0
0
-0.0123163331222219049609911678544
-0.00905650779505461946128352934693
-0.00574770660734680652326211713898
-0.00238959578348970410471840963851
0.00101584024735013739304534396979
0.00446837225290634340590933959447
0.00796753685939535945259581950495
0.0115121725111061393859168688891
0.0151025695943297448564646145996
0.0187390033274715678279775943338
0.0224194974117041707917241666337
0
0
0
0
0
0
0
0
0
0.0615583278778285211685350475364
0.0656942225784643979435983851545
0.0698683882135472666963238452809
0.0740803481460971940952831005234
0
0.0826140202850380311883071726697
0.0869355432339077721648479268879
0.0912926675961310135631876505613
0.0956850751064980548088456657752
0.100109652316878836031399657713
0
0
0.113589612348117888207532644174
0.118146148912617654502810182748
0.122735890982159492890168905888
0.127355745431677713774831772753
0.132006323648920897984027078564
0.136685223546032824648577275184
0.141395825168882410816095784867
0.146134092727399356181905432095
0.150898472958626350681754502148
0.155692107517101746561039021799
0
0
0
0
0
0
