1
0.999999985998578422297100587457
0.9999999439943149104337294375
0.99999987398721301712356535063
0.999999775977278515526336377661
0.999999649964519732314727207267
0.999999495948947214607471778436
0.999999313930573952013958205498
0.999999103909415265611926315614
0.999998865885488585902862723742
0.999998599858814229968118070246
0.999998305829414180223579933227
0.99999798379731352770960484122
0.999997633762539028801086260501
0.999997255725120104408176757715
0.999996849685088728953985537373
0.999996415642478875263066129264
0.999995953597326958650626238523
0.999995463549671836922527745628
0.999994945499554699352984243887
0.999994399447019066684561039438
0.999993825392110902150477613759
0.999993223334878167385397773614
0.999992593275371710603849351173
0.999991935213644378421804503887
0.999991249149751348923587102036
0.999990535083750353706477653759
0.999989793015701344813805917511
0.999989022945666716779555827088
0.999988224873711195606063029118
0.999987398799901727741712420539
0.999986544724307702125543073635
0.999985662647000839164945773518
0.999984752568055412780267943162
0.999983814487547695293301330821
0.999982848405556623561096785124
0.9999818543221632438644519425
0.999980832237451155997121077235
0.99997978215150618019890771393
0.99997870406441657920026955253
0.999977597976272836177713543293
0.999976463887167987820703274338
0.999975301797197180242449121579
0.999974111706458113069118098792
0.999972893615050706372926470067
0.999971647523077322716744674835
0.99997037343064265613179486536
0.99996907133785373211765090673
0.999967741244819907642238376866
0.999966383151652982164137029031
0.999964997058466975587975866802
0.999963582965378350309038069099
0.999962140872505900190958527674
0.999960670779970750565723847103
0.999959172687896469255974807311
0.999957646596408844530401438533
0.99995609250563610714834794635
0.999954510415708708315207786654
0.999952900326759763771633515717
0.999951262238924387659722015087
0.999949596152340136612224341661
0.999947902067147120774848190194
0.99994617998348755971704804324
0.999944429901506115498932558694
0.999942651821349781648962107283
0.999940845743167994186251235078
0.999939011667112520598266200977
0.999937149593337237796220051678
0.999935259521998798248887396767
0.999933341453255741804184708599
0.999931395387269494889892484935
0.999929421324203260290630623786
0.999927419264222905326278123539
0.999925389207496850829670620442
0.999923331154195293990483150992
0.99992124510449142960055723961
0.999919131058560228808573810966
0.999916989016579438320775352622
0.999914818978729025289453602454
0.99991262094519117731294954865
0.999910394916150524480258354743
0.999908140891794139371029359609
0.999905858872311426033263614954
0.999903548857893897938708960282
0.999901210848735733094372335472
0.999898844845033329953309930715
0.999896450846985418436929649033
0.999894028854793059934991106275
0.999891578868659647305605631118
0.999889100888791237942143652617
0.999886594915395776617117462592
0.999884060948683761615995990724
0.999881498988868244737204804551
0.999878909036164276180613796896
0.999876291090789348636747035926
0.999873645152963508309085227665
0.999870971222909021847158328455
0.999868269300850487368848007463
0.999865539387014723438085184171
0.99986278148163132417636234095
0.999859995584931660062011360424
0.999857181697149988153228150622
0.999854339818522563909652944858
0.999851469949288085281580151786
0.999848572089687581687655892893
0.999845646239964636059482927521
0.999842692400364940752410802816
0.999839710571136630612443241262
0.99983670075253006093163321566
0.999833662944798251537292799185
0.999830597148196220658178390295
0.999827503362981540036003025307
0.999824381589414112880831453367
0.99982123182775617387108013645
0.999818054078272178131214786845
0.999814848341229245320960217214
0.999811614616896493501485565503
0.999808352905545594246916607517
0.999805063207450550599730831891
0.999801745522887586048454977572
0.999798399852135588616874883883
0.999795026195475333707918252912
0.999791624553190483304376812157
0.999788194925566475745881689363
0.999784737312891635951928037684
0.99978125171545617622115287304
0.999777738133552973387452311727
0.999774196567477235753074182867
0.999770627017526281044013103383
0.999767029484000091521522790572
0.999763403967200647848301287013
0.999759750467432706244608198176
0.999756068985003021332147454814
0.999752359520220790223277163022
0.999748622073397652521009604243
0.999744856644847468274406310229
0.999741063234886651045485450595
0.999737241843833723820011982752
0.999733392472009541052102576941
0.999729515119737621731133003777
0.999725609787343594270225821674
0.999721676475155418550855301874
0.999717715183503496945149890962
0.999713725912720563293589748355
0.999709708663141682905006746296
0.999705663435104252556584469858
0.999701590228948111516160679457
0.999697489045015208475319923309
0.999693359883650156660905850003
0.999689202745199789745811358443
0.999685017630013161848978597845
0.999680804538441880602306355286
0.999676563470839663061440205638
0.999672294427562890817284824152
0.999667997408970054884491673874
0.999663672415422088768366393197
0.999659319447282146420263870823
0.999654938504915935304495633318
0.999650529588691383331422457559
0.999646092698978749879756833252
0.999641627836150736818865425448
0.999637135000582377486466612027
0.999632614192650814644025558664
0.999628065412735966610568993929
0.999623488661219861128870434186
0.999618883938486746387752646115
0.999614251244923535111297496769
0.999609590580919138425031178485
0.99960490194686502096743652146
0.999600185343155089867650531232
0.999595440770185361678557001142
0.999590668228354406465996362385
0.999585867718062903719555833959
0.999581039239714197464081735234
0.999576182793713741148167173378
0.999571298380469319688756968389
0.999566386000391271515752578125
0.99956144565389204448280224824
0.999556477341386639956510862248
0.999551481063292279749532553978
0.999546456820028628165175632603
0.999541404612017569952797657606
0.999536324439683432352410363819
0.999531216303452763050074736384
0.999526080203754774267110860819
0.99952091614102056560398068541
0.999515724115684012218707721331
0.999510504128180987670759805042
0.999505256178950030054863873374
0.999499980268431786889493650961
0.999494676397069348183777037775
0.999489344565308024392891184107
