4
2831531.1886612977832555770874
0.0661037968350998150768305094971
0.0661614592641733972877560177039
0.0662191931209088063825518588601
0.0662769985211484891074462666438
0.0663348755809658463533651229227
0.0663928244166656356117783843729
0.0664508451447844150639099325417
0.0665089378820913068590670036428
0.0665671027455885244705768855056
0.0666253398525117057626943051218
0.066683649320330787291233320957
0.0667420312667500875702941698364
0.0668004858097093617841366608445
0.0668590130673842597541778332015
0.0669176131581864230835066109648
0.0669762862007645537465450047421
0.0670350323140050247117116555273
0.0670938516170319909637242972167
0.0671527442292081527819291864034
0.0672117102701354218741158774719
0.0672707498596553932213026882891
0.0673298631178502193783685925155
0.0673890501650426104740532196047
0.0674483111217965697337106689702
0.0675076461089184481911829038836
0.0675670552474569585665875592895
0.0676265386587040079335864106724
0.0676860964641952250753220710067
0.0677457287857105017181424955197
0.0678054357452746864209913724153
0.0678652174651580702979813963793
0.067925074067876817229816310828
0.0679850056761939908200886861778
0.0680450124131198319510360761342
0.0681050944019121334838118286825
0.0681652517660773782370853268731
0.0682254846293709193982834904091
0.0682857931157976744129811663697
0.0683461773496127494853524808605
0.0684066374553219530563197281481
0.0684671735576827117375486864148
0.0685277857817042229671145037173
0.0685884742526482737989823590397
0.068649239096029809892307582686
0.0687100804376176016452504313747
0.0687709984034348548176396320741
0.0688319931197596962535456555088
0.068893064713125951037397953769
0.0689542133103235588276191947443
0.0690154390383992816238034606613
0.0690767420246573560227432153624
0.0691381223966602564967587341016
0.0691995802822288064160005660597
0.0692611158094434131715644298311
0.0693227291066442485867327150117
0.0693844203024321787287576057679
0.0694461895256689998312538136815
0.0695080369054785762727988185361
0.0695699625712470209881743699043
0.06963196665262354201342276383
0.0696940492795211502530250413656
0.0697562105821169925468083761189
0.0698184506908533369928804290794
0.0698807697364378921367489283512
0.0699431678498448200498316396079
0.0700056451623149444962734833098
0.070068201805356764011456505159
0.0701308379107467572133316480176
0.070193553610530395880928722363
0.0702563490370225335324150250926
0.0703192243228082103367881927625
0.0703821796007430694475104360208
0.0704452150039543145698672788058
0.0705083306658411262946017927788
0.070571526720075508642970874007
0.0706348033006026776448038617673
0.0706981605416421438059515480745
0.0707615985776878786417398714548
0.0708251175435094110222067342875
0.0708887175741522018723728137957
0.0709523988049384768395100309135
0.0710161613714678369158050941223
0.0710800054096178135498718120289
0.0711439310555448956030488716351
0.0712079384456847513940047633696
0.0712720277167532417772477515427
0.0713361990057469336212747634818
0.0714004524499438769646886271403
0.0714647881869042572722250383777
0.0715292063544709644240526813519
0.0715937070907704670164051208303
0.0716582905342134091064565382112
0.0717229568234953457350755456901
0.0717877060975972702827618832089
0.0718525384957864332591270795092
0.0719174541576173276258288069585
0.0719824532229317859410855362512
0.0720475358318601738494280084524
0.0721127021248217647819700459877
0.0721779522425257530349185230989
0.0722432863259717117365710237209
0.0723087045164504671479477337925
0.0723742069555446676520915616493
0.0724397937851296164213366068907
0.0725054651473738542843960885875
0.0725712211847400895381454688504
0.0726370620399855171367420325623
0.072702987856163289737132515711
0.0727689987766222401432969490997
0.0728350949450084078629075179379
0.0729012765052654276853871806452
0.0729675436016353207158147142763
0.0730338963786590633642248349133
0.0731003349811777947131474775233
0.0731668595543329691732736819176
0.0732334702435673279286021397638
0.0733001671946259258927369728553
0.0733669505535562982423414268851
0.0734338204667098065625552294478
0.0735007770807417637470848603698
0.0735678205426128772881355644131
0.0736349509995894435654406606773
0.0737021685992442360246812427249
0.0737694734894573239669668396346
0.0738368658184170578717697708271
0.0739043457346201942970154163959
0.0739719133868734918246801157693
0.074039568924293600038488705195
0.074107312496308572202785569516
0.0741751442526581844516542219026
0.0742430643433948239673370039782
0.0743110729188843216475035546864
0.0743791701298065904834899697562
0.0744473561271566108832331565281
0.0745156310622450274161465699763
0.0745839950866989676026008737608
0.074652448352462819070041177838
0.074720991011799145486982354214
0.0747896232172892416745213495233
0.0748583451218341050514837320407
0.0749271568786551434016018902184
0.074996058641295007540783501554
0.0750650505636184656177434249003
0.0751341327998128194476379348998
0.0752033055043893894353601581315
0.0752725688321836117200547278117
0.0753419229383562732982326792808
0.0754113679783941781575862250975
0.0754809041081110215776206473492
0.0755505314836480285078934571175
0.0756202502614750776688268274484
0.0756900605983912289076442903024
0.0757599626515255697434270132362
0.075829956578338325590138424559
0.0759000425366212483346828321373
0.075970220684498851460020318882
0.0760404911804288818899522084394
0.0761108541832034718455091137912
0.0761813098519498466121291357922
0.0762518583461308657733823679337
0.0763224998255465220120541403048
0.0763932344503341353991743289953
0.0764640623809693803503151343648
0.0765349837782673819708278983853
0.0766059988033833683118700719206
0.0766771076178134475265224523355
0.0767483103833956903372381930239
0.0768196072623105741250526534714
0.0768909984170823290750007572569
0.0769624840105796043099317671476
0.0770340642060161062687484445632
0.0771057391669518615850975606918
0.0771775090572937583210944012535
0.0772493740412965174124693135127
0.0773213342835636918692898689187
0.077393389949048277398624406942
0.0774655412030540446721715852618
0.0775377882112357752486531126124
0.0776101311396007187415335693004
0.0776825701545091479305327197835
0.0777551054226753440845598674969
0.0778277371111685267734969784215
0.0779004653874137975577696124674
0.0779732904191927367332226594954
0.0780462123746447355987498895047
0.0781192314222674405455038026957
0.0781923477309181269578886031013
0.0782655614698142265694968955358
0.0783388728085343960527708873087
0.0784122819170194190752098961639
0.0784857889655730389666388191472
0.0785593941248632493534742593511
242.318576064314811446820385754
0.120827059626367555589254720871
0.119735630028656933609987333966
0.118642242459263094755961276405
0.117546893248386158381535437911
0.116449578717727764143319291179
0.115350295181101070163265376323
0.114249038944177247478783954193
0.113145806304773430261967348542
0.112040593552599668236702257218
0.110933396969245035013074129893
0.109824212828344008885395055586
0.108713037395075554081280699847
0.107599866926855497473169975819
0.106484697672886818864412816765
0.105367525873917802781143393531
0.104248347762681894956848793754
0.103127159563866005465015973641
0.102003957493739139117394643108
0.100878737760220854591253214494
0.0997514965630081490433056501388
0.0986222300935329365678683188889
0.0974909345351044065441925567939
0.0963576060624883323768585796643
0.0952222408418396254470295048122
0.0940848350313607112438418766942
0.0929453847806707561529648842225
0.0918038862309561581875883007342
0.0906603355148876688396342160559
0.0895147287568077848485259551126
0.0883670620724690825120717363461
0.0872173315692416212252524587711
0.0860655333456533666591781184252
0.084911663492045083567738572583
0.0837557180900336123441363156417
0.0825976932125233043180401182326
0.0814375849239694221681773456112
0.0802753892801078006158377320389
0.0791111023279940511754304566239
0.077944720106035203510685960282
0.0767762386438456262416352160471
0.0756056539625290374706523266468
0.0744329620741894931734705664894
0.0732581589823091683388867068061
0.0720812406814465705950922824741
0.0709022031573874333965079586051
0.0697210423872803991551805324889
0.0685377543390388310751148992495
0.0673523349720591690825699515699
0.0661647802365786241729495031905
0.0649750860739694985346304179075
0.0637832484166515334411684534643
0.0625892631881696109852342146951
0.0613931263028526519320848819916
0.0601948336662213728809334156722
0.058994381174612947615898406184
0.0577917647154653837948679040437
0.0565869801668656483006891733112
0.055380023398018535241149606918
0.054170890268908838960371099347
0.0529595766302675199921345949861
0.0517460783238448476795134922668
0.0505303911819553058792919841835
0.0493125110279364620158304433062
0.0480924336756586023877702018581
0.0468701549297897077095420570458
0.0456456705856903219298281726424
0.0444189764294454156323688209795
0.0431900682376716027466301284221
0.0419589417777279372057108730587
0.0407255928075443418556744745729
0.03949001707564557539509308981
0.0382522103210307107268306481274
0.0370121682733428464251446143862
0.0357698866526397971088435667752
0.0345253611695540349457722584248
0.0332785875250379906131747986819
0.0320295614106544529464670745256
0.0307782785082230669893021968164
0.0295247344900023168945413232223
0.0282689250186739550463332903973
0.0270108457471798721338807069969
0.0257504923188063353234333874298
0.0244878603670333899744449013269
0.0232229455157708965240548337761
0.0219557433790313026589213762918
0.0206862495610528260292504398876
0.019414459656348453248098095969
0.0181403692494670094881303867851
0.0168639739152342330030798223106
0.0155852692184619903703612919799
0.0143042507140772722634691760391
0.013020913947068276511620510405
0.0117352544525569108674334373177
0.0104472677555040478758474620236
0.00915694937088202057240415854267
0.00786429480380723515409169266377
0.00656929954912702663422097160151
0.00527195909167406818324197459447
0.00397226890605368622433335445976
0.00267022445689253781417327182623
0.0013658211985693271325187359011
5.90545752382097004933893258372e-05
-0.00125007997917702317822175039908
-0.00256158704094593342795449508742
-0.00387547119674558999610769483013
-0.00519173704338533967966862192611
-0.00651038918815403239159778081557
-0.00783143224850721235419381827114
-0.00915487085255909695258313973909
-0.0104807096386839229684717622604
-0.0118089532556636123139526262094
-0.0131396063627843371485193202375
-0.0144726736299352135017848297593
-0.0158081597372560569980670663881
-0.0171460693757087660749061086563
-0.0184864072467891965567687861949
-0.0198291780624149649447929277812
-0.0211743865453097798723369749041
-0.0225220374287813385194567672443
-0.0238721354569448908355955296656
-0.0252246853843909983605708902132
-0.0265796919766640125926127069533
-0.0279371600100032473068534244476
-0.0292970942714357827918458809791
-0.0306594995588367370820126467379
-0.0320243806809510506150573405648
-0.0333917424572837476248743371343
-0.0347615897185012054371178180645
-0.0361339273059452445457928604355
-0.0375087600720364761075487081143
-0.0388860928802511676694031450552
-0.0402659306050089094153321411795
-0.0416482781318135777959277277205
-0.0430331403572293616499599977487
-0.0444205221889833051784890471936
-0.0458104285458582130563520706801
-0.0472028643579215090309020297354
-0.0485978345662915756086874807806
-0.0499953441234373477386476736228
-0.0513953979930646120966031276112
-0.0527980011501901075332554569286
-0.0542031585810702626337942433565
-0.0556108752832589064984958326932
-0.0570211562659040313572056390967
-0.0584340065492814364489504441735
-0.059849431165414614108843949225
-0.0612674351575307474249143524503
-0.0626880235804866681181835019743
-0.0641112015005756014085491756305
-0.0655369739957544494846075622263
-0.0669653461554412937628555368974
-0.0683963230808121436243851576364
-0.0698299098846578841781607138728
-0.071266111691279249162889186664
-0.0727049336369336302032806429452
-0.0741463808693840070729308422415
-0.0755904585484188790145410052901
-0.0770371718454855580748841248351
-0.0784865259436875600806970965095
-0.0799385260384163770508436641649
-0.0813931773365337563053145686354
-0.0828504850570143530630318196017
-0.0843104544309405679047841886131
-0.0857730907012047710802349342885
-0.0872383991226401839247373004582
-0.0887063849623100919572493694432
-0.0901770534992054617617895928561
-0.0916504100246633424120545896585
-0.0931264598419811601148765589642
-0.0946052082666072324812489569013
-0.0960866606263694605916114710453
-0.0975708222612013675867359552285
-0.099057698523392079259508591349
-0.100547294777553614109066870697
-0.102039616400474666968456460836
-0.103534668781672514747960178738
-0.105032457322570882407575254547
-0.106532987437483683823558067161
-0.10803626455301285069765526714
-0.109542294108209786740459890098
-0.111051081554858599442781041944
-0.112562632357068453936577157037
-0.114076951991771674554954074665
-0.115594045948462884054741550699
-0.117113919729236168332242584711
-0.118636578849031615323639243798
-0.120162028835399448123411048073
-0.121690275228751448866049145181
-0.123221323582308986410716045157
-0.124755179462051238314934664686
-0.126291848446989402043882932958
-0.127831336128772288240895704803
0.00834239273245383945731834529624
0.156317252782603582916820528226
0.1517605820339682776154432986
0.147244208832275041975989893217
0.142768237370293593624381855989
0.138332784928971053162172211159
0.133937961766328300639017356843
0.12958387819597338985744272577
0.125270648511900811739039340864
0.120998385987683851339191676288
0.116767203527027393916704056664
0.112577218267782219740524851659
0.108428536001607386807243926796
0.104321275390913084657462661653
0.100255555156426590102114460024
0.0962314831585959762350057644653
0.0922491738223867041579495662518
0.0883087479239529349328563512245
0.0844103219555380063221505793081
0.080554007151105680439862055664
0.0767399186873254368634889033274
0.0729681724986794844056703368551
0.0692388916849725061242182277965
0.0655521933465293554776920359473
0.0619081862074691013919647275543
0.0583069938823556205287346188015
0.0547487339863915595250531964666
0.0512335254290007327537814774132
0.0477614827571746849987910366053
0.0443327285362615231001370830199
0.0409473800356228018193505135969
0.0376055607911663508646782361211
0.0343073822032658876102217959669
0.0310529716888661710960661821446
0.0278424483559406889254805861356
0.0246759305910827335395207882129
0.0215535399806588041926591614583
0.0184753993456679213580606813139
0.0154416288345546933585827886759
0.0124523512039054831679329993221
0.00950768540126589907501841736348
0.00660775891952509845939101040813
0.00375269208990597867570127021963
0.000942609642071380181456430324971
-0.00182236796560539043507431777869
-0.00454211792031878301700853484135
-0.0072165099081823022228454611593
-0.00984542674823013497231727342296
-0.0124287373737682910884716491751
-0.0149663202121066707395158346117
-0.0174580490124403298057842448543
-0.0199038007085253973449390230144
-0.0223034437763167912860406971731
-0.0246568583331979451767068667323
-0.0269639136754192751399550331826
-0.0292244857512330598325878128207
-0.0314384422625274759233171550932
-0.0336056608332383141557464512061
-0.0357260115729302746290230174964
-0.0377993646660575582929553206668
-0.039825595923859834213143216175
-0.0418045716197364830568616866913
-0.0437361669120985979697380230391
-0.0456202479222243412193549261247
-0.0474566868248685672093678533656
-0.0492453535068404710250966616059
-0.0509861173453871260874414872433
-0.0526788461649988770663100012825
-0.0543234117227972060359952877207
-0.0559196808085914223718226878646
-0.0574675216500985033829529413651
-0.0589668006574692593613207236558
-0.0604173873835085264993871589922
-0.0618191476952140717138206582604
-0.0631719498955735786482890148363
-0.0644756571582429105493616816602
-0.0657301395724683296117873965159
-0.0669352594605994999366060937973
-0.0680908842916493894925622498704
-0.0691968797601760776672108477214
-0.0702531083141510748202307468091
-0.0712594343439951621865802167122
-0.0722157220836180113732183372122
-0.0731218381418618917910734467114
-0.0739776419619858766063558164205
-0.0747829989868496886051829619646
-0.0755377713288356844589799266032
-0.0762418198728111728978973360427
-0.0768950096825569556768797951918
-0.077497198051650742489648848732
-0.0780482483500108958907048872788
-0.0785480225874653631423782940146
-0.0789963798820019907909184553318
-0.0793931782608928993116848005229
-0.0797382814075643375772983745264
-0.0800315494716479364223360448705
-0.0802728359200071128753961602342
-0.0804620030557438026264094332873
-0.0805989081958016911899633782923
-0.0806834115135049434464065143402
-0.0807153681327440197801337262717
-0.0806946353915699160497254638358
-0.0806210705035708408150441073303
-0.0804945316012815326178753139175
-0.0803148708055172327879844829113
-0.0800819491967615648686518170507
-0.0797956180550993127154058015549
-0.0794557360192418155042659577703
-0.0790621506588937705828357138671
-0.0786147229702703620457526767495
-0.0781133062491103230540190338616
-0.0775577510488014570944059755675
-0.0769479117650746224921221028126
-0.0762836437926590338332033525148
-0.0755647943718456421846596526848
-0.0747912169865891512943179009199
-0.073962768001563747310989072048
-0.0730792932230000108484446741386
-0.0721406440864886810970801889198
-0.0711466719810793929434922233668
-0.0700972295156515740055525043317
-0.0689921624601698701972907201707
-0.0678313217451949196368232719578
-0.0666145562655417744490904397026
-0.0653417144070563976621102142417
-0.0640126443152307517125976232819
-0.0626271940104979607522039941614
-0.0611852078933955573214475975874
-0.0596865386545406204077401923769
-0.0581310278961567547528765942388
-0.056518522449543188990173092634
-0.0548488696221721694357142951048
-0.0531219135075751552887979300976
-0.0513375011111912235572951601625
-0.0494954748354224163819914394935
-0.0475956792925839589081249414448
-0.0456379577296579935774545333516
-0.0436221549177131587282651992155
-0.0415481118916610214775175791146
-0.0394156710859996234352919941557
-0.0372246766598386819024923966026
-0.0349749704336531699877532730625
-0.0326663921826648231960810164765
-0.0302987813321074876682370558001
-0.027871982414634184632706848106
-0.0253858290632989584689749307245
-0.0228401676218070309731800193731
-0.0202348340421726544113845136508
-0.0175696688136703152438578001693
-0.0148445074004474614898230200311
-0.0120591896537407608502867617517
-0.00921355164767307006912222533401
-0.00630743173556173267885194277937
-0.00334066875293695690271600362564
-0.000313093737825639417508838402426
0.00277545309367468757272279233916
0.0059251404271916680716048020372
0.00913612852333553666916987623381
0.0124085839337802344983785474142
0.0157426773141399085897962351055
0.0191385680176616099212871802138
0.0225964291977888212525904521044
0.0261164268182504620552375484976
0.0296987253071103775303729577217
0.0333434924312767805298918233348
0.0370508992933574615724623413371
0.0408211153041854318823666858407
0.044654310251041537394023350771
0.0485506514026059349253827690518
0.0525103090627043189719813653937
0.0565334573149500613231666079628
0.0606202640573640996746185294342
0.0647709029405503788900944073248
0.0689855460776276629975001242201
0.0732643631063584765961138600687
0.0776075323548783696514519192533
0.0820152183437463516701981802726
0.0864876066039489133085993444183
0.0910248629497128203258426992761
0.0956271656734463681992508554686
0.100294690041265496804889778559
0.105027609391385348680536537813
0.109826102968547723026659923562
0.114690345886463124225329579531
0.119620514205600797508211030618
0.124616788106834103233566679592
0.12967934279157253274483707628
0.134808359745561129328095262281
0.140004016221965205124533326853
0.1452664908870208160251991103
0.150595967549875309199336470556
0.155992621114205226584559227376
0.161456640994979222503147298085
1.84457177543547847080746817858e-07
0.183188794875069671519440817065
0.17129839633552149114059659496
0.161504714531069515359718025138
0.151072152651886365548605795084
0.140938767012967314240512450851
0.131145616051231539422872174327
0.121482078300340551324509874576
0.112099023669321215534999680585
0.102968498209081410488252572577
0.0940946163466427620836185496955
0.0856152487986511362416663928343
0.0771748906273175966363808697679
0.0690092123718660799269741801254
0.0612489797040907876790605257611
0.0536067067401069727305973344755
0.0460643488835635050993033701161
0.0388462239233114750569519912915
0.032056467333797564189801221346
0.0254052146955464179522987677728
0.0188738610107506872559657296051
0.012419201698814634135525913905
0.00636502897178169765174393646134
0.00073101529302325703261328238014
-0.0049621132667498971113850814163
-0.0103808059103927853572546524674
-0.015535605333894298568653269399
-0.0204500544480721961615454773664
-0.0252676057209109822254688992871
-0.0298296393025739396687168181188
-0.0342290923520906162358379276611
-0.0382643639381523154030517730462
-0.0423329532029486366173642863941
-0.0461274112925295770581968213264
-0.0496521724605652955975010343082
-0.0530477031840971696707853766384
-0.0562493844107727763992343739119
-0.0592262942390320359931088489702
-0.0620698565396670259852740514361
-0.064681612831505780336627253746
-0.0672558868116525654379245224845
-0.0695256315503713917536288136034
-0.0716529022160287132336975446378
-0.0735328067378641508922143543714
-0.0753297911551196186508150276495
-0.0770798621093192054543052904592
-0.0784800031575847018006086841524
-0.0798846690035965312226551304775
-0.08101356722845148849998508922
-0.08198131861998313174577646123
-0.0828032916918344935597318112741
-0.0835699465572409816438437246688
-0.0840356297707197663626743633358
-0.084496538553211986144475531546
-0.0847630711565985073274731576021
-0.0849779640972323641046060060944
-0.0849097004720806985966774504959
-0.0848209585782314645641122297093
-0.0845711302550665455779466128661
-0.0841500541705174770479302992499
-0.083723285650700640658783413528
-0.0830767681517670802948671848753
-0.0824418937219572184327276431759
-0.0815645534869300636859890119013
-0.0805835166574796757377185940641
-0.0795143870569254285207705379435
-0.0783266538379395471647370641222
-0.0769736180149842158515482992698
-0.0756095416060891534204557729026
-0.0741385025326827540315122178072
-0.0726092205117118416612953524236
-0.0708961309732059619115318582772
-0.0691789265178625323304828498294
-0.0673346607681087477859094292398
-0.0654656715930071048115124199285
-0.0634161507710352956301846916176
-0.0613873066266813968705484683142
-0.0591998387925114430418993549665
-0.057010195601216583083381550523
-0.0547731358794127931588491264847
-0.0524571209266941548832186015261
-0.0500184536422793382670626272102
-0.0474844666652911792659175205245
-0.045015754094763507642262823083
-0.0423832831406839305454781197113
-0.0397479872228693950630962206105
-0.0371086337151043457738275321844
-0.0343840566496356886405649788685
-0.0316912133681592766976109487587
-0.02886308030771938051839420325
-0.0260216543744265053905717621774
-0.0231700737143218024605140215044
-0.0203375986035404660023928613555
-0.017340438412940428064556996901
-0.014393931011717871898403231512
-0.0115750467316632545816679211725
-0.00858279956997809977126134839409
-0.00560367478679958067738775540079
-0.00257936350184966196874558619356
0.000356830601763357606152904377694
0.00330182236256057384110595975812
0.00631029449268684719531741222909
0.00930630354094157292987876672896
0.0122430701439722421086653270095
0.0152963073446012974565544340066
0.0181814444402766360597833994461
0.0211164126225859873076107220413
0.0239218866422575490715551893572
0.0269175770791780996638031808743
0.0298070033538684261986695389623
0.0325791923068512387362538618163
0.035381059455834786009464920653
0.038174756487596918363980336153
0.0407801999995896849449117382846
0.0435086255507981314871734923599
0.0461905931809710110225175583309
0.0486653976095980933536111479043
0.0511951720947873070710620879709
0.0536762779406969939288707394098
0.0561125003320007559315385492482
0.0583726169868044805766338356534
0.0606456720465763307603701548487
0.0628424663729722082772255475902
0.0649510280264472550371124270896
0.0669719615056980910328121581188
0.0689287185511515410052396646279
0.070725057975123975517739438601
0.0725977630885932395665705030297
0.07417285530545493499321452191
0.0757580348784630680514240452794
0.0772971975340766559448013595102
0.0786801845720395270911140528369
0.0799792865093711252688635227059
0.0811054505735027131407832712284
0.0821438668213443357046799064847
0.0830583949687961203833808099262
0.0838730760900283228709284344404
0.0845008298024552267913023229085
0.0850700032411877832272395494329
0.0855259286992434558660747256909
0.0858341921399700114037045750592
0.0859094254173883992153903932376
0.0858261898087538804835716632624
0.0857167021171431064985313241777
0.0853479479994387058017224489959
0.0849839363920304458055454688292
0.0843176012594089863139146245885
0.0835180167618724267342145139992
0.082499083334103356923705518966
0.0813709169931531861585938258941
0.0800295573870266757632307985659
0.0785929092537236695381608342359
0.0769357262277536868566585326334
0.0749814738408264985780604661159
0.0729779467485675154003743614339
0.0706828654496825248276792308388
0.0683376218380710304112213293593
0.0656614207615666828354861195294
0.0626786593339802855506803780372
0.0597382074480159869223072632849
0.0562926595406347540784253169477
0.0528662059602656372869766698841
0.0492524568893494135712884940403
0.0452970791436466541091121484897
0.0410527802121106247246196119249
0.0365976257780982194844909827225
0.0319341001658440468147226454221
0.0270860728100592376699218277736
0.0219072808564778134798878284073
0.0164596224608961269608720101587
0.0108515628916789255015151738348
0.00489887338895388275983311388018
-0.00128724822383775535684924395952
-0.00768507481895920174091996202037
-0.0144673538462894435419059391279
-0.0214042972541630197036433003177
-0.0288641578574372163756844855698
-0.0363387035126097601711592233187
-0.0441692931538572516880769569525
-0.0523582250885881866908633242019
-0.0607641242672259940249546161795
-0.0695658795619634034990141913113
-0.0785874676331107524518415630155
-0.0879219092172993377243273016575
-0.0976834862011397714320892760043
-0.107682741138604085029406576268
-0.118065677979620947679606501879
-0.12870852355032280645019682197
-0.139702017919152987612818606067
-0.151066241716618754331591389928
-0.162697378223807143093893046171
-0.174783785529657009760740038473
-0.186915800941409721014352385282
