3
17469.9987823274423135444521904
0.300192859918048338130347474362
-1.47294429810411988082971374743e-16
0.300637444758985739046153184972
0.3008600907437805616062576064
0.301082972876436150144741077384
0.301306091486390426048558310868
0.301529446903647302402617924599
0.301753039458777294612445984967
0.30197686948291979636138648857
0.302200937307783190632903824735
0.302425243265646459533968481992
0.302649787689359905940023054427
0.00405612478306961038443390066277
0.536710185615866808284124545025
1.08630006556401120544611919945e-10
0.356080257978406866659071283721
0.265564388430528874884828383074
0.174914297439076937834556702001
0.0841297714739445007259277531375
-0.00678940362296782430606700842191
-0.0978434421990434233240563344225
-0.189032559265255223346358093295
-0.280356969979821679661569078235
-0.371816890080222672843035525148
-0.463412535678943471317836610979
4.41085149096693209788704876761e-10
0.598082378786920609847754803923
0.000727993106483581955794270879068
0.0699137025436734754757495124977
-0.110075718244447659510676373884
-0.233009094892966422962743422431
-0.299986226689724855276608650456
-0.310278986030609993385098732688
-0.263989405701540447157782409704
-0.160262710719627526900765701612
0.000235235725351246927929127483736
0.21729759096553438735277552496
0.492078737435921453879927867092
