16.5 -1.994487248408454e-07 8.439760117854271e-08
16.50277777777778 -2.210136359482375e-07 3.446703457746478e-08
16.50555555555555 -2.300594288131168e-07 -2.10104617052916e-08
16.50833333333333 -2.251503700467542e-07 -7.889124057865326e-08
16.51111111111111 -2.056412614424856e-07 -1.356578652508248e-07
16.51388888888888 -1.717752815213927e-07 -1.876181785742873e-07
16.51666666666666 -1.247316338094357e-07 -2.311301101707157e-07
16.51944444444444 -6.661620066765772e-08 -2.628395506510597e-07
16.52222222222221 -3.916034733473079e-10 -2.799168176301302e-07
16.52499999999999 7.025324746313065e-08 -2.802762435481103e-07
16.52777777777776 1.41090071674287e-07 -2.627633589649664e-07
16.53055555555554 2.075865701092065e-07 -2.27295103499194e-07
16.53333333333332 2.651784038371205e-07 -1.74940485250249e-07
16.53611111111109 3.095627153388634e-07 -1.079320765953475e-07
16.53888888888887 3.36995574479385e-07 -2.960255890179262e-08
16.54166666666665 3.445741684558489e-07 5.57549763090175e-08
16.54444444444442 3.304841407930832e-07 1.430993433092235e-07
16.5472222222222 2.941933342573558e-07 2.26917519917337e-07
16.54999999999998 2.365753464681675e-07 3.015513183447256e-07
16.55277777777775 1.59949721186237e-07 3.615566201186249e-07
16.55555555555553 6.8030141276455e-08 4.020738670705637e-07
16.55833333333331 -3.42225559392601e-08 4.191861985605762e-07
16.56111111111108 -1.40839648786341e-07 4.102407217157843e-07
16.56388888888886 -2.451668654488303e-07 3.741090624621854e-07
16.56666666666663 -3.402543778915832e-07 3.113656442627414e-07
16.56944444444441 -4.192934391245127e-07 2.243660479918331e-07
16.57222222222219 -4.760740256141611e-07 1.172131790534265e-07
16.57499999999996 -5.054345992231069e-07 -4.394444071989049e-09
16.57777777777774 -5.036735509033783e-07 -1.334305140019563e-07
16.58055555555552 -4.688922622180755e-07 -2.619152270267428e-07
16.58333333333329 -4.012421387039542e-07 -3.813785932610967e-07
16.58611111111107 -3.030524197823376e-07 -4.833881105461354e-07
16.58888888888885 -1.788219035267009e-07 -5.601100795647166e-07
16.59166666666662 -3.506565229055623e-08 -6.048693969812105e-07
16.5944444444444 1.199831517377407e-07 -6.126702711729542e-07
16.59722222222218 2.768062834862618e-07 -5.80640273859782e-07
16.59999999999995 4.251487864443957e-07 -5.083626460084849e-07
16.60277777777773 5.546536695657004e-07 -3.980668334144797e-07
16.6055555555555 6.555462866640027e-07 -2.546546791441625e-07
16.60833333333328 7.193257671633312e-07 -8.554921422641781e-08
16.61111111111106 7.394174083049956e-07 9.963593332161415e-08
16.61388888888883 7.117393643650253e-07 2.895964895193655e-07
16.61666666666661 6.351395260444481e-07 4.719846517982244e-07
16.61944444444439 5.116642242928415e-07 6.341696555553776e-07
16.62222222222216 3.466291540594399e-07 7.640680327311548e-07
16.62499999999994 1.484743119818944e-07 8.509920426926198e-07
16.62777777777772 -7.160181442418254e-08 8.864599659359732e-07
16.63055555555549 -3.00218856123559e-07 8.649106753557582e-07
16.63333333333327 -5.225769594015597e-07 7.842674764499646e-07
16.63611111111105 -7.233655602227889e-07 6.463027338447682e-07
16.63888888888882 -8.877664277117395e-07 4.567651081039928e-07
16.6416666666666 -1.00248886608827e-06 2.252448714466166e-07
16.64444444444437 -1.056768538901226e-06 -3.52309517617024e-08
16.64722222222215 -1.043259226724209e-06 -3.088639027090538e-07
16.64999999999993 -9.587493990020629e-07 -5.779816053810167e-07
16.6527777777777 -8.046429259784569e-07 -8.241213560745045e-07
16.65555555555548 -5.871554029905777e-07 -1.029237747652816e-06
16.65833333333326 -3.171938925851929e-07 -1.176959579583756e-06
16.66111111111103 -9.907567304001304e-09 -1.25381289787926e-06
16.66388888888881 3.160813780158515e-07 -1.250323790281175e-06
16.66666666666659 6.397344510208061e-07 -1.161917115145379e-06
16.66944444444436 9.388870925459934e-07 -9.895358888469524e-07
16.67222222222214 1.191698515567832e-06 -7.39920413583819e-07
16.67499999999992 1.37817129605506e-06 -4.25505792698916e-07
16.67777777777769 1.481640085412016e-06 -6.392024412285859e-08
16.68055555555547 1.490124334141584e-06 3.22906791045793e-07
16.68333333333324 1.397442473999611e-06 7.099900079199061e-07
16.68611111111102 1.20399490168662e-06 1.070823301551502e-06
16.6888888888888 9.171401452998725e-07 1.379116403683035e-06
16.69166666666657 5.511120624506028e-07 1.610625145274221e-06
16.69444444444435 1.264546002012331e-07 1.744953835520993e-06
16.69722222222213 -3.310171262311468e-07 1.767202317166147e-06
16.6999999999999 -7.916869400220823e-07 1.669332890045342e-06
16.70277777777768 -1.223963426993195e-06 1.451143879383421e-06
16.70555555555546 -1.59635618672099e-06 1.120756943619853e-06
16.70833333333323 -1.879672864486989e-06 6.945534151425093e-07
16.71111111111101 -2.049190519818929e-06 1.965295750146603e-07
16.71388888888879 -2.086647339283338e-06 -3.42920247188244e-07
16.71666666666656 -1.981903552246062e-06 -8.887429606282652e-07
16.71944444444434 -1.73413414414825e-06 -1.403398575219363e-06
16.72222222222211 -1.352440324021229e-06 -1.849338576976938e-06
16.72499999999989 -8.558006569945737e-07 -2.191635110407676e-06
16.72777777777767 -2.723245289089904e-07 -2.400584766804746e-06
16.73055555555544 3.621822986180205e-07 -2.454101493764268e-06
16.73333333333322 1.006280872081563e-06 -2.339716464132225e-06
16.736111111111 1.615483445877575e-06 -2.056019255951094e-06
16.73888888888877 2.145207810728787e-06 -1.613404074449613e-06
16.74166666666655 2.553914519966023e-06 -1.034025722402223e-06
16.74444444444433 2.806215341332588e-06 -3.509204080351856e-07
16.7472222222221 2.875730207398452e-06 3.93696739690348e-07
16.74999999999988 2.747474138120946e-06 1.150886068258198e-06
16.75277777777766 2.419575741429129e-06 1.868060196666279e-06
16.75555555555543 1.904164531751616e-06 2.49250120885637e-06
16.75833333333321 1.22731386321775e-06 2.975093554522004e-06
16.76111111111098 4.279870645504367e-07 3.274018771620593e-06
16.76388888888876 -4.439972911198106e-07 3.358145413086096e-06
16.76666666666654 -1.330893609120336e-06 3.209853254027756e-06
16.76944444444431 -2.170694059591427e-06 2.827055727028037e-06
16.77222222222209 -2.901310481779916e-06 2.224227987988479e-06
16.77499999999987 -3.465003461146836e-06 1.432308069376114e-06
16.77777777777764 -3.812754570959068e-06 4.974119117559829e-07
16.78055555555542 -3.908263645760771e-06 -5.21614821552106e-07
16.7833333333332 -3.731261039237547e-06 -1.556699774481992e-06
16.78611111111097 -3.279855905365793e-06 -2.534910595884841e-06
16.78888888888875 -2.57169478906842e-06 -3.383420186881638e-06
16.79166666666653 -1.643777705533072e-06 -4.034746246989452e-06
16.7944444444443 -5.508673124406958e-07 -4.431901775814116e-06
16.79722222222208 6.374747741048039e-07 -4.533078226546572e-06
16.79999999999986 1.841088592806003e-06 -4.315494753944717e-06
16.80277777777763 2.97441940114362e-06 -3.778086225700214e-06
16.80555555555541 3.952403410862052e-06 -2.942768171302301e-06
16.80833333333318 4.696646422694948e-06 -1.8541054158392e-06
16.81111111111096 5.141462047888583e-06 -5.773176771617823e-07
16.81388888888874 5.239321335909603e-06 8.053268574343635e-07
16.81666666666651 4.965282787185936e-06 2.199558009491734e-06
16.81944444444429 4.320021578515922e-06 3.505302738814808e-06
16.82222222222207 3.331157650207538e-06 4.62364844292755e-06
16.82499999999984 2.052689980992432e-06 5.464103554687426e-06
16.82777777777762 5.62472549992046e-07 5.951640012367811e-06
16.8305555555554 -1.042192112995298e-06 6.032988829065391e-06
16.83333333333317 -2.650622933941304e-06 5.681684925339379e-06
16.83611111111095 -4.146139948720181e-06 4.901421026577595e-06
16.83888888888873 -5.414283034367567e-06 3.727370323947324e-06
16.8416666666665 -6.351310629469132e-06 2.225268464839277e-06
16.84444444444428 -6.872367219418272e-06 4.881993573133109e-07
16.84722222222205 -6.918698617215341e-06 -1.368803868778468e-06
16.84999999999983 -6.463329917487341e-06 -3.216063286587629e-06
16.85277777777761 -5.514702417686676e-06 -4.918029623769394e-06
16.85555555555538 -4.117889349625159e-06 -6.342955062268916e-06
16.85833333333316 -2.353169147328959e-06 -7.372797301990089e-06
16.86111111111094 -3.319193418685966e-07 -7.91263269007494e-06
16.86388888888871 1.810008324156536e-06 -7.898852996317964e-06
16.86666666666649 3.921074386421577e-06 -7.305471247826002e-06
16.86944444444427 5.844461719350896e-06 -6.147966198070707e-06
16.87222222222204 7.429420486990509e-06 -4.484247712386955e-06
16.87499999999982 8.5427519148149e-06 -2.41251787969749e-06
16.8777777777776 9.079581218371135e-06 -6.602277316663153e-08
16.88055555555537 8.972577303645519e-06 2.395077546130491e-06
16.88333333333315 8.19884788879443e-06 4.794264800379889e-06
16.88611111111092 6.783871707185132e-06 6.950981438052674e-06
16.8888888888887 4.802017858039151e-06 8.693882127510389e-06
16.89166666666648 2.373435015739617e-06 9.874072630359388e-06
16.89444444444425 -3.426450602507821e-07 1.037734145600398e-05
16.89722222222203 -3.157872678339271e-06 1.013441275524861e-05
16.89999999999981 -5.867433615995241e-06 9.128346716263396e-06
16.90277777777758 -8.264576703633118e-06 7.398382979492055e-06
16.90555555555536 -1.015601699918219e-05 5.0397543557242e-06
16.90833333333314 -1.137709729610569e-05 2.199278209083976e-06
16.91111111111091 -1.180555054520167e-05 -9.331574349477253e-07
16.91388888888869 -1.137275145443601e-05 -4.136778671756372e-06
16.91666666666647 -1.00714782441112e-05 -7.175045855443176e-06
16.91944444444424 -7.959419857871311e-06 -9.812712462647501e-06
16.92222222222202 -5.157947887814563e-06 -1.183362714056092e-05
16.92499999999979 -1.846008085034165e-06 -1.305796524198073e-05
16.92777777777757 1.750649339515703e-06 -1.335755214165399e-05
16.93055555555535 5.37431476320618e-06 -1.266801764947261e-05
16.93333333333312 8.753312728230114e-06 -1.099669837012552e-05
16.9361111111109 1.162192952316712e-05 -8.425474616583741e-06
16.93888888888868 1.374085075188136e-05 -5.108074615898058e-06
16.94166666666645 1.491657384751323e-05 -1.261778647968974e-06
16.94444444444423 1.50182616820577e-05 2.846118544174498e-06
16.94722222222201 1.399062263872816e-05 6.916308713420952e-06
16.94999999999978 1.186163673790752e-05 1.063877445432974e-05
16.95277777777756 8.744284548403118e-06 1.37159252190663e-05
16.95555555555534 4.831854959863208e-06 1.588587919052647e-05
16.95833333333311 3.868812440944821e-07 1.694411038403723e-05
16.96111111111089 -4.275751688951807e-06 1.676171833163597e-05
16.96388888888866 -8.810509567159956e-06 1.529875238999495e-05
16.96666666666644 -1.286627989235726e-05 1.261132757100151e-05
16.96944444444422 -1.611304039915185e-05 8.851686806906051e-06
16.97222222222199 -1.826814332339507e-05 4.260868998739015e-06
16.97499999999977 -1.91201673860661e-05 -8.458018119449767e-07
16.97777777777755 -1.854837867744867e-05 -6.09962396886817e-06
16.98055555555532 -1.653608768949261e-05 -1.110450622163162e-05
16.9833333333331 -1.317658128763593e-05 -1.546626217427856e-05
16.98611111111088 -8.670822154635711e-06 -1.882309499877787e-05
16.98888888888865 -3.316710119406995e-06 -2.087496247678399e-05
16.99166666666643 2.509652915826007e-06 -2.14094895624599e-05
16.99444444444421 8.379608475375506e-06 -2.032225398692972e-05
16.99722222222198 1.38428209252261e-05 -1.762960652597161e-05
16.99999999999976 1.846122649177438e-05 -1.347268382898099e-05
17.00277777777753 2.184354590659314e-05 -8.111897058378713e-06
17.00555555555531 2.367769321527959e-05 -1.911891169982816e-06
17.00833333333309 2.375845352109554e-05 4.682284320394419e-06
17.01111111111086 2.200805105392366e-05 1.1176328892346e-05
17.01388888888864 1.848767648863503e-05 1.706306218006199e-05
17.01666666666642 1.339866319502491e-05 2.186139894896085e-05
17.01944444444419 7.072755403075152e-06 2.515498910046326e-05
17.02222222222197 -4.82560821226656e-08 2.662747544521907e-05
17.02499999999975 -7.442405087681001e-06 2.609144902136661e-05
17.02777777777752 -1.45450020467645e-05 2.350854546985274e-05
17.0305555555553 -2.079105506582382e-05 1.899870884806458e-05
17.03333333333308 -2.565953787693196e-05 1.283741540361199e-05
17.03611111111085 -2.87160957597838e-05 5.440547047747306e-06
17.03888888888863 -2.965075098761197e-05 -2.662432603210056e-06
17.0416666666664 -2.830741143480063e-05 -1.086539126911039e-05
17.04444444444418 -2.470249311410365e-05 -1.853005042224899e-05
17.04722222222196 -1.903071152004322e-05 -2.5034923539033e-05
17.04999999999973 -1.165702937510666e-05 -2.982498463650417e-05
17.05277777777751 -3.09480394263317e-06 -3.245816093020473e-05
17.05555555555529 6.028723239683505e-06 -3.264482440854217e-05
17.05833333333306 1.501739350671411e-05 -3.027684704062187e-05
17.06111111111084 2.315842504477799e-05 -2.54434661566976e-05
17.06388888888862 2.977818316930907e-05 -1.843213893520164e-05
17.06666666666639 3.429713207017298e-05 -9.713684489626094e-06
17.06944444444417 3.627955328635601e-05 8.776265043950428e-08
17.07222222222195 3.547384495836171e-05 1.023822654437284e-05
17.07499999999972 3.183979067605718e-05 1.994787986442233e-05
17.0777777777775 2.556007673450119e-05 2.843167164159437e-05
17.08055555555528 1.70344841876739e-05 3.497201724770428e-05
17.08333333333305 6.85650614869289e-06 3.89786158352499e-05
17.08611111111083 -4.226457748746264e-06 4.004048306000409e-05
17.0888888888886 -1.53668087733222e-05 3.796570647128977e-05
17.09166666666638 -2.568061299773797e-05 3.28052310195712e-05
17.09444444444416 -3.431690188009383e-05 2.485811463001007e-05
17.09722222222193 -4.052705527786989e-05 1.46570814961658e-05
17.09999999999971 -4.372868440238052e-05 2.934742236993974e-06
17.10277777777749 -4.355864633675356e-05 -9.427573117623515e-06
17.10555555555526 -3.991047994208801e-05 -2.146493776298137e-05
17.10833333333304 -3.29526208754545e-05 -3.220320521122332e-05
17.11111111111082 -2.31251617066407e-05 -4.073699861113883e-05
17.11388888888859 -1.111457158994659e-05 -4.630514826368216e-05
17.11666666666637 2.192445543585674e-06 -4.835737114412076e-05
17.11944444444415 1.577303381218288e-05 -4.660644751745978e-05
17.12222222222192 2.85457134832499e-05 -4.106109804678842e-05
17.1249999999997 3.945558528798435e-05 -3.203614312825783e-05
17.12777777777747 4.756058737690207e-05 -2.013823981375963e-05
17.13055555555525 5.211183309000624e-05 -6.227414292656798e-06
17.13333333333303 5.262126532487751e-05 8.64340936801008e-06
17.1361111111108 4.891063276749236e-05 2.330680081595311e-05
17.13888888888858 4.113708462762452e-05 3.657142792812832e-05
17.14166666666636 2.979240914687759e-05 4.731794560909346e-05
17.14444444444413 1.567498277758398e-05 5.459253871111955e-05
17.14722222222191 -1.643037056250826e-07 5.769038602626474e-05
17.14999999999969 -1.649869356623992e-05 5.622184084978451e-05
17.15277777777746 -3.201935366096857e-05 5.015526557599229e-05
17.15555555555524 -4.543925660868256e-05 3.983214365026202e-05
17.15833333333302 -5.559900931148209e-05 2.59522045687144e-05
17.16111111111079 -6.156601292163224e-05 9.528678935374098e-06
17.16388888888857 -6.27185635669772e-05 -8.183735439010947e-06
17.16666666666634 -5.880742913342793e-05 -2.578326951955222e-05
17.16944444444412 -4.998901613630419e-05 -4.183088548854862e-05
17.1722222222219 -3.682636692615733e-05 -5.496699916046876e-05
17.17499999999967 -2.025674611348784e-05 -6.402574948822068e-05
17.17777777777745 -1.527292220517725e-06 -6.813729911845219e-05
17.18055555555523 1.789709204667235e-05 -6.680929081288535e-05
17.183333333333 3.644698510359317e-05 -5.997998641782062e-05
17.18611111111078 5.257420783934434e-05 -4.803769048952213e-05
17.18888888888856 6.48801302201569e-05 -3.180366249490586e-05
17.19166666666633 7.223598083688688e-05 -1.2478652735566e-05
17.19444444444411 7.388490268943538e-05 8.443774434671553e-06
17.19722222222189 6.951664982424631e-05 2.929109033192212e-05
17.19999999999966 5.930777281690165e-05 4.834430715766071e-05
17.20277777777744 4.392276312936366e-05 6.397876448207606e-05
17.20555555555521 2.447472238784118e-05 7.48017656539436e-05
17.20833333333299 2.447450662463836e-06 7.977549375708734e-05
17.21111111111077 -2.041586279537229e-05 7.831446145149631e-05
17.21388888888854 -4.224918990081888e-05 7.03485038205392e-05
17.21666666666632 -6.121490359407341e-05 5.634489484379566e-05
17.2194444444441 -7.565756105754011e-05 3.728636986996494e-05
17.22222222222187 -8.424745348418416e-05 1.46054218463131e-05
17.22499999999965 -8.6101566974668e-05 -9.921080162996203e-06
17.22777777777743 -8.087107496457623e-05 -3.430943243485234e-05
17.2305555555552 -6.878692618461272e-05 -5.652832309466894e-05
17.23333333333298 -5.065833171190453e-05 -7.466709167679385e-05
17.23611111111076 -2.782274463538971e-05 -8.709918463840905e-05
17.23888888888853 -2.049965060372092e-06 -9.262691201430707e-05
17.24166666666631 2.459304165181412e-05 -9.059472475336738e-05
17.24444444444408 4.990649251609471e-05 -8.096046540039636e-05
17.24722222222186 7.173838316895812e-05 -6.431724638825617e-05
17.24999999999964 8.816661872250432e-05 -4.186254218602784e-05
17.25277777777741 9.766735539022248e-05 -1.531543515781861e-05
17.25555555555519 9.925489888893454e-05 1.32126254285638e-05
17.25833333333297 9.25804420429199e-05 4.138408006763155e-05
17.26111111111074 7.798000535961689e-05 6.682561699276848e-05
17.26388888888852 5.646594688427531e-05 8.732725865642125e-05
17.2666666666663 2.966102110976278e-05 0.0001010335732367588
17.26944444444407 -3.211821845208306e-07 0.0001066105512019045
17.27222222222185 -3.104090607046427e-05 0.0001033732384171007
17.27499999999963 -5.992938117580339e-05 9.136209098138254e-05
17.2777777777774 -8.450268468175994e-05 7.136001085989174e-05
17.28055555555518 -0.0001025746069735001 4.48468303787314e-05
17.28333333333295 -0.000112450367504101 1.389325234463495e-05
17.28611111111073 -0.0001130840993194739 -1.89985143985748e-05
17.28888888888851 -0.0001041855968217539 -5.10954062102098e-05
17.29166666666628 -8.626572094507842e-05 -7.965952732160394e-05
17.29444444444406 -6.061478732948388e-05 -0.0001021809748265173
17.29722222222184 -2.921383499834397e-05 -0.000116597755255572
17.29999999999961 5.41557397429046e-06 -0.0001214835990190464
17.30277777777739 4.04119294068232e-05 -0.0001161866627569993
17.30555555555517 7.280897265867261e-05 -0.0001009058243614934
17.30833333333294 9.978633066880715e-05 -7.66962485462442e-05
17.31111111111072 0.000118914503952705 -4.540174198710113e-05
17.3138888888885 0.0001283729999334645 -9.517648185272868e-06
17.31666666666627 0.0001271221023067553 2.800587382341237e-05
17.31944444444405 0.0001150122030404001 6.400491794408647e-05
17.32222222222182 9.281955145623654e-05 9.536771260985015e-05
17.3249999999996 6.220331264306161e-05 0.0001193030813333075
17.32777777777738 2.558548471569091e-05 0.0001335883947565661
17.33055555555515 -1.403805849880632e-05 0.000136775049978693
17.33333333333293 -5.334093807388607e-05 0.0001283325742860294
17.33611111111071 -8.894447485234985e-05 0.0001087172412884176
17.33888888888848 -0.0001177075862306795 7.935724197166733e-05
17.34166666666626 -0.0001370035800195291 4.255347521235214e-05
17.34444444444404 -0.0001449595089956656 1.302324926330734e-06
17.34722222222181 -0.0001406363407098679 -4.094625493310184e-05
17.34999999999959 -0.00012413275609572 -8.057603831789738e-05
17.35277777777737 -9.660157571090196e-05 -0.0001141134281219236
17.35555555555514 -6.017512959555779e-05 -0.0001385316617412271
17.35833333333292 -1.780372746294472e-05 -0.000151523731984762
17.3611111111107 2.698092183931152e-05 -0.0001517194602945528
17.36388888888847 7.035862756556683e-05 -0.0001388263898081834
17.36666666666625 0.0001085458446021702 -0.0001136802914012516
17.36944444444402 0.0001381254409619537 -7.819861141291574e-05
17.3722222222218 0.000156352416702963 -3.52385121548578e-05
17.37499999999958 0.0001614082556141829 1.163044470256121e-05
17.37777777777735 0.0001525803966263918 5.842118328806144e-05
17.38055555555513 0.0001303492843939841 0.0001010674002843823
17.38333333333291 9.63731300741902e-05 0.0001357766670986242
17.38611111111068 5.336925303213022e-05 0.0001593677437633533
17.38888888888846 4.899939058953243e-06 0.0001695621274611577
17.39166666666624 -4.492065145322467e-05 0.0001652031441870811
17.39444444444401 -9.177463359385386e-05 0.0001463816165687063
17.39722222222179 -0.0001315142792729113 0.000114454861825813
17.39999999999957 -0.0001605293221883218 7.195485978861061e-05
17.40277777777734 -0.0001760751806182943 2.239111212835571e-05
17.40555555555512 -0.0001765322658292641 -3.003685263900286e-05
17.40833333333289 -0.0001615719256508562 -8.079403174642756e-05
17.41111111111067 -0.0001322122537289861 -0.0001254017796230831
17.41388888888845 -9.075635072196415e-05 -0.0001598331405088083
17.41666666666622 -4.061586427433405e-05 -0.0001808768068871339
17.419444444444 1.396712934764546e-05 -0.0001864368022474217
17.42222222222178 6.827751940491071e-05 -0.000175739932547881
17.42499999999955 0.0001175338981227365 -0.0001494306010943327
17.42777777777733 0.0001573096455490075 -0.0001095421267317905
17.43055555555511 0.0001839313017899768 -5.934444177254987e-05
17.43333333333288 0.000194818358516429 -3.079043656077184e-06
17.43611111111066 0.0001887330214609257 5.439764395136757e-05
17.43888888888844 0.0001659158249825859 0.0001080327160038456
17.44166666666621 0.0001280926314873874 0.0001530210879200403
17.44444444444399 7.834971253035216e-05 0.0001852366160589494
17.44722222222176 2.088531920178285e-05 0.0002016113329547529
17.44999999999954 -3.934263112433117e-05 0.0002004279013821379
17.45277777777732 -9.704341521774261e-05 0.0001814974110141256
17.45555555555509 -0.0001470582828457031 0.0001462043156987816
17.45833333333287 -0.0001848223609485984 9.741182876331731e-05
17.46111111111065 -0.0002067822989853145 3.923346335269583e-05
17.46388888888842 -0.0002107313870371905 -2.331147016705045e-05
17.4666666666662 -0.0001960305026127383 -8.472981540550989e-05
17.46944444444398 -0.0001636928552970646 -0.000139536937841314
17.47222222222175 -0.0001163222985795315 -0.0001827471977135878
17.47499999999953 -5.790794736647488e-05 -0.0002103286398115587
17.47777777777731 6.509168925237304e-06 -0.0002195803617596849
17.48055555555508 7.126984865143438e-05 -0.0002093971700289873
17.48333333333286 0.0001305936957200295 -0.0001803956031329996
17.48611111111063 0.0001790957467183092 -0.0001348874069236485
17.48888888888841 0.0002122765484170834 -7.670005278354751e-05
17.49166666666619 0.0002269410038877416 -1.085770215445692e-05
17.49444444444396 0.0002215069004028635 5.685110703692836e-05
17.49722222222174 0.000196173280604658 0.0001203820333584886
17.49999999999952 0.0001529309539439206 0.00017397515122427
17.50277777777729 9.541142275285736e-05 0.0002126785124316084
17.50555555555507 2.8585081266013e-05 0.0002328073720391012
17.50833333333285 -4.16665798159958e-05 0.0002322963734074326
17.51111111111062 -0.0001090681445894068 0.0002109109388218711
17.5138888888884 -0.0001675114257154647 0.000170296304095311
17.51666666666618 -0.0002116104052981119 0.0001138570180526529
17.51944444444395 -0.000237199453249926 4.647502937682394e-05
17.52222222222173 -0.0002417286015443691 -2.591067705664984e-05
17.5249999999995 -0.0002245182380887639 -9.682692056020503e-05
17.52777777777728 -0.0001868477615435138 -0.0001598457095361215
17.53055555555506 -0.0001318674598185054 -0.0002091683025707186
17.53333333333283 -6.433883795008599e-05 -0.0002401607818572276
17.53611111111061 9.775615808222526e-06 -0.0002497915240791037
17.53888888888839 8.383812387679391e-05 -0.0002369291095003295
17.54166666666616 0.0001511305345617489 -0.0002024713062450654
17.54444444444394 0.0002054651358297144 -0.0001492907620849812
17.54722222222172 0.0002417557366955114 -8.199960266454092e-05
17.54999999999949 0.000256496149186219 -6.551775819929542e-06
17.55277777777727 0.0002481008733300843 7.028283478409777e-05
17.55555555555505 0.0002170747403062257 0.0001415262014241782
17.55833333333282 0.0001659934754997902 0.0002006272873800574
17.5611111111106 9.929425533543361e-05 0.0002420666202960297
17.56388888888837 2.289280106102845e-05 0.0002618743405559076
17.56666666666615 -5.634022933362838e-05 0.0002580128958440508
17.56944444444393 -0.0001311973433967092 0.0002305873057406464
17.5722222222217 -0.000194791217412186 0.0001818612786717514
17.57499999999948 -0.0002411906169903119 0.0001160750636701682
17.57777777777726 -0.00026597634301466 3.907916612339703e-05
17.58055555555503 -0.0002666648695324416 -4.218473168422639e-05
17.58333333333281 -0.0002429588427705477 -0.0001203097410820047
17.58611111111059 -0.0001967990655139649 -0.0001881002023876495
17.58888888888836 -0.000132210623239189 -0.0002392367178282685
17.59166666666614 -5.495478018323359e-05 -0.0002688681372034681
17.59444444444392 2.798356593838532e-05 -0.0002740748019350932
17.59722222222169 0.0001090274352675631 -0.0002541585625211468
17.59999999999947 0.0001807012497541854 -0.0002107305856890179
17.60277777777724 0.0002363226896691424 -0.0001475863780344759
17.60555555555502 0.0002706287066332185 -7.037709706637005e-05
17.6083333333328 0.0002802767957249797 1.389471768767976e-05
17.61111111111057 0.0002641735097162297 9.751017022993366e-05
17.61388888888835 0.0002235977010121728 0.0001727422403112654
17.61666666666613 0.000162104715129434 0.0002325721543490955
17.6194444444439 8.521802371545726e-05 0.0002713472920832507
17.62222222222168 -6.530203043925726e-08 0.0002853186980131295
17.62499999999946 -8.591118582849235e-05 0.0002730067901724718
17.62777777777723 -0.0001643693361721581 0.0002353593236670118
17.63055555555501 -0.0002281118319746098 0.0001756846854630277
17.63333333333279 -0.0002711206988789573 9.936442986711819e-05
17.63611111111056 -0.0002892596904520906 1.336967651751128e-05
17.63888888888834 -0.0002806756349338714 -7.437536427206887e-05
17.64166666666612 -0.0002459901026980173 -0.0001557246796648514
17.64444444444389 -0.0001882614066953776 -0.0002230689906883887
17.64722222222167 -0.0001127183002745697 -0.0002700507125833767
17.64999999999944 -2.628819606412402e-05 -0.0002921678841400337
17.65277777777722 6.303772664557838e-05 -0.0002872093682359932
17.655555555555 0.0001469443970887065 -0.0002554789237429008
17.65833333333277 0.000217569134008611 -0.0001997852058244178
17.66111111111055 0.0002682416684936654 -0.0001251965754696941
17.66388888888833 0.0002941179750028051 -3.858175229362247e-05
17.6666666666661 0.0002926473405497928 5.202226530495686e-05
17.66944444444388 0.0002638272837988757 0.000138156911136354
17.67222222222166 0.0002102205589287261 0.0002117339464785482
17.67499999999943 0.0001367307295885151 0.0002657982104372226
17.67777777777721 5.015559237392867e-05 0.0002951890066635666
17.68055555555499 -4.144109110948297e-05 0.0002970368811340055
17.68333333333276 -0.0001294815571944124 0.0002710475982981014
17.68611111111054 -0.0002056795089786099 0.0002195448835016817
17.68888888888831 -0.0002628232649978843 0.0001472661344727004
17.69166666666609 -0.0002954622791357213 6.092868705850039e-05
17.69444444444387 -0.0003004313171884339 -3.139386908076715e-05
17.69722222222164 -0.0002771614922677593 -0.0001210274916932148
17.69999999999942 -0.0002277472355045303 -0.0001995147869342143
17.7027777777772 -0.0001567612583621155 -0.0002594162486870047
17.70555555555497 -7.083348165113313e-05 -0.0002950194332866697
17.70833333333275 2.196751247338649e-05 -0.0003028880991427142
17.71111111111053 0.0001128928751663692 -0.0002821981211956061
17.7138888888883 0.0001933403877397276 -0.0002348269589619453
17.71666666666608 0.0002556715178958544 -0.0001651867452196587
17.71944444444386 0.0002939407331205863 -7.981546649315318e-05
17.72222222222163 0.0003044670641328634 1.323610308207676e-05
17.72499999999941 0.0002861925606865773 0.0001051643086686968
17.72777777777718 0.0002407923307878492 0.0001872475781724744
17.73055555555496 0.0001725244174313978 0.0002516770647781369
17.73333333333274 8.783260628024454e-05 0.0002923035606963939
17.73611111111051 -5.261004965896569e-06 0.0003052288624866011
17.73888888888829 -9.791649955083953e-05 0.0002891842973430658
17.74166666666607 -0.0001813175482069016 0.0002456592379731395
17.74444444444384 -0.0002475134565848574 0.0001787662404930155
17.74722222222162 -0.0002901811320262328 9.485466515093575e-05
17.7499999999994 -0.0003052335652553181 1.908860817468549e-06
17.75277777777717 -0.0002912158467247974 -9.121213118581574e-05
17.75555555555495 -0.0002494499183816711 -0.0001756209045344871
17.75833333333273 -0.0001839132836068926 -0.0002432530113799375
17.7611111111105 -0.000100862461305708 -0.0002876414366486508
17.76388888888828 -8.236611345204122e-06 -0.0003045394645850448
17.76666666666605 8.510191090694111e-05 -0.0002923315179172083
17.76944444444383 0.0001702173750037038 -0.0002521917905085136
17.77222222222161 0.0002389591994696604 -0.0001879747050683153
17.77499999999938 0.0002847463987602963 -0.0001058470811197571
17.77777777777716 0.0003032020731018199 -1.369689550715619e-05
17.78055555555494 0.0002925763382757764 7.962477099960831e-05
17.78333333333271 0.0002539163917346543 0.0001651557040854558
17.78611111111049 0.0001909667861296226 0.0002346862571885616
17.78888888888827 0.0001098090785534304 0.0002815512537845473
17.79166666666604 1.827531203039778e-05 0.0003012733235242587
17.79444444444382 -7.48081988594923e-05 0.0002919951464232148
17.7972222222216 -0.000160473719153336 0.0002546584390388236
17.79999999999937 -0.0002304789978272966 0.0001929120318265251
17.80277777777715 -0.000278104131032535 0.0001127576812513177
17.80555555555492 -0.0002988009654191172 2.196777442791986e-05
17.8083333333327 -0.0002906318565807385 -7.066867432859037e-05
17.81111111111048 -0.0002544550208910408 -0.0001561985477084279
17.81388888888825 -0.0001938383522254956 -0.0002263728033083676
17.81666666666603 -0.0001147100203157664 -0.0002744458305680144
17.81944444444381 -2.477984198893207e-05 -0.000295828152361436
17.82222222222158 6.721219439458302e-05 -0.0002885288928955452
17.82499999999936 0.0001523469665110503 -0.0002533449242380301
17.82777777777714 0.0002223937796468467 -0.0001937783327496305
17.83055555555491 0.0002706097804807188 -0.0001156903963755933
17.83333333333269 0.0002923932097168566 -2.672603236576138e-05
17.83611111111047 0.0002857267885348656 6.443486794264728e-05
17.83888888888824 0.0002513680961302661 0.0001489258647935542
17.84166666666602 0.0001927685978192434 0.0002185590591009561
17.84444444444379 0.0001157295904466593 0.0002666221593843163
17.84722222222157 2.782912785941112e-05 0.0002885295707739519
17.84999999999935 -6.232356577938327e-05 0.0002822639409886272
17.85277777777712 -0.0001459328051459421 0.0002485652356908002
17.8555555555549 -0.0002148772321585592 0.0001908492680061501
17.85833333333268 -0.0002625021680036009 0.0001148642242661323
17.86111111111045 -0.0002842658669701089 2.811948417805932e-05
17.86388888888823 -0.000278176512216787 -6.085661365473475e-05
17.86666666666601 -0.0002449775087760806 -0.0001433566672131108
17.86944444444378 -0.0001880635073627665 -0.0002113488929541343
17.87222222222156 -0.0001131361713157682 -0.0002582624331329149
17.87499999999934 -2.763434743396717e-05 -0.0002796261564078259
17.87777777777711 6.000451839139828e-05 -0.00027349845996628
17.88055555555489 0.0001411783608582966 -0.0002406463748645399
17.88333333333266 0.0002079672823326353 -0.0001844571545120304
17.88611111111044 0.0002539095269198524 -0.0001105920167646847
17.88888888888822 0.0002746302737010786 -2.641718243947555e-05
17.89166666666599 0.0002682616847433814 5.973071936245093e-05
17.89444444444377 0.0002356135133878939 0.0001393715969078979
17.89722222222155 0.0001800784285550363 0.000204719013432023
17.89999999999932 0.0001072825620279972 0.0002494445843162332
17.9027777777771 2.451701309979913e-05 0.0002692942833611276
17.90555555555488 -5.99923594139064e-05 0.0002624962755181522
17.90833333333265 -0.0001379037048711958 0.0002299208349140063
17.91111111111043 -0.0002015848653200646 0.0001749776988320348
17.91388888888821 -0.0002448640015660581 0.000103262367623407
17.91666666666598 -0.0002636310183907374 2.198777385210607e-05
17.91944444444376 -0.0002562308362322221 -6.074107083635694e-05
17.92222222222154 -0.0002236105612611305 -0.000136736488111554
17.92499999999931 -0.0001692073060818394 -0.0001985406308230104
17.92777777777709 -9.858932650731733e-05 -0.0002401601987287967
17.93055555555486 -1.88876697327798e-05 -0.0002576506854602338
17.93333333333264 6.192377312393091e-05 -0.0002494928745519186
17.93611111111042 0.0001358271077824732 -0.0002167253577641729
17.93888888888819 0.0001955580051902913 -0.0001628214215749687
17.94166666666597 0.0002353224294326634 -9.3324259090995e-05
17.94444444444375 0.0002513615179652834 -1.527854175886548e-05
17.94722222222152 0.0002423092340263725 6.348348002041083e-05
17.9499999999993 0.0002093085005037266 0.0001351289874179639
17.95277777777708 0.0001558759303195997 0.0001926055026449686
17.95555555555485 8.753052066923701e-05 0.0002303376212960306
17.95833333333263 1.122523387192596e-05 0.0002447704583920378
17.96111111111041 -6.536011371857382e-05 0.0002347065508645479
17.96388888888818 -0.0001345927303945251 0.0002014040613222539
17.96666666666596 -0.0001896493881560089 0.0001484283244546221
17.96944444444373 -0.0002251912307454657 8.127361200347148e-05
17.97222222222151 -0.0002378838517315786 6.794957709483326e-06
17.97499999999929 -0.0002267117169081845 -6.749132410638036e-05
17.97777777777706 -0.000193057093879128 -0.0001341670425586134
17.98055555555484 -0.0001405375934056366 -0.0001866546119634722
17.98333333333262 -7.462078428048179e-05 -0.000219868096292981
17.98611111111039 -2.056651891578837e-06 -0.0002307081321896276
17.98888888888817 6.981331062934847e-05 -0.0002183523310523536
17.99166666666595 0.0001337996521912054 -0.0001843138048014905
17.99444444444372 0.000183585734499053 -0.0001322640982761397
17.9972222222215 0.0002143532747363211 -6.76406305557669e-05
17.99999999999928 0.0002232504861314706 2.919666689586286e-06
18.00277777777705 0.000209657122325261 7.226164375632103e-05
18.00555555555483 0.0001752216951627953 0.0001334382191777079
18.0083333333326 0.0001236694192216496 0.0001804078294216609
18.01111111111038 6.040265706018678e-05 0.0002086328452290429
18.01388888888816 -8.063560984400777e-06 0.0002155194750942882
18.01666666666593 -7.477208220285326e-05 0.00020065632909045
18.01944444444371 -0.0001330312248402184 0.0001658296590235232
18.02222222222149 -0.0001770873525567213 0.0001148161661868879
18.02499999999926 -0.0002026946667654902 5.297682932876446e-05
18.02777777777704 -0.0002075256037985776 -1.330484133525163e-05
18.03055555555482 -0.000191382020356007 -7.728138108039149e-05
18.03333333333259 -0.0001561880275845261 -0.0001325288334058926
18.03611111111037 -0.0001057677453073286 -0.0001735929646500079
18.03888888888815 -4.54330899563129e-05 -0.0001965290753632101
18.04166666666592 1.857424094163094e-05 -0.0001992818194060733
18.0444444444437 7.972808505738985e-05 -0.0001818683469561921
18.04722222222147 0.0001318837156112749 -0.0001463485495835999
18.04999999999925 0.0001698962960550975 -9.658807545583551e-05
18.05277777777703 0.000190129508135717 -3.784084681761387e-05
18.0555555555548 0.000190803929810336 2.380409604882222e-05
18.05833333333258 0.0001721517124022987 8.20532994951799e-05
18.06111111111036 0.0001363643008789681 0.0001310518245293056
18.06388888888813 8.734125176940837e-05 0.0001659726418310054
18.06666666666591 3.026843274089957e-05 0.0001834930425562689
18.06944444444369 -2.892902596199729e-05 0.0001821109305095772
18.07222222222146 -8.420143147303286e-05 0.0001622708554397407
18.07499999999924 -0.0001299931134155749 0.0001262895186647387
18.07777777777702 -0.0001618015762641839 7.809115547874074e-05
18.08055555555479 -0.0001766208405386022 2.278253982453396e-05
18.08333333333257 -0.0001732252315948602 -3.388660632237815e-05
18.08611111111034 -0.0001522668387908332 -8.612089166215532e-05
18.08888888888812 -0.0001161793583873062 -0.0001286721852759804
18.0916666666659 -6.890101189816013e-05 -0.0001573674765948059
18.09444444444367 -1.544763374741697e-05 -0.0001695184885195541
18.09722222222145 3.861802753615923e-05 -0.0001641727785769865
18.09999999999923 8.77647472702642e-05 -0.0001421829411448189
18.102777777777 0.000127058863990216 -0.000106089574139516
18.10555555555478 0.0001526599467471029 -5.983290094961474e-05
18.10833333333256 0.000162196226522485 -8.325355474345041e-06
18.11111111111033 0.0001549830631498569 4.306872889728305e-05
18.11388888888811 0.0001320644521531475 8.909131577534473e-05
18.11666666666589 9.607612601500996e-05 0.000125128677250576
18.11944444444366 5.094722702076719e-05 0.0001476741331548525
18.12222222222144 1.473919617195996e-06 0.0001546690612034433
18.12499999999921 -4.718899785525951e-05 0.000145689022515021
18.12777777777699 -9.006468898445037e-05 0.0001219583729294006
18.13055555555477 -0.0001228632423078413 8.619472055680436e-05
18.13333333333254 -0.000142410926349318 4.230215720274116e-05
18.13611111111032 -0.0001469567601140459 -5.052479686725861e-06
18.1388888888881 -0.0001363268285243802 -5.093452312712897e-05
18.14166666666587 -0.0001119130272872043 -9.065517711595204e-05
18.14444444444365 -7.650029294717046e-05 -0.0001202505465867075
18.14722222222143 -3.395303896927828e-05 -0.0001368770438209494
18.1499999999992 1.120424325527098e-05 -0.0001390837268246967
18.15277777777698 5.426688996300607e-05 -0.0001269355705896084
18.15555555555476 9.08396631523587e-05 -0.0001019775916021999
18.15833333333253 0.0001172851166377287 -6.704644189805067e-05
18.16111111111031 0.0001310849917692393 -2.595181004114947e-05
18.16388888888808 0.0001310787590937323 1.693690869619668e-05
18.16666666666586 0.0001175568389877904 5.715400591677622e-05
18.16944444444364 9.220155368901274e-05 9.060185865272161e-05
18.17222222222141 5.788483022346351e-05 0.0001139680706315911
18.17499999999919 1.834641449798481e-05 0.0001250529056693417
18.17777777777697 -2.221164614995251e-05 0.0001229746948871047
18.18055555555474 -5.957044595142881e-05 0.0001082342177989145
18.18333333333252 -8.993245355301526e-05 8.263411336399587e-05
18.1861111111103 -0.0001103070516336759 4.906456575930245e-05
18.18888888888807 -0.0001188042720681205 1.118024007763764e-05
18.19166666666585 -0.0001148079536828984 -2.699569452376553e-05
18.19444444444363 -9.90126991681588e-05 -6.149770663601837e-05
18.1972222222214 -7.332353934734541e-05 -8.882915420012653e-05
18.19999999999918 -4.063157856510607e-05 -0.000106316041190268
18.20277777777696 -4.491591996600673e-06 -0.0001123675366113386
18.20555555555473 3.126272531866553e-05 -0.0001066179830610063
18.20833333333251 6.292436056900405e-05 -8.99380328122988e-05
18.21111111111028 8.72966059239867e-05 -6.431649877588036e-05
18.21388888888806 0.0001020150552528995 -3.262801114315889e-05
18.21666666666584 0.0001057756059225681 1.686781472884624e-06
18.21944444444361 9.844662300179724e-05 3.499312216069476e-05
18.22222222222139 8.105602661916184e-05 6.384610394674612e-05
18.22499999999917 5.565737678534099e-05 8.5346198804243e-05
18.22777777777694 2.50916387166509e-05 9.742972708761621e-05
18.23055555555472 -7.328097073273567e-06 9.906525352618014e-05
18.2333333333325 -3.817416563144026e-05 9.033740251750836e-05
18.23611111111027 -6.426569236348072e-05 7.241181573867146e-05
18.23888888888805 -8.299575786143428e-05 4.73876043320006e-05
18.24166666666583 -9.259078448907024e-05 1.805533637423215e-05
18.2444444444436 -9.22764424415827e-05 -1.241186481958335e-05
18.24722222222138 -8.233478513343608e-05 -4.080011492472396e-05
18.24999999999915 -6.404911867939095e-05 -6.419276240237138e-05
18.25277777777693 -3.954501260768299e-05 -8.026912162635399e-05
18.25555555555471 -1.154660912180729e-05 -8.753343124849345e-05
18.25833333333248 1.692412463581108e-05 -8.545157928797904e-05
18.26111111111026 4.287218016919311e-05 -7.448338125264246e-05
18.26388888888804 6.364353929125487e-05 -5.60094995468945e-05
18.26666666666581 7.719561581544403e-05 -3.216323204934503e-05
18.26944444444359 8.229664532167107e-05 -5.58719957718092e-06
18.27222222222137 7.863471664253521e-05 2.085758164956608e-05
18.27499999999914 6.682714650469137e-05 4.439838190071214e-05
18.27777777777692 4.833165565166951e-05 6.264043376030832e-05
18.2805555555547 2.527115303458099e-05 7.380943157699734e-05
18.28333333333247 1.927862408886959e-07 7.692240841026227e-05
18.28611111111025 -2.421163292171661e-05 7.187072190991249e-05
18.28888888888802 -4.53932970450671e-05 5.940858574699596e-05
18.2916666666658 -6.121153415433728e-05 4.105074925248597e-05
18.29444444444358 -7.014892036633084e-05 1.889246390861924e-05
18.29722222222135 -7.145488361982984e-05 -4.62721699128792e-06
18.29999999999913 -6.520443201928957e-05 -2.699228119849713e-05
18.30277777777691 -5.22679824134167e-05 -4.587769379540913e-05
18.30555555555468 -3.41978011808068e-05 -5.939000271717068e-05
18.30833333333246 -1.304528003656255e-05 -6.625581986098221e-05
18.31111111111024 8.869752063307254e-06 -6.593955940563383e-05
18.31388888888801 2.921193431871967e-05 -5.867981380969179e-05
18.31666666666579 4.587806083178922e-05 -4.544267236898808e-05
18.31944444444357 5.721338767297666e-05 -2.779916253010978e-05
18.32222222222134 6.217442734613398e-05 -7.741875163009903e-06
18.32499999999912 6.042237909327537e-05 1.253809370115456e-05
18.32777777777689 5.233914995698716e-05 3.088909208317525e-05
18.33055555555467 3.896638032968185e-05 4.542603932436777e-05
18.33333333333245 2.187607852386269e-05 5.472286517792152e-05
18.33611111111022 2.988523570062761e-06 5.795073859807472e-05
18.338888888888 -1.564171021156535e-05 5.494887580814912e-05
18.34166666666578 -3.204792558850766e-05 4.622226971683261e-05
18.34444444444355 -4.455776897834939e-05 3.286863526057187e-05
18.34722222222133 -5.196242730595711e-05 1.64443561580878e-05
18.34999999999911 -5.363157140149391e-05 -1.214541574271614e-06
18.35277777777688 -4.95633326297166e-05 -1.81960095812852e-05
18.35555555555466 -4.036584260709822e-05 -3.271775713338498e-05
18.35833333333244 -2.717427901699148e-05 -4.331316190981297e-05
18.36111111111021 -1.151414431657493e-05 -4.897803388281659e-05
18.36388888888799 4.873051576943511e-06 -4.926369339680812e-05
18.36666666666576 2.022197562379922e-05 -4.430798718398939e-05
18.36944444444354 3.293245170507563e-05 -3.480275145571925e-05
18.37222222222132 4.173512029439981e-05 -2.190307989653958e-05
18.37499999999909 4.581674711812434e-05 -7.08983187704765e-06
18.37777777777687 4.489297393390497e-05 7.998508578840527e-06
18.38055555555465 3.922229870870819e-05 2.174570209857833e-05
18.38333333333242 2.956155903800023e-05 3.272973364712804e-05
18.3861111111102 1.706945981090811e-05 3.986871541478106e-05
18.38888888888798 3.170065960416532e-06 4.252586855810282e-05
18.39166666666575 -1.060787956139985e-05 4.056357899393113e-05
18.39444444444353 -2.279783568344719e-05 3.434229389486558e-05
18.39722222222131 -3.21504442937783e-05 2.466607988817928e-05
18.39999999999908 -3.776034688512699e-05 1.268234055395759e-05
18.40277777777686 -3.91520978567902e-05 -2.521109573361491e-07
18.40555555555463 -3.631722704171666e-05 -1.272318587197244e-05
18.40833333333241 -2.970000557727503e-05 -2.341294129781854e-05
18.41111111111019 -2.013506587545722e-05 -3.123775805403229e-05
18.41388888888796 -8.745111246006573e-06 -3.545690140014288e-05
18.41666666666574 3.189009738919957e-06 -3.574073223560569e-05
18.41944444444352 1.437099910638053e-05 -3.219252192067223e-05
18.42222222222129 2.362880546227966e-05 -2.53230156857593e-05
18.42499999999907 3.003637557216985e-05 -1.598201088436279e-05
18.42777777777685 3.300493031660921e-05 -5.255715590474806e-06
18.43055555555462 3.23349242836904e-05 5.657936975461744e-06
18.4333333333324 2.822437665437618e-05 1.558185679669078e-05
18.43611111111018 2.123411086298127e-05 2.34856950613697e-05
18.43888888888795 1.221507654314714e-05 2.859171313872739e-05
18.44166666666573 2.20685420102071e-06 3.044986472579445e-05
18.4444444444435 -7.680741908347732e-06 2.8975013984076e-05
18.44722222222128 -1.638961351052671e-05 2.444353935064823e-05
18.44999999999906 -2.302558998580679e-05 1.745105591175003e-05
18.45277777777683 -2.694910745663447e-05 8.837137518133882e-06
18.45555555555461 -2.783528543473758e-05 -4.137059302628962e-07
18.45833333333239 -2.569794859369449e-05 -9.283281287469463e-06
18.46111111111016 -2.087622940650917e-05 -1.683074460285333e-05
18.46388888888794 -1.398648686175025e-05 -2.229140863668928e-05
18.46666666666572 -5.845941556816951e-06 -2.515305418396503e-05
18.46944444444349 2.622725648672318e-06 -2.520226349030078e-05
18.47222222222127 1.049481766967305e-05 -2.253680133969249e-05
18.47499999999905 1.69436209168524e-05 -1.754388899180763e-05
18.47777777777682 2.13262451577813e-05 -1.084792206539772e-05
18.4805555555546 2.324649740636996e-05 -3.234376332852862e-06
18.48333333333238 2.258878461668855e-05 4.441004858484878e-06
18.48611111111015 1.952039691576218e-05 1.134736822788595e-05
18.48888888888793 1.44630514616606e-05 1.676777317395857e-05
18.4916666666657 8.037886460487889e-06 2.017263653655242e-05
18.49444444444348 9.908323298918475e-07 2.127018538910183e-05
18.49722222222126 -5.892826092421446e-06 2.002926828104357e-05
18.49999999999903 -1.187502211969884e-05 1.667304858094491e-05
18.50277777777681 -1.634316461955229e-05 1.164532503023766e-05
