16.5 1.909898675039065e-07 1.021059226302365e-07
16.50277777777778 1.95656440823837e-07 1.08413840960334e-07
16.50555555555555 2.003487632422817e-07 1.15018056644056e-07
16.50833333333333 2.05060635160936e-07 1.219288845172578e-07
16.51111111111111 2.097853694378258e-07 1.291568177910194e-07
16.51388888888888 2.145157692546808e-07 1.367125195962662e-07
16.51666666666666 2.192441054781455e-07 1.446068135095515e-07
16.51944444444444 2.239620935318783e-07 1.528506730069019e-07
16.52222222222221 2.286608697994649e-07 1.614552097890065e-07
16.52499999999999 2.333309675808711e-07 1.704316609211151e-07
16.52777777777776 2.379622926279808e-07 1.797913747287184e-07
16.53055555555554 2.425440982880145e-07 1.895457953901056e-07
16.53333333333332 2.470649602868657e-07 1.997064461644767e-07
16.53611111111109 2.515127511877934e-07 2.102849111945535e-07
16.53888888888887 2.558746145648417e-07 2.212928158199413e-07
16.54166666666665 2.601369389335271e-07 2.327418053392068e-07
16.54444444444442 2.642853314860106e-07 2.446435221554066e-07
16.5472222222222 2.683045916817818e-07 2.570095812404036e-07
16.54999999999998 2.721786847490089e-07 2.698515438537923e-07
16.55277777777775 2.758907151567086e-07 2.83180889449621e-07
16.55555555555553 2.794229001222198e-07 2.970089857065938e-07
16.55833333333331 2.827565432233966e-07 3.113470566153437e-07
16.56111111111108 2.85872008189925e-07 3.262061485588628e-07
16.56388888888886 2.887486929537197e-07 3.41597094319988e-07
16.56666666666663 2.913650040432223e-07 3.575304749534414e-07
16.56944444444441 2.936983314123173e-07 3.740165794586593e-07
16.57222222222219 2.957250238003459e-07 3.910653621922662e-07
16.57499999999996 2.974203647253978e-07 4.086863979595308e-07
16.57777777777774 2.987585492189763e-07 4.268888347275164e-07
16.58055555555552 2.997126614168654e-07 4.456813439026522e-07
16.58333333333329 3.002546531267894e-07 4.650720681198214e-07
16.58611111111107 3.003553235000733e-07 4.850685664918509e-07
16.58888888888885 2.99984299941324e-07 5.056777572719802e-07
16.59166666666662 2.991100203963529e-07 5.269058578849439e-07
16.5944444444444 2.976997171661112e-07 5.487583222870341e-07
16.59722222222218 2.95719402399851e-07 5.712397756194104e-07
16.59999999999995 2.931338554301509e-07 5.943539461234744e-07
16.60277777777773 2.899066121161646e-07 6.18103594293591e-07
16.6055555555555 2.859999563709534e-07 6.424904392477697e-07
16.60833333333328 2.813749140554463e-07 6.67515082301638e-07
16.61111111111106 2.759912494269938e-07 6.931769277414481e-07
16.61388888888883 2.698074643394541e-07 7.194741007954243e-07
16.61666666666661 2.627808003970929e-07 7.464033628137808e-07
16.61944444444439 2.548672442728157e-07 7.739600236738344e-07
16.62222222222216 2.460215364062712e-07 8.021378514382161e-07
16.62499999999994 2.361971833054521e-07 8.30928979301616e-07
16.62777777777772 2.253464736813898e-07 8.603238098735873e-07
16.63055555555549 2.134204986496575e-07 8.903109168558048e-07
16.63333333333327 2.003691762436179e-07 9.208769441820276e-07
16.63611111111105 1.861412804820086e-07 9.520065027047708e-07
16.63888888888882 1.706844752471977e-07 9.836820645223254e-07
16.6416666666666 1.539453532281713e-07 1.015883855055981e-06
16.64444444444437 1.358694801922023e-07 1.048589743000459e-06
16.64722222222215 1.16401444849011e-07 1.081775128286339e-06
16.64999999999993 9.548491457783198e-08 1.115412828209223e-06
16.6527777777777 7.30626972886807e-08 1.149472961896084e-06
16.65555555555548 4.907680969312929e-08 1.18392283329819e-06
16.65833333333326 2.346855225799216e-08 1.218726812916756e-06
16.66111111111103 -3.821408876642862e-09 1.253846218486329e-06
16.66388888888881 -3.285295274416299e-08 1.289239194861633e-06
16.66666666666659 -6.368640688115208e-08 1.324860593371702e-06
16.66944444444436 -9.638244286986162e-08 1.36066185092845e-06
16.67222222222214 -1.31001963818855e-07 1.396590869195495e-06
16.67499999999992 -1.67605983515977e-07 1.432591894148525e-06
16.67777777777769 -2.062554969897695e-07 1.468605396377787e-06
16.68055555555547 -2.470113422207064e-07 1.504567952509528e-06
16.68333333333324 -2.89934052756065e-07 1.540412128145162e-06
16.68611111111102 -3.350837009826331e-07 1.57606636274264e-06
16.6888888888888 -3.825197318309654e-07 1.611454856888106e-06
16.69166666666657 -4.323007866866337e-07 1.646497462432991e-06
16.69444444444435 -4.844845173064689e-07 1.681109575994913e-06
16.69722222222213 -5.391273895453104e-07 1.715202036349591e-06
16.6999999999999 -5.962844767157609e-07 1.748681026264216e-06
16.70277777777768 -6.560092424286604e-07 1.781447979351928e-06
16.70555555555546 -7.18353312772203e-07 1.813399492550854e-06
16.70833333333323 -7.83366237715381e-07 1.844427244860174e-06
16.71111111111101 -8.510952416424382e-07 1.874417922989646e-06
16.71388888888879 -9.215849629557052e-07 1.903253154607607e-06
16.71666666666656 -9.948771827041142e-07 1.930809449895712e-06
16.71944444444434 -1.071010542231398e-06 1.9569581521478e-06
16.72222222222211 -1.150020249867911e-06 1.981565398170719e-06
16.72499999999989 -1.231937776724309e-06 2.004492089274382e-06
16.72777777777767 -1.316790541681953e-06 2.025593873657168e-06
16.73055555555544 -1.404601585715415e-06 2.044721141019965e-06
16.73333333333322 -1.495389235721772e-06 2.061719030259964e-06
16.736111111111 -1.589166758080151e-06 2.076427451118675e-06
16.73888888888877 -1.685942002203473e-06 2.088681120676048e-06
16.74166666666655 -1.785717034403135e-06 2.098309615601376e-06
16.74444444444433 -1.888487762427856e-06 2.105137441086968e-06
16.7472222222221 -1.994243551104932e-06 2.108984117404193e-06
16.74999999999988 -2.102966829552665e-06 2.109664285035764e-06
16.75277777777766 -2.214632690511563e-06 2.106987829342802e-06
16.75555555555543 -2.329208482377876e-06 2.100760025740748e-06
16.75833333333321 -2.446653394615046e-06 2.090781706353755e-06
16.76111111111098 -2.566918037260754e-06 2.076849449125265e-06
16.76388888888876 -2.689944015331612e-06 2.058755790358477e-06
16.76666666666654 -2.815663498988852e-06 2.036289461656123e-06
16.76944444444431 -2.943998790403317e-06 2.009235652224829e-06
16.77222222222209 -3.074861888342737e-06 1.977376297484783e-06
16.77499999999987 -3.208154051560686e-06 1.940490394929653e-06
16.77777777777764 -3.343765362164503e-06 1.898354348143386e-06
16.78055555555542 -3.481574290213763e-06 1.850742339862748e-06
16.7833333333332 -3.621447260873235e-06 1.797426734951409e-06
16.78611111111097 -3.763238225544256e-06 1.738178514104528e-06
16.78888888888875 -3.906788238467678e-06 1.672767739075113e-06
16.79166666666653 -4.051925040384473e-06 1.600964050161128e-06
16.7944444444443 -4.198462650924248e-06 1.522537196647128e-06
16.79722222222208 -4.346200971475342e-06 1.437257600834791e-06
16.79999999999986 -4.494925400381145e-06 1.344896956236112e-06
16.80277777777763 -4.644406462387579e-06 1.245228860433995e-06
16.80555555555541 -4.794399454359345e-06 1.13802948303754e-06
16.80833333333318 -4.944644109354427e-06 1.023078269089944e-06
16.81111111111096 -5.094864281249157e-06 9.001586781749399e-07
16.81388888888874 -5.244767652163671e-06 7.690589594044516e-07
16.81666666666651 -5.394045465042398e-06 6.295729623321817e-07
16.81944444444429 -5.542372283799232e-06 4.815009837579602e-07
16.82222222222207 -5.689405783524988e-06 3.246506502611222e-07
16.82499999999984 -5.834786573321972e-06 1.588378361603907e-07
16.82777777777762 -5.978138054395356e-06 -1.611238350394789e-08
16.8305555555554 -6.119066316094556e-06 -2.003647455377463e-07
16.83333333333317 -6.25716007265822e-06 -3.940727774106463e-07
16.83611111111095 -6.391990643461454e-06 -5.973777431839765e-07
16.83888888888873 -6.523111979621537e-06 -8.104075575916294e-07
16.8416666666665 -6.650060739840914e-06 -1.033275669433016e-06
16.84444444444428 -6.772356418417958e-06 -1.2660799156961e-06
16.84722222222205 -6.8895015283604e-06 -1.508901347921757e-06
16.84999999999983 -7.000981842568825e-06 -1.761803032590577e-06
16.85277777777761 -7.106266696050469e-06 -2.024828827460869e-06
16.85555555555538 -7.204809352130608e-06 -2.298002136023918e-06
16.85833333333316 -7.296047435605187e-06 -2.581324642421449e-06
16.86111111111094 -7.37940343576302e-06 -2.874775029423694e-06
16.86388888888871 -7.454285282157635e-06 -3.178307682268239e-06
16.86666666666649 -7.5200869959699e-06 -3.491851381388986e-06
16.86944444444427 -7.576189419732247e-06 -3.81530798729476e-06
16.87222222222204 -7.621961028110759e-06 -4.148551121117193e-06
16.87499999999982 -7.656758822348992e-06 -4.491424844558193e-06
16.8777777777776 -7.67992931087573e-06 -4.843742343222473e-06
16.88055555555537 -7.690809578446014e-06 -5.205284617574354e-06
16.88333333333315 -7.688728446056998e-06 -5.575799185995176e-06
16.88611111111092 -7.673007723717649e-06 -5.954998804657231e-06
16.8888888888887 -7.642963557976173e-06 -6.342560209207296e-06
16.89166666666648 -7.597907875924066e-06 -6.738122883453693e-06
16.89444444444425 -7.537149927181e-06 -7.141287860533876e-06
16.89722222222203 -7.459997925121761e-06 -7.551616562268407e-06
16.89999999999981 -7.365760788397841e-06 -7.968629682607201e-06
16.90277777777758 -7.253749983476371e-06 -8.391806121371584e-06
16.90555555555536 -7.123281468683173e-06 -8.820581974656406e-06
16.90833333333314 -6.973677739905426e-06 -9.254349588488354e-06
16.91111111111091 -6.804269977763437e-06 -9.692456682565922e-06
16.91388888888869 -6.614400295743189e-06 -1.013420555106058e-05
16.91666666666647 -6.403424088370798e-06 -1.057885234766939e-05
16.91944444444424 -6.17071247816107e-06 -1.102560646224692e-05
16.92222222222202 -5.915654859601036e-06 -1.147362999653159e-05
16.92499999999979 -5.63766153806216e-06 -1.192203734657139e-05
16.92777777777757 -5.336166461007228e-06 -1.236989489960902e-05
16.93055555555535 -5.010630038460839e-06 -1.28162208532406e-05
16.93333333333312 -4.660542049135187e-06 -1.325998516477146e-05
16.9361111111109 -4.285424628181702e-06 -1.370010963869758e-05
16.93888888888868 -3.884835331904238e-06 -1.413546816030687e-05
16.94166666666645 -3.458370274344465e-06 -1.456488708333561e-05
16.94444444444423 -3.00566732996081e-06 -1.498714577962938e-05
16.94722222222201 -2.52640939614368e-06 -1.540097735865203e-05
16.94999999999978 -2.020327708668651e-06 -1.580506956459737e-05
16.95277777777756 -1.48720520258004e-06 -1.619806585873385e-05
16.95555555555534 -9.26879910451217e-07 -1.65785666944027e-05
16.95833333333311 -3.392483892196567e-07 -1.694513099193637e-05
16.96111111111089 2.757308336872697e-07 -1.729627782044535e-05
16.96388888888866 9.180338049883301e-07 -1.76304882931895e-05
16.96666666666644 1.587567691513455e-06 -1.794620768286276e-05
16.96944444444422 2.284167338820779e-06 -1.824184776278211e-05
16.97222222222199 3.007591854323929e-06 -1.851578937950861e-05
16.97499999999977 3.757521227492634e-06 -1.87663852619842e-05
16.97777777777755 4.533553000247909e-06 -1.899196307171975e-05
16.98055555555532 5.335199001351559e-06 -1.919082869802192e-05
16.9833333333331 6.161882159105787e-06 -1.936126980160369e-05
16.98611111111088 7.012933407399014e-06 -1.950155960926522e-05
16.98888888888865 7.887588700468794e-06 -1.960996096160197e-05
16.99166666666643 8.784986152592597e-06 -1.968473061491443e-05
16.99444444444421 9.704163319090374e-06 -1.972412379768204e-05
16.99722222222198 1.064405463580807e-05 -1.972639902106797e-05
16.99999999999976 1.160348903448456e-05 -1.968982314199076e-05
17.00277777777753 1.258118775191328e-05 -1.96126766763306e-05
17.00555555555531 1.357576235111545e-05 -1.949325935878326e-05
17.00833333333309 1.458571297309866e-05 -1.932989594481692e-05
17.01111111111086 1.560942683803645e-05 -1.912094224901026e-05
17.01388888888864 1.664517701482687e-05 -1.886479141295152e-05
17.01666666666642 1.769112147828336e-05 -1.855988039454897e-05
17.01944444444419 1.874530247315171e-05 -1.820469666943689e-05
17.02222222222197 1.980564620418408e-05 -1.779778513382762e-05
17.02499999999975 2.086996287161461e-05 -1.733775519671275e-05
17.02777777777752 2.19359470708806e-05 -1.682328804818018e-05
17.0305555555553 2.300117857565672e-05 -1.625314408889542e-05
17.03333333333308 2.406312352256454e-05 -1.562617050465025e-05
17.03611111111085 2.511913601579086e-05 -1.494130896822709e-05
17.03888888888863 2.616646016922396e-05 -1.419760344947075e-05
17.0416666666664 2.720223260321668e-05 -1.339420811285374e-05
17.04444444444418 2.82234854123018e-05 -1.253039528047762e-05
17.04722222222196 2.922714961944091e-05 -1.160556343686723e-05
17.04999999999973 3.021005913157135e-05 -1.061924525033544e-05
17.05277777777751 3.116895521000393e-05 -9.571115584464301e-06
17.05555555555529 3.210049146833691e-05 -8.460999471485582e-06
17.05833333333306 3.300123940911261e-05 -7.288880018160871e-06
17.06111111111084 3.38676945092418e-05 -6.054906213170394e-06
17.06388888888862 3.469628286263798e-05 -4.759400603785396e-06
17.06666666666639 3.548336838702388e-05 -3.402866808096514e-06
17.06944444444417 3.622526060001447e-05 -1.985996828143595e-06
17.07222222222195 3.69182229679327e-05 -5.09678127636919e-07
17.07499999999972 3.755848182870259e-05 1.024999562722162e-06
17.0777777777775 3.814223588822619e-05 2.61673775070041e-06
17.08055555555528 3.866566628737419e-05 4.264023037842595e-06
17.08333333333305 3.912494723450842e-05 5.965121364732648e-06
17.08611111111083 3.951625719598157e-05 7.718072686976095e-06
17.0888888888886 3.983579063460705e-05 9.520686123160427e-06
17.09166666666638 4.007977028343154e-05 1.137053561686447e-05
17.09444444444416 4.024445993947926e-05 1.326495615470918e-05
17.09722222222193 4.032617775927185e-05 1.520104058307775e-05
17.09999999999971 4.03213100351494e-05 1.717563706562158e-05
17.10277777777749 4.022632542829022e-05 1.918534722426996e-05
17.10555555555526 4.003778963150916e-05 2.122652500527326e-05
17.10833333333304 3.975238043158402e-05 2.329527631216715e-05
17.11111111111082 3.936690313791929e-05 2.538745944618896e-05
17.11388888888859 3.88783063410671e-05 2.749868639407667e-05
17.11666666666637 3.828369796140718e-05 2.962432500212585e-05
17.11944444444415 3.758036154512372e-05 3.175950207380123e-05
17.12222222222192 3.676577276134992e-05 3.389910742684161e-05
17.1249999999997 3.583761605104734e-05 3.60377989440163e-05
17.12777777777747 3.479380137523089e-05 3.817000864937565e-05
17.13055555555525 3.363248100665721e-05 4.028994984000225e-05
17.13333333333303 3.235206630626738e-05 4.239162530039441e-05
17.1361111111108 3.095124442258415e-05 4.446883662391522e-05
17.13888888888858 2.942899484915725e-05 4.651519466293676e-05
17.14166666666636 2.778460577260441e-05 4.85241311256682e-05
17.14444444444413 2.601769014091036e-05 5.048891133441299e-05
17.14722222222191 2.412820137893425e-05 5.240264815622124e-05
17.14999999999969 2.211644867630691e-05 5.425831711248946e-05
17.15277777777746 1.998311176966248e-05 5.604877267046687e-05
17.15555555555524 1.772925514036611e-05 5.776676571431545e-05
17.15833333333302 1.535634154597464e-05 5.940496218934951e-05
17.16111111111079 1.286624480293598e-05 6.095596290758562e-05
17.16388888888857 1.026126173649237e-05 6.241232449777754e-05
17.16666666666634 7.544123212600936e-06 6.37665814777154e-05
17.16944444444412 4.71800416622717e-06 6.501126942091817e-05
17.1722222222219 1.786532540127469e-06 6.613894918404748e-05
17.17499999999967 -1.246202952258746e-06 6.714223215559992e-05
17.17777777777745 -4.375646325209012e-06 6.801380648016228e-05
17.18055555555523 -7.596769165561524e-06 6.874646420648062e-05
17.183333333333 -1.090406690768127e-05 6.933312930119553e-05
17.18611111111078 -1.429155662111673e-05 6.976688646375954e-05
17.18888888888856 -1.775277639061631e-05 7.004101067159992e-05
17.19166666666633 -2.128078636730776e-05 7.014899737808764e-05
17.19444444444411 -2.486817156485232e-05 7.008459327949346e-05
17.19722222222189 -2.850704647318163e-05 6.984182756053544e-05
17.19999999999966 -3.218906155696849e-05 6.941504352182715e-05
17.20277777777744 -3.590541170258714e-05 6.879893048615555e-05
17.20555555555521 -3.964684667169815e-05 6.798855587450174e-05
17.20833333333299 -4.340368361552e-05 6.697939733631618e-05
17.21111111111077 -4.716582169628093e-05 6.576737481329177e-05
17.21388888888854 -5.092275885792251e-05 6.43488824095784e-05
17.21666666666632 -5.466361077933413e-05 6.272081993688824e-05
17.2194444444441 -5.83771320383514e-05 6.088062399673745e-05
17.22222222222187 -6.205173950421179e-05 5.882629845893738e-05
17.22499999999965 -6.567553797069356e-05 5.655644418944517e-05
17.22777777777743 -6.923634803127199e-05 5.407028787809794e-05
17.2305555555552 -7.272173618956703e-05 5.13677098126601e-05
17.23333333333298 -7.611904718821237e-05 4.84492704430396e-05
17.23611111111076 -7.941543852981692e-05 4.531623557665233e-05
17.23888888888853 -8.259791715239951e-05 4.19706000450348e-05
17.24166666666631 -8.565337821225142e-05 3.841510967907387e-05
17.24444444444408 -8.856864591439633e-05 3.465328143189442e-05
17.24722222222186 -9.133051632120096e-05 3.068942148634847e-05
17.24999999999964 -9.392580205695505e-05 2.652864118635006e-05
17.25277777777741 -9.634137881473989e-05 2.217687063289488e-05
17.25555555555519 -9.856423356026562e-05 1.764086978710393e-05
17.25833333333297 -0.0001005815143148134 1.29282369271908e-05
17.26111111111074 -0.0001023805813877119 8.047414309215425e-06
17.26388888888852 -0.0001039490599164367 3.007690887102388e-06
17.2666666666663 -0.0001052748935603447 -2.180798046445565e-06
17.26944444444407 -0.000106346399182358 -7.507074431235831e-06
17.27222222222185 -0.0001071523223407434 -1.295932434579614e-05
17.27499999999963 -0.000107681893402002 -1.852490836590113e-05
17.2777777777774 -0.0001079248840743851 -2.419037548032983e-05
17.28055555555518 -0.0001078716641507859 -2.994148066022739e-05
17.28333333333295 -0.0001075132582394512 -3.576320616578124e-05
17.28611111111073 -0.0001068414022508952 -4.163978666266058e-05
17.28888888888851 -0.0001058485994002738 -4.755473820653162e-05
17.29166666666628 -0.0001045281754756833 -5.349089114045746e-05
17.29444444444406 -0.0001028743331152437 -5.943042693427158e-05
17.29722222222184 -0.0001008822048282395 -6.535491898045533e-05
17.29999999999961 -9.854790449018754e-05 -7.124537734256408e-05
17.30277777777739 -9.586857703534667e-05 -7.70822974372751e-05
17.30555555555517 -9.284244606732238e-05 -8.284571261037129e-05
17.30833333333294 -8.946885910424841e-05 -8.851525055037651e-05
17.31111111111072 -8.574833017339097e-05 -9.407019346347881e-05
17.3138888888885 -8.168257946948944e-05 -9.948954191324055e-05
17.31666666666627 -7.727456979223281e-05 -0.0001047520822080755
17.31944444444405 -7.25285394779902e-05 -0.0001098364572008087
17.32222222222182 -6.745003154830032e-05 -0.0001147212403398133
17.3249999999996 -6.204591879743609e-05 -0.0001193850127946311
17.32777777777738 -5.632442455251683e-05 -0.0001238064434534845
17.33055555555515 -5.029513884359957e-05 -0.0001279643715719064
17.33333333333293 -4.396902973313429e-05 -0.0001318378918285944
17.33611111111071 -3.735844956424751e-05 -0.0001354064415243229
17.33888888888848 -3.047713589948179e-05 -0.0001386498896392173
17.34166666666626 -2.334020693671372e-05 -0.0001415486274428938
17.34444444444404 -1.596415120564118e-05 -0.0001440836603323278
17.34722222222181 -8.366811362432744e-06 -0.0001462367005540473
17.34999999999959 -5.673619245565229e-07 -0.000147990260447684
17.35277777777737 7.413719197188961e-06 -0.0001493277458318841
17.35555555555514 1.555468548447205e-05 -0.00015023354913636
17.35833333333292 2.383256301112612e-05 -0.0001506931418694477
17.3611111111107 3.222319812450228e-05 -0.0001506931659963334
17.36388888888847 4.070131164884292e-05 -0.0001502215237911917
17.36666666666625 4.924055962738497e-05 -0.0001492674657152519
17.36944444444402 5.781360058390719e-05 -0.0001478216758644239
17.3722222222218 6.639216925988109e-05 -0.0001458763545222883
17.37499999999958 7.494715674888526e-05 -0.0001434252973490059
17.37777777777735 8.34486969158452e-05 -0.0001404639707344617
17.38055555555513 9.186625896012489e-05 -0.0001369895828409539
17.38333333333291 0.0001001687459419555 -0.0001330011498639143
17.38611111111068 0.0001083245990599525 -0.0001284995570417655
17.38888888888846 0.0001163019074331414 -0.0001234876139511504
17.39166666666624 0.0001240685231027035 -0.0001179701036339018
17.39444444444401 0.0001315921809348303 -0.0001119538251127167
17.39722222222179 0.0001388406230724769 -0.000105447628864217
17.39999999999957 0.0001457817275449951 -9.846244483780325e-05
17.40277777777734 0.0001523836406137506 -9.101130262450304e-05
17.40555555555512 0.0001586149123950996 -8.310934340473418e-05
17.40833333333289 0.0001644446352719268 -7.477382332508821e-05
17.41111111111067 0.0001698425845703148 -6.602410798495921e-05
17.41388888888845 0.0001747793609494153 -5.688165774123162e-05
17.41666666666622 0.000179226533922875 -4.737000357218912e-05
17.419444444444 0.0001831567859024117 -3.751471327834198e-05
17.42222222222178 0.0001865440561294575 -2.734334783437348e-05
17.42499999999955 0.0001893636838378207 -1.688540774483307e-05
17.42777777777733 0.0001915925499681962 -6.172269304094674e-06
17.43055555555511 0.0001932092167391292 4.762889302020414e-06
17.43333333333288 0.0001941940643619193 1.588517206298492e-05
17.43611111111066 0.000194529424175371 2.715805934209214e-05
17.43888888888844 0.0001941997074669956 3.854351212010906e-05
17.44166666666621 0.0001931915292412366 5.000208614676775e-05
17.44444444444399 0.0001914938261930216 6.149305580727212e-05
17.44722222222176 0.0001890979681458873 7.297454746039613e-05
17.44999999999954 0.0001859978622202116 8.440368194423963e-05
17.45277777777732 0.0001821900490040936 9.573672589889224e-05
17.45555555555509 0.0001776737900152103 0.0001069292514895095
17.45833333333287 0.0001724511457568929 0.0001179363040660625
17.46111111111065 0.000166527043694087 0.0001287125772362862
17.46388888888842 0.0001599093355022727 0.0001392125947721292
17.4666666666662 0.0001526088429679796 0.0001493908987228777
17.46944444444398 0.0001446393919605441 0.0001592022430455066
17.47222222222175 0.0001360178339266759 0.0001686017920215857
17.47499999999953 0.0001267640544078816 0.0001775453226735486
17.47777777777731 0.0001169009681237196 0.0001859894303511585
17.48055555555508 0.0001064545002175391 0.0001938917366119064
17.48333333333286 9.545355331781653e-05 0.000201211098477537
17.48611111111063 8.392996012154476e-05 0.0002079078181145928
17.48888888888841 7.191842127715046e-05 0.0002139438519468873
17.49166666666619 5.945642840165157e-05 0.0002192830181828272
17.49444444444396 4.658417214389332e-05 0.0002238912017098406
17.49722222222174 3.334443527448965e-05 0.0002277365552890961
17.49999999999952 1.978247085467256e-05 0.000230789695967106
17.50277777777729 5.945865622452226e-06 0.0002330238956069656
17.50555555555507 -8.115611195194269e-06 0.000234415264438273
17.50833333333285 -2.235017335021066e-05 0.0002349429265226422
17.51111111111062 -3.670419694280935e-05 0.0002345891860373838
17.5138888888884 -5.112241323825814e-05 0.0002333396832912204
17.51666666666618 -6.554811438244856e-05 0.0002311835394036062
17.51944444444395 -7.992337139549619e-05 0.0002281134886025332
17.52222222222173 -9.418926373213055e-05 0.0002241259971260128
17.5249999999995 -0.00010828611961681 0.0002192213677495628
17.52777777777728 -0.0001221537662811841 0.0002134038290055963
17.53055555555506 -0.0001357317891596687 0.000206681608206478
17.53333333333283 -0.0001489597990043915 0.0001990669874479784
17.53611111111061 -0.0001617777058329863 0.0001905763418202982
17.53888888888839 -0.0001741259985307327 0.0001812301591332828
17.54166666666616 -0.0001859460288738472 0.0001710530405328986
17.54444444444394 -0.0001971802986813956 0.0001600736814637342
17.54722222222172 -0.0002077727487393335 0.0001483248325252176
17.54999999999949 -0.0002176690480962348 0.0001358432398562134
17.55277777777727 -0.0002268168822849946 0.0001226695647785309
17.55555555555505 -0.0002351662389824405 0.0001088482825377878
17.55833333333282 -0.0002426696895946402 9.442756007660342e-05
17.5611111111106 -0.0002492826652277723 7.945911288895003e-05
17.56388888888837 -0.0002549637254884637 6.399804111888593e-05
17.56666666666615 -0.000259674818552249 4.810264517732259e-05
17.56944444444393 -0.0002633815309380939 3.183422126878922e-05
17.5722222222217 -0.0002660533254354551 1.525683734532635e-05
17.57499999999948 -0.0002676637656517506 -1.562909890443705e-06
17.57777777777726 -0.0002681907256717812 -1.855615617512252e-05
17.58055555555503 -0.0002676165833603498 -3.565204819582212e-05
17.58333333333281 -0.0002659283958842461 -5.27780384445504e-05
17.58611111111059 -0.0002631180560853872 -6.986019529955269e-05
17.58888888888836 -0.0002591824284022641 -8.682352712279418e-05
17.59166666666614 -0.0002541234631108134 -0.0001035923190435348
17.59444444444392 -0.0002479482877393596 -0.0001200904809945745
17.59722222222169 -0.000240669274604538 -0.0001362419054665774
17.59999999999947 -0.000232304083516847 -0.000151970833349557
17.60277777777724 -0.0002228756788151391 -0.0001672022261409338
17.60555555555502 -0.0002124123200006786 -0.0001818621427273617
17.6083333333328 -0.0002009475253796999 -0.0001958781188526609
17.61111111111057 -0.0001885200082408621 -0.0002091795473437278
17.61388888888835 -0.0001751735852419156 -0.0002216980570938259
17.61666666666613 -0.0001609570568249083 -0.0002333678887594386
17.6194444444439 -0.0001459240596231715 -0.0002441262650965158
17.62222222222168 -0.0001301328909835665 -0.0002539137538309451
17.62499999999946 -0.0001136463058844233 -0.0002626746209468245
17.62777777777723 -9.653128668969262e-05 -0.0002703571722753097
17.63055555555501 -7.885878634034529e-05 -0.0002769140812778999
17.63333333333279 -6.070344575609604e-05 -0.0002823027009377849
17.63611111111056 -4.214328637579977e-05 -0.0002864853577132162
17.63888888888834 -2.325937893428737e-05 -0.0002894296255529589
17.64166666666612 -4.135489731723001e-06 -0.0002911085780370969
17.64444444444389 1.514229419015928e-05 -0.0002915010167809325
17.64722222222167 3.448595938731449e-05 -0.0002905916743279374
17.64999999999944 5.38059781640066e-05 -0.0002883713898586064
17.65277777777722 7.301173665093105e-05 -0.0002848372561558197
17.655555555555 9.201197683176224e-05 -0.0002799927363916886
17.65833333333277 0.0001107152503800379 -0.0002738477494390768
17.66111111111055 0.0001290303820570895 -0.0002664187225624464
17.66388888888833 0.0001468669403289812 -0.0002577286104960033
17.6666666666661 0.0001641357127422583 -0.0002478068800919712
17.66944444444388 0.000180749183519658 -0.000236689459901382
17.67222222222166 0.0001966220107741422 -0.0002244186542309258
17.67499999999943 0.0002116715006659958 -0.0002110430214227493
17.67777777777721 0.0002258180758015233 -0.0001966172162927253
17.68055555555499 0.0002389857351162139 -0.0001812017968926484
17.68333333333276 0.0002511025025094526 -0.0001648629959395049
17.68611111111054 0.0002621008614646449 -0.0001476724575028806
17.68888888888831 0.0002719181729327948 -0.0001297069397355836
17.69166666666609 0.0002804970737873262 -0.0001110479846530087
17.69444444444387 0.0002877858532059541 -9.178155619708572e-05
17.69722222222164 0.0002937388044225983 -7.199764800342362e-05
17.69999999999942 0.0002983165493616152 -5.178986254413026e-05
17.7027777777772 0.0003014863337934322 -3.12549634763345e-05
17.70555555555497 0.0003032222907596541 -1.049240325554659e-05
17.70833333333275 0.0003035056701609408 1.039617173354059e-05
17.71111111111053 0.0003023250325606439 3.130743612730114e-05
17.7138888888883 0.0002996764054243731 5.213691800049294e-05
17.71666666666608 0.0002955634002062134 7.277954601381046e-05
17.71944444444386 0.0002899972888935633 9.313020838251454e-05
17.72222222222163 0.0002829970388348737 0.0001130843206513507
17.72499999999941 0.0002745893049040498 0.0001325383991242385
17.72777777777718 0.0002648083782961465 0.0001513906367047409
17.73055555555496 0.0002536960914846095 0.0001695414778477949
17.73333333333274 0.0002413016791452318 0.000186894189218024
17.73611111111051 0.0002276815950953536 0.0002033554226544035
17.73888888888829 0.000212899285580609 0.0002188357669883023
17.74166666666607 0.0001970249195097833 0.0002332502852762866
17.74444444444384 0.0001801350765002098 0.0002465190340417031
17.74722222222162 0.0001623123938971283 0.0002585675611369407
17.7499999999994 0.0001436451741748301 0.0002693273789357029
17.75277777777717 0.0001242269544155633 0.0002787364096341428
17.75555555555495 0.0001041560398349114 0.0002867393995530474
17.75833333333273 8.353500353797962e-05 0.0002932882994877004
17.7611111111105 6.247015500893088e-05 0.0002983426082729475
17.76388888888828 4.107098000533389e-05 0.0003018696769428807
17.76666666666605 1.944955480102021e-05 0.0003038449710392359
17.76944444444383 -2.280062084727969e-06 0.0003042522888491249
17.77222222222161 -2.400245733522296e-05 0.0003030839335870047
17.77499999999938 -4.560150594712899e-05 0.0003003408377891426
17.77777777777716 -6.696102633190063e-05 0.0002960326384579137
17.78055555555494 -8.796544359229978e-05 0.0002901777017780856
17.78333333333271 -0.0001085004570462356 0.000282803096525245
17.78611111111049 -0.0001284537079819231 0.000273944515593117
17.78888888888827 -0.0001477154435436877 0.0002636461453901718
17.79166666666604 -0.0001661791726294965 0.0002519604831741222
17.79444444444382 -0.0001837423096364959 0.0002389481027352216
17.7972222222216 -0.000200306801928112 0.0002246773691628199
17.79999999999937 -0.0002157797369108242 0.0002092241037777643
17.80277777777715 -0.0002300739246912755 0.000192671200639038
17.80555555555492 -0.0002431084523655534 0.000175108196373379
17.8083333333327 -0.0002548092061188971 0.0001566307954011113
17.81111111111048 -0.0002651093574672181 0.0001373403529418825
17.81388888888825 -0.0002739498101324005 0.0001173433185128406
17.81666666666603 -0.0002812796042655772 9.675064289817958e-05
17.81944444444381 -0.0002870562749362081 7.567715189094757e-05
17.82222222222158 -0.0002912461620838029 5.424089031643386e-05
17.82499999999936 -0.0002938246693746696 3.25624401597665e-05
17.82777777777714 -0.0002947764697293935 1.076421677190841e-05
17.83055555555491 -0.0002940956555830093 -1.103025260656489e-05
17.83333333333269 -0.0002917858322875528 -3.269706364188611e-05
17.83611111111047 -0.0002878601534108775 -5.411267847279708e-05
17.83888888888824 -0.0002823412970535673 -7.515467340606268e-05
17.84166666666602 -0.0002752613826825696 -9.570248598637567e-05
17.84444444444379 -0.0002666618283641605 -0.0001156381566490502
17.84722222222157 -0.0002565931486773186 -0.0001348470601098736
17.84999999999935 -0.0002451146939781462 -0.0001532186216812044
17.85277777777712 -0.0002322943320932024 -0.0001706470137129845
17.8555555555549 -0.0002182080739101432 -0.0001870318274493198
17.85833333333268 -0.0002029396447298349 -0.0002022787156864988
17.86111111111045 -0.000186580003636999 -0.0002163000017510986
17.86388888888823 -0.0001692268135062536 -0.000229015250507772
17.86666666666601 -0.0001509838646455947 -0.0002403517972832032
17.86944444444378 -0.000131960455410692 -0.0002502452308483145
17.87222222222156 -0.0001122707334591679 -0.0002586398268563151
17.87499999999934 -9.203300162880067e-05 -0.0002654889284258541
17.87777777777711 -7.136899269758182e-05 -0.0002707552708861695
17.88055555555489 -5.04031175572268e-05 -0.0002744112480394935
17.88333333333266 -2.926169154710262e-05 -0.0002764391176720461
17.88611111111044 -8.072143913721206e-06 -0.0002768311444281148
17.88888888888822 1.303778448037837e-05 -0.0002755896785748934
17.89166666666599 3.394084993803254e-05 -0.0002727271696080117
17.89444444444377 5.451111583786744e-05 -0.0002682661140840479
17.89722222222155 7.462475824369589e-05 -0.0002622389375140582
17.89999999999932 9.416086176905957e-05 -0.0002546878106052536
17.9027777777771 0.0001130022002551655 -0.0002456644005952235
17.90555555555488 0.000131035996879106 -0.0002352295588799331
17.90833333333265 0.0001481546583929189 -0.0002234529465933112
17.91111111111043 0.0001642564783350858 -0.000210412600239668
17.91388888888821 0.0001792463042097552 -0.000196194439924474
17.91666666666598 0.0001930361638476897 -0.0001808917231486188
17.91944444444376 0.000205545846398775 -0.0001646044475426539
17.92222222222154 0.0002167034336870778 -0.000147438706304787
17.92499999999931 0.0002264457779695322 -0.0001295060004742849
17.92777777777709 0.0002347189224865139 -0.0001109225125093706
17.93055555555486 0.0002414784615648703 -9.18083459513694e-05
17.93333333333264 0.0002466898374362719 -7.228673623666513e-05
17.93611111111042 0.0002503285713606574 -5.24832379631117e-05
17.93888888888819 0.0002523804270931792 -3.252489412687036e-05
17.94166666666597 0.0002528415051997216 -1.253939302012564e-05
17.94444444444375 0.0002517182672111525 7.345781395038093e-06
17.94722222222152 0.0002490274890994231 2.700419972496814e-05
17.9499999999993 0.000244796144064083 4.631133203741237e-05
17.95277777777708 0.000239061215126005 6.51453814525609e-05
17.95555555555485 0.000231869438534756 8.338810050911534e-05
17.95833333333263 0.0002232769795029169 0.0001009255844718361
17.96111111111041 0.000213349042281716 0.000117649035871579
17.96388888888818 0.0002021594170810013 0.0001334554947449571
17.96666666666596 0.0001897899668120535 0.0001482485292535299
17.96944444444373 0.000176330057089707 0.0001619388816173838
17.97222222222151 0.0001618759333642341 0.0001744450645973781
17.97499999999929 0.0001465300494643184 0.0001856939040923898
17.97777777777706 0.0001304003522106766 0.0001956210237916945
17.98055555555484 0.0001135995271129878 0.00020417126822153
17.98333333333262 9.624421047108604e-05 0.0002112990609655685
17.98611111111039 7.845417348084074e-05 0.0002169686952969667
17.98888888888817 6.03514841794371e-05 0.0002211545549482662
17.99166666666595 4.205965325434685e-05 0.0002238412632537031
17.99444444444372 2.370276989399341e-05 0.0002250237594204432
17.9972222222215 5.404633954868282e-06 0.0002247073012253504
17.99999999999928 -1.271210922380355e-05 0.0002229073939792001
18.00277777777705 -3.052682501803788e-05 0.0002196496461513039
18.00555555555483 -4.792173043533494e-05 0.0002149695526001872
18.0083333333326 -6.478271354407214e-05 0.0002089122069030958
18.01111111111038 -8.100012534872893e-05 0.0002015319448171592
18.01388888888816 -9.646953823254596e-05 0.0001928919214323555
18.01666666666593 -0.0001110924653218949 0.0001830636250862218
18.01944444444371 -0.000124777035403562 0.0001721263316004991
18.02222222222149 -0.0001374386183496644 0.0001601665028635478
18.02499999999926 -0.0001490003963666146 0.000147277134218092
18.02777777777704 -0.0001593938767852917 0.0001335570555166431
18.03055555555482 -0.0001685593425459986 0.0001191101910740658
18.03333333333259 -0.0001764462370007943 0.0001040447840736432
18.03611111111037 -0.0001830134801523857 8.847259126920129e-05
18.03888888888815 -0.0001882297139712315 7.250805406577362e-05
18.04166666666592 -0.0001920734749749985 5.626745225599944e-05
18.0444444444437 -0.0001945332928143982 3.98680468330698e-05
18.04722222222147 -0.0001956077141802255 2.342721839754479e-05
18.04999999999925 -0.0001953052519261955 7.061607717003232e-06
18.05277777777703 -0.0001936442598838651 -9.113735010078179e-06
18.0555555555548 -0.0001906527344260086 -2.498618569640086e-05
18.05833333333258 -0.0001863680444086303 -4.044636033553905e-05
18.06111111111036 -0.0001808365916840772 -5.538890118747604e-05
18.06388888888813 -0.0001741134049241061 -6.971322918029715e-05
18.06666666666591 -0.000166261670017801 -8.33242567925988e-05
18.06944444444369 -0.000157352200810138 -9.613305599209862e-05
18.07222222222146 -0.0001474628544186328 -0.0001080574761595059
18.07499999999924 -0.0001366778958051489 -0.0001190227073222701
18.07777777777702 -0.000125087316679815 -0.0001289617844612235
18.08055555555479 -0.0001127861141776178 -0.0001378160291190114
18.08333333333257 -9.98735350637284e-05 -0.0001455354250449526
18.08611111111034 -8.645229149657179e-05 -0.0001520789251376734
18.08888888888812 -7.262775459892072e-05 -0.0001574146875005675
18.0916666666659 -5.850713225994869e-05 -0.0001615202389953781
18.09444444444367 -4.41986377087983e-05 -0.000164382565264796
18.09722222222145 -2.981065546773069e-05 -0.0001659981267877926
18.09999999999923 -1.5450911302177e-05 -0.0001663728011302828
18.102777777777 -1.225652742205137e-06 -0.0001655217521504156
18.10555555555478 1.276115334722576e-05 -0.0001634692275081867
18.10833333333256 2.640859982267336e-05 -0.0001602482864099126
18.11111111111033 3.961958882372971e-05 -0.000155900460081357
18.11388888888811 5.230154597375609e-05 -0.0001504753480070681
18.11666666666589 6.436709365750587e-05 -0.0001440301534909157
18.11944444444366 7.573467816364888e-05 -0.0001366291625810216
18.12222222222144 8.632914587326535e-05 -0.0001283431708560488
18.12499999999921 9.608226411077818e-05 -0.0001192488629854082
18.12777777777699 0.000104933182741551 -0.0001094281503507247
18.13055555555477 0.0001128288331060375 -9.896747234415389e-05
18.13333333333254 0.0001197242614087939 -8.795706724189413e-05
18.13611111111032 0.0001255828942373365 -7.649021878106997e-05
18.1388888888881 0.0001303767344576401 -6.466248474862217e-05
18.14166666666587 0.0001340864863221049 -5.257091401434014e-05
18.14444444444365 0.0001367016092208902 -4.031325851160908e-05
18.14722222222143 0.0001382203001081014 -2.798718668315613e-05
18.1499999999992 0.000138649405232624 -1.568950486821555e-05
18.15277777777698 0.0001380042623948462 -3.515393010874497e-06
18.15555555555476 0.0001363084755304988 8.442339081703713e-06
18.15833333333253 0.0001335936239851779 2.009396890664491e-05
18.16111111111031 0.0001298989093841322 3.135354608918208e-05
18.16388888888808 0.0001252707435157499 4.213953939884992e-05
18.16666666666586 0.0001197622811302495 5.237544084411353e-05
18.16944444444364 0.0001134329020022984 6.199032212638201e-05
18.17222222222141 0.0001063476470147397 7.091933916721771e-05
18.17499999999919 9.857661338559329e-05 7.910418089269627e-05
18.17777777777697 9.019431447995404e-05 8.649345895938225e-05
18.18055555555474 8.127900991864057e-05 9.304303563427249e-05
18.18333333333252 7.191201191488669e-05 9.87162875916237e-05
18.1861111111103 6.217697393649446e-05 0.0001034843039565124
18.18888888888807 5.215916790300958e-05 0.0001073260175050545
18.19166666666585 4.194475618405771e-05 0.0001102282685173589
18.19444444444363 3.162006466619635e-05 0.0001121858013679077
18.1972222222214 2.127086310125565e-05 0.0001132011945222276
18.19999999999918 1.098165884022187e-05 0.0001132847251847314
18.20277777777696 8.350098935293451e-07 0.0001124541704039568
18.20555555555473 -9.08913695539595e-06 0.0001107345469840077
18.20833333333251 -1.871407752209937e-05 0.0001081577930694826
18.21111111111028 -2.79669459282093e-05 0.0001047623947611177
18.21388888888806 -3.677926985048918e-05 0.0001005929615762213
18.21666666666584 -4.508748091486344e-05 9.569975498806418e-05
18.21944444444361 -5.28333762732221e-05 9.013817465748589e-05
18.22222222222139 -5.996452786737861e-05 8.396820730554726e-05
18.22499999999917 -6.643463638040196e-05 7.725384346401514e-05
18.22777777777694 -7.220382739466602e-05 7.006246758012156e-05
18.23055555555472 -7.723888781442576e-05 6.246422713931725e-05
18.2333333333325 -8.151344116265421e-05 5.453138660523378e-05
18.23611111111027 -8.500806092288841e-05 4.633767205697047e-05
18.23888888888805 -8.77103216607613e-05 3.795761243131418e-05
18.24166666666583 -8.96147882226606e-05 2.946588324988428e-05
18.2444444444436 -9.072294386394579e-05 2.093665863106329e-05
18.24722222222138 -9.104305870264877e-05 1.244297725248357e-05
18.24999999999915 -9.059000042035292e-05 4.056127746320113e-06
18.25277777777693 -8.938498963601258e-05 -4.154941224390571e-06
18.25555555555471 -8.745530285587587e-05 -1.212418123971949e-05
18.25833333333248 -8.483392634913762e-05 -1.978897010173415e-05
18.26111111111026 -8.155916471045186e-05 -2.709059923699787e-05
18.26388888888804 -7.767420824359471e-05 -3.397471864109781e-05
18.26666666666581 -7.322666363152336e-05 -4.039173591690983e-05
18.26944444444359 -6.826805264484595e-05 -4.629716641865585e-05
18.27222222222137 -6.285328387991156e-05 -5.165193199901983e-05
18.27499999999914 -5.70401027083955e-05 -5.642260635930122e-05
18.27777777777692 -5.088852476012572e-05 -6.058160552056379e-05
18.2805555555547 -4.446025834958945e-05 -6.41073224593293e-05
18.28333333333247 -3.781812129324932e-05 -6.698420548173237e-05
18.28611111111025 -3.102545754997771e-05 -6.920278043837876e-05
18.28888888888802 -2.414555905040165e-05 -7.0759617404445e-05
18.2916666666658 -1.724109796498454e-05 -7.165724296035875e-05
18.29444444444358 -1.037357449526938e-05 -7.190399970301654e-05
18.29722222222135 -3.6027850615586e-06 -7.15138550912206e-05
18.29999999999913 3.013684495703847e-06 -7.050616217762282e-05
18.30277777777691 9.420936380337485e-06 -6.890537519868964e-05
18.30555555555468 1.55672049852672e-05 -6.674072338006389e-05
18.30833333333246 2.140426410145318e-05 -6.40458466643896e-05
18.31111111111024 2.688779397491042e-05 -6.085839737814681e-05
18.31388888888801 3.197770542132264e-05 -5.721961212179264e-05
18.31666666666579 3.663841865616479e-05 -5.317385839015391e-05
18.31944444444357 4.083909496309864e-05 -4.876816060698608e-05
18.32222222222134 4.455381980121931e-05 -4.405171038654232e-05
18.32499999999912 4.776173643698863e-05 -3.907536591606078e-05
18.32777777777689 5.044712967483008e-05 -3.389114538509651e-05
18.33055555555467 5.259945974634797e-05 -2.855171937184772e-05
18.33333333333245 5.421334689745942e-05 -2.310990703224288e-05
18.33611111111022 5.528850768029312e-05 -1.761818082769548e-05
18.338888888888 5.582964440844023e-05 -1.212818437150016e-05
18.34166666666578 5.58462896653603e-05 -6.690267776017328e-06
18.34444444444355 5.535260816269437e-05 -1.3530446436404e-06
18.34722222222133 5.43671586237475e-05 3.837025431397939e-06
18.34999999999911 5.291261871451228e-05 8.836025294317464e-06
18.35277777777688 5.10154763567226e-05 1.360293637943039e-05
18.35555555555466 4.870569103210766e-05 1.809995973213912e-05
18.35833333333244 4.601632892203817e-05 2.22927994486509e-05
18.36111111111021 4.298317591976469e-05 2.615090648944709e-05
18.36388888888799 3.964433270279291e-05 2.964768124687884e-05
18.36666666666576 3.603979615877162e-05 3.276063368221512e-05
18.36944444444354 3.221103151980014e-05 3.547150028721859e-05
18.37222222222132 2.820053957687933e-05 3.776631756625314e-05
18.37499999999909 2.405142331865767e-05 3.96354521719847e-05
18.37777777777687 1.980695826812606e-05 4.107358825669811e-05
18.38055555555465 1.551017067782521e-05 4.207967301797839e-05
18.38333333333242 1.12034275912693e-05 4.265682181757454e-05
18.3861111111102 6.92804258681884e-06 4.281218463213753e-05
18.38888888888798 2.723900793457346e-06 4.255677595027414e-05
18.39166666666575 -1.370893492004334e-06 4.190527055895994e-05
18.39444444444353 -5.320343546100581e-06 4.087576796051966e-05
18.39722222222131 -9.090858593894574e-06 3.948952842670062e-05
18.39999999999908 -1.26515214319122e-05 3.777068392642028e-05
18.40277777777686 -1.597432326992192e-05 3.57459273567006e-05
18.40555555555463 -1.903436413407279e-05 3.344418366089803e-05
18.40833333333241 -2.181001755670779e-05 3.089626653305157e-05
18.41111111111019 -2.428305866685337e-05 2.813452448209171e-05
18.41388888888796 -2.643875518686967e-05 2.519248006396467e-05
18.41666666666574 -2.826592123003373e-05 2.210446608424908e-05
18.41944444444352 -2.97569341775823e-05 1.890526252871373e-05
18.42222222222129 -3.090771528740749e-05 1.562973789633167e-05
18.42499999999907 -3.171767504687952e-05 1.231249848897002e-05
18.42777777777685 -3.218962462519469e-05 8.987549057515596e-06
18.43055555555462 -3.232965510326099e-05 5.687968016302362e-06
18.4333333333324 -3.214698645787419e-05 2.445600220380834e-06
18.43611111111018 -3.165378854958692e-05 -7.092299451263311e-07
18.43888888888795 -3.086497660727746e-05 -3.747982683315718e-06
18.44166666666573 -2.979798391517341e-05 -6.644141921633709e-06
18.4444444444435 -2.847251458819687e-05 -9.373427583598494e-06
18.44722222222128 -2.691027946747758e-05 -1.191397943566226e-05
18.44999999999906 -2.513471827899958e-05 -1.424651128047974e-05
18.45277777777683 -2.317071127368847e-05 -1.635443460639979e-05
18.45555555555461 -2.104428360715123e-05 -1.822395114380618e-05
18.45833333333239 -1.87823057212695e-05 -1.984411411928515e-05
18.46111111111016 -1.641219295930921e-05 -2.120685833371073e-05
18.46388888888794 -1.396160758137701e-05 -2.230699951776154e-05
18.46666666666572 -1.145816624988874e-05 -2.314220373380873e-05
18.46944444444349 -8.929155926314614e-06 -2.371292789400566e-05
18.47222222222127 -6.401260963427759e-06 -2.402233274731126e-05
18.47499999999905 -3.900303993167318e-06 -2.407616995063272e-05
18.47777777777682 -1.45100300228257e-06 -2.388264507867795e-05
18.4805555555546 9.232532417602581e-07 -2.345225864130069e-05
18.48333333333238 3.200609500058829e-06 -2.279762736427554e-05
18.48611111111015 5.360926455770716e-06 -2.193328814801718e-05
18.48888888888793 7.385939816414871e-06 -2.087548724758934e-05
18.4916666666657 9.25939503429566e-06 -1.964195731556316e-05
18.49444444444348 1.096715684442003e-05 -1.825168501652959e-05
18.49722222222126 1.249729311187842e-05 -1.67246719580785e-05
18.49999999999903 1.384013277209291e-05 -1.508169168816038e-05
18.50277777777681 1.49882979345168e-05 -1.334404548357899e-05
