16.5 2.164652248860875e-07 -6.749469634511872e-09
16.50277777777778 2.227407954181385e-07 2.053148324206491e-08
16.50555555555555 2.256887883102835e-07 4.932900888851445e-08
16.50833333333333 2.250227339445772e-07 7.925456567502793e-08
16.51111111111111 2.204987153346686e-07 1.098712944668826e-07
16.51388888888888 2.119229675314846e-07 1.406982022128791e-07
16.51666666666666 1.991591514395519e-07 1.712154803111448e-07
16.51944444444444 1.821351400023786e-07 2.008709495028054e-07
16.52222222222221 1.608491506402422e-07 2.290876008948818e-07
16.52499999999999 1.353750566276969e-07 2.552721792902691e-07
16.52777777777776 1.058667120595401e-07 2.788247306415082e-07
16.53055555555554 7.256113040047063e-08 2.991490105606564e-07
16.53333333333332 3.57803655406011e-08 3.15663625847161e-07
16.53611111111109 -4.068043093797519e-09 3.278137564403623e-07
16.53888888888887 -4.649218341711624e-08 3.350832815783771e-07
16.54166666666665 -9.091854342567701e-08 3.370071118116236e-07
16.54444444444442 -1.366965218130967e-07 3.331835084386305e-07
16.5472222222222 -1.831047270858579e-07 3.232861544912011e-07
16.54999999999998 -2.293590851456802e-07 3.070757271636952e-07
16.55277777777775 -2.746227416981918e-07 2.844107111227122e-07
16.55555555555553 -3.180177097445728e-07 2.552571859752205e-07
16.55833333333331 -3.586381743022483e-07 2.196973198103077e-07
16.56111111111108 -3.955653270119099e-07 1.77936304587086e-07
16.56388888888886 -4.278835630781028e-07 1.303074785955415e-07
16.56666666666663 -4.546978328438193e-07 7.727539652874375e-08
16.56944444444441 -4.751519010111294e-07 1.943662907617915e-08
16.57222222222219 -4.884472289843887e-07 -4.248189856580862e-08
16.57499999999996 -4.938621609301669e-07 -1.07627186304904e-07
16.57777777777774 -4.90771062862418e-07 -1.750271744710998e-07
16.58055555555552 -4.786630373084071e-07 -2.436005673867474e-07
16.58333333333329 -4.571598148229329e-07 -3.121694875874291e-07
16.58611111111107 -4.260324086834742e-07 -3.794749284269648e-07
16.58888888888885 -3.852161113537324e-07 -4.441949143837814e-07
16.59166666666662 -3.348234115037858e-07 -5.049652171030613e-07
16.5944444444444 -2.75154419170298e-07 -5.604024121032305e-07
16.59722222222218 -2.067044045603828e-07 -6.091289972910312e-07
16.59999999999995 -1.301680834244283e-07 -6.498002312476518e-07
16.60277777777773 -4.644031905110957e-08 -6.811322880276339e-07
16.6055555555555 4.338704219964223e-08 -7.019312673888702e-07
16.60833333333328 1.380324284934366e-07 -7.111225464321017e-07
16.61111111111106 2.36036054370928e-07 -7.077799120845053e-07
16.61388888888883 3.357757738869406e-07 -6.911538751966137e-07
16.61666666666661 4.354872803605533e-07 -6.606985377017465e-07
16.61944444444439 5.332885697700568e-07 -6.160963656775041e-07
16.62222222222216 6.272084913340003e-07 -5.572802145098525e-07
16.62499999999994 7.152191116416159e-07 -4.84451958802142e-07
16.62777777777772 7.952715196231052e-07 -3.980971001054877e-07
16.63055555555549 8.65334600608863e-07 -2.989947606657881e-07
16.63333333333327 9.234362108265993e-07 -1.882225216300848e-07
16.63611111111105 9.677060911760145e-07 -6.715562964107763e-08
16.63888888888882 9.964197732933836e-07 6.253982365882879e-08
16.6416666666666 1.008042654170449e-06 1.989200495599793e-07
16.64444444444437 1.001273350264391e-06 3.397832291679371e-07
16.64722222222215 9.750853904453188e-07 4.826957694883626e-07
16.64999999999993 9.287662714665238e-07 6.250250868819633e-07
16.6527777777777 8.619528819365571e-07 7.639787151397065e-07
16.65555555555548 7.746623028172016e-07 8.966493880265688e-07
16.65833333333326 6.673170157748275e-07 1.020065594912748e-06
16.66111111111103 5.407635964492908e-07 1.13124695603281e-06
16.66388888888881 3.962840386130734e-07 1.227263614229639e-06
16.66666666666659 2.355989476333815e-07 1.305298696147627e-06
16.66944444444436 6.086195738648539e-08 1.362712761372947e-06
16.67222222222214 -1.253551368373566e-07 1.39710903658702e-06
16.67499999999992 -3.200868771901382e-07 1.406398127110913e-06
16.67777777777769 -5.20008442375547e-07 1.388860813820669e-06
16.68055555555547 -7.214797191716855e-07 1.343207482754744e-06
16.68333333333324 -9.205989080812038e-07 1.268632700951681e-06
16.68611111111102 -1.11326520380322e-06 1.164863447977491e-06
16.6888888888888 -1.295249863714364e-06 1.032199540581288e-06
16.69166666666657 -1.462274748034487e-06 8.715448498091426e-07
16.69444444444435 -1.610097188794076e-06 6.844280069144525e-07
16.69722222222213 -1.734599826333415e-06 4.730114270710705e-07
16.6999999999999 -1.831883847318989e-06 2.40087647996393e-07
16.70277777777768 -1.898363872772801e-06 -1.093781696432782e-08
16.70555555555546 -1.930862583908451e-06 -2.76077676781147e-07
16.70833333333323 -1.926703043176407e-06 -5.50808412598807e-07
16.71111111111101 -1.883796572989885e-06 -8.301301897671134e-07
16.71388888888879 -1.800723999946798e-06 -1.108640830244621e-06
16.71666666666656 -1.676808062225628e-06 -1.380623215409254e-06
16.71944444444434 -1.51217481577154e-06 -1.640145151312783e-06
16.72222222222211 -1.307801963645514e-06 -1.881170387343653e-06
16.72499999999989 -1.06555217425754e-06 -2.097679142676267e-06
16.72777777777767 -7.881896488834587e-07 -2.283796170645155e-06
16.73055555555544 -4.793784463868826e-07 -2.433924087614062e-06
16.73333333333322 -1.436613717787305e-07 -2.542879418357718e-06
16.736111111111 2.13581417922113e-07 -2.606028572879537e-06
16.73888888888877 5.86194546372936e-07 -2.619420778047131e-06
16.74166666666655 9.673303162344868e-07 -2.579914849210417e-06
16.74444444444433 1.349551940294417e-06 -2.485296609089855e-06
16.7472222222221 1.724956189799493e-06 -2.334383749913276e-06
16.74999999999988 2.085314048095243e-06 -2.127114995145039e-06
16.75277777777766 2.422227458396218e-06 -1.864620553000683e-06
16.75555555555543 2.727299763305359e-06 -1.549271067697919e-06
16.75833333333321 2.992316962749814e-06 -1.18470256665738e-06
16.76111111111098 3.209436478342084e-06 -7.758152717198089e-07
16.76388888888876 3.371379718545744e-06 -3.287445867711459e-07
16.76666666666654 3.471624402594228e-06 1.491969118386566e-07
16.76944444444431 3.504592333910248e-06 6.496070790601418e-07
16.77222222222209 3.465828126904302e-06 1.163111365689589e-06
16.77499999999987 3.352164294608926e-06 1.679508836924809e-06
16.77777777777764 3.16186810733486e-06 2.187945634641016e-06
16.78055555555542 2.894765741365219e-06 2.677113753551833e-06
16.7833333333332 2.552339456657008e-06 3.135472281618217e-06
16.78611111111097 2.137793876232169e-06 3.551487551975417e-06
16.78888888888875 1.656087887667943e-06 3.91388798478436e-06
16.79166666666653 1.113929246262231e-06 4.211928781107855e-06
16.7944444444443 5.197296247160175e-07 4.435661085291854e-06
16.79722222222208 -1.164813827281654e-07 4.576199775259853e-06
16.79999999999986 -7.831839441097904e-07 4.625983688641087e-06
16.80277777777763 -1.467537081795713e-06 4.579021862393734e-06
16.80555555555541 -2.155587915299697e-06 4.431119268496142e-06
16.80833333333318 -2.832518783440485e-06 4.180075579976319e-06
16.81111111111096 -3.482928946029584e-06 3.825850708947147e-06
16.81388888888874 -4.091146545745155e-06 3.37069122725001e-06
16.81666666666651 -4.641565525570635e-06 2.819212312983605e-06
16.81944444444429 -5.119001271687605e-06 2.17843056121752e-06
16.82222222222207 -5.5090579126923e-06 1.457743848872259e-06
16.82499999999984 -5.798499479317637e-06 6.688554423547485e-07
16.82777777777762 -5.975616539712431e-06 -1.743593319191626e-07
16.8305555555554 -6.030579497365047e-06 -1.056044287886518e-06
16.83333333333317 -5.955769493185425e-06 -1.958610546485999e-06
16.83611111111095 -5.746077808382667e-06 -2.863039359520335e-06
16.83888888888873 -5.399164835213181e-06 -3.749235840845582e-06
16.8416666666665 -4.915670078815804e-06 -4.596428410064793e-06
16.84444444444428 -4.299365280582493e-06 -5.383607340356259e-06
16.84722222222205 -3.55724361222278e-06 -6.089994455690466e-06
16.84999999999983 -2.699538974047859e-06 -6.695534781719856e-06
16.85277777777761 -1.739670729826195e-06 -7.181399855717447e-06
16.85555555555538 -6.941107059574614e-07 -7.530491481012007e-06
16.85833333333316 4.178290487312043e-07 -7.727934004519553e-06
16.86111111111094 1.57428743453174e-06 -7.76154273395596e-06
16.86388888888871 2.751222175606654e-06 -7.622255921405909e-06
16.86666666666649 3.922850181963729e-06 -7.304517844904679e-06
16.86944444444427 5.06215417159174e-06 -6.806600936195273e-06
16.87222222222204 6.141447339904178e-06 -6.130855640915533e-06
16.87499999999982 7.13298595378704e-06 -5.28387775984745e-06
16.8777777777776 8.009617966372864e-06 -4.276584401170107e-06
16.88055555555537 8.745454148687229e-06 -3.124191360189464e-06
16.88333333333315 9.316546867262719e-06 -1.846086712440061e-06
16.88611111111092 9.701560551838609e-06 -4.655976274732403e-07
16.8888888888887 9.882417139816927e-06 9.903501555632394e-07
16.89166666666648 9.844899394042328e-06 2.49167815031081e-06
16.89444444444425 9.579195001283339e-06 4.005701494020907e-06
16.89722222222203 9.080364795622501e-06 5.497768358594876e-06
16.89999999999981 8.348719330122496e-06 6.93198215211686e-06
16.90277777777758 7.390089347339846e-06 8.271993607335968e-06
16.90555555555536 6.215977469453771e-06 9.481847359716444e-06
16.90833333333314 4.843580625035459e-06 1.052686535749309e-05
16.91111111111091 3.295675322772804e-06 1.137454749168405e-05
16.91388888888869 1.6003608320139e-06 1.199546825392117e-05
16.91666666666647 -2.093414172735596e-07 1.236414708826821e-05
16.91944444444424 -2.096030410464873e-06 1.245986945625355e-05
16.92222222222202 -4.018604638712694e-06 1.226743552960225e-05
16.92499999999979 -5.933068503967784e-06 1.177781389893786e-05
16.92777777777757 -7.793453109850018e-06 1.098867876277766e-05
16.93055555555535 -9.552834886413292e-06 9.904810749039607e-06
16.93333333333312 -1.116443207937754e-05 8.538343815206919e-06
16.9361111111109 -1.258275602311181e-05 6.908843551492817e-06
16.93888888888868 -1.376479141104904e-05 5.043205635047144e-06
16.94166666666645 -1.46711775716727e-05 2.975367097558525e-06
16.94444444444423 -1.526736114086047e-05 7.458274014812623e-07
16.94722222222201 -1.55246895694707e-05 -1.599019014959808e-06
16.94999999999978 -1.542141468406385e-05 -4.007732168485841e-06
16.95277777777756 -1.494357607829915e-05 -6.424846369411931e-06
16.95555555555534 -1.408573548535238e-05 -8.792043894672121e-06
16.95833333333311 -1.285153548056861e-05 -1.104946105451107e-05
16.96111111111089 -1.125405888056805e-05 -1.313710061799722e-05
16.96388888888866 -9.315969009619715e-06 -1.499632037985314e-05
16.96666666666644 -7.069415543704504e-06 -1.65713640127181e-05
16.96944444444422 -4.555695840827065e-06 -1.7810897384414e-05
16.97222222222199 -1.824667425554091e-06 -1.866951134589872e-05
16.97499999999977 1.066086503320468e-06 -1.910915071748908e-05
16.97777777777755 4.052330167898059e-06 -1.910042890445047e-05
16.98055555555532 7.064471880912412e-06 -1.862378832420092e-05
16.9833333333331 1.002906262587726e-05 -1.767046866722638e-05
16.98611111111088 1.287046844422278e-05 -1.624324795712371e-05
16.98888888888865 1.551268246477665e-05 -1.435692540798089e-05
16.99166666666643 1.788123691384387e-05 -1.203852015465276e-05
16.99444444444421 1.990517068770919e-05 -9.327165979172293e-06
16.99722222222198 2.151900422688594e-05 -6.273689067185555e-06
16.99999999999976 2.266467065559631e-05 -2.93986346785521e-06
17.00277777777753 2.329335057870936e-05 6.026528656827245e-07
17.00555555555531 2.336715767150447e-05 4.273689997859597e-06
17.00833333333309 2.28606233378008e-05 7.98622569041632e-06
17.01111111111086 2.176193129731604e-05 1.16483039500562e-05
17.01388888888864 2.007385700601148e-05 1.516517516586254e-05
17.01666666666642 1.781437228612675e-05 1.844161271338873e-05
17.01944444444419 1.501688237793264e-05 2.138435384302014e-05
17.02222222222197 1.173007071366923e-05 2.390460663318947e-05
17.02499999999975 8.017335904974916e-06 2.59205599960825e-05
17.02777777777752 3.955815541007276e-06 2.735983037326881e-05
17.0305555555553 -3.649978126085556e-07 2.816177702561464e-05
17.03333333333308 -4.845031797565911e-06 2.827961784011897e-05
17.03611111111085 -9.375772640349957e-06 2.76822794448053e-05
17.03888888888863 -1.384272751717424e-05 2.635591919059692e-05
17.0416666666664 -1.812816095680257e-05 2.430506222773767e-05
17.04444444444418 -2.211404538317767e-05 2.155330442169337e-05
17.04722222222196 -2.568515706471488e-05 1.814354111316921e-05
17.04999999999973 -2.873224132030864e-05 1.413769256743683e-05
17.05277777777751 -3.115516511456068e-05 9.615909166525419e-06
17.05555555555529 -3.286597140943836e-05 4.675252707526142e-06
17.05833333333306 -3.379174803361156e-05 -5.721357265731157e-07
17.06111111111084 -3.387722454732486e-05 -6.001356312680182e-06
17.06388888888862 -3.308701372261857e-05 -1.147751983273167e-05
17.06666666666639 -3.140741986898452e-05 -1.685891193927433e-05
17.06944444444417 -2.884774428733744e-05 -2.200048495994457e-05
17.07222222222195 -2.544102853454086e-05 -2.67575975380538e-05
17.07499999999972 -2.124418875965765e-05 -3.098991167016451e-05
17.0777777777775 -1.633750889223354e-05 -3.456534793988367e-05
17.08055555555528 -1.082347661691206e-05 -3.736399330688565e-05
17.08333333333305 -4.824963486282255e-06 -3.928185199752044e-05
17.08611111111083 1.517231219243528e-06 -4.023432910100235e-05
17.0888888888886 8.047434653096285e-06 -4.015933858076016e-05
17.09166666666638 1.459869587493958e-05 -3.901993266188509e-05
17.09444444444416 2.099684811694846e-05 -3.680635796653217e-05
17.09722222222193 2.706494673777617e-05 -3.353745526366165e-05
17.09999999999971 3.262797691735099e-05 -2.926133410904918e-05
17.10277777777749 3.751771256993836e-05 -2.40552707134632e-05
17.10555555555526 4.157759811254897e-05 -1.802479674137376e-05
17.10833333333304 4.466751804665084e-05 -1.130196796977063e-05
17.11111111111082 4.666831614009854e-05 -4.042824315998346e-06
17.11388888888859 4.748592660524731e-05 3.575923907286212e-06
17.11666666666637 4.705498422943684e-05 1.136092516476025e-05
17.11944444444415 4.534178899268505e-05 1.910684999629249e-05
17.12222222222192 4.234651325886443e-05 2.660158540186254e-05
17.1249999999997 3.810455598536469e-05 3.363183744771963e-05
17.12777777777747 3.26869682791416e-05 3.998900197742902e-05
17.13055555555525 2.619989763115082e-05 4.547514926737759e-05
17.13333333333303 1.878302377378597e-05 4.990895819196741e-05
17.1361111111108 1.060698671020722e-05 5.31314294454845e-05
17.13888888888858 1.869836352803988e-06 5.50112059891106e-05
17.14166666666636 -7.207437396702194e-06 5.544933241809772e-05
17.14444444444413 -1.638620622891749e-05 5.438329351396462e-05
17.14722222222191 -2.541622090459709e-05 5.179018585114216e-05
17.14999999999969 -3.404220306360515e-05 4.768889481323149e-05
17.15277777777746 -4.201084693201732e-05 4.21411724317099e-05
17.15555555555524 -4.907804736276902e-05 3.525153863284e-05
17.15833333333302 -5.501615600257152e-05 2.716595916023187e-05
17.16111111111079 -5.962105786024041e-05 1.806928689644104e-05
17.16388888888857 -6.271885669130445e-05 8.181488677270118e-06
17.16666666666634 -6.41719597887041e-05 -2.247283978041695e-06
17.16944444444412 -6.388436120078636e-05 -1.294268554045916e-05
17.1722222222219 -6.180593712962208e-05 -2.361309876352851e-05
17.17499999999967 -5.793558815142411e-05 -3.395732595749057e-05
17.17777777777745 -5.232308961134135e-05 -4.367285708775901e-05
17.18055555555523 -4.506954355100585e-05 -5.246449739349207e-05
17.183333333333 -3.632636211777991e-05 -6.005311739711282e-05
17.18611111111078 -2.62927526948752e-05 -6.61842745161404e-05
17.18888888888856 -1.521171794661895e-05 -7.063644868328891e-05
17.19166666666633 -3.364628418833948e-06 -7.322863495358295e-05
17.19444444444411 8.935529987386522e-06 -7.382704433996708e-05
17.19722222222189 2.135208778913372e-05 -7.235068018107938e-05
17.19999999999966 3.353361596867763e-05 -6.877558106712522e-05
17.20277777777744 4.512361805879725e-05 -6.31375523666774e-05
17.20555555555521 5.577073389340669e-05 -5.553324609547155e-05
17.20833333333299 6.513917284862998e-05 -4.61194924031974e-05
17.21111111111077 7.291907598885507e-05 -3.51108342687688e-05
17.21388888888854 7.88364964152249e-05 -2.277526882467265e-05
17.21666666666632 8.266268595144544e-05 -9.42825266328805e-06
17.2194444444441 8.422238453767997e-05 4.57491705306273e-06
17.22222222222187 8.34008264868719e-05 1.884818047412598e-05
17.22499999999965 8.014920497400817e-05 3.298503613956277e-05
17.22777777777743 7.44883723452252e-05 4.656984330322463e-05
17.2305555555552 6.651059833612218e-05 5.918980346980096e-05
17.23333333333298 5.637926006421589e-05 7.04472865759612e-05
17.23611111111076 4.432639542764083e-05 7.997214360084519e-05
17.23888888888853 3.064811378026848e-05 8.743363373305863e-05
17.24166666666631 1.569792272287947e-05 9.255159141264274e-05
17.24444444444408 -1.219043299064936e-07 9.510646714310307e-05
17.24722222222186 -1.637073049811668e-05 9.494789616216853e-05
17.24999999999964 -3.258147695131602e-05 9.200148072127575e-05
17.25277777777741 -4.827375666720137e-05 8.627351436118271e-05
17.25555555555519 -6.296786457041935e-05 7.785342931181307e-05
17.25833333333297 -7.619922830465133e-05 6.691380976810554e-05
17.26111111111074 -8.753289469424493e-05 5.37078827435628e-05
17.26388888888852 -9.657760979118892e-05 3.856447262707151e-05
17.2666666666663 -0.0001029990463166643 2.18804833611812e-05
17.26944444444407 -0.0001065317419604749 4.111051013588987e-06
17.27222222222185 -0.0001069893356489474 -1.424241299467872e-05
17.27499999999963 -0.000104272726368003 -3.264599412468131e-05
17.2777777777774 -9.837582980256727e-05 -5.054850125379713e-05
17.28055555555518 -8.93886708678341e-05 -6.739772779010251e-05
17.28333333333295 -7.749762366001987e-05 -8.265728001554984e-05
17.28611111111073 -6.29826925450352e-05 -9.582347054885381e-05
17.28888888888851 -4.621181677559372e-05 -0.0001064417545476885
17.29166666666628 -2.763227362000745e-05 -0.0001141221817083101
17.29444444444406 -7.759348709906429e-06 -0.0001185533490336481
17.29722222222184 1.283746577639151e-05 -0.0001195143679997879
17.29999999999961 3.355039738029694e-05 -0.0001168844048952453
17.30277777777739 5.37510170625528e-05 -0.0001106494139421077
17.30555555555517 7.280906463874244e-05 -0.0001009057579928684
17.30833333333294 9.011192482590977e-05 -8.78604992791492e-05
17.31111111111072 0.000105084162878197 -7.18282405323266e-05
17.3138888888885 0.0001172065063067356 -5.322450204807045e-05
17.31666666666627 0.0001260336555031145 -3.255572981864039e-05
17.31944444444405 0.0001312103220506197 -1.040614033194439e-05
17.32222222222182 0.0001324849293334967 1.257828448041735e-05
17.3249999999996 0.0001297204653483863 3.570823699358948e-05
17.32777777777738 0.000122902051304619 5.827145121661037e-05
17.33055555555515 0.000112140879982226 7.95544116935187e-05
17.33333333333293 9.767428257342024e-05 9.886475520249396e-05
17.33611111111071 7.986179899198008e-05 0.0001155536724725306
17.33888888888848 5.91772510253517e-05 0.0001290375940208323
17.34166666666626 3.619694646807177e-05 0.0001388184435051889
17.34444444444404 1.158427145920086e-05 0.0001445017645333016
17.34722222222181 -1.392894657274501e-05 0.0001458120727809677
17.34999999999959 -3.95638059029543e-05 0.0001426048538774194
17.35277777777737 -6.451782323629487e-05 0.0001348747173951321
17.35555555555514 -8.798985936107374e-05 0.000122759326229197
17.35833333333292 -0.000109205716010067 0.0001065388457647886
17.3611111111107 -0.0001274435959196491 8.663079495444224e-05
17.36388888888847 -0.0001420585967651337 6.358032765883623e-05
17.36666666666625 -0.0001525054149005303 3.804612279180426e-05
17.36944444444402 -0.0001583584673795965 1.078221113814997e-05
17.3722222222218 -0.0001593287004860112 -1.738378983950152e-05
17.37499999999958 -0.0001552764388817967 -4.557542926380823e-05
17.37777777777735 -0.0001462197395586926 -7.289444323700122e-05
17.38055555555513 -0.0001323378461981092 -9.844922450640685e-05
17.38333333333291 -0.0001139694886565619 -0.0001213838505900568
17.38611111111068 -9.160593471116189e-05 -0.0001409067338601095
17.38888888888846 -6.587887192825506e-05 -0.0001563179410860951
17.39166666666624 -3.754337112339452e-05 -0.0001670342451743674
17.39444444444401 -7.456353613329604e-06 -0.0001726110188584346
17.39722222222179 2.344885351770612e-05 -0.000172760158361077
17.39999999999957 5.419114233703832e-05 -0.0001673633329664759
17.40277777777734 8.377256971941082e-05 -0.0001564799913558153
17.40555555555512 0.0001112106615106139 -0.0001403497137925219
17.40833333333289 0.0001355710393803108 -0.0001193886762038626
17.41111111111067 0.0001559992935598637 -9.418018250968505e-05
17.41388888888845 0.0001717510187575916 -6.545941916184446e-05
17.41666666666622 0.0001822189610303088 -3.409278430212874e-05
17.419444444444 0.000186956290405971 -1.052336493868533e-06
17.42222222222178 0.0001856951164783355 3.261391212533613e-05
17.42499999999955 0.0001783594996515626 6.581497272949078e-05
17.42777777777733 0.0001650723756150513 9.745210577756336e-05
17.43055555555511 0.0001461560002526514 0.0001264551704660511
17.43333333333288 0.0001221257308036411 0.000151818902645713
17.43611111111066 9.367718012319103e-05 0.0001726378955542416
17.43888888888844 6.166700711568143e-05 0.0001881390680858554
17.44166666666621 2.708783020014048e-05 0.0001977104576006153
17.44444444444399 -8.962035770681093e-06 0.0002009252679416018
17.44722222222176 -4.53131230841098e-05 0.0001975602364098528
17.44999999999954 -8.076256876150921e-05 0.0001876075525219485
17.45277777777732 -0.0001141138812001937 0.0001712797616748159
17.45555555555509 -0.0001442174100084865 0.0001490073123471459
17.45833333333287 -0.0001700101546082972 0.0001214286490894581
17.46111111111065 -0.0001905535341482055 8.937300735640483e-05
17.46388888888842 -0.0002050677756076052 5.38363216733492e-05
17.4666666666662 -0.0002129616588612571 1.595090681798736e-05
17.46944444444398 -0.0002138564854109411 -2.305019620559467e-05
17.47222222222175 -0.0002076033083671421 -6.187311026619007e-05
17.47499999999953 -0.0001942926702883043 -9.920597444417906e-05
17.47777777777731 -0.0001742563364347792 -0.0001337633498494277
17.48055555555508 -0.0001480607762948647 -0.0001643306808417375
17.48333333333286 -0.000116492427249542 -0.0001898072743206764
17.48611111111063 -8.053506147724986e-05 -0.0002092462733527894
17.48888888888841 -4.133986072591222e-05 -0.0002218901688223962
17.49166666666619 -1.89073226237696e-07 -0.000227200513188166
17.49444444444396 4.154562709073633e-05 -0.000224880670950275
17.49722222222174 8.244874619256189e-05 -0.0002148906564511185
17.49999999999952 0.0001211090363730228 -0.0001974533646877232
17.50277777777729 0.0001561683972139631 -0.000173051786912092
17.50555555555507 0.0001863699169972742 -0.0001424171105772271
17.50833333333285 0.000210603351037159 -0.0001065079222580522
17.51111111111062 0.0002279463842144042 -6.64810514543658e-05
17.5138888888884 0.0002377001358466412 -2.365490123079299e-05
17.51666666666618 0.000239417533496806 2.05336028153633e-05
17.51944444444395 0.0002329234039097429 6.45770616298019e-05
17.52222222222173 0.0002183253973548053 0.000106949057312333
17.5249999999995 0.0001960151678273543 0.0001461572637992011
17.52777777777728 0.0001666595657592662 0.0001807963660914144
17.53055555555506 0.0001311819507599223 0.0002095989063762551
17.53333333333283 9.07340872449293e-05 0.0002314822080050038
17.53611111111061 4.665943279607663e-05 0.0002455896282364949
17.53888888888839 4.489550547171367e-07 0.0002513245558698127
17.54166666666616 -4.630909454292079e-05 0.000248375796107668
17.54444444444394 -9.198377424082537e-05 0.0002367332654314774
17.54722222222172 -0.000134958544003209 0.0002166932450789963
17.54999999999949 -0.0001736888581303746 0.0001888528021373268
17.55277777777727 -0.0002067582006670023 0.0001540933699721793
17.55555555555505 -0.0002329305194351098 0.0001135538712869902
17.55833333333282 -0.0002511971028269825 6.859415340471771e-05
17.5611111111106 -0.00026081610496696 2.074987214476746e-05
17.56388888888837 -0.0002613431553242096 -2.831970598712665e-05
17.56666666666615 -0.000252651781468911 -7.68892267081969e-05
17.56944444444393 -0.0002349427190733281 -0.0001232281105816185
17.5722222222217 -0.0002087415699785449 -0.000165662609009813
17.57499999999948 -0.0001748846838371928 -0.0002026368216523494
17.57777777777726 -0.0001344935668428347 -0.0002327704378701129
17.58055555555503 -8.893854682867988e-05 -0.0002549110415773059
17.58333333333281 -3.979283172107575e-05 -0.0002681789768480015
17.58611111111059 1.12215274808606e-05 -0.0002720030066863984
17.58888888888836 6.229393208940575e-05 -0.0002661453025686867
17.59166666666614 0.0001115896877603357 -0.0002507146678074524
17.59444444444392 0.0001573163194173776 -0.0002261673112175102
17.59722222222169 0.0001977893445358602 -0.0001932949345738609
17.59999999999947 0.0002314950766156921 -0.0001532003619782143
17.60277777777724 0.0002571480969015869 -0.0001072614044924132
17.60555555555502 0.0002737411879207796 -5.708410182510043e-05
17.6083333333328 0.0002805857631904829 -4.446897378678924e-06
17.61111111111057 0.0002773411463045902 4.876233280430139e-05
17.61388888888835 0.000264031439056731 0.0001006141773077519
17.61666666666613 0.0002410491591996809 0.0001492080711453014
17.6194444444439 0.0002091453083139637 0.0001927425861016145
17.62222222222168 0.0001694060317395879 0.0002295830135495837
17.62499999999946 0.0001232165370894945 0.0002583236812961735
17.62777777777723 7.221342646365357e-05 0.0002778426010334765
17.63055555555501 1.822705129243575e-05 0.0002873462914224551
17.63333333333279 -3.678410012577309e-05 0.0002864029560974691
17.63611111111056 -9.080464015545551e-05 0.0002749626049063042
17.63888888888834 -0.0001418365528946822 0.0002533631763281491
17.64166666666612 -0.0001879737519356765 0.0002223222325034688
17.64444444444389 -0.0002274741242882241 0.0001829143368819524
17.64722222222167 -0.0002588263118342427 0.0001365347680477794
17.64999999999944 -0.0002808086391452114 8.485075106670788e-05
17.65277777777722 -0.0002925378553265831 2.974187929644212e-05
17.655555555555 -0.0002935057097817218 -2.676816463865359e-05
17.65833333333277 -0.0002836018154163305 -8.258611767193979e-05
17.66111111111055 -0.0002631217527052438 -0.0001356271303203189
17.66388888888833 -0.0002327599160542563 -0.0001838933286125755
17.6666666666661 -0.0001935871797385911 -0.0002255499631105803
17.66944444444388 -0.0001470140426309214 -0.0002589962143367052
17.67222222222166 -9.474047651243597e-05 -0.000282927887628426
17.67499999999943 -3.86942298563974e-05 -0.0002963895032912906
17.67777777777721 1.904019355917221e-05 -0.0002988136612182115
17.68055555555499 7.629927305488058e-05 -0.0002900460199993417
17.68333333333276 0.0001309220247658659 -0.0002703547625396396
17.68611111111054 0.0001808322834109354 -0.0002404240037139308
17.68888888888831 0.0002241185564970221 -0.0002013312087590266
17.69166666666609 0.0002591083485575175 -0.0001545093104202578
17.69444444444387 0.0002844340276983247 -0.0001016948142765717
17.69722222222164 0.0002990875979736684 -4.486374126155362e-05
17.69999999999942 0.0003024621391984564 1.384224825866625e-05
17.7027777777772 0.0002943781668879074 7.219679401349577e-05
17.70555555555497 0.0002750937310588157 0.0001279737757188915
17.70833333333275 0.0002452976926008174 0.0001790329975486919
17.71111111111053 0.000206086266119793 0.0002234032940367291
17.7138888888883 0.000158923573416897 0.0002593597964200841
17.71666666666608 0.000105587586238953 0.0002854922897236742
17.71944444444386 4.81034252784788e-05 0.0003007619054259784
17.72222222222163 -1.133349940402854e-05 0.000304543821736287
17.72499999999941 -7.044159476755592e-05 0.0002966541679071923
17.72777777777718 -0.0001269412094917008 0.0002773599311913782
17.73055555555496 -0.0001786433557451965 0.0002473713220918643
17.73333333333274 -0.0002235355472104906 0.0002078167400742237
17.73611111111051 -0.000259861350550849 0.0001602011709008533
17.73888888888829 -0.0002861904615301728 0.00010634951078044
17.74166666666607 -0.0003014764604401241 4.833692470358452e-05
17.74444444444384 -0.0003050998621798457 -1.159111851504901e-05
17.74722222222162 -0.00029689463730233 -7.110605618398499e-05
17.7499999999994 -0.0002771570203932992 -0.0001278872908259507
17.75277777777717 -0.0002466361164730901 -0.0001797135173273605
17.75555555555495 -0.0002065065375139808 -0.0002245506932835448
17.75833333333273 -0.0001583240208280219 -0.0002606331288637831
17.7611111111105 -0.0001039656700894211 -0.0002865344161192559
17.76388888888828 -4.555708975627258e-05 -0.000301225295798903
17.76666666666605 1.461077133153406e-05 -0.0003041160583870731
17.76944444444383 7.41718145318868e-05 -0.0002950816766288428
17.77222222222161 0.0001307784616565686 -0.000274468545963727
17.77499999999938 0.0001821950695511517 -0.0002430824403772948
17.77777777777716 0.0002263873382054065 -0.0002021580450539781
17.78055555555494 0.0002616040939501123 -0.0001533111734484557
17.78333333333271 0.0002864481096772446 -9.847548449153362e-05
17.78611111111049 0.0002999330425115573 -3.982615632487064e-05
17.78888888888827 0.0003015241102884982 2.030648061909255e-05
17.79166666666604 0.0002911607706927533 7.952991956970027e-05
17.79444444444382 0.0002692603856423825 0.0001354853382290181
17.7972222222216 0.0002367026197759938 0.0001859424774057161
17.79999999999937 0.0001947951046908474 0.000228889684458245
17.80277777777715 0.000145221667871649 0.0002626154404430776
17.80555555555492 8.997514532462029e-05 0.0002857780139768032
17.8083333333327 3.127743967526921e-05 0.0002974603492203411
17.81111111111048 -2.850997632688583e-05 0.0002972078821510669
17.81388888888825 -8.698150042592392e-05 0.0002850476652330961
17.81666666666603 -0.0001417849104530384 0.0002614879382396723
17.81944444444381 -0.0001907169609696147 0.0002274980815239809
17.82222222222158 -0.000231813142096477 0.0001844696946986761
17.82499999999936 -0.0002634278952847627 0.000134160325089545
17.82777777777714 -0.0002843019554150601 7.862209368879645e-05
17.83055555555491 -0.0002936140035977352 2.011810121939593e-05
17.83333333333269 -0.0002910144502330495 -3.896998396326748e-05
17.83611111111047 -0.0002766398975079082 -9.623937343960756e-05
17.83888888888824 -0.000251107624868018 -0.0001493646333300001
17.84166666666602 -0.0002154902672909032 -0.0001961931174205343
17.84444444444379 -0.000171271680028916 -0.0002348333996683179
17.84722222222157 -0.0001202857703376279 -0.0002637330222454136
17.84999999999935 -6.464079322364324e-05 -0.000281742306168787
17.85277777777712 -6.632223915622056e-06 -0.0002881615408372873
17.8555555555549 5.135219204836172e-05 -0.0002827695534714351
17.85833333333268 0.0001069312708254485 -0.0002658324313218868
17.86111111111045 0.0001578289887180079 -0.0002380919965789668
17.86388888888823 0.0002019687285142208 -0.0002007344815346054
17.86666666666601 0.0002375592257412561 -0.0001553406840006834
17.86944444444378 0.0002631686047597071 -0.0001038196649163949
17.87222222222156 0.0002777833863626949 -4.832874805535501e-05
17.87499999999934 0.0002808499740760807 8.816834294681647e-06
17.87777777777711 0.0002722968597835334 6.524086130131405e-05
17.88055555555489 0.0002525365999158684 0.0001186055353388394
17.88333333333266 0.0002224474670967496 0.0001667091981677604
17.88611111111044 0.0001833355425903393 0.0002075782282799655
17.88888888888822 0.0001368788454330693 0.0002395492359288165
17.89166666666599 8.505585908923868e-05 0.000261338078303765
17.89444444444377 3.006148283223728e-05 0.0002720927727183725
17.89722222222155 -2.578602614857262e-05 0.000271428067352839
17.89999999999932 -8.014316630734625e-05 0.0002594402082450261
17.9027777777771 -0.0001307401881362733 0.0002367012847206598
17.90555555555488 -0.0001754767597658127 0.0002042334072355457
17.90833333333265 -0.0002125102281138313 0.0001634638342012171
17.91111111111043 -0.0002403327172206818 0.0001161629805402163
17.91388888888821 -0.0002578337829160735 6.436797509104396e-05
17.91666666666598 -0.0002643459625347835 1.029505455388727e-05
17.91944444444376 -0.0002596712935703451 -4.375543872611485e-05
17.92222222222154 -0.0002440876943738089 -9.549737035058617e-05
17.92499999999931 -0.0002183349679165205 -0.0001427562128384054
17.92777777777709 -0.0001835810686427756 -0.0001835613455785233
17.93055555555486 -0.0001413701243265543 -0.0002162292943473604
17.93333333333264 -9.35544924686688e-05 -0.000239434343963044
17.93611111111042 -4.221381966566849e-05 -0.0002522635077370383
17.93888888888819 1.043536767341022e-05 -0.000254253518794176
17.94166666666597 6.213560655620225e-05 -0.0002454082914794585
17.94444444444375 0.0001106858051343392 -0.0002261961518104408
17.94722222222152 0.0001540356928015432 -0.0001975270170713309
17.9499999999993 0.00019037332240246 -0.0001607105775646761
17.95277777777708 0.0002182018450720981 -0.0001173973598904755
17.95555555555485 0.0002364022543488147 -6.950529455904531e-05
17.95833333333263 0.0002442794168139988 -1.913503848808192e-05
17.96111111111041 0.0002415894442858324 3.152221270311128e-05
17.96388888888818 0.0002285472850131807 8.028036811858447e-05
17.96666666666596 0.0002058142820386671 0.0001250533455660547
17.96944444444373 0.0001744663274185834 0.000163945085348174
17.97222222222151 0.0001359440923076757 0.0001953307506041164
17.97499999999929 9.198759731274482e-05 0.0002179255913235469
17.97777777777706 4.455807022245735e-05 0.0002308385045524897
17.98055555555484 -4.249411024508189e-06 0.0002336080089239819
17.98333333333262 -5.229859783944824e-05 0.0002262191368522155
17.98611111111039 -9.750595994490099e-05 0.0002091005974421239
17.98888888888817 -0.0001379316334115527 0.0001831024394197072
17.99166666666595 -0.0001718634247575877 0.0001494553070234793
17.99444444444372 -0.0001978901933252477 0.0001097131942386749
17.9972222222215 -0.0002149614223890524 6.568232773464958e-05
17.99999999999928 -0.0002224304185013256 1.933941407699294e-05
18.00277777777705 -0.000220079319952257 -2.725705467263419e-05
18.00555555555483 -0.0002081249153696654 -7.20584512421075e-05
18.0083333333326 -0.0001872051353540687 -0.0001131165216240317
18.01111111111038 -0.0001583469447411138 -0.0001486687262992825
18.01388888888816 -0.0001229171916406018 -0.0001772146414940205
18.01666666666593 -8.255872454168048e-05 -0.0001975800690430493
18.01944444444371 -3.911473662237394e-05 -0.0002089660737376023
18.02222222222149 5.455192000417132e-06 -0.0002109808601121015
18.02499999999926 4.916353069226658e-05 -0.0002036531846811454
18.02777777777704 9.00837117346278e-05 -0.0001874268388332709
18.03055555555482 0.0001264355226643782 -0.0001631365936441768
18.03333333333259 0.0001566631639472562 -0.0001319668318431061
18.03611111111037 0.0001795025148084673 -9.539486621831816e-05
18.03888888888815 0.0001940346613793366 -5.512162288524304e-05
18.04166666666592 0.0001997233836149259 -1.299292152511177e-05
18.0444444444437 0.000196435040817558 2.908501178443215e-05
18.04722222222147 0.0001844401056335424 6.923192791297069e-05
18.04999999999925 0.0001643964357206605 0.0001056779052396776
18.05277777777703 0.0001373152023373304 0.0001368418604041242
18.0555555555548 0.0001045111778817552 0.0001614007073018496
18.05833333333258 6.753978424133659e-05 0.0001783461061692213
18.06111111111036 2.812388899084353e-05 0.0001870263354041359
18.06388888888813 -1.192621926877741e-05 0.0001871715186425633
18.06666666666591 -5.079596146923916e-05 0.000178901215718515
18.06944444444369 -8.674887861044589e-05 0.0001627142022504615
18.07222222222146 -0.0001182045621936237 0.0001394610808213776
18.07499999999924 -0.000143808582972833 0.0001103011492387622
18.07777777777702 -0.0001624912954906074 7.664566220839577e-05
18.08055555555479 -0.0001735129359248764 4.009022948485776e-05
18.08333333333257 -0.0001764930858908161 2.339568737566375e-06
18.08611111111034 -0.0001714233138215987 -3.487184615789601e-05
18.08888888888812 -0.0001586625934870778 -6.985954485205766e-05
18.0916666666659 -0.0001389158991014337 -0.000101065548567489
18.09444444444367 -0.0001131971509907842 -0.0001271280942432401
18.09722222222145 -8.277839902644757e-05 -0.0001469414506907088
18.09999999999923 -4.912775015881771e-05 -0.0001597031739832905
18.102777777777 -1.383904322298703e-05 -0.0001649467597204031
18.10555555555478 2.144337355002802e-05 -0.000162558349855271
18.10833333333256 5.510121450556137e-05 -0.0001527769079472405
18.11111111111033 8.561660543845305e-05 -0.0001361780530971729
18.11388888888811 0.0001116407793609206 -0.0001136425028445757
18.11666666666589 0.0001320539909723402 -8.631078338659655e-05
18.11944444444366 0.0001460139670998493 -5.552648877704079e-05
18.12222222222144 0.0001529907772567899 -2.277088068028497e-05
18.12499999999921 0.0001527866689427404 1.040800621384484e-05
18.12777777777699 0.0001455401343717015 4.246836724574669e-05
18.13055555555477 0.0001317142242802916 7.194629444594048e-05
18.13333333333254 0.0001120698646698532 9.752276596034942e-05
18.13611111111032 8.762562881969555e-05 0.0001180828779635512
18.1388888888881 5.960603709800028e-05 0.0001327646419916674
18.14166666666587 2.93809723281932e-05 0.0001409951959449722
18.14444444444365 -1.600814664327174e-06 0.0001425128982507032
18.14722222222143 -3.188089327682818e-05 0.0001373744613248144
18.1499999999992 -6.00597330678783e-05 0.0001259469991630819
18.15277777777698 -8.486144521977922e-05 0.0001088855800479424
18.15555555555476 -0.0001051916799482558 8.709755484675091e-05
18.15833333333253 -0.0001201860392658487 6.169554215259144e-05
18.16111111111031 -0.0001292468508522543 3.394146514705243e-05
18.16388888888808 -0.0001320667318726236 5.184428051441254e-06
18.16666666666586 -0.000128638022377995 -2.320452507194712e-05
18.16944444444364 -0.0001192478544375262 -4.989762024427819e-05
18.17222222222141 -0.0001044593120133906 -7.36724292199982e-05
18.17499999999919 -8.507979466584484e-05 -9.346790187489405e-05
18.17777777777697 -6.211829417730261e-05 -0.0001084317773338115
18.18055555555474 -3.673379915770913e-05 -0.0001179572462074122
18.18333333333252 -1.017743535722665e-05 -0.0001217072828678236
18.1861111111103 1.626878878344797e-05 -0.000119625681878027
18.18888888888807 4.135364185866081e-05 -0.0001119344859051724
18.19166666666585 6.391577090941085e-05 -9.911815162083443e-05
18.19444444444363 8.293744953088163e-05 -8.189543322656369e-05
18.1972222222214 9.759047896360624e-05 -6.118053999422934e-05
18.19999999999918 0.0001072721660285241 -3.803561734232681e-05
18.20277777777696 0.0001116298138056846 -1.361698764311158e-05
18.20555555555473 0.000110572741278183 1.088215018162189e-05
18.20833333333251 0.0001042714675931984 3.428973527347133e-05
18.21111111111028 9.314432440237355e-05 5.551075798672768e-05
18.21388888888806 7.783236519760471e-05 7.35784040133851e-05
18.21666666666584 5.916399440796454e-05 8.769803763892343e-05
18.21944444444361 3.811121493590972e-05 9.728202030755834e-05
18.22222222222139 1.573976863019266e-05 0.0001019738403902343
18.22499999999917 -6.844297031585229e-06 0.0001016605766219247
18.22777777777694 -2.854897199400787e-05 9.647330331205449e-05
18.23055555555472 -4.834887407982093e-05 8.677564081085938e-05
18.2333333333325 -6.533355666523715e-05 7.314123042947259e-05
18.23611111111027 -7.874925746852046e-05 5.632144104766429e-05
18.23888888888805 -8.80321739667719e-05 3.720506973524013e-05
18.24166666666583 -9.283180062580507e-05 1.677215956455511e-05
18.2444444444436 -9.302337727375299e-05 -3.955691919165806e-06
18.24722222222138 -8.870905015600601e-05 -2.396603098677342e-05
18.24999999999915 -8.020790956308101e-05 -4.230474668373078e-05
18.25277777777693 -6.80356124291815e-05 -5.812138462041676e-05
18.25555555555471 -5.287479827073408e-05 -7.070842577922176e-05
18.25833333333248 -3.55379382106296e-05 -7.953271870894209e-05
18.26111111111026 -1.692459933895679e-05 -8.425767533288602e-05
18.26388888888804 2.024655230604284e-06 -8.475532375142145e-05
18.26666666666581 2.037538661792583e-05 -8.110783080045784e-05
18.26944444444359 3.724507179412686e-05 -7.359863624664869e-05
18.27222222222137 5.184532951795931e-05 -6.269385281584102e-05
18.27499999999914 6.35185647092959e-05 -4.901505648912338e-05
18.27777777777692 7.176733282172343e-05 -3.330499691288246e-05
18.2805555555547 7.627512192418909e-05 -1.638807923054909e-05
18.28333333333247 7.691770381498109e-05 8.723084320962014e-07
18.28611111111025 7.376469280809141e-05 1.761743260284638e-05
18.28888888888802 6.707144679570209e-05 3.303562473771566e-05
18.2916666666658 5.726192474242771e-05 4.640137823934353e-05
18.29444444444358 4.49035541096357e-05 5.710925537444282e-05
18.29722222222135 3.067553948946969e-05 6.470102632290986e-05
18.29999999999913 1.533234208083694e-05 6.888483494625717e-05
18.30277777777691 -3.35734968399199e-07 6.954561133231596e-05
18.30555555555468 -1.554281648749007e-05 6.674640727397797e-05
18.30833333333246 -2.954654260330943e-05 6.072079394140101e-05
18.31111111111024 -4.168403932679389e-05 5.185690755989944e-05
18.31388888888801 -5.140303750413607e-05 4.06741366316443e-05
18.31666666666579 -5.828668797123e-05 2.779379324714455e-05
18.31944444444357 -6.207097099419925e-05 1.390538479262812e-05
18.32222222222134 -6.26539967005713e-05 -2.69711520187738e-07
18.32499999999912 -6.009691896699612e-05 -1.401527807875084e-05
18.32777777777689 -5.461661592372634e-05 -2.66561042349221e-05
18.33055555555467 -4.65707038314309e-05 -3.759086843026603e-05
18.33333333333245 -3.643582685535641e-05 -4.632046314783208e-05
18.33611111111022 -2.4780484823449e-05 -5.247043881183024e-05
18.338888888888 -1.223390926493759e-05 -5.580657232816988e-05
18.34166666666578 5.473362933138677e-07 -5.624293889266603e-05
18.34444444444355 1.291327936906928e-05 -5.3842261989601e-05
18.34722222222133 2.425324732915527e-05 -4.880871535875268e-05
18.34999999999911 3.402572773165174e-05 -4.147373162087876e-05
18.35277777777688 4.178393062922832e-05 -3.227571606049956e-05
18.35555555555466 4.719585793551644e-05 -2.173485392062113e-05
18.35833333333244 5.00579950242155e-05 -1.042442175252869e-05
18.36111111111021 5.030208800034262e-05 1.059842051926851e-06
18.36388888888799 4.799483775380843e-05 1.21306911489771e-05
18.36666666666576 4.333070958148817e-05 2.223905649057143e-05
18.36944444444354 3.661840586194046e-05 3.090097468245803e-05
18.37222222222132 2.826186140281545e-05 3.772045022252875e-05
18.37499999999909 1.87368813479597e-05 4.240718464934256e-05
18.37777777777687 8.564737655375686e-06 4.478839712482069e-05
18.38055555555465 -1.715836535333905e-06 4.481428545385122e-05
18.38333333333242 -1.157676952441978e-05 4.255701639856328e-05
18.3861111111102 -2.052743779521378e-05 3.820347136877272e-05
18.38888888888798 -2.813877079315861e-05 3.204229069627377e-05
18.39166666666575 -3.406350162766169e-05 2.444604071109152e-05
18.39444444444353 -3.805162207283909e-05 1.584955896662761e-05
18.39722222222131 -3.996037386659173e-05 6.725703366904912e-06
18.39999999999908 -3.975840973804684e-05 -2.440166779803998e-06
18.40277777777686 -3.752407040728854e-05 -1.117561929341448e-05
18.40555555555463 -3.343803136466423e-05 -1.904516991754303e-05
18.40833333333241 -2.777085958660749e-05 -2.56716869201499e-05
18.41111111111019 -2.086627101189204e-05 -3.075414021086485e-05
18.41388888888796 -1.312108234107236e-05 -3.408087478048772e-05
18.41666666666574 -4.962996104657903e-06 -3.553784452548213e-05
18.41944444444352 3.172560207246621e-06 -3.511152153723829e-05
18.42222222222129 1.086530452578461e-05 -3.288648245947617e-05
18.42499999999907 1.773149336650297e-05 -2.903795227652932e-05
18.42777777777685 2.344276176806076e-05 -2.38198424062406e-05
18.43055555555462 2.774149832123567e-05 -1.754904128843415e-05
18.4333333333324 3.045205144482522e-05 -1.058689102439386e-05
18.43611111111018 3.148730230405397e-05 -3.318904980583487e-06
18.43888888888795 3.085039692006749e-05 3.866156364725857e-06
18.44166666666573 2.863169099963602e-05 1.059673241075311e-05
18.4444444444435 2.500121189316752e-05 1.653737087668376e-05
18.44722222222128 2.019716983631277e-05 2.140514839038183e-05
18.44999999999906 1.451124378475374e-05 2.498281310118934e-05
18.45277777777683 8.271516393900532e-06 2.712805574988881e-05
18.45555555555461 1.824031293994771e-06 2.777853807651829e-05
18.45833333333239 -4.486010087849415e-06 2.69525432358091e-05
18.46111111111016 -1.033240614110557e-05 2.474534908735213e-05
18.46388888888794 -1.542452553331124e-05 2.132164922828455e-05
18.46666666666572 -1.952146162793947e-05 1.690454682551671e-05
18.46944444444349 -2.244309554974107e-05 1.176181265825738e-05
18.47222222222127 -2.407757768668985e-05 6.190223363164058e-06
18.47499999999905 -2.438494322850166e-05 4.988732039487609e-07
18.47777777777682 -2.339679224516802e-05 -5.007620023841538e-06
18.4805555555546 -2.121217702145247e-05 -1.004511711915034e-05
18.48333333333238 -1.799003757209514e-05 -1.436433996975973e-05
18.48611111111015 -1.393870022738127e-05 -1.776291916941961e-05
18.48888888888793 -9.303095254299357e-06 -2.009453889705859e-05
18.4916666666657 -4.350451038240869e-06 -2.127478459001203e-05
18.49444444444348 6.447199091617193e-07 -2.128348823457871e-05
18.49722222222126 5.415515742136864e-06 -2.016356061007601e-05
18.49999999999903 9.716626314317725e-06 -1.801648890305196e-05
18.50277777777681 1.333668051454672e-05 -1.499485170632159e-05
