16.5 -1.430708243536598e-07 1.625837880727837e-07
16.50277777777778 -1.682351434727501e-07 1.474175710298044e-07
16.50555555555555 -1.919873710295576e-07 1.284898036890325e-07
16.50833333333333 -2.137819055456041e-07 1.058952965599497e-07
16.51111111111111 -2.330717145696937e-07 7.980576846075016e-08
16.51388888888888 -2.49318859054066e-07 5.047211896944399e-08
16.51666666666666 -2.620056229219474e-07 1.822530816147377e-08
16.51944444444444 -2.706460709999637e-07 -1.652428001842201e-08
16.52222222222221 -2.747978360425549e-07 -5.328909317852068e-08
16.52499999999999 -2.74073915467187e-07 -9.150836211538675e-08
16.52777777777776 -2.681542412507037e-07 -1.305537974892597e-07
16.53055555555554 -2.567967728089336e-07 -1.697370485172012e-07
16.53333333333332 -2.398478531622434e-07 -2.083189059462881e-07
16.53611111111109 -2.172515638087112e-07 -2.455201945030665e-07
16.53888888888887 -1.890578139606127e-07 -2.805342611743868e-07
16.54166666666665 -1.554289055451457e-07 -3.125409257542075e-07
16.54444444444442 -1.166443269556132e-07 -3.407217198247646e-07
16.5472222222222 -7.310354617446299e-08 -3.64276200572606e-07
16.54999999999998 -2.532659768334635e-08 -3.824390874397667e-07
16.55277777777775 2.604771247784683e-08 -3.944979334975408e-07
16.55555555555553 8.026612321135773e-08 -3.998110105634796e-07
16.55833333333331 1.364678544825422e-07 -3.97825058400818e-07
16.56111111111108 1.936942142212812e-07 -3.880925247944721e-07
16.56388888888886 2.5090087556351e-07 -3.702879057865708e-07
16.56666666666663 3.069727684606781e-07 -3.44222784726879e-07
16.56944444444441 3.607414710640123e-07 -3.098591658139346e-07
16.57222222222219 4.110049256228853e-07 -2.67320703130173e-07
16.57499999999996 4.565492420391857e-07 -2.169014403455395e-07
16.57777777777774 4.961722909589129e-07 -1.590716996546781e-07
16.58055555555552 5.287087286801714e-07 -9.44807913485686e-08
16.58333333333329 5.530560396433895e-07 -2.395625771079031e-08
16.58611111111107 5.682011302815132e-07 5.15005834928479e-08
16.58888888888885 5.732469620261303e-07 1.307229702030911e-07
16.59166666666662 5.674386727373233e-07 2.123910074769651e-07
16.5944444444444 5.501886061591592e-07 2.950479885250951e-07
16.59722222222218 5.210996495152295e-07 3.771206723060198e-07
16.59999999999995 4.79986271254016e-07 4.569433771043812e-07
16.60277777777773 4.268926552700333e-07 5.327856585005163e-07
16.6055555555555 3.6210734551804e-07 6.028832473131576e-07
16.60833333333328 2.861738464334052e-07 6.654718303409861e-07
16.61111111111106 1.998966703218822e-07 7.188231660899435e-07
16.61388888888883 1.043423829938714e-07 7.612829412510374e-07
16.61666666666661 8.352731299239853e-10 7.913096937330263e-07
16.61944444444439 -1.090526413548258e-07 8.075140567581207e-07
16.62222222222216 -2.235174562640986e-07 8.086975181307574e-07
16.62499999999994 -3.405451478807355e-07 7.938898414134941e-07
16.62777777777772 -4.57939216415695e-07 7.623842634161731e-07
16.63055555555549 -5.733540295635403e-07 7.137695669470246e-07
16.63333333333327 -6.843335545282451e-07 6.479581307934277e-07
16.63611111111105 -7.883550288225857e-07 5.652090816872909e-07
16.63888888888882 -8.828769818615839e-07 4.661457165439749e-07
16.6416666666666 -9.653908839465828e-07 3.517664280979401e-07
16.64444444444437 -1.033475569847268e-06 2.234484533451324e-07
16.64722222222215 -1.084853464163059e-06 8.294387159562981e-08
16.64999999999993 -1.117447528324195e-06 -6.763259338351979e-08
16.6527777777777 -1.12943775779346e-06 -2.25824266047153e-07
16.65555555555548 -1.119315985957449e-06 -3.888618418340559e-07
16.65833333333326 -1.08593770134912e-06 -5.53701296960652e-07
16.66111111111103 -1.028569559962398e-06 -7.17070152144843e-07
16.66388888888881 -9.469312768597514e-07 -8.755216587704978e-07
16.66666666666659 -8.412306129735516e-07 -1.025496273073088e-06
16.66944444444436 -7.12190235348845e-07 -1.163389580724941e-06
16.67222222222214 -5.610653229037133e-07 -1.285625635198511e-06
16.67499999999992 -3.896509152228511e-07 -1.388734483317964e-06
16.67777777777769 -2.002781584348107e-07 -1.469432475332709e-06
16.68055555555547 4.201211474565148e-09 -1.524703799669475e-06
16.68333333333324 2.204425935460209e-07 -1.55188154909934e-06
16.68611111111102 4.446486616824049e-07 -1.54872652011163e-06
16.6888888888888 6.726218660997755e-07 -1.51350187521283e-06
16.69166666666657 8.99828966103986e-07 -1.445041762624318e-06
16.69444444444435 1.121476975190098e-06 -1.34281199284559e-06
16.69722222222213 1.332599604697469e-06 -1.206960919506458e-06
16.6999999999999 1.528152997691647e-06 -1.038358764798899e-06
16.70277777777768 1.703119257148094e-06 -8.386237685757637e-07
16.70555555555546 1.852615998832551e-06 -6.10133725034246e-07
16.70833333333323 1.972009906818015e-06 -3.560217007240531e-07
16.71111111111101 2.057032045517653e-06 -8.01550003722719e-08
16.71388888888879 2.103892493596651e-06 2.129032405989708e-07
16.71666666666656 2.10939171889152e-06 5.17950110284509e-07
16.71944444444434 2.071026015846207e-06 8.292165172720012e-07
16.72222222222211 1.987084283522537e-06 1.140457825836387e-06
16.72499999999989 1.856733437725895e-06 1.44506060873397e-06
16.72777777777767 1.680089828890583e-06 1.736164173838096e-06
16.73055555555544 1.458274180590496e-06 2.006795099991866e-06
16.73333333333322 1.193447773049989e-06 2.250012608642595e-06
16.736111111111 8.888278714855243e-07 2.459062211416516e-06
16.73888888888877 5.486807386913814e-07 2.62753472016099e-06
16.74166666666655 1.782909714051599e-07 2.749527395644227e-06
16.74444444444433 -2.160936444106245e-07 2.819803754084899e-06
16.7472222222221 -6.273420601122041e-07 2.833948356657356e-06
16.74999999999988 -1.04754442912304e-06 2.788512784759563e-06
16.75277777777766 -1.468140291818466e-06 2.681148960878595e-06
16.75555555555543 -1.880069069072808e-06 2.510726017638528e-06
16.75833333333321 -2.273940853498215e-06 2.277427050817799e-06
16.76111111111098 -2.640224895095611e-06 1.982822318732541e-06
16.76388888888876 -2.969452607547076e-06 1.629915771285372e-06
16.76666666666654 -3.252431387293356e-06 1.223162205980441e-06
16.76944444444431 -3.480465054952418e-06 7.684528517238982e-07
16.77222222222209 -3.645576312205319e-06 2.730677683739971e-07
16.77499999999987 -3.740726271166133e-06 -2.544058874456209e-07
16.77777777777764 -3.760025870726323e-06 -8.04189952557705e-07
16.78055555555542 -3.698933857204652e-06 -1.365465146703947e-06
16.7833333333332 -3.55443598503409e-06 -1.926553388592976e-06
16.78611111111097 -3.325200195226093e-06 -2.475130330055462e-06
16.78888888888875 -3.011702760606717e-06 -2.99846506247342e-06
16.79166666666653 -2.616320750254421e-06 -3.483683130623563e-06
16.7944444444443 -2.143386661122847e-06 -3.918048208904608e-06
16.79722222222208 -1.599201689303801e-06 -4.289257074662052e-06
16.79999999999986 -9.920048601997774e-07 -4.585741874029194e-06
16.80277777777763 -3.318960961834782e-07 -4.796973137725853e-06
16.80555555555541 3.692877412282593e-07 -4.913756587011856e-06
16.80833333333318 1.098143756468177e-06 -4.928516491094199e-06
16.81111111111096 1.839919689958235e-06 -4.83555821232111e-06
16.81388888888874 2.578774025844924e-06 -4.631302617174811e-06
16.81666666666651 3.298076049686747e-06 -4.314485249056582e-06
16.81944444444429 3.98074121870848e-06 -3.886313559050675e-06
16.82222222222207 4.609596097143275e-06 -3.350576075173348e-06
16.82499999999984 5.167766067588799e-06 -2.713698156592268e-06
16.82777777777762 5.639078085685221e-06 -1.984739919953434e-06
16.8305555555554 6.008469928701992e-06 -1.175333028507786e-06
16.83333333333317 6.262396726434848e-06 -2.995542847339132e-07
16.83611111111095 6.389225080792122e-06 6.262646574151045e-07
16.83888888888873 6.379604801541318e-06 1.583790669323e-06
16.8416666666665 6.226808229154838e-06 2.553003276524594e-06
16.84444444444428 5.927027296790671e-06 3.512565619901532e-06
16.84722222222205 5.479618912346473e-06 4.440246745677005e-06
16.84999999999983 4.887289923095222e-06 5.313388174530036e-06
16.85277777777761 4.156213858574487e-06 6.109406231190226e-06
16.85555555555538 3.296072824739618e-06 6.806320265145637e-06
16.85833333333316 2.320019330201138e-06 7.383295700408207e-06
16.86111111111094 1.244554443034563e-06 7.821189856784709e-06
16.86388888888871 8.932047759740051e-08 8.103087722790556e-06
16.86666666666649 -1.123191638274785e-06 8.214814364328227e-06
16.86944444444427 -2.36801810302457e-06 8.145410451617888e-06
16.87222222222204 -3.618176745946325e-06 7.887557502399281e-06
16.87499999999982 -4.845193805872458e-06 7.437939888266703e-06
16.8777777777776 -6.019694377679637e-06 6.79753144214182e-06
16.88055555555537 -7.112045891672627e-06 5.971795639220722e-06
16.88333333333315 -8.093042104588425e-06 4.970789793695713e-06
16.88611111111092 -8.934613391964791e-06 3.809165502813335e-06
16.8888888888887 -9.610547693672652e-06 2.506059652844426e-06
16.89166666666648 -1.009720532767187e-05 1.084872644316395e-06
16.89444444444425 -1.037421009787029e-05 -4.270669468117323e-07
16.89722222222203 -1.042509872003424e-05 -1.998949329995105e-06
16.89999999999981 -1.023791060796531e-05 -3.597037307804727e-06
16.90277777777758 -9.805700524605721e-06 -5.185319278812067e-06
16.90555555555536 -9.126957523728879e-06 -6.726250933006246e-06
16.90833333333314 -8.205914991124241e-06 -8.181572384600007e-06
16.91111111111091 -7.05273843179342e-06 -9.513184907611843e-06
16.91388888888869 -5.683579922000822e-06 -1.068406910749382e-05
16.91666666666647 -4.120490820067874e-06 -1.165922435031824e-05
16.91944444444424 -2.391187363646064e-06 -1.240660764836275e-05
16.92222222222202 -5.286671180458856e-07 -1.289804903051341e-05
16.92499999999979 1.429322186415342e-06 -1.311011976292395e-05
16.92777777777757 3.440956156915518e-06 -1.302492967555437e-05
16.93055555555535 5.461140501289105e-06 -1.263083032767621e-05
16.93333333333312 7.442438181798453e-06 -1.192300183141079e-05
16.9361111111109 9.336100412442817e-06 -1.090390285379256e-05
16.93888888888868 1.109318148930428e-05 -9.583565626238373e-06
16.94166666666645 1.266571429300603e-05 -7.979720681372802e-06
16.94444444444423 1.400792056289142e-05 -6.117739469933334e-06
16.94722222222201 1.507742780607112e-05 -4.030386928242594e-06
16.94999999999978 1.583646305630646e-05 -1.757380396617938e-06
16.95277777777756 1.625299271227042e-05 6.552440563217752e-07
16.95555555555534 1.630177742378609e-05 3.155951969611495e-06
16.95833333333311 1.596531150506207e-05 5.688706562110862e-06
16.96111111111089 1.523461766477141e-05 8.194124635548967e-06
16.96388888888866 1.41098699647071e-05 1.06107715601859e-05
16.96666666666644 1.260082084151151e-05 1.28765700204561e-05
16.96944444444422 1.072701171821759e-05 1.493029302557311e-05
16.97222222222199 8.517751141284453e-06 1.671310804738803e-05
16.97499999999977 6.011849429504174e-06 1.817013615835737e-05
16.97777777777755 3.25710441870133e-06 1.92519878176073e-05
16.98055555555532 3.095389150616491e-07 1.9916235592122e-05
16.9833333333331 -2.76760320150115e-06 2.012878368387513e-05
16.98611111111088 -5.905088802875588e-06 1.986509472417615e-05
16.98888888888865 -9.02913537341157e-06 1.911123593156455e-05
16.99166666666643 -1.206303271650791e-05 1.786470942286645e-05
16.99444444444421 -1.492891436963536e-05 1.613503520460867e-05
16.99722222222198 -1.754964116510869e-05 1.394406011190359e-05
16.99999999999976 -1.985075463752846e-05 1.132597163412133e-05
17.00277777777753 -2.176245409304946e-05 8.327002071999853e-06
17.00555555555531 -2.322154826476033e-05 5.004815683934987e-06
17.00833333333309 -2.417333071095997e-05 1.427579248107708e-06
17.01111111111086 -2.457332757280867e-05 -2.327275381522185e-06
17.01388888888864 -2.438886707315943e-05 -6.174579807310816e-06
17.01666666666642 -2.360042225653115e-05 -1.002322347016025e-05
17.01944444444419 -2.220268195539988e-05 -1.377818056288691e-05
17.02222222222197 -2.020530979924004e-05 -1.73427285382647e-05
17.02499999999975 -1.763335720154825e-05 -2.062081034601499e-05
17.02777777777752 -1.452730357207654e-05 -2.351948650743144e-05
17.0305555555553 -1.094270537333053e-05 -2.595141822244267e-05
17.03333333333308 -6.949444906860425e-06 -2.783731908408409e-05
17.03611111111085 -2.630579674611318e-06 -2.91083108139127e-05
17.03888888888863 1.919196413363941e-06 -2.970811785729515e-05
17.0416666666664 6.595458074650754e-06 -2.95950367858441e-05
17.04444444444418 1.128628744253475e-05 -2.874361930007965e-05
17.04722222222196 1.587480387624804e-05 -2.714601222012167e-05
17.04999999999973 2.024193245571195e-05 -2.481290416050094e-05
17.05277777777751 2.426935013209429e-05 -2.177403652472875e-05
17.05555555555529 2.784254101085447e-05 -1.807824589455894e-05
17.05833333333306 3.085388620099813e-05 -1.379301565113915e-05
17.06111111111084 3.320570930881683e-05 -9.003526526865563e-06
17.06388888888862 3.481319618288156e-05 -3.811208485992297e-06
17.06666666666639 3.560710708954172e-05 1.668190431814723e-06
17.06944444444417 3.553620122387032e-05 7.306989223815459e-06
17.07222222222195 3.456929739949593e-05 1.296837060732725e-05
17.07499999999972 3.269690091176645e-05 1.850953408778e-05
17.0777777777775 2.993233487435222e-05 2.378513830059998e-05
17.08055555555528 2.631232466910435e-05 2.865095482565075e-05
17.08333333333305 2.189699634118748e-05 3.296764656800786e-05
17.08611111111083 1.676926357594672e-05 3.660457659775397e-05
17.0888888888886 1.103359301402916e-05 3.94435483310104e-05
17.09166666666638 4.814153749940194e-06 4.138237535302875e-05
17.09444444444416 -1.74762647237008e-06 4.233817921592495e-05
17.09722222222193 -8.49605903135187e-06 4.225031631143786e-05
17.09999999999971 -1.526469030344695e-05 4.108284047507483e-05
17.10277777777749 -2.188022401005356e-05 3.882641630189924e-05
17.10555555555526 -2.816678385462596e-05 3.549960914803507e-05
17.10833333333304 -3.395041739710554e-05 3.114949127995373e-05
17.11111111111082 -3.906373134250879e-05 2.585151936352107e-05
17.11388888888859 -4.335054014536578e-05 1.970865613010348e-05
17.11666666666637 -4.667040439109591e-05 1.284972822293947e-05
17.11944444444415 -4.890293308707253e-05 5.427032459761458e-06
17.12222222222192 -4.995172498728044e-05 -2.386776460180077e-06
17.1249999999997 -4.974782850679579e-05 -1.040246296845438e-05
17.12777777777747 -4.825260769072573e-05 -1.841857826970767e-05
17.13055555555525 -4.545991302561071e-05 -2.622632540934709e-05
17.13333333333303 -4.139747046095787e-05 -3.361481116008656e-05
17.1361111111108 -3.612741958900241e-05 -4.037655898948269e-05
17.13888888888858 -2.974595215971571e-05 -4.63131450289713e-05
17.14166666666636 -2.238202454583773e-05 -5.124080987523129e-05
17.14444444444413 -1.419514189478034e-05 -5.499589361570273e-05
17.14722222222191 -5.372236918262374e-06 -5.743993999005555e-05
17.14999999999969 3.876308073584241e-06 -5.846431829457905e-05
17.15277777777746 1.332142188548677e-05 -5.799421861542209e-05
17.15555555555524 2.272078945260294e-05 -5.599188722998446e-05
17.15833333333302 3.182485997088806e-05 -5.245898441857256e-05
17.16111111111079 4.038327660473969e-05 -4.743796622943604e-05
17.16388888888857 4.815156895392193e-05 -4.101241457066856e-05
17.16666666666634 5.489793586119879e-05 -3.330626587566856e-05
17.16944444444412 6.040993675971181e-05 -2.448191691268e-05
17.1722222222219 6.45009050369521e-05 -1.47372163959493e-05
17.17499999999967 6.701589716142656e-05 -4.301382136452624e-06
17.17777777777745 6.783699677959703e-05 6.570085281731211e-06
17.18055555555523 6.688780371295697e-05 1.760139077188756e-05
17.183333333333 6.413695368502743e-05 2.850320448349861e-05
17.18611111111078 5.960053545603373e-05 3.89800360550855e-05
17.18888888888856 5.334329745791588e-05 4.873804327002369e-05
17.19166666666633 4.547856547521935e-05 5.749307596465965e-05
17.19444444444411 3.616682574742185e-05 6.497874181212323e-05
17.19722222222189 2.561296328060254e-05 7.095427180660943e-05
17.19999999999966 1.406218226194636e-05 7.521196035928904e-05
17.20277777777744 1.79467328103336e-06 7.758395822195134e-05
17.20555555555521 -1.088087046064085e-05 7.794820613027694e-05
17.20833333333299 -2.36347497103259e-05 7.623331309252227e-05
17.21111111111077 -3.612459668225229e-05 7.242220543909151e-05
17.21388888888854 -4.800435170775868e-05 6.655440071236223e-05
17.21666666666632 -5.893365171842848e-05 5.872679364754272e-05
17.2194444444441 -6.858738325369056e-05 4.909287913401091e-05
17.22222222222187 -7.666513890828724e-05 3.786037826080927e-05
17.22499999999965 -8.290030925256916e-05 2.52872772935766e-05
17.22777777777743 -8.706854271847079e-05 1.167633456225176e-05
17.2305555555552 -8.899531403623469e-05 -2.631844489062304e-06
17.23333333333298 -8.856235758807704e-05 -1.726701971232046e-05
17.23611111111076 -8.571274536514155e-05 -3.183863008504272e-05
17.23888888888853 -8.045441969278897e-05 -4.594598500360504e-05
17.24166666666631 -7.286202792596716e-05 -5.918907616563922e-05
17.24444444444408 -6.307694909723185e-05 -7.117972636708443e-05
17.24722222222186 -5.130545000704319e-05 -8.155277188568573e-05
17.24999999999964 -3.781495929186547e-05 -8.997696343504247e-05
17.25277777777741 -2.292850124609264e-05 -9.616526760531215e-05
17.25555555555519 -7.017385150680945e-06 -9.988425666647947e-05
17.25833333333297 9.507700958099001e-06 -0.0001009622897640399
17.26111111111074 2.620699233914346e-05 -9.929621279226184e-05
17.26388888888852 4.262309880106468e-05 -9.485633721885943e-05
17.2666666666663 5.829331711338338e-05 -8.768949922413638e-05
17.26944444444407 7.276248194793216e-05 -7.792004880867566e-05
17.27222222222185 8.559600624626538e-05 -6.574867287788721e-05
17.27499999999963 9.639274461839159e-05 -5.144901536024474e-05
17.2777777777774 0.0001047973060952448 -3.536211961306034e-05
17.28055555555518 0.0001105114458740361 -1.788878200484094e-05
17.28333333333295 0.0001133041798880448 5.200311689381986e-07
17.28611111111073 0.0001130202910801298 1.937449024909364e-05
17.28888888888851 0.0001095869318144064 3.815866214106643e-05
17.29166666666628 0.0001030180722548181 5.634440249196523e-05
17.29444444444406 9.341659878724948e-05 7.340601562895217e-05
17.29722222222184 8.097392837894518e-05 8.883528358051322e-05
17.29999999999961 6.59670726027668e-05 0.0001021564418150552
17.30277777777739 4.875315711010057e-05 0.0001129406672230539
17.30555555555517 2.976147664190745e-05 0.0001208196440889357
17.30833333333294 9.483240096084108e-06 0.0001254977867800536
17.31111111111072 -1.154076747089897e-05 0.0001267627236689234
17.3138888888885 -3.27343109538692e-05 0.0001244936850819001
17.31666666666627 -5.350126284059744e-05 0.0001186674881252796
17.31944444444405 -7.32421826826416e-05 0.0001093618719898211
17.32222222222182 -9.137146592308373e-05 9.675600733824573e-05
17.3249999999996 -0.0001073345788423593 8.112808086060956e-05
17.32777777777738 -0.0001206248789037014 6.284993899154056e-05
17.33055555555515 -0.0001307995165843474 4.237886081988148e-05
17.33333333333293 -0.0001374939264124039 2.024661693177086e-05
17.33611111111071 -0.0001404344415498466 -2.953944262678573e-06
17.33888888888848 -0.0001394486075598671 -2.65844608599985e-05
17.34166666666626 -0.0001344728262152351 -4.997837732963096e-05
17.34444444444404 -0.000125557028145653 -7.245956100964105e-05
17.34722222222181 -0.0001128661521544756 -9.336170424296775e-05
17.34999999999959 -9.667829714777816e-05 -0.0001120479627103175
17.35277777777737 -7.737950744613092e-05 -0.0001279302573082721
17.35555555555514 -5.545525116092972e-05 -0.0001404876601175567
17.35833333333292 -3.147875144861529e-05 -0.0001492832953595315
17.3611111111107 -6.096428837576924e-06 -0.0001539792139569422
17.36388888888847 1.998919357714093e-05 -0.0001543487451203262
17.36666666666625 4.603868444749153e-05 -0.0001502858894501285
17.36944444444402 7.129648512501858e-05 -0.0001418113940297477
17.3722222222218 9.501270236647503e-05 -0.0001290752390536801
17.37499999999958 0.0001164652913724562 -0.000112355365381105
17.37777777777735 0.0001349819785938579 -9.205258033499973e-05
17.38055555555513 0.0001499612634034501 -6.868169203440149e-05
17.38333333333291 0.0001608918470648336 -4.285903728239345e-05
17.38611111111068 0.0001673698667711369 -1.528668107998879e-05
17.38888888888846 0.0001691133615610082 1.326632629898249e-05
17.39166666666624 0.0001659734647420871 4.198514949106159e-05
17.39444444444401 0.0001579419025549216 7.00322529830758e-05
17.39722222222179 0.0001451544790892022 9.657172592732111e-05
17.39999999999957 0.0001278903403009566 0.0001207941471560032
17.40277777777734 0.0001065669322764575 0.0001419412557267776
17.40555555555512 8.173069717240849e-05 0.0001593296787638235
17.40833333333289 5.404368075445068e-05 0.0001723729772756726
17.41111111111067 2.426635422177529e-05 0.0001806013023804575
17.41388888888845 -6.762923986115039e-06 0.0001836780086467475
17.41666666666622 -3.815126739541155e-05 0.0001814126470138189
17.419444444444 -6.897680287595058e-05 0.000173769855266874
17.42222222222178 -9.831567245243069e-05 0.0001608737769129826
17.42499999999955 -0.0001252697108856058 0.000143007766523277
17.42777777777733 -0.0001489939738972691 0.0001206092776447064
17.43055555555511 -0.0001687232758159431 9.425997424882031e-05
17.43333333333288 -0.0001837969048160618 6.467125408485161e-05
17.43611111111066 -0.000193680719250223 3.266551772046925e-05
17.43888888888844 -0.0001979858894176916 -8.463440820573017e-07
17.44166666666621 -0.0001964836342731141 -3.48906441961954e-05
17.44444444444399 -0.0001891154100528946 -6.845906121971726e-05
17.44722222222176 -0.0001759981348299116 -0.0001005384636362863
17.44999999999954 -0.0001574241761513027 -0.0001301415192754288
17.45277777777732 -0.0001338559841147762 -0.0001563371681930386
17.45555555555509 -0.0001059154149698268 -0.0001782800195037156
17.45833333333287 -7.436795567370916e-05 -0.0001952377439393856
17.46111111111065 -4.010222269060226e-05 -0.0002066155743296537
17.46388888888842 -4.10526351531169e-06 -0.0002119770953085199
17.4666666666662 3.256566815245032e-05 -0.0002110605999021112
17.46944444444398 6.881406772642116e-05 -0.0002037904118951134
17.47222222222175 0.0001035369666962877 -0.0001902827158370582
17.47499999999953 0.0001356585750734147 -0.0001708455972573761
17.47777777777731 0.0001641637546453772 -0.0001459731694913272
17.48055555555508 0.0001881302808644435 -0.0001163338453108663
17.48333333333286 0.0002067588660356155 -8.275299575967487e-05
17.48611111111063 0.0002193999639756029 -4.619041942523189e-05
17.48888888888841 0.000225576455746982 -7.71321706547723e-06
17.49166666666619 0.0002250014257166413 3.153517666241345e-05
17.49444444444396 0.0002175903742538491 7.036891593223747e-05
17.49722222222174 0.0002034673741938235 0.0001075956208095328
17.49999999999952 0.0001829648581741128 0.0001420531259460065
17.50277777777729 0.0001566169178379568 0.0001726459680640848
17.50555555555507 0.0001251461978252867 0.000198380464049793
17.50833333333285 8.944467118831237e-05 0.0002183972521984257
17.51111111111062 5.05487819164915e-05 0.000232000226132773
17.5138888888884 9.609628145504599e-06 0.0002386808831487252
17.51666666666618 -3.214096986918774e-05 0.0002381372340608274
17.51944444444395 -7.342752571415521e-05 0.0002302865767801883
17.52222222222173 -0.0001129699566704169 0.0002152716165220452
17.5249999999995 -0.0001495234716158189 0.0001934596164981429
17.52777777777728 -0.0001819180317625703 0.0001654344781796116
17.53055555555506 -0.0002090961284469539 0.0001319818731030735
17.53333333333283 -0.0002301476515794241 9.406777175801662e-05
17.53611111111061 -0.000244340691695281 5.28109320885654e-05
17.53888888888839 -0.0002511472263405868 9.450113503541151e-06
17.54166666666616 -0.0002502627852051468 -3.469303490422225e-05
17.54444444444394 -0.0002416193640329148 -7.825430729210521e-05
17.54722222222172 -0.0002253910599001299 -0.0001198692670346661
17.54999999999949 -0.0002019921239571514 -0.00015821625129244
17.55277777777727 -0.0001720673653522528 -0.0001920586941358648
17.55555555555505 -0.0001364750843871275 -0.0002202854055767172
17.55833333333282 -9.626295617403881e-05 -0.0002419474852496191
17.5611111111106 -5.26375202587593e-05 -0.0002562906343688142
17.56388888888837 -6.928149037624709e-06 -0.0002627817560884388
17.56666666666615 3.945343910030193e-05 -0.0002611288992171445
17.56944444444393 8.505689388526781e-05 -0.000251293798740985
17.5722222222217 0.0001284388213364978 -0.0002334964929816659
17.57499999999948 0.0001682088093584423 -0.0002082117445880903
17.57777777777726 0.0002030744159107572 -0.0001761572532450961
17.58055555555503 0.0002318836540588157 -0.0001382739137015936
17.58333333333281 0.0002536635653195116 -9.569863483360981e-05
17.58611111111059 0.0002676535767599692 -4.973048534892744e-05
17.58888888888836 0.0002733324858064452 -1.79116091034529e-06
17.59166666666614 0.0002704381055400606 4.661903195212721e-05
17.59444444444392 0.0002589788269559712 9.396831490932256e-05
17.59722222222169 0.0002392366064854137 0.0001387422165787388
17.59999999999947 0.0002117611592297984 0.0001794924311752811
17.60277777777724 0.0001773554222102793 0.0002148841707674313
17.60555555555502 0.0001370526383073212 0.0002437404500251457
17.6083333333328 9.208569106785187e-05 0.0002650818192597116
17.61111111111057 4.384958375236477e-05 0.0002781601886302314
17.61388888888835 -6.14180604298276e-06 0.0002824855601693905
17.61666666666613 -5.63033604919635e-05 0.0002778446998650261
17.6194444444439 -0.0001050292452518855 0.0002643110329303347
17.62222222222168 -0.0001507447072720869 0.0002422453238552097
17.62499999999946 -0.0001919574664847976 0.0002122870000529274
17.62777777777723 -0.0002273070111522707 0.0001753362842987457
17.63055555555501 -0.0002556101525214801 0.0001325276066372636
17.63333333333279 -0.0002759012955674369 8.519506081717149e-05
17.63611111111056 -0.0002874660364992541 3.483094357079121e-05
17.63888888888834 -0.0002898669000162551 -1.696134225529111e-05
17.64166666666612 -0.0002829602740305525 -6.851853619755979e-05
17.64444444444389 -0.0002669038791624924 -0.0001181712788526571
17.64722222222167 -0.0002421544159268183 -0.0001642986349021775
17.64999999999944 -0.0002094553542812867 -0.0002053815871446869
17.65277777777722 -0.0001698151575649966 -0.0002400537199135568
17.655555555555 -0.0001244765548410256 -0.0002671473818091869
17.65833333333277 -7.487778141591611e-05 -0.0002857337473764557
17.66111111111055 -2.260698627015833e-05 -0.0002951553817862469
17.66388888888833 3.06487525054909e-05 -0.0002950501462457768
17.6666666666661 8.315816604158462e-05 -0.000285365557555438
17.66944444444388 0.0001332025040183937 -0.0002663630242632425
17.67222222222166 0.0001791323458481024 -0.0002386117142108546
17.67499999999943 0.0002194226200532646 -0.0002029721530023228
17.67777777777721 0.000252723977243131 -0.0001605699985296638
17.68055555555499 0.0002779087641660582 -0.0001127607714848387
17.68333333333276 0.0002941100088740495 -6.108663419083932e-05
17.68611111111054 0.0003007520452008705 -7.226589302192984e-06
17.68888888888831 0.0002975716719469684 4.705829407623518e-05
17.69166666666609 0.0002846290498134559 9.998283503200325e-05
17.69444444444387 0.0002623078773006609 0.0001497969588124511
17.69722222222164 0.0002313047443037544 0.0001948441987953892
17.69999999999942 0.0001926079270497361 0.0002336175077406753
17.7027777777772 0.0001474662479038321 0.0002648104755013996
17.70555555555497 9.734896610801674e-05 0.0002873621877305875
17.70833333333275 4.389797874732982e-05 0.0003004941591253548
17.71111111111053 -1.1126115938098e-05 0.0003037380292518397
17.7138888888883 -6.590231809132026e-05 0.0002969530108566906
17.71666666666608 -0.0001186099495960696 0.0002803324200235365
17.71944444444386 -0.0001674897626385387 0.0002543989832728766
17.72222222222163 -0.0002109033641349128 0.0002199889964590522
17.72499999999941 -0.0002473889265416666 0.0001782257911601658
17.72777777777718 -0.0002757112654341295 0.0001304833330751972
17.73055555555496 -0.0002949045410451908 7.83411208517406e-05
17.73333333333274 -0.000304306079223918 2.353186072407956e-05
17.73611111111051 -0.0003035800994964285 -3.211634876280562e-05
17.73888888888829 -0.0002927304744052483 -8.674138613470802e-05
17.74166666666607 -0.0002721020139314218 -0.00013850995813937
17.74444444444384 -0.0002423701590209012 -0.0001856797941262695
17.74722222222162 -0.0002045193657364059 -0.0002266590521547735
17.7499999999994 -0.0001598108525737708 -0.0002600608861550262
17.75277777777717 -0.0001097407543912986 -0.000284751275826339
17.75555555555495 -5.599006411900265e-05 -0.0002998884402741855
17.75833333333273 -3.680358266833128e-07 -0.0003049524356061246
17.7611111111105 5.524904060173579e-05 -0.0002997638665525467
17.76388888888828 0.0001089816109591217 -0.0002844910116839411
17.76666666666605 0.0001590109911832982 -0.0002596450582828356
17.76944444444383 0.000203641655934855 -0.0002260635528367005
17.77222222222161 0.0002413595234583503 -0.0001848825821776057
17.77499999999938 0.0002708842054908123 -0.0001374985941896915
17.77777777777716 0.0002912133892768475 -8.552113180767992e-05
17.78055555555494 0.0003016577823252508 -3.071807673363092e-05
17.78333333333271 0.0003018653706452128 2.504473175614591e-05
17.78611111111049 0.0002918341069747146 7.986743218686532e-05
17.78888888888827 0.0002719125444284932 0.0001318814256172063
17.79166666666604 0.0002427883492312284 0.0001793137473110641
17.79444444444382 0.0002054650491567824 0.0002205482843422659
17.7972222222216 0.0001612277870734036 0.0002541816983734415
17.79999999999937 0.0001115992369726997 0.0002790720888409021
17.80277777777715 5.828718915220402e-05 0.000294378677827166
17.80555555555492 3.125609253593205e-06 0.0002995911057015983
17.8083333333327 -5.198878823997524e-05 0.0002945472856576112
17.81111111111048 -0.0001051622464023825 0.0002794391631366059
17.81388888888825 -0.0001545696585490238 0.0002548061489195706
17.81666666666603 -0.0001985179463345442 0.0002215164275175226
17.81944444444381 -0.0002355048964186571 0.0001807367700868171
17.82222222222158 -0.0002642713820940023 0.000133891888167245
17.82499999999936 -0.0002838451235170695 8.261473656601419e-05
17.82777777777714 -0.0002935744338689529 2.868949716116478e-05
17.83055555555491 -0.0002931507485893359 -2.601076136672416e-05
17.83333333333269 -0.0002826191286695962 -7.958955964559434e-05
17.83611111111047 -0.0002623763529047152 -0.000130193315226453
17.83888888888824 -0.0002331566530080542 -0.0001760761429460122
17.84166666666602 -0.0001960055839209744 -0.0002156608580435735
17.84444444444379 -0.0001522429437955951 -0.0002475940226341471
17.84722222222157 -0.0001034160488149158 -0.0002707930841360749
17.84999999999935 -5.124501307305975e-05 -0.000284483932532279
17.85277777777712 2.438029336081584e-06 -0.0002882275420995415
17.8555555555549 5.575360463936084e-05 -0.0002819347505511239
17.85833333333268 0.0001068411852169383 -0.0002658686505857563
17.86111111111045 0.0001539247246069744 -0.0002406345105536088
17.86388888888823 0.0001953751103566721 -0.0002071575864595263
17.86666666666601 0.0002297673121576549 -0.0001666496207749421
17.86944444444378 0.0002559301915536134 -0.0001205652288425408
17.87222222222156 0.0002729872017753081 -7.054973631851073e-05
17.87499999999934 0.0002803865326367971 -1.838033790302638e-05
17.87777777777711 0.0002779196342451174 3.409731268546942e-05
17.88055555555489 0.000265727470891857 8.503480771717744e-05
17.88333333333266 0.0002442942978521622 0.0001326466298419082
17.88611111111044 0.0002144292029214193 0.0001752733835105272
17.88888888888822 0.0001772360950787667 0.0002114403494189324
17.89166666666599 0.0001340732386404675 0.0002399092683023511
17.89444444444377 8.650380749813193e-05 0.0002597215066257913
17.89722222222155 3.623925677683127e-05 0.0002702310699377387
17.89999999999932 -1.492243331333485e-05 0.0002711262985104885
17.9027777777771 -6.516140395918743e-05 0.0002624394909619865
17.90555555555488 -0.000112701115838134 0.0002445441398557498
17.90833333333265 -0.0001558717440395708 0.0002181399127963935
17.91111111111043 -0.0001931694847593983 0.000184225956836846
17.91388888888821 -0.0002233096416853718 0.0001440635268223189
17.91666666666598 -0.0002452715905998327 9.912932412428086e-05
17.91944444444376 -0.0002583340204912321 5.106126691971899e-05
17.92222222222154 -0.0002620992073557499 1.5986844862536e-06
17.92499999999931 -0.000256505479708599 -4.748087402874632e-05
17.92777777777709 -0.0002418274677628263 -9.442590846817823e-05
17.93055555555486 -0.0002186641753144194 -0.0001375739736291996
17.93333333333264 -0.0001879153581136589 -0.0001754111350943798
17.93611111111042 -0.0001507471185092566 -0.0002066257248449875
17.93888888888819 -0.0001085480177330086 -0.0002301544624028266
17.94166666666597 -6.287734993333406e-05 -0.0002452192936828892
17.94444444444375 -1.540750338428147e-05 -0.000251353646067751
17.94722222222152 3.213745611255482e-05 -0.000248417191523781
17.9499999999993 7.804471436251425e-05 -0.0002365986352111869
17.95277777777708 0.000120674838936031 -0.0002164064891584462
17.95555555555485 0.0001585208381170263 -0.0001886482327391827
17.95833333333263 0.0001902619995606227 -0.0001543986874948143
17.96111111111041 0.0002148105617996588 -0.0001149588275138213
17.96388888888818 0.0002313495453084347 -7.180659355332212e-05
17.96666666666596 0.0002393604043502906 -2.654156660072024e-05
17.96944444444373 0.0002386395436711068 1.917442591563841e-05
17.97222222222151 0.0002293031608204674 6.367855842171857e-05
17.97499999999929 0.0002117803098312619 0.0001053678403539904
17.97777777777706 0.0001867945188602354 0.0001427572923872976
17.98055555555484 0.000155334716852532 0.0001745333351191861
17.98333333333262 0.0001186166166001997 0.0001996004495998318
17.98611111111039 7.803604914562671e-05 0.0002171194305196362
17.98888888888817 3.511603450565255e-05 0.0002265358756083114
17.99166666666595 -8.550404477037763e-06 0.0002275979265067425
17.99444444444372 -5.135953272630326e-05 0.0002203626828718803
17.9972222222215 -9.175608125527186e-05 0.0002051911373447753
17.99999999999928 -0.0001282901155814277 0.0001827319081485775
18.00277777777705 -0.0001596694979174402 0.0001538944623268408
18.00555555555483 -0.0001848060261462986 0.0001198129103772008
18.0083333333326 -0.0002028535827674188 8.180179781445628e-05
18.01111111111038 -0.0002132369382082624 4.130560823740538e-05
18.01388888888816 -0.0002156702130526944 -1.560848232785246e-07
18.01666666666593 -0.0002101643989636621 -4.104573168123432e-05
18.01944444444371 -0.0001970237532203277 -7.986503153021424e-05
18.02222222222149 -0.0001768313010258261 -0.0001152101272932082
18.02499999999926 -0.0001504240871666604 -0.0001458227224439974
18.02777777777704 -0.0001188591988496844 -0.000170635242209022
18.03055555555482 -8.337192036063372e-05 -0.0001888084014884399
18.03333333333259 -4.532766498486573e-05 -0.0001997598418894331
18.03611111111037 -6.169549955362672e-06 -0.0002031828486283307
18.03888888888815 3.263637189787393e-05 -0.0001990545411575441
18.04166666666592 6.965613973557891e-05 -0.0001876333343771572
18.0444444444437 0.0001035410967438013 -0.0001694458747110328
18.04722222222147 0.0001330772998014649 -0.0001452640515964293
18.04999999999925 0.0001572293027132367 -0.00011607305502059
18.05277777777703 0.0001751767196576102 -8.303177970995711e-05
18.0555555555548 0.0001863422648524734 -4.74271541357888e-05
18.05833333333258 0.0001904103008820943 -1.062418745503667e-05
18.06111111111036 0.0001873352984103737 2.598632786997523e-05
18.06388888888813 0.0001773399996536469 6.104045068522106e-05
18.06666666666591 0.000160903471904438 9.325206387123463e-05
18.06944444444369 0.0001387396204337385 0.0001214602703606251
18.07222222222146 0.0001117670876389757 0.0001446714543645519
18.07499999999924 8.107178383636826e-05 0.0001620944722241788
18.07777777777702 4.786356272017974e-05 0.0001731677164176707
18.08055555555479 1.342876139481143e-05 0.0001775771207132835
18.08333333333257 -2.091953637231024e-05 0.0001752645313436474
18.08611111111034 -5.389158912853548e-05 0.0001664262443163319
18.08888888888812 -8.426952317939155e-05 0.0001515018879159608
18.0916666666659 -0.0001109524611197747 0.0001311541974237655
18.09444444444367 -0.0001329965721584582 0.0001062405719696979
18.09722222222145 -0.0001496485781221446 7.777760823329668e-05
18.09999999999923 -0.0001603715183348453 4.690006101254818e-05
18.102777777777 -0.0001648618890004475 1.48158771185589e-05
18.10555555555478 -0.0001630576157110938 -1.724092037821549e-05
18.10833333333256 -0.0001551366776143825 -4.805766016649827e-05
18.11111111111033 -0.0001415065644473756 -7.648893704609141e-05
18.11388888888811 -0.0001227850989547493 -0.0001014992686858658
18.11666666666589 -9.977348361760992e-05 -0.0001222008994538805
18.11944444444366 -7.342271970809925e-05 -0.0001378853646142643
18.12222222222144 -4.479478761656805e-05 -0.0001480476880433431
18.12499999999921 -1.502016135026349e-05 -0.0001524023869661432
18.12777777777699 1.474664944063614e-05 -0.0001508907858675523
18.13055555555477 4.337178352283326e-05 -0.0001436794855096211
18.13333333333254 6.97852074974551e-05 -0.0001311501782774749
18.13611111111032 9.302074273793665e-05 -0.0001138813343559189
18.1388888888881 0.0001122514380509676 -9.262259161345886e-05
18.14166666666587 0.0001268189889424516 -6.826295377527633e-05
18.14444444444365 0.0001362561550194508 -4.179412631842157e-05
18.14722222222143 0.0001403014152297812 -1.427048930247151e-05
18.1499999999992 0.0001389054145275525 1.323268488625591e-05
18.15277777777698 0.0001322290824868394 3.966111662390604e-05
18.15555555555476 0.0001206336313349463 6.402187580478506e-05
18.15833333333253 0.0001046629549770938 8.542066384299036e-05
18.16111111111031 8.501923964107071e-05 0.0001030946186879201
18.16388888888808 6.253284973631639e-05 0.0001164394377588251
18.16666666666586 3.812775992558056e-05 0.0001250298552674258
18.16944444444364 1.278395870088888e-05 0.000128632786232475
18.17222222222141 -1.250165539311951e-05 0.0001272127482051946
18.17499999999919 -3.675432928859636e-05 0.0001209294811856173
18.17777777777697 -5.905893447774959e-05 0.0001101279940143289
18.18055555555474 -7.859442872119269e-05 9.532155950982091e-05
18.18333333333252 -9.466400223354561e-05 7.716844934716671e-05
18.1861111111103 -0.0001067198020070558 5.644343285837747e-05
18.18888888888807 -0.000114381360400289 3.400525287082575e-05
18.19166666666585 -0.0001174471174002597 1.076142955395074e-05
18.19444444444363 -0.000115898709110962 -1.236817466187703e-05
18.1972222222214 -0.0001098979864642238 -3.44875721012781e-05
18.19999999999918 -9.977701615342329e-05 -5.475922605901817e-05
18.20277777777696 -8.602158894139261e-05 -7.243565364350994e-05
18.20555555555473 -6.924900814020517e-05 -8.688686424279078e-05
18.20833333333251 -5.018114373563588e-05 -9.76226291007757e-05
18.21111111111028 -2.961390741843852e-05 -0.0001043088007219324
18.21388888888806 -8.384424609358732e-06 -0.0001067771512702049
18.21666666666584 1.266275258319935e-05 -0.0001050284663176625
18.21944444444361 3.270903448187228e-05 -9.922890326046636e-05
18.22222222222139 5.099346937712722e-05 -8.969989142328418e-05
18.22499999999917 6.684148296054e-05 -7.690210267993082e-05
18.22777777777694 7.968959942863202e-05 -6.141424750624631e-05
18.23055555555472 8.910524304629293e-05 -4.390764312261284e-05
18.2333333333325 9.480093269202305e-05 -2.511765068611065e-05
18.23611111111027 9.664241919582073e-05 -5.813182046703095e-06
18.23888888888805 9.465056615167153e-05 1.323446993604669e-05
18.24166666666583 8.899702899906003e-05 3.128222136020059e-05
18.2444444444436 7.999403422444882e-05 4.764399969011888e-05
18.24722222222138 6.807879070414096e-05 6.171664667738797e-05
18.24999999999915 5.379326952227395e-05 7.300194862164985e-05
18.25277777777693 3.776025928354487e-05 8.112399600394249e-05
18.25555555555471 2.065673473963394e-05 8.58412784052226e-05
18.25833333333248 3.185662927565562e-06 8.705314439588135e-05
18.26111111111026 -1.395258966802862e-05 8.480049031015013e-05
18.26388888888804 -3.008809384952461e-05 7.926077681623664e-05
18.26666666666581 -4.460733817329969e-05 7.073769842225946e-05
18.26944444444359 -5.697635123760075e-05 5.964603951618016e-05
18.27222222222137 -6.676010063356109e-05 4.649243311676552e-05
18.27499999999914 -7.363747233288569e-05 3.185288831149321e-05
18.27777777777692 -7.74113278848154e-05 1.634806394716922e-05
18.2805555555547 -7.80133466913759e-05 6.173357496966582e-07
18.28333333333247 -7.550357794620127e-05 -1.470727029369391e-05
18.28611111111025 -7.006484255796216e-05 -2.90262239003957e-05
18.28888888888802 -6.199233077183715e-05 -4.179572229971628e-05
18.2916666666658 -5.167892809056952e-05 -5.254811432513845e-05
18.29444444444358 -3.959696323833063e-05 -6.090875736216098e-05
18.29722222222135 -2.627720126843579e-05 -6.660870981865665e-05
18.29999999999913 -1.228599787637007e-05 -6.949284463481637e-05
18.30277777777691 1.798415478892532e-06 -6.952316502662864e-05
18.30555555555468 1.540953326520296e-05 -6.677730387561433e-05
18.30833333333246 2.801510961877468e-05 -6.144238463578135e-05
18.31111111111024 3.913773538542224e-05 -5.380460635646658e-05
18.31388888888801 4.83726705463499e-05 -4.423508109629256e-05
18.31666666666579 5.540227487404508e-05 -3.317259224874203e-05
18.31944444444357 6.000653430144878e-05 -2.11040519219137e-05
18.32222222222134 6.206935211450521e-05 -8.543510692033449e-06
18.32499999999912 6.158045524453309e-05 3.989388527891108e-06
18.32777777777689 5.863294896988428e-05 1.599061984532855e-05
18.33055555555467 5.341673065059161e-05 2.699179007214177e-05
18.33333333333245 4.620813753731872e-05 3.657817395928094e-05
18.33611111111022 3.735634873336041e-05 4.440408299360285e-05
18.338888888888 2.726718150897973e-05 5.020500835054543e-05
18.34166666666578 1.638501299659272e-05 5.380612512905601e-05
18.34444444444355 5.173616768911063e-06 5.512690495346991e-05
18.34722222222133 -5.903271726559425e-06 5.418175046916924e-05
18.34999999999911 -1.640085663277799e-05 5.10767311399255e-05
18.35277777777688 -2.591088850644677e-05 4.600265821507098e-05
18.35555555555466 -3.407728806156321e-05 3.922488138400716e-05
18.35833333333244 -4.060919812413489e-05 3.107031481066352e-05
18.36111111111021 -4.529099664999582e-05 2.191230122144437e-05
18.36388888888799 -4.798894145676969e-05 1.215399591183899e-05
18.36666666666576 -4.865426522873754e-05 2.210995585196558e-06
18.36944444444354 -4.732269095992505e-05 -7.506051192680135e-06
18.37222222222132 -4.411048690248064e-05 -1.660813415674088e-05
18.37499999999909 -3.920732014844673e-05 -2.474320268898429e-05
18.37777777777687 -3.286629357951872e-05 -3.160952379364394e-05
18.38055555555465 -2.539165720088585e-05 -3.696657977617011e-05
18.38333333333242 -1.712476789354071e-05 -4.064312441190361e-05
18.3861111111102 -8.428928508607265e-06 -4.254214488313672e-05
18.38888888888798 3.26233708896959e-07 -4.264261233064419e-05
18.39166666666575 8.780188627191326e-06 -4.09980406514384e-05
18.39444444444353 1.659609076977768e-05 -3.773200541943246e-05
18.39722222222131 2.347395157920406e-05 -3.30308970903693e-05
18.39999999999908 2.916189052009471e-05 -2.713429011611851e-05
18.40277777777686 3.346505364043984e-05 -2.032339812543584e-05
18.40555555555463 3.625189729931019e-05 -1.290815172410915e-05
18.40833333333241 3.745765347004549e-05 -5.21347753646777e-06
18.41111111111019 3.708491608560377e-05 2.434626249547761e-06
18.41388888888796 3.52014100136721e-05 9.722631364699076e-06
18.41666666666574 3.19351203173217e-05 1.636208465234111e-05
18.41944444444352 2.746706475162468e-05 2.210077910071521e-05
18.42222222222129 2.202208283057526e-05 2.67320676117421e-05
18.42499999999907 1.585808687618058e-05 3.010198681229932e-05
18.42777777777685 9.254271708703639e-06 3.211395999738552e-05
18.43055555555462 2.498808477100268e-06 3.273095683668688e-05
18.4333333333324 -4.123446016915299e-06 3.197509799369283e-05
18.43611111111018 -1.034270986968613e-05 2.992480057090642e-05
18.43888888888795 -1.591502980958243e-05 2.670966082379786e-05
18.44166666666573 -2.063160836075835e-05 2.250335983207908e-05
18.4444444444435 -2.432635765284988e-05 1.751495232610357e-05
18.44722222222128 -2.688141853268529e-05 1.197895590949946e-05
18.44999999999906 -2.823047755062669e-05 6.144695589943783e-06
18.45277777777683 -2.835981255066093e-05 2.653757996046654e-07
18.45555555555461 -2.730709569196824e-05 -5.412651171074887e-06
18.45833333333239 -2.515807660250332e-05 -1.065997443941685e-05
18.46111111111016 -2.204135414387199e-05 -1.527316684987406e-05
18.46388888888794 -1.812151954410822e-05 -1.908243284160281e-05
18.46666666666572 -1.359101361451363e-05 -2.195758448457629e-05
18.46944444444349 -8.661084287901514e-06 -2.381214803037761e-05
18.47222222222127 -3.552256445364896e-06 -2.460548895451604e-05
18.47499999999905 1.51526661600895e-06 -2.434293116724598e-05
18.47777777777682 6.330861428258865e-06 -2.307393202822001e-05
18.4805555555546 1.070202144512469e-05 -2.088845539801771e-05
18.48333333333238 1.446183524995988e-05 -1.791175691592675e-05
18.48611111111015 1.747512430683029e-05 -1.429785619975816e-05
18.48888888888793 1.96430250533726e-05 -1.022201748915271e-05
18.4916666666657 2.090587354908443e-05 -5.8725918245044e-06
18.49444444444348 2.124432797953566e-05 -1.442589300749988e-06
18.49722222222126 2.067874165135361e-05 2.878650889933474e-06
18.49999999999903 1.926687336570309e-05 6.913341452282444e-06
18.50277777777681 1.71000901387565e-05 1.050235888208302e-05
