16.5 -3.707353411822431e-08 2.13373620659435e-07
16.50277777777778 5.328736769080891e-10 2.236844200950721e-07
16.50555555555555 4.062502706539595e-08 2.274167704080395e-07
16.50833333333333 8.206076392455165e-08 2.240146155864574e-07
16.51111111111111 1.235791624780962e-07 2.131186885594033e-07
16.51388888888888 1.638341756904002e-07 1.945910870238767e-07
16.51666666666666 2.014332360147345e-07 1.685341500377019e-07
16.51944444444444 2.349798739400716e-07 1.353026475016387e-07
16.52222222222221 2.631192000976167e-07 9.550845347638221e-08
16.52499999999999 2.84584933050689e-07 5.001707065683033e-08
16.52777777777776 2.982465205038296e-07 -6.439694062352108e-11
16.53055555555554 3.031548070916401e-07 -5.340796852197481e-08
16.53333333333332 2.985846527597542e-07 -1.0849407531074e-07
16.53611111111109 2.840729064903049e-07 -1.636489892553713e-07
16.53888888888887 2.594501938062169e-07 -2.170896719011322e-07
16.54166666666665 2.248650845928084e-07 -2.669750338165126e-07
16.54444444444442 1.807993700530752e-07 -3.114623206098687e-07
16.5472222222222 1.280733919936038e-07 -3.487670928143136e-07
16.54999999999998 6.784063018234848e-08 -3.772250535800047e-07
16.55277777777775 1.571058457649308e-09 -3.953538094346394e-07
16.55555555555553 -6.897687995883318e-08 -4.019125336865179e-07
16.55833333333331 -1.417954620198321e-07 -3.959574463869379e-07
16.56111111111108 -2.146774427741444e-07 -3.768910346348152e-07
16.56388888888886 -2.852754011246711e-07 -3.445030160150971e-07
16.56666666666663 -3.511693179873974e-07 -2.990011976661742e-07
16.56944444444441 -4.099406785452997e-07 -2.410306031568487e-07
16.57222222222219 -4.592510724879175e-07 -1.71679525939994e-07
16.57499999999996 -4.969229959758345e-07 -9.247151615997971e-08
16.57777777777774 -5.210203483600315e-07 -5.34270916629229e-09
16.58055555555552 -5.299259758965005e-07 8.739565084485796e-08
16.58333333333329 -5.224135526387798e-07 1.831091622198769e-07
16.58611111111107 -4.97711112052798e-07 2.78905868515634e-07
16.58888888888885 -4.555536559518876e-07 3.717141925724323e-07
16.59166666666662 -3.962224716366935e-07 4.583714000077719e-07
16.5944444444444 -3.205690822555198e-07 5.357203387794015e-07
16.59722222222218 -2.300221349442719e-07 6.00711797487879e-07
16.59999999999995 -1.265759887299493e-07 6.505094845956716e-07
16.60277777777773 -1.276028897216717e-08 6.825943686060376e-07
16.6055555555555 1.084096061030383e-07 6.948649486580563e-07
16.60833333333328 2.335008643406208e-07 6.857299568431114e-07
16.61111111111106 3.587489647618826e-07 6.541900359953699e-07
16.61388888888883 4.801592724051001e-07 5.999050947042166e-07
16.61666666666661 5.936220300375041e-07 5.232443162913574e-07
16.61944444444439 6.950378195074966e-07 4.25316188150282e-07
16.62222222222216 7.804500344838974e-07 3.079764159147633e-07
16.62499999999994 8.461804789748598e-07 1.738121832511501e-07
16.62777777777772 8.889638811119862e-07 2.610189867339777e-08
16.63055555555549 9.06076905637651e-07 -1.312496818532961e-07
16.63333333333327 8.954571748082833e-07 -2.93800274334356e-07
16.63611111111105 8.55807875872605e-07 -4.566813299074866e-07
16.63888888888882 7.86683749631402e-07 -6.14729430090339e-07
16.6416666666666 6.885546200395278e-07 -7.626347185685747e-07
16.64444444444437 5.628431357380548e-07 -8.951025468213248e-07
16.64722222222215 4.119340422146424e-07 -1.00702386734703e-06
16.64999999999993 2.391530744206874e-07 -1.093649373995508e-06
16.6527777777777 4.871443579932248e-08 -1.150761987384883e-06
16.65555555555548 -1.543632120041294e-07 -1.17484203501332e-06
16.65833333333326 -3.643713106467961e-07 -1.163219396951777e-06
16.66111111111103 -5.750545403778825e-07 -1.114206990809631e-06
16.66388888888881 -7.79779519273482e-07 -1.027210260556767e-06
16.66666666666659 -9.717250650665265e-07 -9.028078135528656e-07
16.66944444444436 -1.14408910208655e-06 -7.427990134298697e-07
16.67222222222214 -1.290306488896599e-06 -5.502151716882725e-07
16.67499999999992 -1.404271376657827e-06 -3.292919701267384e-07
16.67777777777769 -1.480557213226342e-06 -8.540186574016533e-08
16.68055555555547 -1.514627208778776e-06 1.750535498966064e-07
16.68333333333324 -1.503027995507533e-06 4.447899776353672e-07
16.68611111111102 -1.443559360880035e-06 7.158230493974457e-07
16.6888888888888 -1.335413318592983e-06 9.796833006399449e-07
16.69166666666657 -1.179276403825166e-06 1.227658351231867e-06
16.69444444444435 -9.773899321373717e-07 1.451056020478872e-06
16.69722222222213 -7.335640289238838e-07 1.641481094354938e-06
16.6999999999999 -4.53142495487058e-07 1.791117636441678e-06
16.70277777777768 -1.429169978824853e-07 1.893008124917891e-06
16.70555555555546 1.890093917296651e-07 1.941320337139771e-06
16.70833333333323 5.334076478673314e-07 1.931592815572549e-06
16.71111111111101 8.801539297888725e-07 1.86094995103265e-06
16.71388888888879 1.218501460437892e-06 1.728278219899968e-06
16.71666666666656 1.537386639928963e-06 1.534355910419674e-06
16.71944444444434 1.825761453133286e-06 1.281929759027832e-06
16.72222222222211 2.072942977261493e-06 9.757332706001102e-07
16.72499999999989 2.268969771830441e-06 6.224430867185583e-07
16.72777777777767 2.4049541845792e-06 2.305715544803854e-07
16.73055555555544 2.473419170908621e-06 -1.897044124683302e-07
16.73333333333322 2.468608131028864e-06 -6.26776053680107e-07
16.736111111111 2.386756538584911e-06 -1.067892864602225e-06
16.73888888888877 2.226314776662629e-06 -1.499503842567947e-06
16.74166666666655 1.988112609886125e-06 -1.907641690751831e-06
16.74444444444433 1.675457090864037e-06 -2.278340012241231e-06
16.7472222222221 1.294157399404466e-06 -2.598071972473708e-06
16.74999999999988 8.524721057345611e-07 -2.854197643944569e-06
16.75277777777766 3.609765850411712e-07 -3.035406327319819e-06
16.75555555555543 -1.676492693983823e-07 -3.132139614161781e-06
16.75833333333321 -7.189103519239462e-07 -3.136980854723445e-06
16.76111111111098 -1.276857410956034e-06 -3.044997043747855e-06
16.76388888888876 -1.824512082958459e-06 -2.854019948965231e-06
16.76666666666654 -2.344345688503473e-06 -2.564854577551153e-06
16.76944444444431 -2.818799379053627e-06 -2.181404786992643e-06
16.77222222222209 -3.230831303474484e-06 -1.710707965354302e-06
16.77499999999987 -3.564474905125482e-06 -1.162873184010263e-06
16.77777777777764 -3.805391330717641e-06 -5.509200018378627e-07
16.78055555555542 -3.941398287449904e-06 1.094819004451218e-07
16.7833333333332 -3.962957568949623e-06 8.003689383710702e-07
16.78611111111097 -3.863603912184893e-06 1.501929192352853e-06
16.78888888888875 -3.640298859147249e-06 2.193027693671716e-06
16.79166666666653 -3.293694873640278e-06 2.851798818668454e-06
16.7944444444443 -2.82829708148587e-06 3.456290463088782e-06
16.79722222222208 -2.252512620159783e-06 3.985142305066596e-06
16.79999999999986 -1.578580641629064e-06 4.418278548910054e-06
16.80277777777763 -8.22379433666639e-07 4.737594154189169e-06
16.80555555555541 -3.110818592877297e-09 4.927612764314131e-06
16.80833333333318 8.57134149967357e-07 4.976094408450994e-06
16.81111111111096 1.733920256774625e-06 4.874571594857209e-06
16.81388888888874 2.601112178420847e-06 4.618793656734781e-06
16.81666666666651 3.43160208355869e-06 4.209061146379302e-06
16.81944444444429 4.198102005451757e-06 3.650434670201308e-06
16.82222222222207 4.873979311871532e-06 2.952805764314825e-06
16.82499999999984 5.434111244959631e-06 2.13082115434819e-06
16.82777777777762 5.855732798569568e-06 1.203655930101572e-06
16.8305555555554 6.119251225651928e-06 1.946356837139498e-07
16.83333333333317 6.209000287092036e-06 -8.692876184873351e-07
16.83611111111095 6.113908007215546e-06 -1.958196474681735e-06
16.83888888888873 5.828053206747493e-06 -3.039991139362729e-06
16.8416666666665 5.351088431790167e-06 -4.081276644357398e-06
16.84444444444428 4.688510050943045e-06 -5.048330745228764e-06
16.84722222222205 3.851760188544122e-06 -5.908126440504377e-06
16.84999999999983 2.858149710405267e-06 -6.629379829104229e-06
16.85277777777761 1.730596565357422e-06 -7.183591975041851e-06
16.85555555555538 4.97179275176574e-07 -7.546052238492261e-06
16.85833333333316 -8.09488897261991e-07 -7.696770284826148e-06
16.86111111111094 -2.153053755840414e-06 -7.621304748008085e-06
16.86388888888871 -3.494364893034016e-06 -7.311458321380805e-06
16.86666666666649 -4.792548830673139e-06 -6.765811865717026e-06
16.86944444444427 -6.006183116549948e-06 -5.990073917077182e-06
16.87222222222204 -7.094539586259542e-06 -4.997226668619125e-06
16.87499999999982 -8.018861474780207e-06 -3.807454982822453e-06
16.8777777777776 -8.743636484495191e-06 -2.447851125901869e-06
16.88055555555537 -9.237826405882699e-06 -9.51894540718391e-07
16.88333333333315 -9.476013536177818e-06 6.412870978939818e-07
16.88611111111092 -9.439425009386727e-06 2.287862273797121e-06
16.8888888888887 -9.116798262169941e-06 3.940425281979931e-06
16.89166666666648 -8.505054200184616e-06 5.549284380483065e-06
16.89444444444425 -7.609749145647811e-06 7.063875655199873e-06
16.89722222222203 -6.445282247238155e-06 8.434264550023563e-06
16.89999999999981 -5.034841588561652e-06 9.612692712685539e-06
16.90277777777758 -3.410079576822846e-06 1.055512463598648e-05
16.90555555555536 -1.610516133221386e-06 1.122274667977284e-05
16.90833333333314 3.173234810706996e-07 1.158337055154363e-05
16.91111111111091 2.321020927616839e-06 1.161269427511438e-05
16.91388888888869 4.343603551141604e-06 1.12953761165348e-05
16.91666666666647 6.325078120819786e-06 1.062588084889174e-05
16.91944444444424 8.204120760132212e-06 9.609063060550773e-06
16.92222222222202 9.919877898801919e-06 8.260458836414114e-06
16.92499999999979 1.141382784053995e-05 6.606264915767712e-06
16.92777777777757 1.263164864154071e-05 4.682993158612826e-06
16.93055555555535 1.352503561042146e-05 2.536797602923152e-06
16.93333333333312 1.4053411003407e-05 2.224813049124824e-07
16.9361111111109 1.41854694864118e-05 -2.197799764819418e-06
16.93888888888868 1.390050570492929e-05 -4.656108548379121e-06
16.94166666666645 1.31894748267962e-05 -7.080537726620444e-06
16.94444444444423 1.205574313042716e-05 -9.397214070745376e-06
16.94722222222201 1.051549347573607e-05 -1.153244314967074e-05
16.94999999999978 8.597759637615527e-06 -1.34149348565681e-05
16.95277777777756 6.344073773937439e-06 -1.497804542753491e-05
16.95555555555534 3.807722469392201e-06 -1.616196861787704e-05
16.95833333333311 1.052618532826157e-06 -1.691580763746802e-05
16.96111111111089 -1.848192308841731e-06 -1.719946043119417e-05
16.96388888888866 -4.814358841936542e-06 -1.698525397114982e-05
16.96666666666644 -7.760343606011919e-06 -1.625926838723716e-05
16.96944444444422 -1.059778115126134e-05 -1.502229892201004e-05
16.97222222222199 -1.323801326264903e-05 -1.32904127086576e-05
16.97499999999977 -1.559473138500606e-05 -1.109506803069645e-05
16.97777777777755 -1.758665060432239e-05 -8.482775762986462e-06
16.98055555555532 -1.914013574530759e-05 -5.514295798381058e-06
16.9833333333331 -2.019169862487317e-05 -2.263375071766074e-06
16.98611111111088 -2.069028638533164e-05 1.184952093250155e-06
16.98888888888865 -2.059928417882501e-05 4.736466588431285e-06
16.99166666666643 -1.989816127320754e-05 8.290221892592325e-06
16.99444444444421 -1.858369780966206e-05 1.174129554304071e-05
16.99722222222198 -1.667073980000724e-05 1.498376294356371e-05
16.99999999999976 -1.419244226954495e-05 1.791381242399038e-05
17.00277777777753 -1.119997442403828e-05 2.043291326659181e-05
17.00555555555531 -7.761675980932109e-06 2.245094362849314e-05
17.00833333333309 -3.961669936190184e-06 2.388918314818979e-05
17.01111111111086 1.020464193842659e-07 2.468307568416645e-05
17.01388888888864 4.319993955066934e-06 2.478467117266791e-05
17.01666666666642 8.574033460071571e-06 2.416466200146228e-05
17.01944444444419 1.274054773503466e-05 2.281393848171458e-05
17.02222222222197 1.669390179961683e-05 2.074459977777245e-05
17.02499999999975 2.031008777844917e-05 1.79903707564742e-05
17.02777777777752 2.347045223142329e-05 1.460639129631254e-05
17.0305555555553 2.606539767431362e-05 1.066836223248592e-05
17.03333333333308 2.799794706448652e-05 6.271050827158953e-06
17.03611111111085 2.918706029792843e-05 1.526177915223201e-06
17.03888888888863 2.957059537622151e-05 -3.440271877598503e-06
17.0416666666664 2.910781385795267e-05 -8.491256796300514e-06
17.04444444444418 2.778134040884437e-05 -1.348232397590785e-05
17.04722222222196 2.559849950799519e-05 -1.82656015642383e-05
17.04999999999973 2.259196835474146e-05 -2.269403023436274e-05
17.05277777777751 1.881970336052486e-05 -2.662571666333614e-05
17.05555555555529 1.436411782704181e-05 -2.992828400720813e-05
17.05833333333306 9.330509959928393e-06 -3.248309034473767e-05
17.06111111111084 3.844762640822014e-06 -3.418918572966247e-05
17.06388888888862 -1.949641263708717e-06 -3.496688201047304e-05
17.06666666666639 -7.895222509697818e-06 -3.476081696573387e-05
17.06944444444417 -1.382464194088291e-05 -3.354240546154581e-05
17.07222222222195 -1.956526515269883e-05 -3.131158505103781e-05
17.07499999999972 -2.494403462248592e-05 -2.809778137385205e-05
17.0777777777775 -2.979251558723931e-05 -2.39600394405588e-05
17.08055555555528 -3.395197253317927e-05 -1.89862898698002e-05
17.08333333333305 -3.727832770703829e-05 -1.329174376692988e-05
17.08611111111083 -3.964685184902164e-05 -7.016435508300561e-06
17.0888888888886 -4.095644054932833e-05 -3.219584900584152e-07
17.09166666666638 -4.11333372808239e-05 6.612535847086789e-06
17.09444444444416 -4.013417616680162e-05 1.359498146445376e-05
17.09722222222193 -3.794823367773111e-05 2.042556751282768e-05
17.09999999999971 -3.45987983575606e-05 2.690229922838299e-05
17.10277777777749 -3.014359087846632e-05 3.28267990296062e-05
17.10555555555526 -2.46741926207599e-05 3.801018522567486e-05
17.10833333333304 -1.831446888195081e-05 4.227885852302135e-05
17.11111111111082 -1.12180019661589e-05 4.548002409508447e-05
17.11388888888859 -3.564578963928936e-06 4.748677957241943e-05
17.11666666666637 4.444191862342338e-06 4.820260698471113e-05
17.11944444444415 1.259003439418145e-05 4.756511936063364e-05
17.12222222222192 2.064380039262611e-05 4.554893013480313e-05
17.1249999999997 2.837175779103659e-05 4.216753534175768e-05
17.12777777777747 3.554220286244443e-05 3.747412427418789e-05
17.13055555555525 4.193221318114551e-05 3.156126319563306e-05
17.13333333333303 4.733434887196168e-05 2.455942806259095e-05
17.1361111111108 5.156310560177598e-05 1.66343951705828e-05
17.13888888888858 5.446092438577745e-05 7.983532263932822e-06
17.14166666666636 5.59035706612008e-05 -1.168934030735871e-06
17.14444444444413 5.580470816673579e-05 -1.057756656457863e-05
17.14722222222191 5.411951172394223e-05 -1.998214418747907e-05
17.14999999999969 5.084718665140079e-05 -2.911470225794511e-05
17.15277777777746 4.603229069383474e-05 -3.770700050843069e-05
17.15555555555524 3.97647863110144e-05 -4.549821401510362e-05
17.15833333333302 3.217878610722776e-05 -5.224263089718929e-05
17.16111111111079 2.344999114580951e-05 -5.771713423742976e-05
17.16388888888857 1.379185985301839e-05 -6.172824591251061e-05
17.16666666666634 3.450583086014909e-06 -6.411851670748105e-05
17.16944444444412 -7.301022391243518e-06 -6.477206023490613e-05
17.1722222222219 -1.817055541544985e-05 -6.361904756895544e-05
17.17499999999967 -2.885382931167111e-05 -6.063900473035194e-05
17.17777777777745 -3.904322392250839e-05 -5.586278563069647e-05
17.18055555555523 -4.843636515519992e-05 -4.937312804755118e-05
17.183333333333 -5.674489104173805e-05 -4.130373874705248e-05
17.18611111111078 -6.37030545310115e-05 -3.183689496355877e-05
17.18888888888856 -6.907591147796577e-05 -2.119959195273893e-05
17.19166666666633 -7.266684779090201e-05 -9.65830904950852e-06
17.19444444444411 -7.432421245751521e-05 2.487491648446197e-06
17.19722222222189 -7.394684300411701e-05 1.491298043129464e-05
17.19999999999966 -7.148829644043384e-05 2.727649946565941e-05
17.20277777777744 -6.69596312985967e-05 3.922880576728196e-05
17.20555555555521 -6.043062418712361e-05 5.042277105895729e-05
17.20833333333299 -5.202934637661597e-05 6.052327266890312e-05
17.21111111111077 -4.194007119544217e-05 6.921699758179787e-05
17.21388888888854 -3.039953020090026e-05 7.622187744098429e-05
17.21666666666632 -1.76915838865252e-05 8.12958760121086e-05
17.2194444444441 -4.140419714868594e-06 8.424486244181282e-05
17.22222222222187 9.897564842651549e-06 8.492932341696854e-05
17.22499999999965 2.404299517738717e-05 8.326969466735167e-05
17.22777777777743 3.790363260160819e-05 7.925012653321198e-05
17.2305555555552 5.108510115501559e-05 7.292053871032812e-05
17.23333333333298 6.320193794984344e-05 6.43968647582181e-05
17.23611111111076 7.388866085948395e-05 5.38594363144839e-05
17.23888888888853 8.281053978268734e-05 4.154950886538718e-05
17.24166666666631 8.967375896388578e-05 2.776398393806582e-05
17.24444444444408 9.423466806763164e-05 1.284843520787958e-05
17.24722222222186 9.630783879986005e-05 -2.811403273113846e-06
17.24999999999964 9.577267147434987e-05 -1.879948121365747e-05
17.25277777777741 9.257833143352294e-05 -3.468036060911343e-05
17.25555555555519 8.674683779364457e-05 -5.001094437191988e-05
17.25833333333297 7.837417552414453e-05 -6.435269180708122e-05
17.26111111111074 6.762935512291546e-05 -7.728398700900889e-05
17.26388888888852 5.475140068621988e-05 -8.841231466758632e-05
17.2666666666663 4.004430544449225e-05 -9.738589577412889e-05
17.26944444444407 2.387005221017245e-05 -0.0001039044435674105
17.27222222222185 6.639853000294442e-06 -0.000107728717724888
17.27499999999963 -1.119618430556882e-05 -0.0001086885819835777
17.2777777777774 -2.916070561798496e-05 -0.0001066893064754385
17.28055555555518 -4.676177744869015e-05 -0.0001017159002350463
17.28333333333295 -6.350623685721017e-05 -9.383531047934465e-05
17.28611111111073 -7.891336440684074e-05 -8.319638205019883e-05
17.28888888888851 -9.252850358091822e-05 -7.002753134280406e-05
17.29166666666628 -0.0001039362440174589 -5.463215246371632e-05
17.29444444444406 -0.0001127727905278459 -3.738183751581121e-05
17.29722222222184 -0.0001187371552420141 -1.870755598635462e-05
17.29999999999961 -0.0001216008361327867 9.110015909072618e-07
17.30277777777739 -0.0001212156810761316 2.09576549795126e-05
17.30555555555517 -0.0001175196816661862 4.08932306227102e-05
17.30833333333294 -0.0001105404941159148 6.016997166378909e-05
17.31111111111072 -0.0001003965443763134 7.824647789566085e-05
17.3138888888885 -8.729563952891542e-05 9.460276982273598e-05
17.31666666666627 -7.153107580325799e-05 0.0001087550599187488
17.31944444444405 -5.347530337293943e-05 0.0001202698145770898
17.32222222222182 -3.357127744995616e-05 0.0001287767023624614
17.3249999999996 -1.232169215902148e-05 0.0001339800478494114
17.32777777777738 9.723643690512476e-06 0.0001356684450974248
17.33055555555515 3.198197335011958e-05 0.0001337222298786635
17.33333333333293 5.38529371996248e-05 0.0001281185640430561
17.33611111111071 7.473469268616486e-05 0.0001189339475054486
17.33888888888848 9.404037704344311e-05 0.0001063440416531631
17.34166666666626 0.0001112144636455525 9.062076068345408e-05
17.34444444444404 0.0001257485580527169 7.212666251907588e-05
17.34722222222181 0.0001371961875937549 5.130674644769271e-05
17.34999999999959 0.0001451861586819348 2.867783837932763e-05
17.35277777777737 0.0001494340886079161 4.815814519687931e-06
17.35555555555514 0.0001497517625692649 -1.965902169555889e-05
17.35833333333292 0.0001460540211300382 -4.409803825467916e-05
17.3611111111107 0.0001383629467901256 -6.784143078475187e-05
17.36388888888847 0.0001268091892483743 -9.023598230336844e-05
17.36666666666625 0.0001116303453957366 -0.0001106529485386652
17.36944444444402 9.316639002741386e-05 -0.0001285055797897591
17.3722222222218 7.185223453582281e-05 -0.0001432657926371615
17.37499999999958 4.820757119921037e-05 -0.0001544795206603963
17.37777777777735 2.282423786255835e-05 -0.0001617803024395667
17.38055555555513 -3.648590373319327e-06 -0.0001649007068831272
17.38333333333291 -3.052101144907207e-05 -0.0001636812493501715
17.38611111111068 -5.70803825582617e-05 -0.0001580765158030499
17.38888888888846 -8.261021211324928e-05 -0.0001481582847043637
17.39166666666624 -0.0001064094555607716 -0.0001341155156704092
17.39444444444401 -0.0001278116947946149 -0.0001162511579051241
17.39722222222179 -0.0001462036766381784 -9.497581789970652e-05
17.39999999999957 -0.0001610426959725766 -7.079841243506011e-05
17.40277777777734 -0.0001718723334750343 -4.431401717240474e-05
17.40555555555512 -0.0001783360961097154 -1.618920070965481e-05
17.40833333333289 -0.0001801885596047224 1.285479334505059e-05
17.41111111111067 -0.0001773036748991137 4.2060590057719e-05
17.41388888888845 -0.0001696799733712473 7.065447358808519e-05
17.41666666666622 -0.0001574424866760121 9.786690497665906e-05
17.419444444444 -0.0001408412840936396 0.0001229532213051484
17.42222222222178 -0.0001202466211026953 0.0001452139582182325
17.42499999999955 -9.614078497998134e-05 0.0001640142408901507
17.42777777777733 -6.910681409026349e-05 0.0001788017068094479
17.43055555555511 -3.981435464345265e-05 0.0001891224569208439
17.43333333333288 -9.002999644849477e-06 0.0001946345789480039
17.43611111111066 2.253647275130619e-05 0.0001951188469962849
17.43888888888844 5.398248232191152e-05 0.0001904862732828383
17.44166666666621 8.450412252110648e-05 0.0001807822692260892
17.44444444444399 0.0001132831643462243 0.0001661872620216898
17.44722222222176 0.0001395360029574296 0.0001470137068868641
17.44999999999954 0.0001625349565322019 0.0001236995318556559
17.45277777777732 0.0001816283376651724 9.679814873715191e-05
17.45555555555509 0.0001962587442801744 6.696525797788665e-05
17.45833333333287 0.0002059790589522338 3.494276409759336e-05
17.46111111111065 0.000210465701731629 1.540199633905467e-06
17.46388888888842 0.0002095287506378674 -3.238587315639128e-05
17.4666666666662 0.0002031186241843848 -6.595395426126629e-05
17.46944444444398 0.0001913291095297211 -9.828061733628081e-05
17.47222222222175 0.0001743966157880008 -0.0001285038358209094
17.47499999999953 0.0001526956321251849 -0.0001558060044512697
17.47777777777731 0.000126730471843041 -0.0001794360389025893
17.48055555555508 9.712348396845038e-05 -0.0001987299549760355
17.48333333333286 6.460001019979827e-05 -0.0002131293637059903
17.48611111111063 2.997045476914003e-05 -0.0002221973692015853
17.48888888888841 -5.8900846090971e-06 -0.0002256314207023636
17.49166666666619 -4.206410727782963e-05 -0.0002232727475993658
17.49444444444396 -7.761534828603117e-05 -0.0002151120940529529
17.49722222222174 -0.000111613150738273 -0.0002012915660453604
17.49999999999952 -0.0001431569325386221 -0.0001821025057044455
17.50277777777729 -0.000171400100250716 -0.0001579794128229712
17.50555555555507 -0.0001955727720828771 -0.0001294900388700074
17.50833333333285 -0.0002150026984273241 -9.732188161342353e-05
17.51111111111062 -0.0002291338113378859 -6.226540597051388e-05
17.5138888888884 -0.0002375418927877745 -2.519440621550121e-05
17.51666666666618 -0.0002399469240302698 1.295599624441243e-05
17.51944444444395 -0.0002362217630478849 5.121315885775289e-05
17.52222222222173 -0.0002263968917192688 8.859191503734419e-05
17.5249999999995 -0.0002106610764907327 0.0001241201137262643
17.52777777777728 -0.0001893578933202435 0.0001568640337625143
17.53055555555506 -0.000162978176635604 0.000185953004008633
17.53333333333283 -0.0001321485601155412 0.0002106025765996976
17.53611111111061 -9.761638137440339e-05 0.00023013563447141
17.53888888888839 -6.023132030559761e-05 0.0002440008647485583
17.54166666666616 -2.09242292825557e-05 0.0002517880953469287
17.54444444444394 1.931630977934855e-05 0.000253240071595997
17.54722222222172 5.946910342029924e-05 0.0002482603407729833
17.54999999999949 9.850649402037864e-05 0.000236917012790485
17.55277777777727 0.0001354208601099443 0.0002194422722711424
17.55555555555505 0.0001692507800649017 0.0001962276280649457
17.55833333333282 0.0001991061746857067 0.0001678149979948289
17.5611111111106 0.0002241917672682732 0.0001348838362936379
17.56388888888837 0.0002438282404043147 9.823461591184134e-05
17.56666666666615 0.0002574705258982431 5.876907483431215e-05
17.56944444444393 0.0002647227363971301 1.74677221611739e-05
17.5722222222217 0.0002653493327515125 -2.46348263515903e-05
17.57499999999948 0.0002592822175406577 -6.647605431582093e-05
17.57777777777726 0.0002466235501006725 -0.0001069926203253906
17.58055555555503 0.0002276441890457605 -0.0001451476056424022
17.58333333333281 0.0002027777817739681 -0.0001799572290808338
17.58611111111059 0.000172610633818866 -0.0002105163352761347
17.58888888888836 0.0001378676011640052 -0.000236021991780046
17.59166666666614 9.939435287562545e-05 -0.0002557945771213418
17.59444444444392 5.813644687370725e-05 -0.0002692958049492957
17.59722222222169 1.511574583653675e-05 -0.0002761432069989113
17.59999999999947 -2.859522912012267e-05 -0.0002761206878868889
17.60277777777724 -7.190035409523664e-05 -0.0002691848653152191
17.60555555555502 -0.0001137076761157305 -0.0002554670175146258
17.6083333333328 -0.000152957193160043 -0.0002352705728774502
17.61111111111057 -0.0001886479267237496 -0.0002090641917615075
17.61388888888835 -0.0002198635896717661 -0.0001774706043893727
17.61666666666613 -0.000245796186762155 -0.0001412514786434402
17.6194444444439 -0.0002657669370945701 -0.0001012886945036416
17.62222222222168 -0.0002792439755070365 -5.856249519349562e-05
17.62499999999946 -0.000285856371848854 -1.412706636720784e-05
17.62777777777723 -0.0002854041009800924 3.091583824537747e-05
17.63055555555501 -0.000277863699843445 7.544455515388423e-05
17.63333333333279 -0.0002633894583387872 0.0001183457499001633
17.63611111111056 -0.0002423101051361837 0.0001585425170719631
17.63888888888834 -0.0002151210650215449 0.0001950216250576613
17.64166666666612 -0.0001824724778887971 0.000226859210294015
17.64444444444389 -0.0001451532781322993 0.0002532442649007202
17.64722222222167 -0.0001040717341437539 0.0002734993176150342
17.64999999999944 -6.023293828435051e-05 0.0002870977793728186
17.65277777777722 -1.471381573049998e-05 0.0002936775098808383
17.655555555555 3.136371598679832e-05 0.00029305025786048
17.65833333333277 7.686075776928606e-05 0.0002852067328354873
17.66111111111055 0.0001206499013487128 0.0002703171776453545
17.66388888888833 0.0001616434430178795 0.0002487274254261533
17.6666666666661 0.0001988206253023763 0.0002209505396524249
17.66944444444388 0.0002312532182929193 0.000187654248021723
17.67222222222166 0.0002581287950094691 0.000149644487618643
17.67499999999943 0.0002787711142461294 0.0001078454771764173
17.67777777777721 0.0002926570982696233 6.327681987747885e-05
17.68055555555499 0.0002994299796089905 1.70282147485067e-05
17.68333333333276 0.0002989082886925039 -2.976758551810351e-05
17.68611111111054 0.0002910904597636407 -7.596288909751446e-05
17.68888888888831 0.0002761549435883241 -0.0001204235447012299
17.69166666666609 0.0002544558291141007 -0.0001620570712082727
17.69444444444387 0.0002265140895358285 -0.0001998397322986409
17.69722222222164 0.0001930046782838947 -0.0002328418791845072
17.69999999999942 0.0001547398044686046 -0.0002602509296782222
17.7027777777772 0.0001126488126857525 -0.0002813914128160311
17.70555555555497 6.775517639476422e-05 -0.0002957415835003991
17.70833333333275 2.115118522838255e-05 -0.0003029461991344168
17.71111111111053 -2.60290371441113e-05 -0.0003028251477255643
17.7138888888883 -7.263750802274817e-05 -0.0002953777219339816
17.71666666666608 -0.0001175406541954042 -0.0002807824433093191
17.71944444444386 -0.0001596471695775653 -0.0002593924527137586
17.72222222222163 -0.0001979347702719579 -0.0002317265938209763
17.72499999999941 -0.0002314751854107378 -0.000198456423804244
17.72777777777718 -0.0002594567686842337 -0.0001603894861941953
17.73055555555496 -0.0002812041772396241 -0.000118449272890836
17.73333333333274 -0.0002961946400230293 -7.365238314813059e-05
17.73611111111051 -0.0003040704246203879 -2.708345508410303e-05
17.73888888888829 -0.0003046472080132135 2.013150177820939e-05
17.74166666666607 -0.0002979181598897367 6.685270747859786e-05
17.74444444444384 -0.0002840536546196353 0.0001119544605088145
17.74722222222162 -0.0002633966369747885 0.0001543525461898625
17.7499999999994 -0.000236453774415844 0.0001930305304157716
17.75277777777717 -0.0002038826325639461 0.0002270642957355782
17.75555555555495 -0.0001664752077574455 0.0002556442236629828
17.75833333333273 -0.0001251382389892359 0.0002780944885738482
17.7611111111105 -8.087079880880055e-05 0.0002938890029891758
17.76388888888828 -3.473972720340672e-05 0.000302663639392033
17.76666666666605 1.214647758410864e-05 0.0003042244478836156
17.76944444444383 5.86646629450594e-05 0.0002985516894519007
17.77222222222161 0.0001037042540823267 0.0002857996088904415
17.77499999999938 0.0001461940466265054 0.0002662919768214905
17.77777777777716 0.0001851279069715926 0.0002405135342139661
17.78055555555494 0.0002195887587777276 0.0002090975726641957
17.78333333333271 0.0002487702803941881 0.0001728099770733915
17.78611111111049 0.0002719957981145609 0.0001325301419522207
17.78888888888827 0.0002887339326009766 8.922924635554563e-05
17.79166666666604 0.0002986106385603237 4.39464337091961e-05
17.79444444444382 0.0003014173687340979 -2.236509943824325e-06
17.7972222222216 0.0002971151900944295 -4.822135344165445e-05
17.79999999999937 0.0002858347804150802 -9.291985131270983e-05
17.80277777777715 0.0002678723345657748 -0.0001352797647573974
17.80555555555492 0.0002436815094671436 -0.0001743098447952003
17.8083333333327 0.0002138616321907961 -0.0002091031799557721
17.81111111111048 0.0001791424848838145 -0.0002388583556682377
17.81388888888825 0.0001403660608806139 -0.0002628979304293664
17.81666666666603 9.846575667558226e-05 -0.0002806838033077716
17.81944444444381 5.444352267216094e-05 -0.000291829126609431
17.82222222222158 9.34554059767329e-06 -0.0002961065044570981
17.82499999999936 -3.576297394797333e-05 -0.0002934523104981266
17.82777777777714 -7.982322955597369e-05 -0.000283967053532784
17.83055555555491 -0.0001218079628844062 -0.000267911816244293
17.83333333333269 -0.0001607455878864679 -0.0002457008869938715
17.83611111111047 -0.0001957428188085754 -0.0002178907955332383
17.83888888888824 -0.0002260052377960716 -0.0001851660483063885
17.84166666666602 -0.0002508553328100583 -0.0001483219357379325
17.84444444444379 -0.0002697475973176585 -0.0001082448507831093
17.84722222222157 -0.0002822803581955156 -6.589061348498584e-05
17.84999999999935 -0.0002882040804906559 -2.226133918756512e-05
17.85277777777712 -0.0002874259850796123 2.161858258075644e-05
17.8555555555549 -0.000280010905617115 6.472681618996658e-05
17.85833333333268 -0.000266178402269749 0.000106067131515728
17.86111111111045 -0.0002462962393393835 0.0001446926086639706
17.86388888888823 -0.000220870419862428 0.000179727452005565
17.86666666666601 -0.0001905320505511477 0.0002103869091777342
17.86944444444378 -0.000156021383186208 0.0002359948417724123
17.87222222222156 -0.0001181694420787485 0.0002559985558289763
17.87499999999934 -7.787770009056691e-05 0.0002699805702900096
17.87777777777711 -3.609630680742493e-05 0.0002776670784701974
17.88055555555489 6.198599063973473e-06 0.0002789329393953395
17.88333333333266 4.802794563063296e-05 0.0002738031205264069
17.88611111111044 8.843260261699726e-05 0.0002624505988317189
17.88888888888822 0.0001264955367047347 0.0002451908113183505
17.89166666666599 0.0001613627329590743 0.0002224728269899308
17.89444444444377 0.0001922624037417202 0.000194867487855467
17.89722222222155 0.0002185220533175166 0.0001630528353182752
17.89999999999932 0.0002395830228013676 0.0001277971985035229
17.9027777777771 0.0002550122047295449 8.994037147630436e-05
17.90555555555488 0.0002645106876446713 5.037334583579007e-05
17.90833333333265 0.0002679191668996887 1.001709301805574e-05
17.91111111111043 0.0002652200364947485 -3.019909363519332e-05
17.91388888888821 0.0002565361562687849 -6.935918365271985e-05
17.91666666666598 0.0002421263672318814 -0.0001065814165218345
17.91944444444376 0.0002223779034101946 -0.0001410382472859659
17.92222222222154 0.0001977959195121705 -0.0001719747787116877
17.92499999999931 0.0001689904183940053 -0.0001987252701849747
17.92777777777709 0.000136660919274818 -0.0002207273646324426
17.93055555555486 0.0001015792556799381 -0.0002375337336076134
17.93333333333264 6.457093019215429e-05 -0.0002488209056815834
17.93611111111042 2.649548051068207e-05 -0.0002543951128049995
17.93888888888819 -1.177367240381424e-05 -0.000254195061627537
17.94166666666597 -4.936941840658897e-05 -0.000248291610118363
17.94444444444375 -8.54507251117883e-05 -0.0002368844024623792
17.94722222222152 -0.0001192215256448077 -0.0002202955854139472
17.9499999999993 -0.0001499483027598963 -0.0001989607954425927
17.95277777777708 -0.0001769759820017915 -0.000173417666622012
17.95555555555485 -0.0001997417921831089 -0.0001442921629487239
17.95833333333263 -0.000217786804270325 -0.00011228308449026
17.96111111111041 -0.0002307649184598497 -7.814513351614698e-05
17.96388888888818 -0.0002384491322886764 -4.267095385538951e-05
17.96666666666596 -0.0002407349885012816 -6.672573689581971e-06
17.96944444444373 -0.0002376411684863101 2.903731139774384e-05
17.97222222222151 -0.0002293072637967584 6.366378197192831e-05
17.97499999999929 -0.0002159888230281437 9.644744548201614e-05
17.97777777777706 -0.0001980498326631204 0.0001266810979905417
17.98055555555484 -0.0001759528470191378 0.0001537249327641497
17.98333333333262 -0.0001502470329415912 0.0001770199714901744
17.98611111111039 -0.0001215544382811338 0.0001960994406151835
17.98888888888817 -9.055482862193904e-05 0.0002105978675824562
17.99166666666595 -5.796946350719945e-05 0.0002202577282811592
17.99444444444372 -2.45442010743481e-05 0.0002249335364012647
17.9972222222215 8.967671646603454e-06 0.0002245933261639918
17.99999999999928 4.182248652617902e-05 0.0002193175406397851
18.00277777777705 7.33027341292435e-05 0.0002092953971525708
18.00555555555483 0.000102732728267256 0.0001948188577520351
18.0083333333326 0.0001294930550338484 0.0001762743851648785
18.01111111111038 0.0001530335003206644 0.0001541327118683815
18.01388888888816 0.0001728841904358501 0.0001289368909893804
18.01666666666593 0.0001886647263779515 0.0001012889317829836
18.01944444444371 0.0002000911423558072 7.183534885482786e-05
18.02222222222149 0.0002069805720584158 4.125197260464672e-05
18.02499999999926 0.0002092535606804083 1.022837834032477e-05
18.02777777777704 0.0002069340155101794 -2.054770692202119e-05
18.03055555555482 0.0002001468417122726 -5.040566763611287e-05
18.03333333333259 0.0001891133615696503 -7.870659515249174e-05
18.03611111111037 0.0001741446637515851 -0.0001048568996786677
18.03888888888815 0.0001556330730998779 -0.0001283206518202929
18.04166666666592 0.0001340419700703436 -0.0001486304014393208
18.0444444444437 0.0001098942215540387 -0.0001653962612652659
18.04722222222147 8.375951072430197e-05 -0.000178313086373055
18.04999999999925 5.624087236534851e-05 -0.0001871656272104686
18.05277777777703 2.796075157141065e-05 -0.0001918315821843881
18.0555555555548 -4.530923417756827e-07 -0.0001922825247574491
18.05833333333258 -2.838151830404679e-05 -0.0001885827284240169
18.06111111111036 -5.522746450455084e-05 -0.0001808859597400202
18.06388888888813 -8.042864743411794e-05 -0.0001694303537413787
18.06666666666591 -0.0001034692319348357 -0.0001545315266538264
18.06944444444369 -0.0001238902342253331 -0.0001365741169393603
18.07222222222146 -0.0001412984535841309 -0.0001160019767158572
18.07499999999924 -0.000155373765909302 -9.330726084934293e-05
18.07777777777702 -0.0001658746527949634 -6.901868012161431e-05
18.08055555555479 -0.00017264188209593 -4.36891975183091e-05
18.08333333333257 -0.0001756002991643716 -1.788345275733925e-05
18.08611111111034 -0.0001747587310554226 7.83480031249986e-06
18.08888888888812 -0.0001702080480265026 3.291496568417081e-05
18.0916666666659 -0.0001621174666786937 5.683132171690027e-05
18.09444444444367 -0.0001507292162532916 7.909393596235426e-05
18.09722222222145 -0.0001363517231333113 9.92585556768212e-05
18.09999999999923 -0.0001193514978438757 0.000116935279443065
18.102777777777 -0.0001001439332519616 0.0001317958470226385
18.10555555555478 -7.918324179402498e-05 0.0001435794191235767
18.10833333333256 -5.695177313871957e-05 0.0001520967553179991
18.11111111111033 -3.394896153081866e-05 0.0001572327360415737
18.11388888888811 -1.068015416238711e-05 0.0001589472125460551
18.11666666666589 1.235443164373171e-05 0.000157274206020222
18.11944444444366 3.467038362516313e-05 0.0001523195130094195
18.12222222222144 5.580917739336627e-05 0.0001442568079893224
18.12499999999921 7.534746078889976e-05 0.000133322364787875
18.12777777777699 9.290535647814273e-05 0.000119808545885182
18.13055555555477 0.0001081536257178145 0.0001040562319438476
18.13333333333254 0.0001208195652457228 8.644638281334185e-05
18.13611111111032 0.0001306915403459009 6.739093541580908e-05
18.1388888888881 0.0001376220895477152 4.732325316611757e-05
18.14166666666587 0.0001415295693866216 2.668834584137111e-05
18.14444444444365 0.000142398340437339 5.933078129984526e-06
18.14722222222143 0.0001402775276996965 -1.45034203852859e-05
18.1499999999992 0.00013527841869412 -3.419894106530925e-05
18.15277777777698 0.0001275705906806987 -5.275678933127086e-05
18.15555555555476 0.0001173768836941388 -6.981361446646121e-05
18.15833333333253 0.0001049673581046184 -8.504632671933058e-05
18.16111111111031 9.065239377985776e-05 -9.817797621429692e-05
18.16388888888808 7.477510233303785e-05 -0.0001089824941576386
18.16666666666586 5.770323419291925e-05 -0.0001172882242546679
18.16944444444364 3.982076821736848e-05 -0.0001229802004900555
18.17222222222141 2.151937328576276e-05 -0.0001260011558156295
18.17499999999919 3.189928832716518e-06 -0.0001263512742132795
18.17777777777697 -1.478571519325816e-05 -0.0001240867254523667
18.18055555555474 -3.204256869462767e-05 -0.0001193170470839982
18.18333333333252 -4.823976549576537e-05 -0.0001122014613025719
18.1861111111103 -6.306712116066417e-05 -0.0001029442348156004
18.18888888888807 -7.625086379872135e-05 -9.178920742537469e-05
18.19166666666585 -8.755843837180658e-05 -7.901362934054838e-05
18.19444444444363 -9.680230780785803e-05 -6.492145809458379e-05
18.1972222222214 -0.0001038426980145801 -4.983627320922259e-05
18.19999999999918 -0.0001085892581040779 -3.409397036822049e-05
18.20277777777696 -0.000111001631259212 -1.803539687831633e-05
18.20555555555473 -0.0001110889551605041 -1.999086715193853e-06
18.20833333333251 -0.0001089083332649548 1.368575334476352e-05
18.21111111111028 -0.0001045623390289131 2.870586486135339e-05
18.21388888888806 -9.819563399540835e-05 4.277003710134044e-05
18.21666666666584 -8.999079717433214e-05 5.561457060835678e-05
18.21944444444361 -8.016347704690903e-05 6.700800793010483e-05
18.22222222222139 -6.89569886074158e-05 7.675505301061106e-05
18.22499999999917 -5.663648595937524e-05 8.469962041905662e-05
18.22777777777694 -4.348284604038696e-05 9.072697588965649e-05
18.23055555555472 -2.978640103584333e-05 9.476495014642057e-05
18.2333333333325 -1.584065602522679e-05 9.67842282190513e-05
18.23611111111027 -1.936124495783194e-06 9.679773600382232e-05
18.23888888888805 1.164559225897943e-05 9.485916428188511e-05
18.24166666666583 2.463736493510967e-05 9.106068741747094e-05
18.2444444444436 3.679162958601706e-05 8.552994920131573e-05
18.24722222222138 4.788492212499872e-05 7.842640151073221e-05
18.24999999999915 5.772177624899171e-05 6.99370924125056e-05
18.25277777777693 6.613792297064493e-05 6.027200887590567e-05
18.25555555555471 7.300274663569309e-05 4.965908529152885e-05
18.25833333333248 7.822096940478714e-05 3.833899246033453e-05
18.26111111111026 8.173355330999056e-05 2.655982263888783e-05
18.26388888888804 8.351782578903364e-05 1.457178467050974e-05
18.26666666666581 8.358685071061402e-05 2.622019310983618e-06
18.26944444444359 8.198808200830591e-05 -9.050361258838262e-06
18.27222222222137 7.88013508541015e-05 -2.021891385037575e-05
18.27499999999914 7.413624957416302e-05 -3.067409859210828e-05
18.27777777777692 6.81289860328702e-05 -4.022703247623555e-05
18.2805555555547 6.093879082218863e-05 -4.871269997183694e-05
18.28333333333247 5.274396617793124e-05 -5.599257195370747e-05
18.28611111111025 4.373767003280437e-05 -6.195659816911717e-05
18.28888888888802 3.412353098592135e-05 -6.652455268645353e-05
18.2916666666658 2.411119024893019e-05 -6.964672592805759e-05
18.29444444444358 1.391186488187465e-05 -7.130397069314422e-05
18.29722222222135 3.73402297279653e-06 -7.150712274065091e-05
18.29999999999913 -6.220744014516858e-06 -7.029582877499026e-05
18.30277777777691 -1.576157351882095e-05 -6.773682583178341e-05
18.30555555555468 -2.471183898735137e-05 -6.392172590137686e-05
18.30833333333246 -3.291225157163446e-05 -5.896436799600846e-05
18.31111111111024 -4.022350665636127e-05 -5.299780663894798e-05
18.31388888888801 -4.65284366019212e-05 -4.61710108483915e-05
18.31666666666579 -5.173364262624342e-05 -3.86453510572834e-05
18.31944444444357 -5.577059043904955e-05 -3.059095304944867e-05
18.32222222222134 -5.859616582857922e-05 -2.218299792744359e-05
18.32499999999912 -6.019269764252359e-05 -1.359804542815425e-05
18.32777777777689 -6.056746628388596e-05 -5.01045465933054e-06
18.33055555555467 -5.975172575306638e-05 3.411028323947009e-06
18.33333333333245 -5.779927623467973e-05 1.150645260757492e-05
18.33611111111022 -5.478463209778917e-05 1.912755768782563e-05
18.338888888888 -5.080083683051161e-05 2.614033336133488e-05
18.34166666666578 -4.595698177158377e-05 3.242720430053232e-05
18.34444444444355 -4.037548947161235e-05 3.788880850789827e-05
18.34722222222133 -3.418922508508462e-05 4.244534826176288e-05
18.34999999999911 -2.753850036242686e-05 4.603750167002753e-05
18.35277777777688 -2.056803460813501e-05 4.862689233751951e-05
18.35555555555466 -1.342393545396703e-05 5.019612373627985e-05
18.35833333333244 -6.250759549234211e-06 5.074839346990833e-05
18.36111111111021 8.112906049765825e-07 5.030671058540324e-05
18.36388888888799 7.628982325732373e-06 4.891274626761341e-05
18.36666666666576 1.407843530931293e-05 4.662535453664227e-05
18.36944444444354 2.004723191824301e-05 4.351880486194314e-05
18.37222222222132 2.543622302514233e-05 3.968077283971972e-05
18.37499999999909 3.016100462530125e-05 3.521013820653809e-05
18.37777777777687 3.415304802440168e-05 3.021464146335298e-05
18.38055555555465 3.736047405637848e-05 2.480845126238069e-05
18.38333333333242 3.974846932560134e-05 1.910969449365549e-05
18.3861111111102 4.129934975027479e-05 1.323799974563703e-05
18.38888888888798 4.201228356996462e-05 7.31210257390511e-06
18.39166666666575 4.190269234514226e-05 1.447557879468323e-06
18.39444444444353 4.10013542119843e-05 -4.245399226713277e-06
18.39722222222131 3.935323866978816e-05 -9.66380730023489e-06
18.39999999999908 3.701610639887999e-05 -1.471371557012274e-05
18.40277777777686 3.405891098018447e-05 -1.931167805671881e-05
18.40555555555463 3.056004188082181e-05 -2.338598466977117e-05
18.40833333333241 2.660544966784734e-05 -2.687761521186183e-05
18.41111111111019 2.228669512077681e-05 -2.974090830228296e-05
18.41388888888796 1.769896375464882e-05 -3.194394323836855e-05
18.41666666666574 1.293908627916007e-05 -3.346863860560571e-05
18.41944444444352 8.103603760048481e-06 -3.431057692649136e-05
18.42222222222129 3.286913786593094e-06 -3.447856970285996e-05
18.42499999999907 -1.420469140403762e-06 -3.399398177385952e-05
18.42777777777685 -5.93350940827289e-06 -3.288983790890625e-05
18.43055555555462 -1.017407675232732e-05 -3.120973792725663e-05
18.4333333333324 -1.407218225110543e-05 -2.900660934084415e-05
18.43611111111018 -1.756700737044873e-05 -2.634132852958681e-05
18.43888888888795 -2.0607714340755e-05 -2.328124276777467e-05
18.44166666666573 -2.315403095364022e-05 -1.989862602999549e-05
18.4444444444435 -2.517660759823807e-05 -1.626910143444897e-05
18.44722222222128 -2.665714893319677e-05 -1.247006246032852e-05
18.44999999999906 -2.758832692175351e-05 -8.579123748260224e-06
18.45277777777683 -2.797348596923873e-05 -4.672630410426748e-06
18.45555555555461 -2.782615452779966e-05 -8.242524037351257e-07
18.45833333333239 -2.716938071758472e-05 2.896312277600726e-06
18.46111111111016 -2.603491221231972e-05 6.424504978321707e-06
18.46388888888794 -2.446224281830007e-05 9.70192713023057e-06
18.46666666666572 -2.249754981883765e-05 1.267720077998761e-05
18.46944444444349 -2.019254725232812e-05 1.53066590190429e-05
18.47222222222127 -1.76032808445664e-05 1.755486018320193e-05
18.47499999999905 -1.47888903372852e-05 1.93949233904808e-05
18.47777777777682 -1.181036447005972e-05 2.080868656958156e-05
18.4805555555546 -8.729312912735337e-06 2.178669153401764e-05
18.48333333333238 -5.606778052219679e-06 2.232800381774822e-05
18.48611111111015 -2.502107757388445e-06 2.243987785658714e-05
18.48888888888793 5.280918676793883e-07 2.213728063189467e-05
18.4916666666657 3.430907122269726e-06 2.144228905471389e-05
18.49444444444348 6.157956726314233e-06 2.038337813390021e-05
18.49722222222126 8.666109965653491e-06 1.899461832448187e-05
18.49999999999903 1.091807457060131e-05 1.731480138484629e-05
18.50277777777681 1.288284882227722e-05 1.538651458466198e-05
