16.5 -2.088182426951011e-07 -5.742552083404606e-08
16.50277777777778 -2.234861331285883e-07 9.431439278028526e-09
16.50555555555555 -2.167892418755562e-07 7.981982769906676e-08
16.50833333333333 -1.879618818527781e-07 1.469246335458815e-07
16.51111111111111 -1.384084931499664e-07 2.038000830127979e-07
16.51388888888888 -7.170964714249492e-08 2.440595312213513e-07
16.51666666666666 6.590913847681009e-09 2.625560286014222e-07
16.51944444444444 8.941168626774594e-08 2.559841751683154e-07
16.52222222222221 1.687427963353825e-07 2.233370699869943e-07
16.52499999999999 2.36390321869419e-07 1.661622917602786e-07
16.52777777777776 2.847894698742141e-07 8.857736160199914e-08
16.53055555555554 3.078090451376325e-07 -2.973196238513922e-09
16.53333333333332 3.014652411401605e-07 -1.00212113167523e-07
16.53611111111109 2.644664026062153e-07 -1.937419153892141e-07
16.53888888888887 1.985222323979789e-07 -2.739183308140359e-07
16.54166666666665 1.083703035514961e-07 -3.318069502864813e-07
16.54444444444442 1.498233832232102e-09 -3.601318434499473e-07
16.5472222222222 -1.124306942368954e-07 -3.541194964419568e-07
16.54999999999998 -2.224100601733542e-07 -3.121455706648111e-07
16.55277777777775 -3.171137864068719e-07 -2.361058011355406e-07
16.55555555555553 -3.860194935639761e-07 -1.31455107515011e-07
16.55833333333331 -4.205244280135565e-07 -6.888965274527507e-09
16.56111111111108 -4.1494027272144e-07 1.263242910053505e-07
16.56388888888886 -3.672579145879487e-07 2.553155042351545e-07
16.56666666666663 -2.795894150692505e-07 3.66812438560601e-07
16.56944444444441 -1.582211295783931e-07 4.484564479849435e-07
16.57222222222219 -1.324712264322614e-08 4.901121514000228e-07
16.57499999999996 1.422072976132328e-07 4.850366272108386e-07
16.57777777777774 2.931197408889378e-07 4.307801822828509e-07
16.58055555555552 4.239705772627382e-07 3.297097046372086e-07
16.58333333333329 5.202833850038324e-07 1.890769276207179e-07
16.58611111111107 5.701584613566917e-07 2.059522994925895e-08
16.58888888888885 5.656429768508258e-07 -1.604636941810891e-07
16.59166666666662 5.037878659162044e-07 -3.365922957088766e-07
16.5944444444444 3.872637902134009e-07 -4.896810948664591e-07
16.59722222222218 2.244452381680584e-07 -6.028177015227099e-07
16.59999999999995 2.892022004714287e-08 -6.620783120933017e-07
16.60277777777773 -1.815611129965032e-07 -6.581287558485796e-07
16.6055555555555 -3.866274911700297e-07 -5.874598902397914e-07
16.60833333333328 -5.651912178086126e-07 -4.531082813984862e-07
16.61111111111106 -6.975454086976631e-07 -2.647561627576509e-07
16.61388888888883 -7.674521244132446e-07 -3.816131892725773e-08
16.61666666666661 -7.640078944542801e-07 2.060671402446178e-07
16.61944444444439 -6.830823824605397e-07 4.442633106846146e-07
16.62222222222216 -5.281566888687653e-07 6.519219593546473e-07
16.62499999999994 -3.10438247044187e-07 8.061390530279419e-07
16.62777777777772 -4.819551725135564e-08 8.880401360033882e-07
16.63055555555549 2.346680777275486e-07 8.84947869205949e-07
16.63333333333327 5.107024948836469e-07 7.920512072045556e-07
16.63611111111105 7.514893153764276e-07 6.13374898709361e-07
16.63888888888882 9.304766734367711e-07 3.619071073402065e-07
16.6416666666666 1.025796932991421e-06 5.882032819818196e-08
16.64444444444437 1.022778021972752e-06 -2.681903848816615e-07
16.64722222222215 9.158729004952462e-07 -5.873359810877309e-07
16.64999999999993 7.097743187000158e-07 -8.657271872591054e-07
16.6527777777777 4.195512331053958e-07 -1.072661647801857e-06
16.65555555555548 6.973352240922786e-08 -1.182885896571124e-06
16.65833333333326 -3.076250099475722e-07 -1.179496787075775e-06
16.66111111111103 -6.757687662464911e-07 -1.056163584556846e-06
16.66388888888881 -9.967119688248673e-07 -8.184022661703353e-07
16.66666666666659 -1.235043223393881e-06 -4.837145714566646e-07
16.66944444444436 -1.361693234020212e-06 -8.050952918241164e-08
16.67222222222214 -1.357277403052144e-06 3.541547989349462e-07
16.67499999999992 -1.214645391665877e-06 7.778482328804682e-07
16.67777777777769 -9.403291291781872e-07 1.146788676752367e-06
16.68055555555547 -5.546754827193779e-07 1.420237457531104e-06
16.68333333333324 -9.057219972268877e-08 1.564841191981364e-06
16.68611111111102 4.091851403749458e-07 1.558471619032368e-06
16.6888888888888 8.956949254820399e-07 1.393139871475231e-06
16.69166666666657 1.318598435550072e-06 1.076631798589037e-06
16.69444444444435 1.63114821724546e-06 6.326216463166865e-07
16.69722222222213 1.795199971908666e-06 9.916364512688314e-08
16.6999999999999 1.785610836305551e-06 -4.743779611837483e-07
16.70277777777768 1.593557803856496e-06 -1.031735700195041e-06
16.70555555555546 1.228372840085472e-06 -1.515107048130542e-06
16.70833333333323 7.176204958929294e-07 -1.870987800026828e-06
16.71111111111101 1.053088908635491e-07 -2.05589778390763e-06
16.71388888888879 -5.516891325778289e-07 -2.041404054925286e-06
16.71666666666656 -1.188739092305898e-06 -1.817884790325175e-06
16.71944444444434 -1.739634291036503e-06 -1.396574854520317e-06
16.72222222222211 -2.143296642108806e-06 -8.095847739791367e-07
16.72499999999989 -2.350328387028483e-06 -1.077761328500038e-07
16.72777777777767 -2.32873192503216e-06 6.434092733218198e-07
16.73055555555544 -2.068161953866212e-06 1.369852653283754e-06
16.73333333333322 -1.582189464919133e-06 1.995883469330697e-06
16.736111111111 -9.082328220091113e-07 2.451961477220134e-06
16.73888888888877 -1.05032440021786e-07 2.682155373054566e-06
16.74166666666655 7.522078491706226e-07 2.650636135256748e-06
16.74444444444433 1.57864190114528e-06 2.346461042219617e-06
16.7472222222221 2.287970650526367e-06 1.786060371576702e-06
16.74999999999988 2.801231198461172e-06 1.013043263894505e-06
16.75277777777766 3.055312359138449e-06 9.519482641941669e-08
16.75555555555543 3.010303308891336e-06 -8.811803609983538e-07
16.75833333333321 2.65485320645372e-06 -1.819130404667913e-06
16.76111111111098 2.008879936303333e-06 -2.6204528703765e-06
16.76388888888876 1.123203803077813e-06 -3.195729560946053e-06
16.76666666666654 7.597671437591909e-08 -3.473998164948071e-06
16.76944444444431 -1.03389828892e-06 -3.41104252571495e-06
16.77222222222209 -2.095840383538917e-06 -2.995370718452848e-06
16.77499999999987 -2.99835446750958e-06 -2.25113879592637e-06
16.77777777777764 -3.640463745408137e-06 -1.237553936883142e-06
16.78055555555542 -3.942665965575715e-06 -4.46299308651439e-08
16.7833333333332 -3.856255547161608e-06 1.214461315065105e-06
16.78611111111097 -3.369960901388613e-06 2.413833053921533e-06
16.78888888888875 -2.513068067186313e-06 3.427190560620797e-06
16.79166666666653 -1.354521500131324e-06 4.140827686403411e-06
16.7944444444443 2.117477214121914e-09 4.466005336166786e-06
16.79722222222208 1.427551183983062e-06 4.349398798997299e-06
16.79999999999986 2.778747783422478e-06 3.78043158038992e-06
16.80277777777763 3.912986534239611e-06 2.79457379319007e-06
16.80555555555541 4.702598956657157e-06 1.472053085004373e-06
16.80833333333318 5.048916042436894e-06 -6.812715523844687e-08
16.81111111111096 4.893936163375742e-06 -1.678486377378519e-06
16.81388888888874 4.228387420355871e-06 -3.196838943644004e-06
16.81666666666651 3.095163398899529e-06 -4.462292250397423e-06
16.81944444444429 1.587538547344081e-06 -5.331927896200627e-06
16.82222222222207 -1.579194351395178e-07 -5.696472387919366e-06
16.82499999999984 -1.973276580791576e-06 -5.493281655815035e-06
16.82777777777762 -3.675009165272873e-06 -4.715156608371822e-06
16.8305555555554 -5.082189558386256e-06 -3.413864072374166e-06
16.83333333333317 -6.035317586343339e-06 -1.697730002308723e-06
16.83611111111095 -6.413876909297886e-06 2.767445510317202e-07
16.83888888888873 -6.150731117197323e-06 2.318675706523925e-06
16.8416666666665 -5.241707463253116e-06 4.22083751432015e-06
16.84444444444428 -3.749133172010711e-06 5.780291538455899e-06
16.84722222222205 -1.798655935065385e-06 6.819593200059257e-06
16.84999999999983 4.306549784342509e-07 7.206402221301107e-06
16.85277777777761 2.7222320128293e-06 6.869382141374865e-06
16.85555555555538 4.842600923791946e-06 5.80855471788022e-06
16.85833333333316 6.5647317938516e-06 4.09876097948724e-06
16.86111111111094 7.6918592186259e-06 1.885531304006601e-06
16.86388888888871 8.079319858340598e-06 -6.265775431505105e-07
16.86666666666649 7.652041590013601e-06 -3.192333629394945e-06
16.86944444444427 6.415655424236038e-06 -5.54928703880496e-06
16.87222222222204 4.459766374040002e-06 -7.444142006137713e-06
16.87499999999982 1.952664793715801e-06 -8.659442996019809e-06
16.8777777777776 -8.723836750287654e-07 -9.03781504740597e-06
16.88055555555537 -3.738247568579863e-06 -8.501120222528317e-06
16.88333333333315 -6.35059647223886e-06 -7.062294678540243e-06
16.88611111111092 -8.42761589862516e-06 -4.82828629608272e-06
16.8888888888887 -9.729823185072959e-06 -1.993364678925609e-06
16.89166666666648 -1.008688648152209e-05 1.176955900804327e-06
16.89444444444425 -9.418514193843293e-06 4.370150078908669e-06
16.89722222222203 -7.7469616557052e-06 7.256932330632608e-06
16.89999999999981 -5.19946019478113e-06 9.524657720533284e-06
16.90277777777758 -1.999845085242347e-06 1.091054161975954e-05
16.90555555555536 1.550248386991486e-06 1.123123035078298e-05
16.90833333333314 5.099145989141448e-06 1.040547344946061e-05
16.91111111111091 8.279374765022853e-06 8.467216778494126e-06
16.91388888888869 1.074511337844699e-05 5.567311012310536e-06
16.91666666666647 1.2209097383594e-05 1.963134770522812e-06
16.91944444444424 1.247510813328293e-05 -2.003339065503334e-06
16.92222222222202 1.146245737719752e-05 -5.937274508658071e-06
16.92499999999979 9.219551225348874e-06 -9.429638238763796e-06
16.92777777777757 5.924624641639038e-06 -1.209908241077129e-05
16.93055555555535 1.872990895792714e-06 -1.363282199126956e-05
16.93333333333312 -2.548470611596901e-06 -1.38221979548675e-05
16.9361111111109 -6.897498802228743e-06 -1.258897845853323e-05
16.93888888888868 -1.072000919396027e-05 -9.999240398573685e-06
16.94166666666645 -1.35968091333634e-05 -6.262830198534174e-06
16.94444444444423 -1.518873487553445e-05 -1.717820595690972e-06
16.94722222222201 -1.527542969674076e-05 3.199077307375694e-06
16.94999999999978 -1.378343509773095e-05 7.99367655705527e-06
16.95277777777756 -1.080019342574509e-05 1.216326185054622e-05
16.95555555555534 -6.57188386257111e-06 1.524855148878194e-05
16.95833333333311 -1.48461348572411e-06 1.688337870811043e-05
16.96111111111089 3.969794625547379e-06 1.683680446419839e-05
16.96388888888866 9.240508718430873e-06 1.504293529029479e-05
16.96666666666644 1.377254999741497e-05 1.161480124411453e-05
16.96944444444422 1.706442641440796e-05 6.840159455707898e-06
16.97222222222199 1.872263449553602e-05 1.158888542994529e-06
16.97499999999977 1.850719952642643e-05 -4.876448222355774e-06
16.97777777777755 1.636311331775018e-05 -1.065346359988573e-05
16.98055555555532 1.243378631057223e-05 -1.556127284266526e-05
16.9833333333331 7.054349327932561e-06 -1.905423091160319e-05
16.98611111111088 7.246590552032097e-07 -2.071151687887804e-05
16.98888888888865 -5.936018948110125e-06 -2.028616039251868e-05
16.99166666666643 -1.224867368710671e-05 -1.773794221407244e-05
16.99444444444421 -1.754291328906138e-05 -1.324605747542792e-05
16.99722222222198 -2.122723845374951e-05 -7.199379491047611e-06
16.99999999999976 -2.285395062901226e-05 -1.644195333543105e-07
17.00277777777753 -2.217168229567869e-05 7.166580484349798e-06
17.00555555555531 -1.915954532996625e-05 1.404280266156737e-05
17.00833333333309 -1.403857404280772e-05 1.973084739730339e-05
17.01111111111086 -7.258343270524249e-06 2.359197091531849e-05
17.01388888888864 5.408413892981208e-07 2.515252996222671e-05
17.01666666666642 8.587206310825763e-06 2.415998400650663e-05
17.01944444444419 1.605288048305907e-05 2.061801090873645e-05
17.02222222222197 2.213812429937789e-05 1.479622349589586e-05
17.02499999999975 2.615594683802155e-05 7.212458008910902e-06
17.02777777777752 2.760826299680288e-05 -1.411598012141578e-06
17.0305555555553 2.624527757406439e-05 -1.02178429085575e-05
17.03333333333308 2.210121416685676e-05 -1.829610479455477e-05
17.03611111111085 1.550171777324649e-05 -2.477721642845376e-05
17.03888888888863 7.041049538947065e-06 -2.892540756646484e-05
17.0416666666664 -2.469710586669468e-06 -3.022030441918205e-05
17.04444444444418 -1.207914642700481e-05 -2.841953828439874e-05
17.04722222222196 -2.078960745785143e-05 -2.359465192183989e-05
17.04999999999973 -2.765974063971274e-05 -1.613551332197501e-05
17.05277777777751 -3.190502357869116e-05 -6.721569225825722e-06
17.05555555555529 -3.298568021355641e-05 3.738310502652658e-06
17.05833333333306 -3.067227981059722e-05 1.419228049600002e-05
17.06111111111084 -2.508129530980245e-05 2.355018569362243e-05
17.06388888888862 -1.667576040282419e-05 3.079615160339194e-05
17.06666666666639 -6.229648341255704e-06 3.509758419246516e-05
17.06944444444417 5.241644171937583e-06 3.589900911327706e-05
17.07222222222195 1.657867345172433e-05 3.299034018443696e-05
17.07499999999972 2.659399808672009e-05 2.654146655978323e-05
17.0777777777775 3.419540974779472e-05 1.709828725894661e-05
17.08055555555528 3.850367473120358e-05 5.539194355455661e-06
17.08333333333305 3.895222623424408e-05 -7.004872618065598e-06
17.08611111111083 3.53576848223596e-05 -1.92597339748786e-05
17.0888888888886 2.795274611780913e-05 -2.993622661948718e-05
17.09166666666638 1.737662476323407e-05 -3.786462700231953e-05
17.09444444444416 4.622533403284248e-06 -4.212134616251277e-05
17.09722222222193 -9.053824411772813e-06 -4.213431512439184e-05
17.09999999999971 -2.225652500903622e-05 -3.775523336019444e-05
17.10277777777749 -3.359070690327085e-05 -2.928991661505823e-05
17.10555555555526 -4.180869462158375e-05 -1.748207700519671e-05
17.10833333333304 -4.594578315325783e-05 -3.45060268234538e-06
17.11111111111082 -4.543105518112613e-05 1.141470038729359e-05
17.11388888888859 -4.016071746483367e-05 2.558939682875389e-05
17.11666666666637 -3.052495022502361e-05 3.756952987717124e-05
17.11944444444415 -1.738384295266937e-05 4.602989843607006e-05
17.12222222222192 -1.9931958648961e-06 4.996897738917546e-05
17.1249999999997 1.411372952812556e-05 4.882479201961382e-05
17.12777777777747 2.927758125414088e-05 4.254857706597966e-05
17.13055555555525 4.188261941041833e-05 3.162704583256402e-05
17.13333333333303 5.052752794717141e-05 1.704919380621773e-05
17.1361111111108 5.417941385250267e-05 2.192637458680292e-07
17.13888888888858 5.229423888696646e-05 -1.717677651934465e-05
17.14166666666636 4.488990256053433e-05 -3.33387502397108e-05
17.14444444444413 3.256272212015643e-05 -4.653729145672443e-05
17.14722222222191 1.644370994779804e-05 -5.529748673059031e-05
17.14999999999969 -1.902728691876136e-06 -5.856177850318666e-05
17.15277777777746 -2.062890271397641e-05 -5.581431757785625e-05
17.15555555555524 -3.778854338129873e-05 -4.715243045744847e-05
17.15833333333302 -5.153780163413422e-05 -3.329597214552091e-05
17.16111111111079 -6.03319125982889e-05 -1.553158045893788e-05
17.16388888888857 -6.309669643208094e-05 4.404388833709751e-06
17.16666666666634 -5.935604748331617e-05 2.449388363570253e-05
17.16944444444412 -4.930059962893011e-05 4.264007025392528e-05
17.1722222222219 -3.378848422912611e-05 5.688488930449848e-05
17.17499999999967 -1.427596705372093e-05 6.561881685397695e-05
17.17777777777745 7.316928028813616e-06 6.776051001066506e-05
17.18055555555523 2.879368761126359e-05 6.288649136653049e-05
17.183333333333 4.790339488241352e-05 5.129567479391462e-05
17.18611111111078 6.257532736537198e-05 3.399993297961378e-05
17.18888888888856 7.114175272275403e-05 1.263943293858216e-05
17.19166666666633 7.252510681553713e-05 -1.067064116896766e-05
17.19444444444411 6.636876617963421e-05 -3.354792166325645e-05
17.19722222222189 5.309594306660395e-05 -5.358501101509318e-05
17.19999999999966 3.388834306308603e-05 -6.860148799766702e-05
17.20277777777744 1.058443559382625e-05 -7.687952359849331e-05
17.20555555555521 -1.449433882872764e-05 -7.735780712266493e-05
17.20833333333299 -3.877325235949673e-05 -6.976212669062675e-05
17.21111111111077 -5.968731817232744e-05 -5.465698835018921e-05
17.21388888888854 -7.4950935492518e-05 -3.341052687193487e-05
17.21666666666632 -8.280594209308939e-05 -8.073880793399122e-06
17.2194444444441 -8.222132051575449e-05 1.881473826288341e-05
17.22222222222187 -7.302212886483534e-05 4.448281085909385e-05
17.22499999999965 -5.593204703945796e-05 6.620810963220216e-05
17.22777777777743 -3.252259559442726e-05 8.160605795974429e-05
17.2305555555552 -5.071733366176228e-06 8.888965095265622e-05
17.23333333333298 2.365582130475074e-05 8.707378060990454e-05
17.23611111111076 5.068559287632128e-05 7.610087882868102e-05
17.23888888888853 7.314008453698651e-05 5.687244693150977e-05
17.24166666666631 8.854375016109955e-05 3.118054133967278e-05
17.24444444444408 9.509401669082405e-05 1.543678306212424e-06
17.24722222222186 9.186886603739017e-05 -2.903816894482097e-05
17.24999999999964 7.894737183833444e-05 -5.738586563829259e-05
17.25277777777741 5.742812943774947e-05 -8.047039711766347e-05
17.25555555555519 2.934088598829854e-05 -9.573515986088816e-05
17.25833333333297 -2.542176112480872e-06 -0.0001013771062544188
17.26111111111074 -3.497828403359919e-05 -9.655601466721235e-05
17.26388888888852 -6.458259509572793e-05 -8.150792398708581e-05
17.2666666666663 -8.818025657351984e-05 -5.75482531871255e-05
17.26944444444407 -0.0001031455099197023 -2.696139033829925e-05
17.27222222222185 -0.0001076917561570668 7.214563487902885e-06
17.27499999999963 -0.0001010807365325557 4.148791509152049e-05
17.2777777777774 -8.372669743823923e-05 7.226890759126193e-05
17.28055555555518 -5.718187492924049e-05 9.624459138239108e-05
17.28333333333295 -2.400181497156693e-05 0.0001107340078322362
17.28611111111073 1.249830484544869e-05 0.0001139857422849003
17.28888888888851 4.857339555148553e-05 0.0001053850291336029
17.29166666666628 8.043160085354586e-05 8.554631778990483e-05
17.29444444444406 0.0001046317916950244 5.627870135481924e-05
17.29722222222184 0.0001184538535130675 2.042472212426593e-05
17.29999999999961 0.0001202020569926228 -1.841354845850531e-05
17.30277777777739 0.0001094078966848158 -5.623501386143175e-05
17.30555555555517 8.690857981348149e-05 -8.905071950572671e-05
17.30833333333294 5.478990308909811e-05 -0.0001133035429671068
17.31111111111072 1.619630577842702e-05 -0.0001262523548489805
17.3138888888885 -2.497501931687587e-05 -0.0001262792981807295
17.31666666666627 -6.446643065392736e-05 -0.0001130859725264122
17.31944444444405 -9.809921021999466e-05 -8.77552353050732e-05
17.32222222222182 -0.0001222147630677183 -5.266897976298182e-05
17.3249999999996 -0.0001340711588649941 -1.128723526776004e-05
17.32777777777738 -0.0001321521727995799 3.21912948811164e-05
17.33055555555515 -0.0001163542413581284 7.325415961612205e-05
17.33333333333293 -8.802885421556111e-05 0.000107542671172781
17.33611111111071 -4.987266278408649e-05 0.0001313136537719864
17.33888888888848 -5.673495988626696e-06 0.0001418466043050367
17.34166666666626 4.006412467727978e-05 0.000137752114701224
17.34444444444404 8.25771286961331e-05 0.0001191468552450313
17.34722222222181 0.0001173392095325889 8.767374765330745e-05
17.34999999999959 0.0001405418757885609 4.636184030816201e-05
17.35277777777737 0.0001495101990372755 -6.627906161236753e-07
17.35555555555514 0.0001430080140058782 -4.858781181245439e-05
17.35833333333292 0.0001213980345517764 -9.240633784070495e-05
17.3611111111107 8.663693885449346e-05 -0.0001274394193383357
17.36388888888847 4.210248700910326e-05 -0.00014983485431545
17.36666666666625 -7.732586683928286e-06 -0.0001569892229952346
17.36944444444402 -5.774867457262075e-05 -0.0001478470522294845
17.3722222222218 -0.0001027046285343287 -0.0001230430421656202
17.37499999999958 -0.0001377864902910551 -8.486916588293837e-05
17.37777777777735 -0.0001591222195778492 -3.706657966501698e-05
17.38055555555513 -0.0001642074544187539 1.553921669776718e-05
17.38333333333291 -0.0001521956344057179 6.752460586000095e-05
17.38611111111068 -0.0001240192166511979 0.0001134265789956332
17.38888888888846 -8.232589772790533e-05 0.000148316455712877
17.39166666666624 -3.123297836809696e-05 0.0001683283839360956
17.39444444444401 2.407772507101863e-05 0.0001710860140279103
17.39722222222179 7.78847473034096e-05 0.0001559804064160729
17.39999999999957 0.0001245185369802153 0.0001242670474331284
17.40277777777734 0.0001589585852478552 7.896834370879203e-05
17.40555555555512 0.0001773732540109822 2.458825241506066e-05
17.40833333333289 0.00017754431853127 -3.33343318762422e-05
17.41111111111067 0.0001591293428009254 -8.878929343383508e-05
17.41388888888845 0.0001237312728104418 -0.0001359187997665689
17.41666666666622 7.476443473801225e-05 -0.000169635924847133
17.419444444444 1.712742968770424e-05 -0.0001861730729368532
17.42222222222178 -4.328600513540064e-05 -0.000183501131624412
17.42499999999955 -0.0001001894393411714 -0.0001615728875642232
17.42777777777733 -0.0001475579480827425 -0.0001223619796721542
17.43055555555511 -0.0001802659832534786 -6.968975411857641e-05
17.43333333333288 -0.0001946413844027349 -8.854648646824384e-06
17.43611111111066 -0.0001888756974752618 5.39001666088646e-05
17.43888888888844 -0.0001632451279956571 0.0001120274827553543
17.44166666666621 -0.0001201156822667592 0.000159359337546274
17.44444444444399 -6.372839521936551e-05 0.0001907615606596984
17.44722222222176 2.163070538835114e-07 0.0002026901066781777
17.44999999999954 6.513454599639788e-05 0.0001935889387182964
17.45277777777732 0.0001242370885543995 0.0001640849794145702
17.45555555555509 0.0001712397476744403 0.0001169563563850628
17.45833333333287 0.0002010317115565835 5.687372361871958e-05
17.46111111111065 0.0002102307014403324 -1.006160982174857e-05
17.46388888888842 0.0001975646982927665 -7.693719589675476e-05
17.4666666666662 0.000164037357074969 -0.0001367437203571472
17.46944444444398 0.0001128564048797759 -0.000183110184793333
17.47222222222175 4.912902218438409e-05 -0.0002109828301028335
17.47499999999953 -2.064714166871564e-05 -0.0002171754190374473
17.47777777777731 -8.924667680798267e-05 -0.0002007310021629515
17.48055555555508 -0.0001494652401767863 -0.0001630543103442608
17.48333333333286 -0.0001948768313036858 -0.0001077975306422606
17.48611111111063 -0.0002205198427620806 -4.050799905403785e-05
17.48888888888841 -0.0002234385989411492 3.192841380472282e-05
17.49166666666619 -0.0002030213181361336 0.0001019924179726988
17.49444444444396 -0.0001610960937379823 0.0001623126731951995
17.49722222222174 -0.0001017714939908453 0.0002064421298804812
17.49999999999952 -3.103514060727436e-05 0.0002295474895641246
17.50277777777729 4.385066288274594e-05 0.0002289380016654947
17.50555555555507 0.0001150952560191882 0.0002043757847412813
17.50833333333285 0.0001751911306532713 0.0001581321495213309
17.51111111111062 0.0002177059873833797 9.478073293832724e-05
17.5138888888884 0.0002379716722763295 2.074589423855937e-05
17.51666666666618 0.0002335961464573976 -5.634913087641493e-05
17.51944444444395 0.000204742383498584 -0.0001284681492703901
17.52222222222173 0.0001541419773907352 -0.0001880008797750808
17.5249999999995 8.68388269577784e-05 -0.0002285670796773939
17.52777777777728 9.686669010627777e-06 -0.0002457008451235088
17.53055555555506 -6.934953157943118e-05 -0.0002373416276783622
17.53333333333283 -0.0001420170613381449 -0.0002040780279694997
17.53611111111061 -0.0002006385456540642 -0.000149115868250208
17.53888888888839 -0.0002389242353073198 -7.797078764904364e-05
17.54166666666616 -0.0002526474215743061 2.085354012613862e-06
17.54444444444394 -0.0002401103820681024 8.276870246987891e-05
17.54722222222172 -0.0002023495437397238 0.0001556420033623882
17.54999999999949 -0.0001430554812831861 0.0002129984262584814
17.55277777777727 -6.821316305181472e-05 0.0002486778731590446
17.55555555555505 1.450260581156089e-05 0.0002587291691967623
17.55833333333282 9.651543626691167e-05 0.0002418468790623259
17.5611111111106 0.0001692382200874787 0.0001995345149736822
17.56388888888837 0.0002249738982975149 0.0001359742463366894
17.56666666666615 0.0002577314669714817 5.761394619297382e-05
17.56944444444393 0.0002638705637592725 -2.748770751532537e-05
17.5722222222217 0.0002425052070554074 -0.0001104914820792079
17.57499999999948 0.0001956219753764932 -0.0001826975010228647
17.57777777777726 0.000127897577061627 -0.0002364588887103153
17.58055555555503 4.623228269055627e-05 -0.0002659930079292401
17.58333333333281 -4.095423767666823e-05 -0.0002680040736555057
17.58611111111059 -0.0001245927017123222 -0.0002420500299637843
17.58888888888836 -0.0001959095943590285 -0.0001906129242538873
17.59166666666614 -0.0002473493841425947 -0.0001188628841671341
17.59444444444392 -0.0002733764356364468 -3.413797675756643e-05
17.59722222222169 -0.0002710713463998387 5.480767925042115e-05
17.59999999999947 -0.0002404573906403955 0.0001387103626048656
17.60277777777724 -0.0001845206518384818 0.0002087636981826458
17.60555555555502 -0.0001089193824876015 0.000257544949016628
17.6083333333328 -2.141079963740278e-05 0.0002798030075970758
17.61111111111057 6.894653233083221e-05 0.0002730242703746593
17.61388888888835 0.0001527325451280178 0.0002377153405743979
17.61666666666613 0.0002211500010149296 0.0001773708620288888
17.6194444444439 0.0002669502217742966 9.812769018750545e-05
17.62222222222168 0.00028520257793717 8.139609220048135e-06
17.62499999999946 0.0002738258871957768 -8.326357446194322e-05
17.62777777777723 0.000233824378808767 -0.0001665456387461507
17.63055555555501 0.0001692015851150471 -0.0002329612418141933
17.63333333333279 8.655922322135558e-05 -0.0002754763586203855
17.63611111111056 -5.578705815161489e-06 -0.0002895147575030503
17.63888888888834 -9.764724648105595e-05 -0.0002734511329484716
17.64166666666612 -0.0001800358988636313 -0.0002287976870566352
17.64444444444389 -0.0002440942584774037 -0.0001600628777575402
17.64722222222167 -0.0002830423946409299 -7.429539298977888e-05
17.64999999999944 -0.0002926899296297938 1.96404396202398e-05
17.65277777777722 -0.0002718873900712042 0.0001119831384782093
17.655555555555 -0.0002226611524557408 0.0001930910342291316
17.65833333333277 -0.0001500163123892313 0.0002544514935242048
17.66111111111055 -6.14266198481035e-05 0.0002895764935205219
17.66388888888833 3.393641887813887e-05 0.0002946900987538003
17.6666666666661 0.0001261555476961167 0.0002691348357307514
17.66944444444388 0.0002056017935415027 0.0002154531741793289
17.67222222222166 0.0002639424261469997 0.000139134263096199
17.67499999999943 0.0002950170592129942 4.805117957713804e-05
17.67777777777721 0.000295489552566792 -4.835346342590092e-05
17.68055555555499 0.0002652065770325567 -0.0001400490781291913
17.68333333333276 0.0002072242550623492 -0.000217463519493531
17.68611111111054 0.0001274989998464472 -0.0002724849010928949
17.68888888888831 3.427390399640502e-05 -0.0002993136857738463
17.69166666666609 -6.277592978276781e-05 -0.0002950753224833561
17.69444444444387 -0.0001535502502673428 -0.0002601285682240114
17.69722222222164 -0.0002285776389036608 -0.0001980363843713321
17.69999999999942 -0.0002800063269360479 -0.000115201607459028
17.7027777777772 -0.0003024279250675163 -2.020476046550849e-05
17.70555555555497 -0.0002934474317061371 7.708730741620943e-05
17.70833333333275 -0.0002539393100213441 0.0001665490889570962
17.71111111111053 -0.0001879622227035856 0.0002388530588164763
17.7138888888883 -0.0001023407498616777 0.0002864447191072177
17.71666666666608 -5.957337955703942e-06 0.0003043338561250065
17.71944444444386 9.117183618747453e-05 0.0002906189249949007
17.72222222222163 0.0001789406576717987 0.0002466893362074426
17.72499999999941 0.0002482074404839845 0.000177084104590148
17.72777777777718 0.000291749566522169 8.902130380885476e-05
17.73055555555496 0.0003050184444265219 -8.352730392300412e-06
17.73333333333274 0.0002866156792387586 -0.000104916112853441
17.73611111111051 0.0002384404975267734 -0.0001906265086689162
17.73888888888829 0.0001654928785821037 -0.0002565683258952697
17.74166666666607 7.535288924571114e-05 -0.0002958825046731037
17.74444444444384 -2.260937684583607e-05 -0.0003044816841933743
17.74722222222162 -0.0001182106547701678 -0.0002814759989479215
17.7499999999994 -0.0002015160204535875 -0.0002292650575396135
17.75277777777717 -0.0002638740949425654 -0.000153286608277896
17.75555555555495 -0.000298817782513539 -6.144832580164503e-05
17.75833333333273 -0.0003027365217527117 3.669770877789522e-05
17.7611111111105 -0.0002752500056816438 0.0001309513900277517
17.76388888888828 -0.0002192446193231409 0.0002115275966725115
17.76666666666605 -0.000140569160816653 0.000270074735277282
17.76944444444383 -4.742204642300499e-05 0.0003005425152388525
17.77222222222161 5.050558665273356e-05 0.000299808563042426
17.77499999999938 0.0001430410451324875 0.0002679988350645126
17.77777777777716 0.000220589703896685 0.0002084689056299481
17.78055555555494 0.0002751324113186629 0.0001274487117140843
17.78333333333271 0.0003010567200044463 3.33884998715642e-05
17.78611111111049 0.0002957355732070308 -6.392513948175343e-05
17.78888888888827 0.000259793659288315 -0.0001543904039569523
17.79166666666604 0.00019703441821092 -0.0002286417296502223
17.79444444444382 0.0001140361965032056 -0.0002790218235880453
17.7972222222216 1.946057370099745e-05 -0.000300373136588181
17.79999999999937 -7.685418872073058e-05 -0.0002905667808593947
17.80277777777715 -0.0001649194149321297 -0.0002507145567313139
17.80555555555492 -0.0002356346463654015 -0.0001850430044096901
17.8083333333327 -0.0002817303544142587 -0.0001004437404348501
17.81111111111048 -0.0002985168398474713 -5.748068402626103e-06
17.81388888888825 -0.0002843620038177391 8.919755409171445e-05
17.81666666666603 -0.0002408492534431486 0.0001745581272610611
17.81944444444381 -0.0001726003607743415 0.000241531471570776
17.82222222222158 -8.678309744270902e-05 0.0002832580009622209
17.82499999999936 7.643748281248124e-06 0.0002955246554088258
17.82777777777714 0.0001008682179639657 0.0002771906168570837
17.83055555555491 0.0001832474411452026 0.0002302917636805541
17.83333333333269 0.000246307519405651 0.0001598145042816085
17.83611111111047 0.0002836171013099521 7.316412876385925e-05
17.83888888888824 0.0002914443942319132 -2.061548028680961e-05
17.84166666666602 0.0002691303851411427 -0.0001117883286129311
17.84444444444379 0.0002191409583613262 -0.0001909396615378449
17.84722222222157 0.0001467942418097794 -0.0002499504433680973
17.84999999999935 5.969335000551491e-05 -0.0002828318638325735
17.85277777777712 -3.307481183934745e-05 -0.0002863339253975649
17.8555555555549 -0.0001218900267685814 -0.000260266189454107
17.85833333333268 -0.0001975988496231103 -0.0002074990912039725
17.86111111111045 -0.0002524600748932816 -0.0001336476677671049
17.86388888888823 -0.0002809377143034896 -4.647257316470391e-05
17.86666666666601 -0.0002802601095893319 4.493756572802931e-05
17.86944444444378 -0.0002506886710664326 0.0001311160842668414
17.87222222222156 -0.0001954703124533872 0.0002032009709058974
17.87499999999934 -0.0001204807182917833 0.0002538480668144058
17.87777777777711 -3.359766721550063e-05 0.0002779804787912039
17.88055555555489 5.612859519848907e-05 0.0002732976181951175
17.88333333333266 0.0001394203481505006 0.0002404928250345327
17.88611111111044 0.0002077338433893109 0.0001831591994507751
17.88888888888822 0.0002541373548312845 0.0001073958083005462
17.89166666666599 0.0002740154235262633 2.115745747096716e-05
17.89444444444377 0.000265527664702531 -6.658249764964561e-05
17.89722222222155 0.0002297765709334623 -0.0001467679881360092
17.89999999999932 0.0001706693319351171 -0.0002111968936722562
17.9027777777771 9.449057489281102e-05 -0.0002533614537350641
17.90555555555488 9.232780131145391e-06 -0.0002691061753657819
17.90833333333265 -7.624414271561603e-05 -0.0002570366760723388
17.91111111111043 -0.0001531355498296937 -0.0002186393294744115
17.91388888888821 -0.0002136007327793641 -0.0001581019379585616
17.91666666666598 -0.000251563608182511 -8.185674739998386e-05
17.91944444444376 -0.0002633235482488806 2.104295661399037e-06
17.92222222222154 -0.0002479149320461098 8.506901173266163e-05
17.92499999999931 -0.0002071806322250999 0.0001585108202927486
17.92777777777709 -0.0001455546336953179 0.0002149665670853107
17.93055555555486 -6.957916070406317e-05 0.000248795820265898
17.93333333333264 1.279107013313893e-05 0.0002567443020885421
17.93611111111042 9.302334989469439e-05 0.0002382551999032332
17.93888888888819 0.0001628925164471634 0.0001954987897742854
17.94166666666597 0.0002153254626985824 0.0001331202773532845
17.94444444444375 0.0002451177778813567 5.773492460023455e-05
17.94722222222152 0.0002494498608899441 -2.277463571468898e-05
17.9499999999993 0.0002281513910638765 -0.0001000841365019494
17.95277777777708 0.0001836896412494157 -0.0001662898102704512
17.95555555555485 0.0001208859539610963 -0.0002147174840758364
17.95833333333263 4.639275790413558e-05 -0.0002405957090036644
17.96111111111041 -3.201212066407821e-05 -0.000241525016539956
17.96388888888818 -0.0001062388824679295 -0.0002176972642090777
17.96666666666596 -0.0001687217076618349 -0.0001718454052106992
17.96944444444373 -0.0002131907294197485 -0.0001089321040934397
17.97222222222151 -0.0002353011873779935 -3.561249195762266e-05
17.97499999999929 -0.0002330566437204357 4.04707577252409e-05
17.97777777777706 -0.0002069851973315782 0.0001114852675988486
17.98055555555484 -0.0001600536486945012 0.0001702163002390183
17.98333333333262 -9.733180576704317e-05 0.000210800286527937
17.98611111111039 -2.544474421752707e-05 0.0002293099148906005
17.98888888888817 4.812778565689395e-05 0.000224132449825523
17.99166666666595 0.000115830633031509 0.0001961050484266261
17.99444444444372 0.0001708099110873444 0.0001483963876874725
17.9972222222215 0.0002076071332345312 8.615021487092248e-05
17.99999999999928 0.0002227005050160813 1.593075883624521e-05
18.00277777777705 0.0002148397816750466 -5.49701947412704e-05
18.00555555555483 0.0001851431214932208 -0.0001192913465293609
18.0083333333326 0.0001369493286799261 -0.0001705461566303175
18.01111111111038 7.544416571369149e-05 -0.000203677006429448
18.01388888888816 7.10240765074067e-06 -0.0002155532903164073
18.01666666666593 -6.099433013293351e-05 -0.0002052645083121773
18.01944444444371 -0.0001218920600949367 -0.0001741812512303177
18.02222222222149 -0.0001694749473140755 -0.0001257812572933459
18.02499999999926 -0.0001990792628987765 -6.526192967252784e-05
18.02777777777704 -0.0002079491750570563 1.017658100834854e-06
18.03055555555482 -0.0001954899963394299 6.620536918143004e-05
18.03333333333259 -0.0001632960164049011 0.0001236648805076113
18.03611111111037 -0.0001149535763863338 0.0001676514497383371
18.03888888888815 -5.564312660355302e-05 0.0001938857539580403
18.04166666666592 8.415717705665799e-06 0.0001999685516971383
18.0444444444437 7.061669059522985e-05 0.0001855961911809449
18.04722222222147 0.000124648473981609 0.0001525580884211492
18.04999999999925 0.0001651350322345322 0.0001045199926444866
18.05277777777703 0.0001881697341180868 4.66187806976149e-05
18.0555555555548 0.0001916902973877923 -1.508656710948276e-05
18.05833333333258 0.0001756588144752598 -7.424915446141947e-05
18.06111111111036 0.0001420317182449977 -0.0001248871261541526
18.06388888888813 9.452634748564626e-05 -0.000161988214781302
18.06666666666591 3.821150988722856e-05 -0.0001820048219121826
18.06944444444369 -2.103299751443019e-05 -0.0001831908637725472
18.07222222222146 -7.713031278445295e-05 -0.0001657486845710262
18.07499999999924 -0.0001244297781032269 -0.0001317743616232976
18.07777777777702 -0.0001582756425809042 -8.501058528901714e-05
18.08055555555479 -0.0001754640286014219 -3.043583579233923e-05
18.08333333333257 -0.0001745434704180661 2.626518386683146e-05
18.08611111111034 -0.0001559311639434052 7.929357027712374e-05
18.08888888888812 -0.0001218364395435832 0.0001233290581263198
18.0916666666659 -7.600284948948835e-05 0.000154063100708396
18.09444444444367 -2.329859954094409e-05 0.0001686188678581945
18.09722222222145 3.08000013242289e-05 0.0001658174092033141
18.09999999999923 8.077731476215448e-05 0.0001462657343188083
18.102777777777 0.00012164032761657 0.0001122612281997734
18.10555555555478 0.0001494165850450121 6.752569503797348e-05
18.10833333333256 0.0001615385567882428 1.679946763082503e-05
18.11111111111033 0.0001570774640459431 -3.466028795373261e-05
18.11388888888811 0.000136805697491807 -8.162403569337498e-05
18.11666666666589 0.000103084870383502 -0.0001194207576535482
18.11944444444366 5.959440412853744e-05 -0.0001444014423082653
18.12222222222144 1.09315113121565e-05 -0.0001542893158745111
18.12499999999921 -3.787407162215913e-05 -0.0001483834475227124
18.12777777777699 -8.187944809027042e-05 -0.0001275979972800719
18.13055555555477 -0.0001167284509311246 -9.433649826806673e-05
18.13333333333254 -0.00013908158947925 -5.221739093062453e-05
18.13611111111032 -0.0001469337726911857 -5.681842741308232e-06
18.1388888888881 -0.0001397898533096512 4.047377834314452e-05
18.14166666666587 -0.0001186831558480379 8.159163763806632e-05
18.14444444444365 -8.603845600038261e-05 0.0001136216214656129
18.14722222222143 -4.539668036466018e-05 0.0001335188203673187
18.1499999999992 -1.032291344363142e-06 0.0001395304716144487
18.15277777777698 4.249543827305438e-05 0.0001313456209896146
18.15555555555476 8.081024091758327e-05 0.0001100953157653005
18.15833333333253 0.0001101578422282562 7.820660938519793e-05
18.16111111111031 0.0001277722045363905 3.912844565612383e-05
18.16388888888808 0.0001321334893073901 -3.039895588642653e-06
18.16666666666586 0.0001230940076841743 -4.397790419499993e-05
18.16944444444364 0.0001018623776762044 -7.958567275675911e-05
18.17222222222141 7.085072920808802e-05 -0.0001063933685159405
18.17499999999919 3.340358951836473e-05 -0.0001218975813893193
18.17777777777697 -6.561343148856174e-06 -0.0001247921535327849
18.18055555555474 -4.496209573320343e-05 -0.0001150725591992862
18.18333333333252 -7.796841061677146e-05 -9.400622234412725e-05
18.1861111111103 -0.0001023825425556961 -6.397493441258422e-05
18.18888888888807 -0.0001159471499392241 -2.82083542731705e-05
18.19166666666585 -0.000117550860887317 9.561843772288664e-06
18.19444444444363 -0.0001073131719480222 4.549028076972395e-05
18.1972222222214 -8.654300509604314e-05 7.60083438003869e-05
18.19999999999918 -5.757818136986712e-05 9.817728261263823e-05
18.20277777777696 -2.352494697953079e-05 0.0001099691527310033
18.20555555555473 1.207366939360988e-05 0.0001104489873820542
18.20833333333251 4.560540367017625e-05 9.984223582855323e-05
18.21111111111028 7.375419316298466e-05 7.948351031196846e-05
18.21388888888806 9.382665778264886e-05 5.165478582617424e-05
18.21666666666584 0.0001040076505425345 1.933216668264878e-05
18.21944444444361 0.0001035208844333705 -1.413091168835352e-05
18.22222222222139 9.268084749775776e-05 -4.535046799717018e-05
18.22499999999917 7.283355355549945e-05 -7.125300497127806e-05
18.22777777777694 4.619496475727304e-05 -8.937654773445108e-05
18.23055555555472 1.560602211414563e-05 -9.810238293076505e-05
18.2333333333325 -1.576885962708129e-05 -9.679595178171641e-05
18.23611111111027 -4.476797948765492e-05 -8.584508306316533e-05
18.23888888888805 -6.854972063517517e-05 -6.65944191968029e-05
18.24166666666583 -8.486938496845356e-05 -4.118538623061035e-05
18.2444444444436 -9.228870839466404e-05 -1.232032957428513e-05
18.24722222222138 -9.029877811701716e-05 1.702342184795628e-05
18.24999999999915 -7.93463191060631e-05 4.3899453217242e-05
18.25277777777693 -6.076332189110009e-05 6.568682228245458e-05
18.25555555555471 -3.660971644802697e-05 8.034397569165717e-05
18.25833333333248 -9.447282199220814e-06 8.659761692186754e-05
18.26111111111026 1.793059962857717e-05 8.404933974901834e-05
18.26388888888804 4.278498712655457e-05 7.319159111258366e-05
18.26666666666581 6.27040525699042e-05 5.533388101603156e-05
18.26944444444359 7.583539419243083e-05 3.244915434945571e-05
18.27222222222137 8.105580695597202e-05 6.957983359876486e-06
18.27499999999914 7.806324749465342e-05 -1.852601457274212e-05
18.27777777777692 6.738397879320361e-05 -4.146290247568564e-05
18.2805555555547 5.029659808287408e-05 -5.963820576364192e-05
18.28333333333247 2.868294546802108e-05 -7.13749446335925e-05
18.28611111111025 4.822938470219393e-06 -7.568581836183319e-05
18.28888888888802 -1.884449353997196e-05 -7.235203203989382e-05
18.2916666666658 -3.996945034620288e-05 -6.192300837928095e-05
18.29444444444358 -5.652298597829638e-05 -4.563932818521345e-05
18.29722222222135 -6.699018347107367e-05 -2.528886807905362e-05
18.29999999999913 -7.050621275512422e-05 -3.012500985237045e-06
18.30277777777691 -6.692345833750168e-05 1.89197118821412e-05
18.30555555555468 -5.680506275688954e-05 3.833858204907133e-05
18.30833333333246 -4.134773768873693e-05 5.338892754782273e-05
18.31111111111024 -2.224368605360414e-05 6.270499523181828e-05
18.31388888888801 -1.497269794524802e-06 6.553179257844006e-05
18.31666666666579 1.878389472881184e-05 6.178186009289022e-05
18.31944444444357 3.660178023045854e-05 5.202379119551931e-05
18.32222222222134 5.026337181059307e-05 3.740574155245958e-05
18.32499999999912 5.853971413778349e-05 1.952356416274968e-05
18.32777777777689 6.077385052164169e-05 2.484365432495743e-07
18.33055555555467 5.692848603206151e-05 -1.84675749028886e-05
18.33333333333245 4.757051141195153e-05 -3.478794660322121e-05
18.33611111111022 3.379591487822705e-05 -4.71704941116249e-05
18.338888888888 1.710444285394533e-05 -5.451128402063284e-05
18.34166666666578 -7.619173858482011e-07 -5.624044126959965e-05
18.34444444444355 -1.799940505958824e-05 -5.236185040390889e-05
18.34722222222133 -3.292334156352824e-05 -4.343459774502547e-05
18.34999999999911 -4.413137455250278e-05 -3.049987446426433e-05
18.35277777777688 -5.063344910805447e-05 -1.496237071684201e-05
18.35555555555466 -5.193666808502361e-05 1.560573435080813e-06
18.35833333333244 -4.80780810105316e-05 1.740602082797036e-05
18.36111111111021 -3.960385026703096e-05 3.103157047904339e-05
18.36388888888799 -2.74986272775808e-05 4.116410592512554e-05
18.36666666666576 -1.307379393584125e-05 4.691696855668808e-05
18.36944444444354 2.172976272406753e-06 4.786497736670586e-05
18.37222222222132 1.671195110072758e-05 4.407125894899202e-05
18.37499999999909 2.913361113787731e-05 3.606484069835755e-05
18.37777777777687 3.828393233841362e-05 2.477288382130397e-05
18.38055555555465 4.336984802496887e-05 1.141580299612564e-05
18.38333333333242 4.402545503403546e-05 -2.623079567081458e-06
18.3861111111102 4.033374516059968e-05 -1.593957114795786e-05
18.38888888888798 3.280323199268515e-05 -2.724787671816845e-05
18.39166666666575 2.230333534845129e-05 -3.550341225742362e-05
18.39444444444353 9.966337741899895e-06 -3.99975820997365e-05
18.39722222222131 -2.933234074230111e-06 -4.041611934863562e-05
18.39999999999908 -1.510909392455179e-05 -3.685648978932678e-05
18.40277777777686 -2.539030865197374e-05 -2.980406940469694e-05
18.40555555555463 -3.283260000167051e-05 -2.0070894744945e-05
18.40833333333241 -3.680340198329744e-05 -8.704352587130318e-06
18.41111111111019 -3.703320556727206e-05 3.124114508693618e-06
18.41388888888796 -3.362932122871963e-05 1.423859477968496e-05
18.41666666666574 -2.705204172036349e-05 2.357449389937996e-05
18.41944444444352 -1.805690166434811e-05 3.027924016901043e-05
18.42222222222129 -7.609944246025836e-06 3.378852348901691e-05
18.42499999999907 3.214681375531623e-06 3.387143860355126e-05
18.42777777777685 1.334406474461457e-05 3.064121256843018e-05
18.43055555555462 2.18118013954558e-05 2.453171211178462e-05
18.4333333333324 2.784896994023591e-05 1.624329313989347e-05
18.43611111111018 3.095239106071116e-05 6.664444784213569e-06
18.43888888888795 3.092429063932977e-05 -3.222173740890048e-06
18.44166666666573 2.788052391977126e-05 -1.243948765998047e-05
18.4444444444435 2.22277187654103e-05 -2.011153276420959e-05
18.44722222222128 1.461274142796306e-05 -2.554552475426216e-05
18.44999999999906 5.850483106045251e-06 -2.829291420224136e-05
18.45277777777683 -3.16212886003443e-06 -2.818422135337747e-05
18.45555555555461 -1.153693657937013e-05 -2.533521979761849e-05
18.45833333333239 -1.848108279034742e-05 -2.012494601937529e-05
18.46111111111016 -2.337094340613737e-05 -1.314876125065777e-05
18.46388888888794 -2.580669336261833e-05 -5.152018189949277e-06
18.46666666666572 -2.564289911153357e-05 3.048424613289827e-06
18.46944444444349 -2.299306135140432e-05 1.064668514389847e-05
18.47222222222127 -1.820866723431231e-05 1.692610557968159e-05
18.47499999999905 -1.183578891098994e-05 2.132576919094255e-05
18.47777777777682 -4.55434748015478e-06 2.348923295249849e-05
18.4805555555546 2.893340820467457e-06 2.329140207938329e-05
18.48333333333238 9.777329936349788e-06 2.084177377115465e-05
18.48611111111015 1.545068280925853e-05 1.646466101004865e-05
18.48888888888793 1.940924427980158e-05 1.065923596150105e-05
18.4916666666657 2.13351397591363e-05 4.044093847287166e-06
18.49444444444348 2.112039876832157e-05 -2.707635695547085e-06
18.49722222222126 1.886918964116019e-05 -8.935920182917605e-06
18.49999999999903 1.487930265830199e-05 -1.405749094712614e-05
18.50277777777681 9.605520222559174e-06 -1.761949505790879e-05
