16.5 1.762031225655775e-07 -1.259174671102929e-07
16.50277777777778 1.947067012855489e-07 -1.101104183178152e-07
16.50555555555555 2.11989479610089e-07 -9.181089707398998e-08
16.50833333333333 2.277365186396864e-07 -7.108160838152886e-08
16.51111111111111 2.416302770715238e-07 -4.802284887848962e-08
16.51388888888888 2.533548360321854e-07 -2.27740056290346e-08
16.51666666666666 2.626004371992924e-07 4.485385495009414e-09
16.51944444444444 2.690682932213488e-07 3.353507359161236e-08
16.52222222222221 2.724756218671777e-07 6.411406736087445e-08
16.52499999999999 2.725608478550596e-07 9.592119522340468e-08
16.52777777777776 2.690889090484275e-07 1.286162904407305e-07
16.53055555555554 2.618565967973755e-07 1.618220345877239e-07
16.53333333333332 2.506978537937794e-07 1.951264855020669e-07
16.53611111111109 2.354889470384461e-07 2.280863075874527e-07
16.53888888888887 2.161534285432541e-07 2.602307131013192e-07
16.54166666666665 1.926667923527991e-07 2.910661128931746e-07
16.54444444444442 1.650607335260385e-07 3.200814640355163e-07
16.5472222222222 1.334269130033961e-07 3.467542900286592e-07
16.54999999999998 9.792013193625435e-08 3.705573368772533e-07
16.55277777777775 5.876082020786113e-08 3.909658154719643e-07
16.55555555555553 1.623674662270741e-08 4.074651675447629e-07
16.55833333333331 -2.929613729899566e-08 4.195592791704659e-07
16.56111111111108 -7.741380175937491e-08 4.267790525802639e-07
16.56388888888886 -1.276252651213805e-07 4.2869123414532e-07
16.56666666666663 -1.79374806204125e-07 4.249073840271229e-07
16.56944444444441 -2.320453145082678e-07 4.150928614166884e-07
16.57222222222219 -2.849628168487102e-07 3.989756887605208e-07
16.57499999999996 -3.374022035091838e-07 3.76355149157909e-07
16.57777777777774 -3.885941600212636e-07 3.471099634752838e-07
16.58055555555552 -4.377332921283779e-07 3.112058879245489e-07
16.58333333333329 -4.839874116205265e-07 2.68702569139931e-07
16.58611111111107 -5.265079297116155e-07 2.197594924095008e-07
16.58888888888885 -5.644412827442728e-07 1.646408598887469e-07
16.59166666666662 -5.969412925258303e-07 1.037192395487279e-07
16.5944444444444 -6.23182340856017e-07 3.747783245170421e-08
16.59722222222218 -6.42373215149298e-07 -3.348878415519141e-08
16.59999999999995 -6.537714598775171e-07 -1.084755673942779e-07
16.60277777777773 -6.566980472671037e-07 -1.866696861916825e-07
16.6055555555555 -6.505521607136386e-07 -2.671550593939698e-07
16.60833333333328 -6.348258661725634e-07 -3.489188258006824e-07
16.61111111111106 -6.091184308018322e-07 -4.308597917778581e-07
16.61388888888883 -5.731500348279119e-07 -5.117988736851942e-07
16.61666666666661 -5.267746124272401e-07 -5.904915213440312e-07
16.61944444444439 -4.69991550800066e-07 -6.656420754617083e-07
16.62222222222216 -4.029559739623179e-07 -7.359199767187325e-07
16.62499999999994 -3.259873394817353e-07 -7.999777075283251e-07
16.62777777777772 -2.395760827564057e-07 -8.564703098223182e-07
16.63055555555549 -1.443880547608042e-07 -9.040762841480154e-07
16.63333333333327 -4.126651569385613e-08 -9.415196374994332e-07
16.63611111111105 6.876853123500691e-08 -9.675928103305805e-07
16.63888888888882 1.845238544371003e-07 -9.811801777945737e-07
16.6416666666666 3.046395130151189e-07 -9.812817871813677e-07
16.64444444444437 4.275984985122912e-07 -9.670369635352634e-07
16.64722222222215 5.517395748062589e-07 -9.377473892976035e-07
16.64999999999993 6.752733441596671e-07 -8.928992423073578e-07
16.6527777777777 7.963015157585836e-07 -8.321839603512165e-07
16.65555555555548 9.128392977187885e-07 -7.555171904031962e-07
16.65833333333326 1.022840775173883e-06 -6.630554773991451e-07
16.66111111111103 1.124227076458732e-06 -5.552102514681469e-07
16.66388888888881 1.214917067460584e-06 -4.326586844898152e-07
16.66666666666659 1.292860251868991e-06 -2.963510071315751e-07
16.66944444444436 1.356071493426263e-06 -1.47513906402957e-07
16.67222222222214 1.402667116454651e-06 1.235033851435314e-08
16.67499999999992 1.430901884157123e-06 1.814692778571993e-07
16.67777777777769 1.439206301665564e-06 3.578105106820931e-07
16.68055555555547 1.426223643842659e-06 5.390968787227e-07
16.68333333333324 1.390846067684449e-06 7.228267396070574e-07
16.68611111111102 1.33224913708872e-06 9.062993452272777e-07
16.6888888888888 1.249924064950293e-06 1.086645265432301e-06
16.69166666666657 1.143706965170227e-06 1.260861706052362e-06
16.69444444444435 1.013804406250794e-06 1.425852474794624e-06
16.69722222222213 8.608145696257047e-07 1.578472250112696e-06
16.6999999999999 6.857433405103605e-07 1.715574708292925e-06
16.70277777777768 4.900146974107313e-07 1.834063964427185e-06
16.70555555555546 2.754748189422419e-07 1.930948685409127e-06
16.70833333333323 4.438939337182715e-08 2.003398139594555e-06
16.71111111111101 -2.005663027386826e-07 2.04879936025394e-06
16.71388888888879 -4.563248956538385e-07 2.064814520502118e-06
16.71666666666656 -7.194522062508539e-07 2.049437548058646e-06
16.71944444444434 -9.861804532363323e-07 2.001048951046202e-06
16.72222222222211 -1.252449347408728e-06 1.918467783026127e-06
16.72499999999989 -1.513954916040596e-06 1.800999648495391e-06
16.72777777777767 -1.766205748315403e-06 1.648479640844294e-06
16.73055555555544 -2.004586199206215e-06 1.461309114828285e-06
16.73333333333322 -2.224425932579561e-06 1.240485226238579e-06
16.736111111111 -2.421075027358741e-06 9.876222236493286e-07
16.73888888888877 -2.589983716084351e-06 7.049635515970332e-07
16.74166666666655 -2.726785676297029e-06 3.95383921554824e-07
16.74444444444433 -2.827383654923815e-06 6.238062660478527e-08
16.7472222222221 -2.888036077626726e-06 -2.899464828432794e-07
16.74999999999988 -2.905443182077491e-06 -6.569267824298771e-07
16.75277777777766 -2.876831119680472e-06 -1.033362654501885e-06
16.75555555555543 -2.800032397477106e-06 -1.413585304539464e-06
16.75833333333321 -2.673560983851369e-06 -1.791522437099951e-06
16.76111111111098 -2.496680380942312e-06 -2.160777387831582e-06
16.76388888888876 -2.269462975794768e-06 -2.514719072073394e-06
16.76666666666654 -1.99283902330184e-06 -2.846581869259216e-06
16.76944444444431 -1.668633688491276e-06 -3.149574320078752e-06
16.77222222222209 -1.299590684740955e-06 -3.416995274560944e-06
16.77499999999987 -8.893811886409661e-07 -3.642355898680285e-06
16.77777777777764 -4.425968911751758e-07 -3.819505729835743e-06
16.78055555555542 3.527374205528552e-08 -3.942760772600784e-06
16.7833333333332 5.378866832701848e-07 -4.007031450683278e-06
16.78611111111097 1.058101433623758e-06 -4.007948084151722e-06
16.78888888888875 1.588058096102756e-06 -3.94198144751118e-06
16.79166666666653 2.119272207175698e-06 -3.806555888818091e-06
16.7944444444443 2.642746759258377e-06 -3.600152456884195e-06
16.79722222222208 3.149100487690864e-06 -3.322399496453693e-06
16.79999999999986 3.628711130051689e-06 -2.974148233112088e-06
16.80277777777763 4.071871998715442e-06 -2.557530982960395e-06
16.80555555555541 4.468959846704444e-06 -2.075999788238735e-06
16.80833333333318 4.810611659402671e-06 -1.534343499766786e-06
16.81111111111096 5.087907678470744e-06 -9.386815996921286e-07
16.81388888888874 5.29255766695643e-06 -2.964333823364067e-07
16.81666666666651 5.417087164254487e-06 3.837385160672084e-07
16.81944444444429 5.455020263701728e-06 1.092010829703316e-06
16.82222222222207 5.40105528177904e-06 1.81750875031987e-06
16.82499999999984 5.251229582891514e-06 2.548441029762997e-06
16.82777777777762 5.003069783797989e-06 3.272260219597397e-06
16.8305555555554 4.65572359230511e-06 3.975846632362848e-06
16.83333333333317 4.210069640182368e-06 4.645714062830284e-06
16.83611111111095 3.668801853565213e-06 5.268234762558215e-06
16.83888888888873 3.036485167144988e-06 5.829880628091121e-06
16.8416666666665 2.319579731728161e-06 6.317477053442429e-06
16.84444444444428 1.526431186683938e-06 6.718465423244702e-06
16.84722222222205 6.672250669619968e-07 7.021169795486927e-06
16.84999999999983 -2.460960165158915e-07 7.215062954422418e-06
16.85277777777761 -1.199953150121473e-06 7.291026716000027e-06
16.85555555555538 -2.179289880940245e-06 7.241601151164749e-06
16.85833333333316 -3.16776826954843e-06 7.061217266351135e-06
16.86111111111094 -4.148000759322213e-06 6.746407654315845e-06
16.86388888888871 -5.10181559544651e-06 6.295989709411541e-06
16.86666666666649 -6.010552725678665e-06 5.711216195216264e-06
16.86944444444427 -6.855386322215036e-06 4.995888262838253e-06
16.87222222222204 -7.617669296516818e-06 4.156426446776952e-06
16.87499999999982 -8.279294453730355e-06 3.201895711350311e-06
16.8777777777776 -8.823066268246026e-06 2.143981281101495e-06
16.88055555555537 -9.233076674418496e-06 9.969127575581758e-07
16.88333333333315 -9.49507777378556e-06 -2.226651061886111e-07
16.88611111111092 -9.596843978680541e-06 -1.49587564341518e-06
16.8888888888887 -9.528515857242452e-06 -2.801847161115434e-06
16.89166666666648 -9.282917830056686e-06 -4.118002020879414e-06
16.89444444444425 -8.855841905790818e-06 -5.420395324277768e-06
16.89722222222203 -8.246289841419068e-06 -6.684099460485023e-06
16.89999999999981 -7.456666478636272e-06 -7.883629623264262e-06
16.90277777777758 -6.492917545149638e-06 -8.993404280546994e-06
16.90555555555536 -5.364605918026095e-06 -9.988233507382474e-06
16.90833333333314 -4.084921222551128e-06 -1.084382709801104e-05
16.91111111111091 -2.670618676800031e-06 -1.153731348091212e-05
16.91388888888869 -1.141884278396452e-06 -1.204775969706508e-05
16.91666666666647 4.778752495913142e-07 -1.235668209088287e-05
16.91944444444424 2.162317900694439e-06 -1.244853692788073e-05
16.92222222222202 3.882525833549555e-06 -1.231117991368216e-05
16.92499999999979 5.607435850061407e-06 -1.193628356307919e-05
16.92777777777757 7.304336294008715e-06 -1.131970156987271e-05
16.93055555555535 8.939424123069525e-06 -1.046176976850705e-05
16.93333333333312 1.047841429868039e-05 -9.367533962944934e-06
16.9361111111109 1.188719209437686e-05 -8.046895828053494e-06
16.93888888888868 1.313249748161445e-05 -6.514669259636357e-06
16.94166666666645 1.418262944917512e-05 -4.790540951936079e-06
16.94444444444423 1.500815698522855e-05 -2.898930600237291e-06
16.94722222222201 1.558262253454159e-05 -8.687479407930516e-07
16.94999999999978 1.588322307050523e-05 1.266954176261641e-06
16.95277777777756 1.589145352206974e-05 3.471429364736903e-06
16.95555555555534 1.559369719508544e-05 5.704786393647096e-06
16.95833333333311 1.498174804683437e-05 7.924631175306836e-06
16.96111111111089 1.405325022683093e-05 1.008679394043281e-05
16.96388888888866 1.281204119513203e-05 1.214613123334477e-05
16.96666666666644 1.126838597343333e-05 1.405739018898283e-05
16.96944444444422 9.439091668230123e-06 1.577612052156686e-05
16.97222222222199 7.347493316305711e-06 1.725961781371077e-05
16.97499999999977 5.02330431877395e-06 1.846788009754402e-05
16.97777777777755 2.50232722179123e-06 1.936455841476139e-05
16.98055555555532 -1.739766682984616e-07 1.991788107755773e-05
16.9833333333331 -2.959057424700653e-06 2.010153076834003e-05
16.98611111111088 -5.801981921266848e-06 1.989545344935949e-05
16.98888888888865 -8.64826691584836e-06 1.928657833249742e-05
16.99166666666643 -1.144082901501713e-05 1.826942890547309e-05
16.99444444444421 -1.41210376270113e-05 1.684660623527472e-05
16.99722222222198 -1.66298540220048e-05 1.50291274741839e-05
16.99999999999976 -1.890903682603379e-05 1.283660466977059e-05
17.00277777777753 -2.090239175305297e-05 1.029725160715607e-05
17.00555555555531 -2.255704119920051e-05 7.447709458640695e-06
17.00833333333309 -2.382468755423583e-05 4.332685439090756e-06
17.01111111111086 -2.466284279026347e-05 1.004402411759174e-06
17.01388888888864 -2.503599612471729e-05 -2.478138606339736e-06
17.01666666666642 -2.491669137131719e-05 -6.050076902475641e-06
17.01944444444419 -2.428648602733814e-05 -9.641781063686479e-06
17.02222222222197 -2.313676522470377e-05 -1.318009378464907e-05
17.02499999999975 -2.146938540905483e-05 -1.658971355030508e-05
17.02777777777752 -1.929712500473736e-05 -1.979469022743365e-05
17.0305555555553 -1.664392235769097e-05 -2.272000786079971e-05
17.03333333333308 -1.354488489214504e-05 -2.529322461769439e-05
17.03611111111085 -1.004605762203741e-05 -2.744613696166601e-05
17.03888888888863 -6.203943861981697e-06 -2.911643285248706e-05
17.0416666666664 -2.08477610623094e-06 -3.02492971514518e-05
17.04444444444418 2.236459504718295e-06 -3.079893153320719e-05
17.04722222222196 6.677236037886612e-06 -3.072995113010568e-05
17.04999999999973 1.11489210738731e-05 -3.001862090950145e-05
17.05277777777751 1.555841384215792e-05 -2.865389643888864e-05
17.05555555555529 1.980995796517873e-05 -2.663823624009484e-05
17.05833333333306 2.380709828476173e-05 -2.398815636343083e-05
17.06111111111084 2.7454745372203e-05 -2.073450209600208e-05
17.06388888888862 3.066130701846609e-05 -1.692241680466653e-05
17.06666666666639 3.334084239723282e-05 -1.261099372951128e-05
17.06944444444417 3.541519181105141e-05 -7.872602995629469e-06
17.07222222222195 3.681603308236096e-05 -2.791893082173702e-06
17.07499999999972 3.748681482838508e-05 2.535526651985997e-06
17.0777777777775 3.738451713999128e-05 8.004708190729248e-06
17.08055555555528 3.648119162177627e-05 1.350326996579267e-05
17.08333333333305 3.47652353746191e-05 1.891355541262377e-05
17.08611111111083 3.224235731524942e-05 2.411500826324125e-05
17.0888888888886 2.893620020571346e-05 2.898672105283478e-05
17.09166666666638 2.488858785426747e-05 3.34101071654587e-05
17.09444444444416 2.015937406568578e-05 3.727164142999962e-05
17.09722222222193 1.482587794928374e-05 4.046560997333057e-05
17.09999999999971 8.981898998029702e-06 4.289680689689836e-05
17.10277777777749 2.736314761971876e-06 4.448311350503612e-05
17.10555555555526 -3.788726233195015e-06 4.515789538836341e-05
17.10833333333304 -1.045999364284674e-05 4.487215374181638e-05
17.11111111111082 -1.71357138490949e-05 4.359636992553562e-05
17.11388888888859 -2.366841546815243e-05 4.132198647907139e-05
17.11666666666637 -2.990803016257443e-05 3.806247355633065e-05
17.11944444444415 -3.570518863016497e-05 3.385393700476114e-05
17.12222222222192 -4.091464417353919e-05 2.87552329712079e-05
17.1249999999997 -4.53987500197814e-05 2.284756384372362e-05
17.12777777777747 -4.903091177328186e-05 1.62335413608085e-05
17.13055555555525 -5.169893323820645e-05 9.035714626111564e-06
17.13333333333303 -5.330817249874667e-05 1.394573317552599e-06
17.1361111111108 -5.378442572230995e-05 -6.533950697115351e-06
17.13888888888858 -5.307645873708718e-05 -1.45814471261568e-05
17.14166666666636 -5.11581110703793e-05 -2.257040742101965e-05
17.14444444444413 -4.802990381009084e-05 -3.031796015559197e-05
17.14722222222191 -4.37200913083941e-05 -3.763988910122885e-05
17.14999999999969 -3.828510727400192e-05 -4.435485135753867e-05
17.15277777777746 -3.180936803167525e-05 -5.028870429122163e-05
17.15555555555524 -2.440440945411849e-05 -5.52788432234299e-05
17.15833333333302 -1.620734902460129e-05 -5.917844705625036e-05
17.16111111111079 -7.378680367116848e-06 -6.186052655255979e-05
17.16388888888857 1.900575965246618e-06 -6.322166996086872e-05
17.16666666666634 1.143232499985869e-05 -6.318538322665002e-05
17.16944444444412 2.100539625783307e-05 -6.170492721884663e-05
17.1722222222219 3.040001634731053e-05 -5.876556222627502e-05
17.17499999999967 3.939266772991242e-05 -5.438612037786306e-05
17.17777777777745 4.776123283133857e-05 -4.861983948055512e-05
17.18055555555523 5.529031121452493e-05 -4.155440684751412e-05
17.183333333333 6.177658832271592e-05 -3.331117873971391e-05
17.18611111111078 6.703412767269678e-05 -2.404355973358122e-05
17.18888888888856 7.089945462225521e-05 -1.393454626965561e-05
17.19166666666633 7.323629918773707e-05 -3.193459385400212e-06
17.19444444444411 7.393986800547714e-05 7.948087283338403e-06
17.19722222222189 7.294052151243103e-05 1.924091726280972e-05
17.19999999999966 7.020674176797e-05 3.042363162709276e-05
17.20277777777744 6.574728897861542e-05 4.122845397942519e-05
17.20555555555521 5.961246055328231e-05 5.138745691015222e-05
17.20833333333299 5.189438515428305e-05 6.063903205354784e-05
17.21111111111077 4.272630538318511e-05 6.873445391083117e-05
17.21388888888854 3.228082602359027e-05 7.544437890458488e-05
17.21666666666632 2.076712966740549e-05 8.056511603893622e-05
17.2194444444441 8.427187504220334e-06 8.392450437163124e-05
17.22222222222187 -4.468980545008049e-06 8.538723545569838e-05
17.22499999999965 -1.762891599574252e-05 8.485946610666894e-05
17.22777777777743 -3.074409663160278e-05 8.229257829375914e-05
17.2305555555552 -4.349694667811318e-05 7.768595854788702e-05
17.23333333333298 -5.556833158277266e-05 7.108868880779222e-05
17.23611111111076 -6.664536818618281e-05 6.260006376234704e-05
17.23888888888853 -7.642936612596632e-05 5.236887605857051e-05
17.24166666666631 -8.46437054660976e-05 4.059143968615523e-05
17.24444444444408 -9.104144923903001e-05 2.750835279628566e-05
17.24722222222186 -9.541248821080563e-05 1.340003343603226e-05
17.24999999999964 -9.759001896795068e-05 -1.418905589331425e-06
17.25277777777741 -9.745616552114888e-05 -1.660634411626462e-05
17.25555555555519 -9.494656901483764e-05 -3.180027447175289e-05
17.25833333333297 -9.005378968035462e-05 -4.662719481282406e-05
17.26111111111074 -8.282938958635497e-05 -6.071109077509559e-05
17.26388888888852 -7.33845935931434e-05 -7.368279775600593e-05
17.2666666666663 -6.188945864151206e-05 -8.518951815406551e-05
17.26944444444407 -4.857051740195218e-05 -9.490425504094223e-05
17.27222222222185 -3.370690057272272e-05 -0.000102534916610366
17.27499999999963 -1.762498182094256e-05 -0.0001078328447756833
17.2777777777774 -6.916295340560316e-07 -0.0001106005267480062
17.28055555555518 1.669381087163493e-05 -0.000110698260462253
17.28333333333295 3.410864242172832e-05 -0.0001080495632784592
17.28611111111073 5.111685300267403e-05 -0.0001026451382548268
17.28888888888851 6.72798345295062e-05 -9.454524306687076e-05
17.29166666666628 8.216753009572835e-05 -8.388034275825941e-05
17.29444444444406 9.536973348151092e-05 -7.08499682086131e-05
17.29722222222184 0.000106507251049763 -5.571974658746675e-05
17.29999999999961 0.0001152426288720402 -3.881661709568049e-05
17.30277777777739 0.0001212901483954075 -2.052229380967879e-05
17.30555555555517 0.0001244248023770981 -1.265086204170647e-06
17.30833333333294 0.0001244899792848599 1.848976438646344e-05
17.31111111111072 0.0001214036087591712 3.825102882317398e-05
17.3138888888885 0.000115162552723521 5.751346963188841e-05
17.31666666666627 0.0001058450657476673 7.577057423811743e-05
17.31944444444405 9.361119353192431e-05 9.252772997736453e-05
17.32222222222182 7.870102891324947e-05 0.0001073155058179748
17.3249999999996 6.143079941138667e-05 0.0001197026908764804
17.32777777777738 4.218681772290429e-05 0.0001293087338588831
17.33055555555515 2.141738524826757e-05 0.0001358152310759628
17.33333333333293 -3.772028386995649e-07 0.0001389761239044314
17.33611111111071 -2.265634592742922e-05 0.0001386262895317514
17.33888888888848 -4.485226162882241e-05 0.000134688241269913
17.34166666666626 -6.638423874087986e-05 0.000127176696126333
17.34444444444404 -8.667367220899944e-05 0.000116200816883037
17.34722222222181 -0.0001051594995025768 0.0001019639925938376
17.34999999999959 -0.00012131363380741 8.476108387325177e-05
17.35277777777737 -0.0001346559757054402 6.497312609365862e-05
17.35555555555514 -0.0001447685823177287 4.305955295103472e-05
17.35833333333292 -0.0001513085817464352 1.954807294970873e-05
17.3611111111107 -0.0001540194412288024 -4.977599716417538e-06
17.36388888888847 -0.000152740229590532 -2.989189262518184e-05
17.36666666666625 -0.0001474125578818851 -5.454307299916111e-05
17.36944444444402 -0.0001380849356931716 -7.82701143633701e-05
17.3722222222218 -0.0001249143434562496 -0.0001004203054498399
17.37499999999958 -0.0001081648916092209 -0.0001203671402317021
17.37777777777735 -8.82035141340866e-05 -0.0001375280050965704
17.38055555555513 -6.549272471397651e-05 -0.0001513811690792702
17.38333333333291 -4.058054648114714e-05 -0.0001614815864920793
17.38611111111068 -1.408780874817805e-05 -0.0001674750386359237
17.38888888888846 1.330691611256522e-05 -0.0001691101725370431
17.39166666666624 4.088438770423036e-05 -0.0001662480394420632
17.39444444444401 6.790336917455654e-05 -0.0001588687933336744
17.39722222222179 9.362042199728422e-05 -0.0001470752787972529
17.39999999999957 0.000117310304184723 -0.0001310933166165552
17.40277777777734 0.000138286418933863 -0.0001112685825853718
17.40555555555512 0.0001559207421175509 -8.806006798080128e-05
17.40833333333289 0.0001696626541378166 -6.20302064745891e-05
17.41111111111067 0.0001790561150592944 -3.383184932289146e-05
17.41388888888845 0.0001837546518357464 -4.19236568064619e-06
17.41666666666622 0.0001835336725142374 2.610476496491241e-05
17.419444444444 0.0001782996837779085 5.624041873204661e-05
17.42222222222178 0.00016809606380938 8.538182991605748e-05
17.42499999999955 0.0001531051305007572 0.0001127055489569413
17.42777777777733 0.0001336463433696025 0.0001374207299340689
17.43055555555511 0.0001101705836308312 0.0001587920937889954
17.43333333333288 8.32505679011457e-05 0.0001761619035688722
17.43611111111066 5.356756388513343e-05 0.0001889702970221568
17.43888888888844 2.189468787284077e-05 0.0001967733502021311
17.44166666666621 -1.09228293486977e-05 0.0001992582931489066
17.44444444444399 -4.398992277897793e-05 0.0001962553644526921
17.44722222222176 -7.638594666949263e-05 0.000187745874216607
17.44999999999954 -0.0001071902546133615 0.0001738661427425015
17.45277777777732 -0.0001355084028986105 0.0001549070927550495
17.45555555555509 -0.0001604982358540324 0.0001313093933053504
17.45833333333287 -0.0001813950946875988 0.0001036541803928088
17.46111111111065 -0.0001975353958733913 7.264950927185878e-05
17.46388888888842 -0.0002083778520669354 3.911282260254138e-05
17.4666666666662 -0.0002135216577121149 3.94984317726794e-06
17.46944444444398 -0.0002127210321513439 -3.186958389912536e-05
17.47222222222175 -0.0002058956037503532 -6.733807077183289e-05
17.47499999999953 -0.0001931362271742008 -0.0001014389710421708
17.47777777777731 -0.0001747059498166831 -0.0001331755820308737
17.48055555555508 -0.0001510359792305922 -0.000161600430447456
17.48333333333286 -0.0001227166475208657 -0.0001858437822817163
17.48611111111063 -9.048351694235155e-05 -0.0002051405181842872
17.48888888888841 -5.519891907641773e-05 -0.0002188545417341491
17.49166666666619 -1.782936342833728e-05 -0.0002264999398264625
17.49444444444396 2.058061433516144e-05 -0.0002277581910952837
17.49722222222174 5.893747338021999e-05 -0.000222490818260606
17.49999999999952 9.612976340500193e-05 -0.0002107470011777239
17.50277777777729 0.0001310604182564479 -0.0001927658061179192
17.50555555555507 0.0001626793127170717 -0.0001689728397128906
17.50833333333285 0.0001900151164660329 -0.0001399712987944602
17.51111111111062 0.0002122054764225908 -0.0001065275553796298
17.5138888888884 0.000228524585237919 -6.955158427805451e-05
17.51666666666618 0.0002384072495893231 -3.007270412728992e-05
17.51944444444395 0.0002414686563059821 1.078874410781747e-05
17.52222222222173 0.0002375191453700997 5.185301893610255e-05
17.5249999999995 0.0002265734338481695 9.191501974054224e-05
17.52777777777728 0.0002088538902982882 0.0001297797725310017
17.53055555555506 0.0001847876309243504 0.0001642983177536121
17.53333333333283 0.0001549973918672864 0.0001944029210824291
17.53611111111061 0.0001202863211246139 0.0002191405236748732
17.53888888888839 8.161702303065342e-05 0.0002377033771224413
17.54166666666616 4.008537208323792e-05 0.0002494558703948484
17.54444444444394 -3.110214685626792e-06 0.0002539566503363256
17.54722222222172 -4.670320227007985e-05 0.000250975261649534
17.54999999999949 -8.939608176292065e-05 0.0002405026837255479
17.55277777777727 -0.0001298991507577561 0.000222755316086627
17.55555555555505 -0.000166969772278587 0.0001981721567572225
17.55833333333282 -0.0001994509141373016 0.0001674051229794785
17.5611111111106 -0.0002263077667298838 0.0001313026752274797
17.56388888888837 -0.0002466612708796724 9.088711696404575e-05
17.56666666666615 -0.0002598174583069529 4.732614734070031e-05
17.56944444444393 -0.0002652916143191089 1.899435454426573e-06
17.5722222222217 -0.0002628264129059754 -4.403884353640152e-05
17.57499999999948 -0.0002524033449657633 -8.910042413083582e-05
17.57777777777726 -0.0002342469561894053 -0.0001319051165965558
17.58055555555503 -0.0002088216266182412 -0.0001711234422472155
17.58333333333281 -0.0001768208526460212 -0.0002055184155961621
17.58611111111059 -0.0001391492273382565 -0.0002339851509318717
17.58888888888836 -9.689754899090642e-05 -0.0002555870126866625
17.59166666666614 -5.131171338054145e-05 -0.0002695871123370025
17.59444444444392 -3.756254727879976e-06 -0.0002754740778527224
17.59722222222169 4.432641307332549e-05 -0.0002729811818567193
17.59999999999947 9.145984644626949e-05 -0.0002620981073865011
17.60277777777724 0.0001361791831511099 -0.0002430748500155651
17.60555555555502 0.0001770771025114516 -0.0002164174956227126
17.6083333333328 0.0002128486848908973 -0.0001828758670292441
17.61111111111057 0.0002423337281811068 -0.0001434232921108248
17.61388888888835 0.0002645551332474363 -9.922900260566541e-05
17.61666666666613 0.0002787520703184462 -5.162391828362619e-05
17.6194444444439 0.0002844067819195369 -2.060797188997981e-06
17.62222222222168 0.0002812640614117566 4.793006841666494e-05
17.62499999999946 0.0002693426644195736 9.678826609718135e-05
17.62777777777723 0.0002489381570321269 0.0001429723185939055
17.63055555555501 0.0002206169721916344 0.0001850088326919858
17.63333333333279 0.0001852017258453259 0.0002215401634632973
17.63611111111056 0.0001437481283052595 0.0002513690362382701
17.63888888888834 9.751410460992764e-05 0.0002734986403225048
17.64166666666612 4.792200124388178e-05 0.000287166830046374
17.64444444444389 -3.485003627738758e-06 0.0002918732372235821
17.64722222222167 -5.509096158554518e-05 0.0002873983099030987
17.64999999999944 -0.0001052581942490194 0.0002738135393266842
17.65277777777722 -0.0001523796975875019 0.0002514824127972023
17.655555555555 -0.000194931224406189 0.0002210519261714277
17.65833333333277 -0.0002315213423775351 0.0001834347964898319
17.66111111111055 -0.000260937804185677 0.0001397828228802151
17.66388888888833 -0.0002821886612575579 9.145214206055739e-05
17.6666666666661 -0.0002945367010245919 3.996140347730421e-05
17.66944444444388 -0.0002975259858483423 -1.305586138111642e-05
17.67222222222166 -0.0002909995139099716 -6.590318954228945e-05
17.67499999999943 -0.0002751073012279144 -0.0001168758054369304
17.67777777777721 -0.0002503044908801366 -0.0001643161432928562
17.68055555555499 -0.0002173394206831243 -0.0002066684518819593
17.68333333333276 -0.0001772319133784209 -0.000242530664199154
17.68611111111054 -0.0001312423828025355 -0.0002707017791625348
17.68888888888831 -8.083266432420238e-05 -0.0002902231268609213
17.69166666666609 -2.761976717908243e-05 -0.0003004120699301558
17.69444444444387 2.667599999734093e-05 -0.0003008869262490141
17.69722222222164 8.028687045532149e-05 -0.000291582175336787
17.69999999999942 0.0001314556114228932 -0.0002727533239225405
17.7027777777772 0.0001784937540691516 -0.0002449711451669625
17.70555555555497 0.0002198381146169953 -0.0002091053598099629
17.70833333333275 0.000254103691618276 -0.0001662981843332004
17.71111111111053 0.0002801311216349321 -0.0001179285188629716
17.7138888888883 0.0002970270359354143 -6.556787407019893e-05
17.71666666666608 0.0003041958800129584 -1.092943011215274e-05
17.71944444444386 0.000301362029052051 4.418812877479847e-05
17.72222222222163 0.0002885813475149655 9.796016247909756e-05
17.72499999999941 0.0002662416895929291 0.0001485970266620687
17.72777777777718 0.0002350522079307122 0.0001944043766086534
17.73055555555496 0.0001960217182889382 0.0002338407695514916
17.73333333333274 0.000150426744750701 0.0002655705796685287
17.73611111111051 9.977023052148169e-05 0.000288510377230709
17.73888888888829 4.573223069043969e-05 0.0003018671260507985
17.74166666666607 -9.885806488686525e-06 0.0003051668155605618
17.74444444444384 -6.522132484095102e-05 0.000298272457187354
17.74722222222162 -0.000118413489431071 0.0002813907290684605
17.7499999999994 -0.0001676664273528591 0.0002550669367966405
17.75277777777717 -0.000211310710744857 0.000220168357816473
17.75555555555495 -0.0002478609505062489 0.0001778564395918028
17.75833333333273 -0.0002760674817802697 0.0001295487125986892
17.7611111111105 -0.0002949603064695552 7.687164487202906e-05
17.76388888888828 -0.0003038837086328926 2.160599184756214e-05
17.76666666666605 -0.0003025202673673998 -3.437352818302043e-05
17.76944444444383 -0.0002909033488015927 -8.916218710339273e-05
17.77222222222161 -0.0002694175520538419 -0.0001408906363177357
17.77499999999938 -0.0002387870000546723 -0.0001877894693357965
17.77777777777716 -0.0002000517905643357 -0.0002282507024562652
17.78055555555494 -0.0001545333406245659 -0.0002608840058551186
17.78333333333271 -0.0001037897541559889 -0.0002845656822523553
17.78611111111049 -4.956270311365263e-05 -0.0002984786276736085
17.78888888888827 6.282375682791894e-06 -0.0003021418110692134
17.79166666666604 6.182071496343935e-05 -0.0002954281667318982
17.79444444444382 0.0001151350489164546 -0.0002785701934204763
17.7972222222216 0.0001643825058426449 -0.0002521529830985285
17.79999999999937 0.0002078592039202089 -0.0002170948451911519
17.80277777777715 0.0002440602554351258 -0.0001746161335486396
17.80555555555492 0.0002717330302788336 -0.0001261973070401859
17.8083333333327 0.0002899217531386395 -7.352764546716548e-05
17.81111111111048 0.000298001803369495 -1.844638586311436e-05
17.81388888888825 0.0002957024421555699 3.712167257029296e-05
17.81666666666603 0.0002831170960938302 9.123383460322016e-05
17.81944444444381 0.0002607007655880556 0.0001419980532274267
17.82222222222158 0.000229254584917541 0.000187639911546425
17.82499999999936 0.0001898980221252172 0.0002265656417800873
17.82777777777714 0.000144029654194694 0.0002574189079717991
17.83055555555491 9.327787006278863e-05 0.0002791292891509492
17.83333333333269 3.944322526531604e-05 0.0002909506863288192
17.83611111111047 -1.556551637575324e-05 0.0002924882298370147
17.83888888888824 -6.979937868257832e-05 0.0002837126710109873
17.84166666666602 -0.0001213387723517188 0.0002649616895788337
17.84444444444379 -0.0001683621917793787 0.0002369280193623181
17.84722222222157 -0.0002092115232266059 0.0002006347729522968
17.84999999999935 -0.0002424515885249691 0.0001573988133869102
17.85277777777712 -0.0002669217465379955 0.0001087834603094268
17.8555555555549 -0.0002817776537056671 5.654221317507673e-05
17.85833333333268 -0.0002865216354689104 2.555509943610682e-06
17.86111111111045 -0.0002810205298672418 -5.12371965259857e-05
17.86388888888823 -0.0002655103184222776 -0.0001029075807990773
17.86666666666601 -0.000240587341082522 -0.0001506082506087481
17.86944444444378 -0.0002071863838878006 -0.0001926396628060286
17.87222222222156 -0.0001665464119067685 -0.0002275116926856841
17.87499999999934 -0.0001201651778971014 -0.0002539975876390819
17.87777777777711 -6.974435178942729e-05 -0.0002711783089127579
17.88055555555489 -1.712717180560098e-05 -0.0002784756134673582
17.88333333333266 3.576909891072081e-05 -0.000275672639075067
17.88611111111044 8.702342682067677e-05 -0.0002629212148479652
17.88888888888822 0.0001347813825326202 -0.0002407356095050446
17.89166666666599 0.0001773230326007533 -0.0002099729326512954
17.89444444444377 0.0002131258313844769 -0.0001718009013722581
17.89722222222155 0.0002409201758566446 -0.0001276541568325747
17.89999999999932 0.0002597355545939957 -7.918074538509295e-05
17.9027777777771 0.0002689355691191584 -2.818074954420708e-05
17.90555555555488 0.00026824051862547 2.346064825378666e-05
17.90833333333265 0.0002577367026142786 7.384317348458506e-05
17.91111111111043 0.0002378720928199955 0.0001211219239943714
17.91388888888821 0.0002094385373147088 0.0001635756550272977
17.91666666666598 0.0001735411665347697 0.0001996703272258048
17.91944444444376 0.0001315561538728689 0.0002281155354218321
17.92222222222154 8.507842396447372e-05 0.0002479117021528436
17.92499999999931 3.586128291475072e-05 0.0002583862668695463
17.92777777777709 -1.424974830584923e-05 0.0002592175168229214
17.93055555555486 -6.338639521868698e-05 0.0002504451730164574
17.93333333333264 -0.0001097277578953155 0.0002324673466905631
17.93611111111042 -0.0001515684517195608 0.0002060239994512667
17.93888888888819 -0.0001873821822372644 0.0001721675535567034
17.94166666666597 -0.0002158783496034119 0.0001322217883008738
17.94444444444375 -0.0002360495445886585 8.773060498808728e-05
17.94722222222152 -0.0002472081468630852 4.039862936373632e-05
17.9499999999993 -0.0002490106541000907 -7.974068495298172e-06
17.95277777777708 -0.0002414688413614216 -5.556063312899052e-05
17.95555555555485 -0.0002249473561335063 -0.0001005768303412213
17.95833333333263 -0.0002001478757757077 -0.0001413485443837311
17.96111111111041 -0.0001680804708176401 -0.0001763747850849376
17.96388888888818 -0.0001300233094347589 -0.0002043838007176313
17.96666666666596 -8.747228637888758e-05 -0.0002243801618771253
17.96944444444373 -4.208254613871106e-05 -0.0002356810338640588
17.97222222222151 4.395819987479001e-06 -0.0002379402763963324
17.97499999999929 5.018540208998869e-05 -0.000231159483539299
17.97777777777706 9.354980066170063e-05 -0.00021568558505875
17.98055555555484 0.0001328600107405486 -0.000192195153095763
17.98333333333262 0.0001666562975665538 -0.0001616660746586681
17.98611111111039 0.000193703182332138 -0.0001253377406443579
17.98888888888817 0.0002130354317874317 -8.466134667112867e-05
17.99166666666595 0.0002239933028187033 -4.124228242057158e-05
17.99444444444372 0.0002262457185509482 3.223110566249934e-06
17.9972222222215 0.0002198005292488808 4.701391957791219e-05
17.99999999999928 0.0002050015204353862 8.845157223416768e-05
18.00277777777705 0.0001825123520613506 0.0001259646595085642
18.00555555555483 0.0001532881255788999 0.0001581491427404808
18.0083333333326 0.0001185357600477357 0.0001838216085153235
18.01111111111038 7.966479473732033e-05 0.0002020635186463824
18.01388888888816 3.823060677980167e-05 0.0002122547664150674
18.01666666666593 -4.127676416029484e-06 0.0002140952801170772
18.01944444444371 -4.575209054165323e-05 0.0002076138935751052
18.02222222222149 -8.503099362370371e-05 0.0001931642114284352
18.02499999999926 -0.000120461893776975 0.0001714077143204673
18.02777777777704 -0.0001507094735080825 0.0001432848548515754
18.03055555555482 -0.0001746565423022073 0.0001099753690981623
18.03333333333259 -0.0001914459428572846 7.284945166682354e-05
18.03611111111037 -0.0002005118078634163 3.341179777742096e-05
18.03888888888815 -0.0002015989985119969 -6.759210387066761e-06
18.04166666666592 -0.0001947700352767755 -4.607471465604745e-05
18.0444444444437 -0.0001803993364701696 -8.29984492181558e-05
18.04722222222147 -0.0001591550901576028 -0.0001161071474353942
18.04999999999925 -0.0001319695795613903 -0.0001441458906937461
18.05277777777703 -9.999924112508267e-05 -0.0001660762214352535
18.0555555555548 -6.457613944490877e-05 -0.0001811151479975126
18.05833333333258 -2.71528780663711e-05 -0.0001887635485304359
18.06111111111036 1.075678365733427e-05 -0.0001888229193504299
18.06388888888813 4.763917972122606e-05 -0.0001813998915448934
18.06666666666591 8.204136650474544e-05 -0.0001668984387859309
18.06944444444369 0.0001126286887931306 -0.0001460001986810775
18.07222222222146 0.0001382369823561726 -0.0001196338091691153
18.07499999999924 0.000157917348047954 -8.893460094669143e-05
18.07777777777702 0.0001709717506187359 -5.519636886557096e-05
18.08055555555479 0.0001769780830094193 -1.98172542934165e-05
18.08333333333257 0.0001758037775592845 1.575800574395107e-05
18.08611111111034 0.0001676075208791078 5.00970769685989e-05
18.08888888888812 0.0001528291193619007 8.183785709589585e-05
18.0916666666659 0.000132168047117712 0.0001097427876969481
18.09444444444367 0.0001065516675388689 0.0001327474650719737
18.09722222222145 7.709453488568916e-05 0.0001500016198820235
18.09999999999923 4.50505363088064e-05 0.0001609008663565654
18.102777777777 1.175991330925886e-05 0.0001651080164575506
18.10555555555478 -2.140660630450512e-05 0.0001625631956606373
18.10833333333256 -5.310423676993203e-05 0.0001534824663568789
18.11111111111033 -8.206879309270399e-05 0.0001383451425690369
18.11388888888811 -0.0001071673461779553 0.0001178704457540882
18.11666666666589 -0.0001274428284426742 9.298458656714031e-05
18.11944444444366 -0.0001421508155355182 6.477974364513783e-05
18.12222222222144 -0.0001507870528990934 3.446673193963246e-05
18.12499999999921 -0.0001531046956591389 3.323396920087145e-06
18.12777777777699 -0.0001491206695228758 -2.735907254462022e-05
18.13055555555477 -0.0001391110202647872 -5.632965651547049e-05
18.13333333333254 -0.0001235955804775108 -8.242861720363543e-05
18.13611111111032 -0.0001033127251538271 -0.0001046341135361301
18.1388888888881 -7.918539383378586e-05 -0.0001221024292350157
18.14166666666587 -5.227990967496963e-05 -0.000134200215569455
18.14444444444365 -2.375941045485768e-05 -0.0001405275033231659
18.14722222222143 5.166088249757315e-06 -0.0001409306407869033
18.1499999999992 3.329085961325004e-05 -0.0001355047482584319
18.15277777777698 5.946369749122114e-05 -0.0001245857259393668
18.15555555555476 8.26351149689673e-05 -0.0001087322921890485
18.15833333333253 0.0001018995645540726 -8.869894418540005e-05
18.16111111111031 0.000116530969622193 -6.540110572815242e-05
18.16388888888808 0.0001260101613266289 -3.987404173360139e-05
18.16666666666586 0.000130043176105518 -1.322736306016377e-05
18.16944444444364 0.0001285697701856059 1.340289104693954e-05
18.17222222222141 0.0001217619315092789 3.890252856327223e-05
18.17499999999919 0.0001100125979120405 6.222578598877514e-05
18.17777777777697 9.391520473611746e-05 8.24382625158993e-05
18.18055555555474 7.423506774664594e-05 9.875443610312328e-05
18.18333333333252 5.187394212061327e-05 0.0001105682459948887
18.1861111111103 2.782937151708818e-05 0.0001174755435579136
18.18888888888807 3.150641735997622e-06 0.0001192875780895941
18.19166666666585 -2.110672659899848e-05 0.0001160350802298604
18.19444444444363 -4.392597678286675e-05 0.0001079629153076423
18.1972222222214 -6.437168688173131e-05 9.551568450433629e-05
18.19999999999918 -8.162812577305644e-05 7.931503561016175e-05
18.20277777777696 -9.503181528665131e-05 6.012979100319777e-05
18.20555555555473 -0.0001040969926928742 3.88402937507822e-05
18.20833333333251 -0.0001085329939417611 1.639860131846016e-05
18.21111111111028 -0.0001082529421835334 -6.213688859624506e-06
18.21388888888806 -0.0001033735118644006 -2.802812255986588e-05
18.21666666666584 -9.420592898802066e-05 -4.813072805939775e-05
18.21944444444361 -8.123874586581271e-05 -6.570024618798014e-05
18.22222222222139 -6.511327750052292e-05 -8.004164874366895e-05
18.22499999999917 -4.659289177086809e-05 -9.061357336175941e-05
18.22777777777694 -2.652759403720384e-05 -9.704858993541131e-05
18.23055555555472 -5.815528529113689e-06 -9.916554386907143e-05
18.2333333333325 1.463687315475187e-05 -9.697357969838312e-05
18.23611111111027 3.395433563739293e-05 -9.066781879449907e-05
18.23888888888805 5.133006193207654e-05 -8.061703051694015e-05
18.24166666666583 6.605934252868735e-05 -6.734398123489344e-05
18.2444444444436 7.756804970675991e-05 -5.149945516861278e-05
18.24722222222138 8.543486409206901e-05 -3.383120184695585e-05
18.24999999999915 8.940637605159815e-05 -1.514926631141683e-05
18.25277777777693 8.940453318932822e-05 3.71070801957324e-06
18.25555555555471 8.552625188698934e-05 2.192455259543026e-05
18.25833333333248 7.803535986965783e-05 3.871538463597166e-05
18.26111111111026 6.734737261300304e-05 5.338660241494653e-05
18.26388888888804 5.400791430685729e-05 6.535066430599032e-05
18.26666666666581 3.866586076471075e-05 7.415246326528641e-05
18.26944444444359 2.20424958766296e-05 7.948636993752414e-05
18.27222222222137 4.898126209961502e-06 8.120631584643776e-05
18.27499999999914 -1.200231568784041e-05 7.932860923708664e-05
18.27777777777692 -2.792313259690318e-05 7.402750533205139e-05
18.2805555555547 -4.218969512041825e-05 6.562387516036234e-05
18.28333333333247 -5.421687106725013e-05 5.456761836333926e-05
18.28611111111025 -6.353285595186752e-05 4.141473229645677e-05
18.28888888888802 -6.979743775119256e-05 2.680017090334066e-05
18.2916666666658 -7.28139971791881e-05 1.140779306032787e-05
18.29444444444358 -7.253483931762512e-05 -4.061195177113867e-06
18.29722222222135 -6.905975971810728e-05 -1.891986040871273e-05
18.29999999999913 -6.262805396298161e-05 -3.252580600180046e-05
18.30277777777691 -5.360447032793704e-05 -4.430875234551156e-05
18.30555555555468 -4.245986773355611e-05 -5.37942530424622e-05
18.30833333333246 -2.974756420885539e-05 -6.062256527336407e-05
18.31111111111024 -1.607653520414472e-05 -6.456193160139769e-05
18.31388888888801 -2.082739268000801e-06 -6.551579849565153e-05
18.31666666666579 1.160009350881184e-05 -6.352378112413781e-05
18.31944444444357 2.436887879269096e-05 -5.875647124173571e-05
18.32222222222134 3.567753394427499e-05 -5.150446212236789e-05
18.32499999999912 4.506012625705443e-05 -4.216221899578727e-05
18.32777777777689 5.214983772658829e-05 -3.120764414423777e-05
18.33055555555467 5.669298217557184e-05 -1.917836324446684e-05
18.33333333333245 5.855755270398862e-05 -6.645886410613413e-06
18.33611111111022 5.773603841837841e-05 5.811131124208046e-06
18.338888888888 5.434251687029047e-05 1.763328985538939e-05
18.34166666666578 4.860429017298467e-05 2.830531273599447e-05
18.34444444444355 4.084857645128207e-05 3.737827928254894e-05
18.34722222222133 3.148498324228703e-05 4.448827408670538e-05
18.34999999999911 2.098466637182575e-05 4.937068299600826e-05
18.35277777777688 9.857209290634996e-06 5.186958772775019e-05
18.35555555555466 -1.373661276799371e-06 5.194194774858574e-05
18.35833333333244 -1.219437993135822e-05 4.965650544297962e-05
18.36111111111021 -2.212474987047185e-05 4.518759526173417e-05
18.36388888888799 -3.073901223973124e-05 3.880426839011296e-05
18.36666666666576 -3.768386042316667e-05 3.085535107616489e-05
18.36944444444354 -4.269264531009672e-05 2.175122802560772e-05
18.37222222222132 -4.559521203725157e-05 1.194327485325059e-05
18.37499999999909 -4.63230247072297e-05 1.901950184506168e-06
18.37777777777687 -4.490946258011276e-05 -7.905404409738229e-06
18.38055555555465 -4.148539838291901e-05 -1.703602056719079e-05
18.38333333333242 -3.627038605623454e-05 -2.509143943062703e-05
18.3861111111102 -2.95599815513108e-05 -3.173465641451272e-05
18.38888888888798 -2.170988746299049e-05 -3.670394530781013e-05
18.39166666666575 -1.311774315000311e-05 -3.982280583078748e-05
18.39444444444353 -4.203471234784725e-06 -4.100567389263488e-05
18.39722222222131 4.610864252063219e-06 -4.025924112780106e-05
18.39999999999908 1.292073436558817e-05 -3.767943978173754e-05
18.40277777777686 2.035744899201292e-05 -3.344435074956722e-05
18.40555555555463 2.660426833793555e-05 -2.780347720943327e-05
18.40833333333241 3.140962695730935e-05 -2.106398551812857e-05
18.41111111111019 3.459692909289559e-05 -1.357464192501648e-05
18.41388888888796 3.607054977960875e-05 -5.708262975831808e-06
18.41666666666574 3.581786467014502e-05 2.15645410880152e-06
18.41944444444352 3.390732364762396e-05 9.652848594266552e-06
18.42222222222129 3.048276977566899e-05 1.644312372388623e-05
18.42499999999907 2.575437727598233e-05 2.223332140159669e-05
18.42777777777685 1.998673217825013e-05 2.678578929968446e-05
18.43055555555462 1.348470046190505e-05 2.992862229877924e-05
18.4333333333324 6.577815842558193e-06 3.156171791113507e-05
18.43611111111018 -3.960304742163946e-07 3.165925609550098e-05
18.43888888888795 -7.106804202038057e-06 3.026858915106738e-05
18.44166666666573 -1.32476793256147e-05 2.750569867808169e-05
18.4444444444435 -1.854882176727759e-05 2.354753580920555e-05
18.44722222222128 -2.278899535187617e-05 1.86217007242436e-05
18.44999999999906 -2.580450131403006e-05 1.299403165163656e-05
18.45277777777683 -2.749510398188481e-05 6.954757310574045e-06
18.45555555555461 -2.782674946102599e-05 8.039168261321366e-07
18.45833333333239 -2.683104337031761e-05 -5.163233971706179e-06
18.46111111111016 -2.460161013612645e-05 -1.067013105963161e-05
18.46388888888794 -2.128760255640899e-05 -1.547147992734201e-05
18.46666666666572 -1.708475951093256e-05 -1.936393967974492e-05
18.46944444444349 -1.22245160296664e-05 -2.219445837823443e-05
18.47222222222127 -6.961748907867062e-06 -2.386593104591268e-05
18.47499999999905 -1.561789589170298e-06 -2.433999063290753e-05
18.47777777777682 3.712647392804754e-06 -2.363688632209059e-05
18.4805555555546 8.613987444651278e-06 -2.183254571116877e-05
18.48333333333238 1.292118302686498e-05 -1.905305077404897e-05
18.48611111111015 1.644945024437922e-05 -1.546687583534004e-05
18.48888888888793 1.905793598005898e-05 -1.127533374122207e-05
18.4916666666657 2.065500989033701e-05 -6.701749772829816e-06
18.49444444444348 2.120100038638705e-05 -1.979928738398372e-06
18.49722222222126 2.070832365043907e-05 2.65750236466636e-06
18.49999999999903 1.923908327931308e-05 6.990305708446665e-06
18.50277777777681 1.690033904880008e-05 1.082086710376153e-05
