16.5 -2.160217918436192e-07 1.540566045334243e-08
16.50277777777778 -1.990909826836654e-07 1.019695266326008e-07
16.50555555555555 -1.480010863629383e-07 1.77382239027128e-07
16.50833333333333 -6.896740915295799e-08 2.283856682170704e-07
16.51111111111111 2.674311346716012e-08 2.449003689138712e-07
16.51388888888888 1.24352192775541e-07 2.21909577137179e-07
16.51666666666666 2.077951189574994e-07 1.606247080549473e-07
16.51944444444444 2.623047959713935e-07 6.86916413273864e-08
16.52222222222221 2.769484347067034e-07 -4.065885707895388e-08
16.52499999999999 2.46692043613735e-07 -1.504437672163076e-07
16.52777777777776 1.736189978650027e-07 -2.42502442709263e-07
16.53055555555554 6.704560619249827e-08 -3.004332452554049e-07
16.53333333333332 -5.755651089498329e-08 -3.124276032856111e-07
16.53611111111109 -1.807288518609255e-07 -2.735242036661212e-07
16.53888888888887 -2.819950795128845e-07 -1.868718915266463e-07
16.54166666666665 -3.431889805828908e-07 -6.372831832658929e-08
16.54444444444442 -3.516119457865585e-07 7.788599971409286e-08
16.5472222222222 -3.02485309918309e-07 2.157403904013336e-07
16.54999999999998 -2.002461172227172e-07 3.268066472536955e-07
16.55277777777775 -5.83983187200474e-08 3.910201263743726e-07
16.55555555555553 1.021470702609062e-07 3.94787880690739e-07
16.55833333333331 2.560628950155874e-07 3.336465887655961e-07
16.56111111111108 3.77515950310952e-07 2.135765991043173e-07
16.56388888888886 4.444062338844178e-07 5.067032479675263e-08
16.56666666666663 4.422540643825868e-07 -1.308928899467924e-07
16.56944444444441 3.670697584688754e-07 -3.023357471453491e-07
16.57222222222219 2.266678167374706e-07 -4.347494773588025e-07
16.57499999999996 4.011182311424436e-08 -5.038595904386223e-07
16.57777777777774 -1.64733710237695e-07 -4.943213050817933e-07
16.58055555555552 -3.552565650976742e-07 -4.028055519372303e-07
16.58333333333329 -4.991839641500049e-07 -2.392911515393391e-07
16.58611111111107 -5.699265884668749e-07 -2.623963246317161e-08
16.58888888888885 -5.513125281865033e-07 2.043405752059832e-07
16.59166666666662 -4.408922789285438e-07 4.155846312800444e-07
16.5944444444444 -2.511822563315932e-07 5.715490285043207e-07
16.59722222222218 -8.516468966258691e-09 6.431891758742416e-07
16.59999999999995 2.504490538007987e-07 6.135628263855098e-07
16.60277777777773 4.841443720543809e-07 4.813544681784907e-07
16.6055555555555 6.526298871446939e-07 2.62038489490539e-07
16.60833333333328 7.242664136471763e-07 -1.365245115463562e-08
16.61111111111106 6.814196335613421e-07 -3.038629722596553e-07
16.61388888888883 5.2420163609317e-07 -5.618288834208454e-07
16.61666666666661 2.715164608131035e-07 -7.432701666181577e-07
16.61944444444439 -4.092273121136819e-08 -8.138161712073702e-07
16.62222222222216 -3.654581208818846e-07 -7.552430674737118e-07
16.62499999999994 -6.496034959905794e-07 -5.694272350717623e-07
16.62777777777772 -8.443748232557763e-07 -2.792297421261179e-07
16.63055555555549 -9.125369948409605e-07 7.401399167131207e-08
16.63333333333327 -8.354064924328046e-07 4.36185907057637e-07
16.63611111111105 -6.170078412227291e-07 7.485093729281671e-07
16.63888888888882 -2.847468018475005e-07 9.569131898928636e-07
16.6416666666666 1.137128966496825e-07 1.021170189478466e-06
16.64444444444437 5.170769239429853e-07 9.222973595859031e-07
16.64722222222215 8.596671346483691e-07 6.669026481783718e-07
16.64999999999993 1.08192216981276e-06 2.875892291329467e-07
16.6527777777777 1.140502159096223e-06 -1.608759552018427e-07
16.65555555555548 1.016318388976602e-06 -6.092444014371193e-07
16.65833333333326 7.190533408448657e-07 -9.842805039657935e-07
16.66111111111103 2.872303199255766e-07 -1.220509600983835e-06
16.66388888888881 -2.164320380915985e-07 -1.271367055951585e-06
16.66666666666659 -7.138875030832251e-07 -1.117889164108969e-06
16.66944444444436 -1.123639965032913e-06 -7.733844301810266e-07
16.67222222222214 -1.373857816024073e-06 -2.830941041318068e-07
16.67499999999992 -1.414649793639423e-06 2.813845451448185e-07
16.67777777777769 -1.227448216272079e-06 8.322944290808061e-07
16.68055555555547 -8.298041374563637e-07 1.279126428608482e-06
16.68333333333324 -2.745549003091207e-07 1.543227425300792e-06
16.68611111111102 3.56813152352985e-07 1.571289483431032e-06
16.6888888888888 9.658452816915971e-07 1.34545568223646e-06
16.69166666666657 1.45221489487315e-06 8.882059238018665e-07
16.69444444444435 1.729961352022517e-06 2.609374915950235e-07
16.69722222222213 1.742283357380089e-06 -4.438750615343113e-07
16.6999999999999 1.472396624989611e-06 -1.116014644844711e-06
16.70277777777768 9.484707681678008e-07 -1.644478102991972e-06
16.70555555555546 2.415180241985417e-07 -1.935489148908287e-06
16.70833333333323 -5.438056685103629e-07 -1.928691245085859e-06
16.71111111111101 -1.284373824500265e-06 -1.608785112844404e-06
16.71388888888879 -1.857590153740719e-06 -1.010470303965143e-06
16.71666666666656 -2.161331625858258e-06 -2.15525737527458e-07
16.71944444444434 -2.131640673601537e-06 6.579185583916213e-07
16.72222222222211 -1.75516915729095e-06 1.47259269033508e-06
16.72499999999989 -1.074070931596737e-06 2.09333008758364e-06
16.72777777777767 -1.821456429789797e-07 2.409105816771915e-06
16.73055555555544 7.876047285654495e-07 2.352332661565874e-06
16.73333333333322 1.682441052240772e-06 1.912136614309656e-06
16.736111111111 2.353585395432209e-06 1.139139030651828e-06
16.73888888888877 2.680530311053368e-06 1.405222764779368e-07
16.74166666666655 2.592048278980326e-06 -9.343309313716688e-07
16.74444444444433 2.080322157201538e-06 -1.915789497038309e-06
16.7472222222221 1.205547401645548e-06 -2.640355432696973e-06
16.74999999999988 8.976465808163897e-08 -2.977430971141687e-06
16.75277777777766 -1.099637019063481e-06 -2.852156042923731e-06
16.75555555555543 -2.174609601362694e-06 -2.260415431241015e-06
16.75833333333321 -2.955754698977386e-06 -1.273183072648217e-06
16.76111111111098 -3.301747051379284e-06 -2.895260013754181e-08
16.76388888888876 -3.134120216599667e-06 1.285132163574692e-06
16.76666666666654 -2.453170501272544e-06 2.460973425877683e-06
16.76944444444431 -1.341956610878679e-06 3.302015935544003e-06
16.77222222222209 4.285548620226548e-08 3.655537725361298e-06
16.77499999999987 1.49248981265195e-06 3.439510074195107e-06
16.77777777777764 2.777052183595258e-06 2.659416702571226e-06
16.78055555555542 3.681492980499788e-06 1.411813083013789e-06
16.7833333333332 4.040989018363744e-06 -1.266131283396901e-07
16.78611111111097 3.770010186741723e-06 -1.723441232231533e-06
16.78888888888875 2.880071002514436e-06 -3.125113961057315e-06
16.79166666666653 1.48274481052311e-06 -4.096663306847394e-06
16.7944444444443 -2.232745076877825e-07 -4.460421128166794e-06
16.79722222222208 -1.979767472393157e-06 -4.127431774222875e-06
16.79999999999986 -3.507520355237354e-06 -3.116151975671337e-06
16.80277777777763 -4.550130151509554e-06 -1.554806067343736e-06
16.80555555555541 -4.916296101333582e-06 3.337811801706365e-07
16.80833333333318 -4.513725156207498e-06 2.263289580914715e-06
16.81111111111096 -3.368795487271379e-06 3.926721871381029e-06
16.81388888888874 -1.62812986659347e-06 5.044624123334565e-06
16.81666666666651 4.590466217164946e-07 5.411225812413934e-06
16.81944444444429 2.575856874540594e-06 4.930993316915747e-06
16.82222222222207 4.385251907309759e-06 3.63927216950844e-06
16.82499999999984 5.583004155224733e-06 1.702946980137032e-06
16.82777777777762 5.947980170362502e-06 -5.999384129112962e-07
16.8305555555554 5.381506580521255e-06 -2.919333063530748e-06
16.83333333333317 3.929006761204159e-06 -4.88571912815057e-06
16.83611111111095 1.779607329636e-06 -6.168257639435644e-06
16.83888888888873 -7.572578720249989e-07 -6.529495449369714e-06
16.8416666666665 -3.295580010270036e-06 -5.867718368201075e-06
16.84444444444428 -5.430798012004507e-06 -4.239599363598387e-06
16.84722222222205 -6.803499555834378e-06 -1.858603879475614e-06
16.84999999999983 -7.158882610055526e-06 9.317169425680286e-07
16.85277777777761 -6.392281979661824e-06 3.706438887720033e-06
16.85555555555538 -4.572848643007559e-06 6.023217321819221e-06
16.85833333333316 -1.94059915039216e-06 7.491970370314504e-06
16.86111111111094 1.123912140260303e-06 7.839435441313651e-06
16.86388888888871 4.153708488987399e-06 6.958068308048668e-06
16.86666666666649 6.665746231916435e-06 4.930776984244531e-06
16.86944444444427 8.237032444720067e-06 2.026454456978245e-06
16.87222222222204 8.574638312824309e-06 -1.334295365654622e-06
16.87499999999982 7.568184358127787e-06 -4.639120425180146e-06
16.8777777777776 5.315657566544329e-06 -7.36117780948229e-06
16.88055555555537 2.117261952157924e-06 -9.0421646605123e-06
16.88333333333315 -1.563141393257087e-06 -9.36817328321999e-06
16.88611111111092 -5.164310936246539e-06 -8.225992392742905e-06
16.8888888888887 -8.112309522354339e-06 -5.7300432956035e-06
16.89166666666648 -9.910954916320725e-06 -2.214379536170192e-06
16.89444444444425 -1.022392625901487e-05 1.81051185636528e-06
16.89722222222203 -8.935129481758692e-06 5.730789028620241e-06
16.89999999999981 -6.176797480860281e-06 8.921920414959203e-06
16.90277777777758 -2.319468656235818e-06 1.084709011459814e-05
16.90555555555536 2.076215560082962e-06 1.114599184468515e-05
16.90833333333314 6.339900645557514e-06 9.699527170458696e-06
16.91111111111091 9.792744565157512e-06 6.659126095463851e-06
16.91388888888869 1.185434320545037e-05 2.434534984523208e-06
16.91666666666647 1.213867646482113e-05 -2.35976497383002e-06
16.91944444444424 1.052343092053223e-05 -6.992788571754475e-06
16.92222222222202 7.180611397145674e-06 -1.072744040665864e-05
16.92499999999979 2.56197191641608e-06 -1.293655680659594e-05
16.92777777777757 -2.660328780024022e-06 -1.320649927532378e-05
16.93055555555535 -7.690347774118989e-06 -1.141141890627403e-05
16.93333333333312 -1.172855547564762e-05 -7.745246620758615e-06
16.9361111111109 -1.409762286853777e-05 -2.704606775973448e-06
16.93888888888868 -1.435419031247276e-05 2.97668038935554e-06
16.94166666666645 -1.236841967112715e-05 8.433175887153123e-06
16.94444444444423 -8.357471377029549e-06 1.279848611752141e-05
16.94722222222201 -2.865749551788676e-06 1.534145780377662e-05
16.94999999999978 3.307142375137109e-06 1.558668525706312e-05
16.95277777777756 9.221518565035409e-06 1.339972806564251e-05
16.95555555555534 1.393943167148546e-05 9.02220730670408e-06
16.95833333333311 1.667197244994064e-05 3.049243911511619e-06
16.96111111111089 1.690911611626764e-05 -3.649526832515902e-06
16.96388888888866 1.451101879715012e-05 -1.005520944546404e-05
16.96666666666644 9.744893444370038e-06 -1.515334263881912e-05
16.96944444444422 3.259520157340962e-06 -1.809303619009652e-05
16.97222222222199 -4.001071732725071e-06 -1.832679704962402e-05
16.97499999999977 -1.093360450353464e-05 -1.570835682484207e-05
16.97777777777755 -1.644186233661069e-05 -1.05315206417481e-05
16.98055555555532 -1.960843451102091e-05 -3.501649686626096e-06
16.9833333333331 -1.984520448863968e-05 4.35837342104512e-06
16.98611111111088 -1.699820373157468e-05 1.185551062039162e-05
16.98888888888865 -1.138866428531808e-05 1.78062615453002e-05
16.99166666666643 -3.781400409797356e-06 2.1221819243971e-05
16.99444444444421 4.717315499793708e-06 2.146995062372692e-05
16.99722222222198 1.281910825158647e-05 1.83874190973765e-05
16.99999999999976 1.924736567641478e-05 1.232351441978498e-05
17.00277777777753 2.293665070433993e-05 4.105292453197171e-06
17.00555555555531 2.320674925932216e-05 -5.072994446843563e-06
17.00833333333309 1.988325578953829e-05 -1.382186815806244e-05
17.01111111111086 1.33439022547339e-05 -2.076547402103082e-05
17.01388888888864 4.480653334071803e-06 -2.475613092971036e-05
17.01666666666642 -5.419642447653081e-06 -2.506137297034898e-05
17.01944444444419 -1.48604622586376e-05 -2.149334797316979e-05
17.02222222222197 -2.236027069013499e-05 -1.445832189083841e-05
17.02499999999975 -2.668312721247958e-05 -4.915671641428462e-06
17.02777777777752 -2.703960043356891e-05 5.750548064441976e-06
17.0305555555553 -2.322569053520749e-05 1.593066878088986e-05
17.03333333333308 -1.567594595233873e-05 2.403072693036886e-05
17.03611111111085 -5.419448087165334e-06 2.872008513731017e-05
17.03888888888863 6.057975532674105e-06 2.914715275874352e-05
17.0416666666664 1.702727202860673e-05 2.508860850732396e-05
17.04444444444418 2.577499459381281e-05 1.700663365843895e-05
17.04722222222196 3.086893036828328e-05 6.002042609180033e-06
17.04999999999973 3.138961761051721e-05 -6.333083663217939e-06
17.05277777777751 2.709071497209265e-05 -1.814395725070035e-05
17.05555555555529 1.84609297077258e-05 -2.759029066341378e-05
17.05833333333306 6.674516012235515e-06 -3.313095848989467e-05
17.06111111111084 -6.565845536941102e-06 -3.377235989691344e-05
17.06388888888862 -1.927320129159233e-05 -2.924085584529397e-05
17.06666666666639 -2.947277288849505e-05 -2.005005219110618e-05
17.06944444444417 -3.550671229436018e-05 -7.448964423722863e-06
17.07222222222195 -3.630041780833035e-05 6.744970410938644e-06
17.07499999999972 -3.154803985027822e-05 2.040615992747829e-05
17.0777777777775 -2.178586759306046e-05 3.141740677119403e-05
17.08055555555528 -8.338544624594076e-06 3.799584602897389e-05
17.08333333333305 6.857829507562895e-06 3.897838302757385e-05
17.08611111111083 2.153255304792173e-05 3.40213519428439e-05
17.0888888888886 3.341782436834106e-05 2.368085079186761e-05
17.09166666666638 4.059697627676009e-05 9.357488090892978e-06
17.09444444444416 4.18102640017852e-05 -6.890387631166566e-06
17.09722222222193 3.666984841209652e-05 -2.264054913014767e-05
17.09999999999971 2.574802783298212e-05 -3.546617563640845e-05
17.10277777777749 1.052110135423763e-05 -4.330751934563293e-05
17.10555555555526 -6.827142848696211e-06 -4.479933127737477e-05
17.10833333333304 -2.371665077257121e-05 -3.950243188171454e-05
17.11111111111082 -3.755297335266586e-05 -2.800089913156677e-05
17.11388888888859 -4.612351529060735e-05 -1.184575006433723e-05
17.11666666666637 -4.794794405527285e-05 6.651076777804995e-06
17.11944444444415 -4.252770447291674e-05 2.474558340597882e-05
17.12222222222192 -3.04533406668131e-05 3.966693299597027e-05
17.1249999999997 -1.334882391913452e-05 4.903943899482917e-05
17.12777777777747 6.3436183445944e-06 5.1257357332685e-05
17.13055555555525 2.571018968177193e-05 4.575379747409348e-05
17.13333333333303 4.179480936678231e-05 3.311948067057341e-05
17.1361111111108 5.204799909249549e-05 1.504867942573694e-05
17.13888888888858 5.472750926565124e-05 -5.884624197065078e-06
17.14166666666636 4.918817599962045e-05 -2.659133244631504e-05
17.14444444444413 3.601354929606018e-05 -4.392123216740263e-05
17.14722222222191 1.696455727640396e-05 -5.51399259337799e-05
17.14999999999969 -5.252379286006384e-06 -5.835678872048321e-05
17.15277777777746 -2.736780964259033e-05 -5.283741732173741e-05
17.15555555555524 -4.602854325283433e-05 -3.914969878487916e-05
17.15833333333302 -5.830375027156442e-05 -1.91164709783402e-05
17.16111111111079 -6.214178338841504e-05 4.423621438068051e-06
17.16388888888857 -5.670696183289237e-05 2.801628493079646e-05
17.16666666666634 -4.254179175057399e-05 4.809663879162259e-05
17.16944444444412 -2.1525063274963e-05 6.152557489402749e-05
17.1722222222219 3.373594042441859e-06 6.607700932187949e-05
17.17499999999967 2.851123827885725e-05 6.080083595182652e-05
17.17777777777745 5.010282014870148e-05 4.620315536661054e-05
17.18055555555523 6.478884203608427e-05 2.421142685326638e-05
17.183333333333 7.015462331813877e-05 -2.076131237072435e-06
17.18611111111078 6.512134673267038e-05 -2.882494123541311e-05
17.18888888888856 5.014629950809548e-05 -5.202165790436499e-05
17.19166666666633 2.719688585858917e-05 -6.807410007599668e-05
17.19444444444411 -5.037801987360854e-07 -7.436412023040621e-05
17.19722222222189 -2.892746204499187e-05 -6.966874848348619e-05
17.19999999999966 -5.382487405388561e-05 -5.438259725444174e-05
17.20277777777744 -7.135877375645796e-05 -3.0502734853547e-05
17.20555555555521 -7.869201803036348e-05 -1.372034700121303e-06
17.20833333333299 -7.444088235419851e-05 2.878670618984834e-05
17.21111111111077 -5.892192663348562e-05 5.548124807460181e-05
17.21388888888854 -3.414993207529583e-05 7.461694295745809e-05
17.21666666666632 -3.580801025800634e-06 8.312153427965413e-05
17.2194444444441 2.836849831973446e-05 7.943279062413998e-05
17.22222222222187 5.695655319159162e-05 6.377227308487547e-05
17.22499999999965 7.781913588267062e-05 3.815874418227471e-05
17.22777777777743 8.763225858930426e-05 6.152655887103958e-06
17.2305555555552 8.463630830756781e-05 -2.763671185016351e-05
17.23333333333298 6.893929285720325e-05 -5.82135297989467e-05
17.23611111111076 4.254834015957732e-05 -8.093214338806728e-05
17.23888888888853 9.118067327318018e-06 -9.219982664988815e-05
17.24166666666631 -2.655345273835945e-05 -9.003963570838106e-05
17.24444444444408 -5.921190358444949e-05 -7.442583843675295e-05
17.24722222222186 -8.391886206791551e-05 -4.733633268315231e-05
17.24999999999964 -9.679560249335665e-05 -1.250745510423678e-05
17.25277777777741 -9.562689668917862e-05 2.507930406910296e-05
17.25555555555519 -8.023144815014807e-05 5.990845643060961e-05
17.25833333333297 -5.253826604939952e-05 8.673817459705447e-05
17.26111111111074 -1.635074691216247e-05 0.0001013863767858605
17.26388888888852 2.317363806284302e-05 0.0001013776886741637
17.2666666666663 6.025715860713163e-05 8.635180328664989e-05
17.26944444444407 8.934487668538601e-05 5.816705077311997e-05
17.27222222222185 0.0001059340901335173 2.067686673792589e-05
17.27499999999963 0.0001072666317695013 -2.079500193391137e-05
17.2777777777774 9.277815746256553e-05 -6.02093710829154e-05
17.28055555555518 6.423234615537971e-05 -9.168966080296188e-05
17.28333333333295 2.551315290491869e-05 -0.0001103955915848515
17.28611111111073 -1.790158364157001e-05 -0.0001132629258467808
17.28888888888851 -5.97141269490793e-05 -9.949674448744867e-05
17.29166666666628 -9.371916754463397e-05 -7.073989353975826e-05
17.29444444444406 -0.0001147224437083546 -3.088470445186951e-05
17.29722222222184 -0.0001193299259757623 1.445176295708697e-05
17.29999999999961 -0.0001064881726901682 5.871850091070428e-05
17.30277777777739 -7.769080461186819e-05 9.537611608653009e-05
17.30555555555517 -3.68136558550276e-05 0.0001188607867728945
17.30833333333294 1.040475238808281e-05 0.0001254247481845368
17.31111111111072 5.716807553263054e-05 0.000113726815508378
17.3138888888885 9.659952559450305e-05 8.508081096118477e-05
17.31666666666627 0.0001227512756241121 4.331838173518644e-05
17.31944444444405 0.0001314979191362355 -5.721331320203557e-06
17.32222222222182 0.0001211802101118129 -5.500751237993596e-05
17.3249999999996 9.289948320757503e-05 -9.732503963090764e-05
17.32777777777738 5.041263511865949e-05 -0.0001263291037812186
17.33055555555515 -3.646752250010697e-07 -0.0001374930848990964
17.33333333333293 -5.218123531697705e-05 -0.0001288084778975191
17.33611111111071 -9.748536551763033e-05 -0.0001011294302862343
17.33888888888848 -0.0001295241300189529 -5.81046250520216e-05
17.34166666666626 -0.0001433467955005369 -5.698720079371206e-06
17.34444444444404 -0.000136563782815182 4.863423199440892e-05
17.34722222222181 -0.0001097454919658726 9.701084019055398e-05
17.34999999999959 -6.639604188969944e-05 0.0001322611231931291
17.35277777777737 -1.249802137141501e-05 0.0001489883833369777
17.35555555555514 4.431297790292071e-05 0.0001443898456125056
17.35833333333292 9.583013327319171e-05 0.0001187139403061288
17.3611111111107 0.0001344601412388243 7.528104139426359e-05
17.36388888888847 0.0001543399546910405 2.005695306000863e-05
17.36666666666625 0.0001522215341685415 -3.916648527564754e-05
17.36944444444402 0.0001279917085072677 -9.387109683620932e-05
17.3722222222218 8.474520186536298e-05 -0.0001360370600555007
17.37499999999958 2.839261222592399e-05 -0.0001593165145092656
17.37777777777735 -3.314747655110128e-05 -0.0001599845520346839
17.38055555555513 -9.106176954692383e-05 -0.0001375256684013942
17.38333333333291 -0.0001369042673104184 -9.476447182834349e-05
17.38611111111068 -0.0001638262451314823 -3.751421500643278e-05
17.38888888888846 -0.0001675952490501262 2.621367901996041e-05
17.39166666666624 -0.00014725198061122 8.733154059303265e-05
17.39444444444401 -0.0001053041293109408 0.0001369715349648186
17.39722222222179 -4.742178944308059e-05 0.0001677709597464811
17.39999999999957 1.832923369137919e-05 0.0001749605793363963
17.40277777777734 8.261247583200924e-05 0.0001570955440775302
17.40555555555512 0.0001361470824880957 0.000116317777339712
17.40833333333289 0.0001710467508788489 5.810483403433422e-05
17.41111111111067 0.0001819782330065189 -9.466207295386743e-06
17.41388888888845 0.0001669695741127661 -7.684080505745702e-05
17.41666666666622 0.0001277464039335772 -0.0001343388401858375
17.419444444444 6.954096562615159e-05 -0.0001735448530906074
17.42222222222178 3.938082695034029e-07 -0.0001885369684254751
17.42499999999955 -6.995856502939558e-05 -0.0001767753402778997
17.42777777777733 -0.0001314559187809752 -0.0001395175384284272
17.43055555555511 -0.0001751527372067236 -8.169458486609435e-05
17.43333333333288 -0.0001945171717095908 -1.125802979981297e-05
17.43611111111066 -0.0001864020970478995 6.191538801764448e-05
17.43888888888844 -0.0001515445393282716 0.0001274102872871795
17.44166666666621 -9.451559212851142e-05 0.0001757554506528695
17.44444444444399 -2.312077618637702e-05 0.0001997916692234662
17.44722222222176 5.267042003777014e-05 0.0001957272413002274
17.44999999999954 0.0001221186562672946 0.0001637260518906613
17.45277777777732 0.0001752372148328588 0.0001079381914781609
17.45555555555509 0.000204226816994634 3.596175333206209e-05
17.45833333333287 0.0002046167309611273 -4.219434678259083e-05
17.46111111111065 0.0001759456761540446 -0.0001155045577585377
17.46388888888842 0.0001218798247050364 -0.000173483285805397
17.4666666666662 4.974436852877694e-05 -0.0002076838880918012
17.46944444444398 -3.04714985271182e-05 -0.0002129257985189871
17.47222222222175 -0.000107500606483103 -0.0001880718879172532
17.47499999999953 -0.0001703820787786831 -0.0001362402815771954
17.47777777777731 -0.0002100207749849659 -6.441411821429897e-05
17.48055555555508 -0.0002204999913946801 1.750199811144254e-05
17.48333333333286 -0.0001999582560924189 9.805091948581092e-05
17.48611111111063 -0.0001509010359929645 0.0001658275501098196
17.48888888888841 -7.989709885981705e-05 0.0002110940186235838
17.49166666666619 3.303908646550467e-06 0.0002271765681783799
17.49444444444396 8.711366312206155e-05 0.0002114439996662576
17.49722222222174 0.0001597218225584131 0.0001657248604686
17.49999999999952 0.0002107611693503974 9.60986962021769e-05
17.50277777777729 0.0002327862753529052 1.208467000657008e-05
17.50555555555507 0.0002223549260001384 -7.466368749405564e-05
17.50833333333285 0.0001805557730998305 -0.000151978030557481
17.51111111111062 0.0001129025128641765 -0.0002088834767707902
17.5138888888884 2.860361440872656e-05 -0.0002371555231836424
17.51666666666618 -6.069519915642647e-05 -0.0002325047891756964
17.51944444444395 -0.0001425233523001992 -0.0001952193715458428
17.52222222222173 -0.0002053288962992077 -0.0001301695983503043
17.5249999999995 -0.0002401089718593769 -4.616896590013778e-05
17.52777777777728 -0.0002416971023484167 4.522441339925758e-05
17.53055555555506 -0.000209523607413896 0.0001313021846564954
17.53333333333283 -0.0001477380481133428 0.0001999753893625461
17.53611111111061 -6.467136610405886e-05 0.00024147252964349
17.53888888888839 2.829211795811869e-05 0.0002497274314232292
17.54166666666616 0.0001182794054972222 0.000223260051430449
17.54444444444394 0.0001927144822276367 0.0001654230395838843
17.54722222222172 0.0002410767537192643 8.397481693051325e-05
17.54999999999949 0.0002563861886777586 -9.966070893109878e-06
17.55277777777727 0.0002362056946826448 -0.0001034436562188735
17.55555555555505 0.0001830173723536547 -0.0001834550353229262
17.55833333333282 0.000103915846426638 -0.0002387606316196515
17.5611111111106 9.65685296634356e-06 -0.0002614619341222483
17.56388888888837 -8.681056541081041e-05 -0.0002481253238084873
17.56666666666615 -0.0001721271609534282 -0.0002002925768103038
17.56944444444393 -0.0002343757067337043 -0.0001243031639829051
17.5722222222217 -0.0002647451793663763 -3.044885980313814e-05
17.57499999999948 -0.0002587744980862414 6.842582312559199e-05
17.57777777777726 -0.0002170006500812124 0.0001586862127996107
17.58055555555503 -0.0001449178883470266 0.0002277904955591058
17.58333333333281 -5.224987714142753e-05 0.0002660326735916633
17.58611111111059 4.836800454327212e-05 0.0002679031438075085
17.58888888888836 0.0001431167559250606 0.0002328764698891323
17.59166666666614 0.000218895127411927 0.0001655144291702892
17.59444444444392 0.0002651321340265548 7.486673844180377e-05
17.59722222222169 0.0002752597660477087 -2.675103248846646e-05
17.59999999999947 0.0002476409255942648 -0.0001254364116928446
17.60277777777724 0.0001858220970314628 -0.0002076061195837508
17.60555555555502 9.807301440037414e-05 -0.0002618673643123212
17.6083333333328 -3.726160858360875e-06 -0.0002805962600013405
17.61111111111057 -0.0001056994585596523 -0.0002610047911327643
17.61388888888835 -0.0001938711829380465 -0.0002055475076761732
17.61666666666613 -0.0002560836836665021 -0.0001216095909275635
17.6194444444439 -0.0002836732835710849 -2.051664385030139e-05
17.62222222222168 -0.0002726733466685123 8.400005783840799e-05
17.62499999999946 -0.0002243778332685594 0.000177673935253431
17.62777777777723 -0.0001451860876268428 0.0002476535682567078
17.63055555555501 -4.574804740888625e-05 0.0002842661301515358
17.63333333333279 6.04749638899424e-05 0.0002823517345899293
17.63611111111056 0.000159038382939747 0.0002419849365612093
17.63888888888834 0.0002364823842777502 0.0001684832002973747
17.64166666666612 0.0002821710159369462 7.169954147143004e-05
17.64444444444389 0.0002897510111667454 -3.530557159298493e-05
17.64722222222167 0.0002580304029343655 -0.0001380330168659171
17.64999999999944 0.0001911560361580265 -0.0002225140706012121
17.65277777777722 9.806460170394008e-05 -0.0002772116701652522
17.655555555555 -8.719151132519228e-06 -0.0002945948280539268
17.65833333333277 -0.0001147743558099724 -0.0002721714602745258
17.66111111111055 -0.0002057366083775198 -0.0002128384908772832
17.66388888888833 -0.0002692460902053071 -0.0001245009146109085
17.6666666666661 -0.0002966266483864442 -1.901087807941889e-05
17.66944444444388 -0.0002840677478478079 8.942976240662343e-05
17.67222222222166 -0.0002331486919358215 0.0001861870965891625
17.67499999999943 -0.0001506337601980274 0.0002581732971746707
17.67777777777721 -4.756577540608498e-05 0.0002956173711259552
17.68055555555499 6.221935237618788e-05 0.0002933888630743327
17.68333333333276 0.0001639562373270917 0.0002516955034127571
17.68611111111054 0.0002439399028814385 0.000176060614754247
17.68888888888831 0.0002913732054808821 7.658353683707277e-05
17.69166666666609 0.0002998225800209935 -3.341681924274837e-05
17.69444444444387 0.0002680860532044093 -0.0001391920236246329
17.69722222222164 0.0002003570092547521 -0.0002265462764737782
17.69999999999942 0.0001056622908933257 -0.0002837436056874854
17.7027777777772 -3.349004581164006e-06 -0.0003030835963466633
17.70555555555497 -0.0001121024172112112 -0.0002819342054363265
17.70833333333275 -0.0002060520805560383 -0.000223083644189983
17.71111111111053 -0.0002726290464799198 -0.0001343651140925691
17.7138888888883 -0.0003029226274192293 -2.76059411014033e-05
17.71666666666608 -0.0002928698591828725 8.295680467351091e-05
17.71944444444386 -0.0002437947213605581 0.0001825809330563167
17.72222222222163 -0.000162226313677339 0.0002579883926015783
17.72499999999941 -5.902193878115159e-05 0.0002991356286914335
17.72777777777718 5.20860293361106e-05 0.0003005489105714738
17.73055555555496 0.0001563239442011077 0.000262047407952818
17.73333333333274 0.0002398455933013021 0.0001887591844009645
17.73611111111051 0.000291572891704847 9.043000326766102e-05
17.73888888888829 0.000304663670235582 -1.988081368246185e-05
17.74166666666607 0.0002774122989323459 -0.0001275418789667788
17.74444444444384 0.0002134651986786817 -0.0002182954165429537
17.74722222222162 0.000121324968309846 -0.0002801477270111913
17.7499999999994 1.321158593798348e-05 -0.0003049534835103482
17.75277777777717 -9.656570561926337e-05 -0.0002894846917495861
17.75555555555495 -0.000193507929323847 -0.0002358445360378968
17.75833333333273 -0.0002648444207523679 -0.0001511739270801021
17.7611111111105 -0.0003012152585805117 -4.669261372230822e-05
17.76388888888828 -0.0002978964341489885 6.379531156374306e-05
17.76666666666605 -0.0002554077997024348 0.0001657314317169588
17.76944444444383 -0.0001794263446944813 0.0002457251325823606
17.77222222222161 -8.00196123466759e-05 0.0002933135700859898
17.77499999999938 2.969619953181179e-05 0.0003023280534814739
17.77777777777716 0.0001352935644968704 0.0002716887069524725
17.78055555555494 0.0002229353930868944 0.0002055257365509086
17.78333333333271 0.0002811899747397633 0.0001126150020617161
17.78611111111049 0.0003025208265531569 5.205979201591598e-06
17.78888888888827 0.0002842574775390939 -0.0001026003348119076
17.79166666666604 0.0002289227380960088 -0.0001967078607473205
17.79444444444382 0.0001438773926233325 -0.0002648711536638662
17.7972222222216 4.033314244310663e-05 -0.0002982884052947048
17.79999999999937 -6.813284227742381e-05 -0.0002927345833107405
17.80277777777715 -0.0001673640135816024 -0.0002490893199966477
17.80555555555492 -0.0002444754857717609 -0.0001731945059907326
17.8083333333327 -0.0002895275780318927 -7.506476636820787e-05
17.81111111111048 -0.0002968044650337375 3.244153971251947e-05
17.81388888888825 -0.0002655338300333427 0.0001353134804038685
17.81666666666603 -0.0001999577079249078 0.0002202176598695665
17.81944444444381 -0.0001087500898569202 0.0002762277217346029
17.82222222222158 -3.862071635024612e-06 0.000296228772258115
17.82499999999936 0.0001010507620980822 0.0002778164723728402
17.82777777777714 0.0001924109522324326 0.0002235778632374976
17.83055555555491 0.0002584784900525099 0.0001407223908464435
17.83333333333269 0.0002908586420948439 4.011633349752806e-05
17.83611111111047 0.0002855647693365597 -6.514915507504055e-05
17.83888888888824 0.0002435021454719438 -0.0001614668328395124
17.84166666666602 0.0001703150987917585 -0.0002364752878079357
17.84444444444379 7.562283887086061e-05 -0.0002806455063257189
17.84722222222157 -2.82517669083016e-05 -0.0002884884941119409
17.84999999999935 -0.0001278916183870912 -0.0002592313506893388
17.85277777777712 -0.0002105221071764709 -0.0001968794108122153
17.8555555555549 -0.0002656499064899017 -0.0001096621866484208
17.85833333333268 -0.0002863935187788674 -8.940392849847887e-06
17.86111111111045 -0.0002703371908762376 9.227996393504119e-05
17.86388888888823 -0.0002198029827124509 0.0001810313458087519
17.86666666666601 -0.000141511804378235 0.0002460478064567969
17.86944444444378 -4.56831572421331e-05 0.0002791939943818885
17.87222222222156 5.530507734437126e-05 0.0002764789793956446
17.87499999999934 0.00014852029366378 0.0002385291740553755
17.87777777777711 0.000222133923981306 0.0001704654500125403
17.88055555555489 0.0002669222722421083 8.120657541843443e-05
17.88333333333266 0.0002774190734780101 -1.770565000500036e-05
17.88611111111044 0.0002525762434433577 -0.0001136040636631688
17.88888888888822 0.0001958538938377285 -0.0001943216586738844
17.89166666666599 0.000114734584465011 -0.0002497359915281625
17.89444444444377 1.973037851798016e-05 -0.000273036411269966
17.89722222222155 -7.698485050221743e-05 -0.0002615558213547987
17.89999999999932 -0.0001631392746951531 -0.0002170661784155442
17.9027777777771 -0.0002279217999924684 -0.0001455065224328869
17.90555555555488 -0.0002633374776168103 -5.618496890953099e-05
17.90833333333265 -0.0002651899382537414 3.943753026917949e-05
17.91111111111043 -0.0002335707630064635 0.0001292221021468128
17.91388888888821 -0.0001727999018206419 0.0002018952445227739
17.91666666666598 -9.083164853729827e-05 0.0002484640571203517
17.91944444444376 1.79175771906374e-06 0.0002633258603458598
17.92222222222154 9.330065033687594e-05 0.000244935785330186
17.92499999999931 0.0001721964664937282 0.00019595374823194
17.92777777777709 0.0002286971878442492 0.0001228591576837225
17.93055555555486 0.0002559479888494171 3.508912637843094e-05
17.93333333333264 0.0002508476236866019 -5.618467603242373e-05
17.93611111111042 0.000214391710009521 -0.0001394814632334842
17.93888888888819 0.0001514963996139114 -0.0002044568160314587
17.94166666666597 7.03319039798212e-05 -0.0002431861147589377
17.94444444444375 -1.874341643984252e-05 -0.0002511269218786618
17.94722222222152 -0.0001045088291701237 -0.0002276440681314564
17.9499999999993 -0.0001762967716259666 -0.0001760378934717878
17.95277777777708 -0.0002253193925961048 -0.0001030793704979038
17.95555555555485 -0.0002457412530893837 -1.811762575507126e-05
17.95833333333263 -0.0002353677282064443 6.812206467705669e-05
17.96111111111041 -0.0001958688241650461 0.0001448948349812365
17.96388888888818 -0.0001325175219159043 0.0002027755048752668
17.96666666666596 -5.348277628496533e-05 0.0002348136507301214
17.96944444444373 3.122773188952209e-05 0.0002373632641623057
17.97222222222151 0.0001110378437696956 0.0002104887066231869
17.97499999999929 0.0001761246336185403 0.0001579031185436952
17.97777777777706 0.0002186263268667624 8.645441577343984e-05
17.98055555555484 0.0002335881113775277 5.230062194862518e-06
17.98333333333262 0.0002195326403992717 -7.560199080353512e-05
17.98611111111039 0.0001785905975574194 -0.0001460680339414264
17.98888888888817 0.0001161824283848596 -0.0001976190328678477
17.99166666666595 4.029817279701963e-05 -0.0002241650794305639
17.99444444444372 -3.952868131006031e-05 -0.0002227891311492659
17.9972222222215 -0.0001134212130852435 -0.000194057233089721
17.99999999999928 -0.0001723816911275389 -0.0001418938214846791
18.00277777777705 -0.0002093854733575233 -7.304503848257463e-05
18.00555555555483 -0.000220213503334567 3.796543448744896e-06
18.0083333333326 -0.0002039254120103013 7.909194967684199e-05
18.01111111111038 -0.0001629213574711182 0.0001436411374504687
18.01388888888816 -0.0001025923659531043 0.0001897062771992824
18.01666666666593 -3.060959188584145e-05 0.0002119360270590808
18.01944444444371 4.405363373249805e-05 0.0002079809124638836
18.02222222222149 0.0001122420548496345 0.0001787299739174579
18.02499999999926 0.0001657410620268276 0.0001281466844640212
18.02777777777704 0.0001982640324692728 6.273171816508439e-05
18.03055555555482 0.0002061861458436818 -9.314657232971103e-06
18.03333333333259 0.0001889397542306242 -7.912244255546507e-05
18.03611111111037 0.0001490294736560377 -0.0001382445272160139
18.03888888888815 9.167248264281795e-05 -0.0001796774862140469
18.04166666666592 2.411517432969118e-05 -0.0001986874539053766
18.0444444444437 -4.528423802525815e-05 -0.0001933442550425743
18.04722222222147 -0.0001080908602873302 -0.0001647045182470837
18.04999999999925 -0.0001568177516231317 -0.0001166284721213876
18.05277777777703 -0.000185815741161883 -5.526002070451932e-05
18.0555555555548 -0.0001919231029569272 1.175998176673413e-05
18.05833333333258 -0.0001748011530161798 7.624639627748681e-05
18.06111111111036 -0.0001369215191331605 0.0001304695399889844
18.06388888888813 -8.321380512525147e-05 0.0001680799652950554
18.06666666666591 -2.042332971144443e-05 0.0001848479437014237
18.06944444444369 4.373735892241255e-05 0.0001791321383467133
18.07222222222146 0.000101536373913767 0.0001520265646513687
18.07499999999924 0.0001461532983690295 0.0001071749291387652
18.07777777777702 0.0001724810593186786 5.028183391530031e-05
18.08055555555479 0.0001777050535827983 -1.161375755531484e-05
18.08333333333257 0.0001615946558908307 -7.101021149570539e-05
18.08611111111034 0.0001264783316314114 -0.0001208520988802966
18.08888888888812 7.691229029669682e-05 -0.0001553662581782125
18.0916666666659 1.908922121775843e-05 -0.0001707263124527284
18.09444444444367 -3.993620602657503e-05 -0.0001654697760515542
18.09722222222145 -9.310818547576798e-05 -0.0001406233233638069
18.09999999999923 -0.0001342119787401555 -9.952780706243076e-05
18.102777777777 -0.0001585971875514641 -4.739076661496193e-05
18.10555555555478 -0.0001636983986325939 9.373881906611518e-06
18.10833333333256 -0.0001492957128145742 6.393526082761892e-05
18.11111111111033 -0.0001174901088248107 0.0001098669176798655
18.11388888888811 -7.240322022058461e-05 0.0001419015707128807
18.11666666666589 -1.964372537086507e-05 0.0001565309295765055
18.11944444444366 3.43906795953214e-05 0.0001523829081659575
18.12222222222144 8.328887918056504e-05 0.0001303366929818219
18.12499999999921 0.0001213855800528578 9.336826953091314e-05
18.12777777777699 0.0001444145385324931 4.615120789209753e-05
18.13055555555477 0.0001499809330007574 -5.534067083369922e-06
18.13333333333254 0.0001378013596460946 -5.550792490594455e-05
18.13611111111032 0.0001096887551155474 -9.792953535784527e-05
18.1388888888881 6.929031132986583e-05 -0.0001279772736758916
18.14166666666587 2.161544589171053e-05 -0.0001423926238026876
18.14444444444365 -2.758526133924326e-05 -0.0001398268290860178
18.14722222222143 -7.251324062124252e-05 -0.000120954387746031
18.1499999999992 -0.0001080037857448336 -8.834591331326098e-05
18.15277777777698 -0.0001301166742862177 -4.612142126887254e-05
18.15555555555476 -0.0001365684778243552 5.696098293214841e-07
18.15833333333253 -0.0001269598718618819 4.617591247315907e-05
18.16111111111031 -0.0001027765770927989 8.54034350166397e-05
18.16388888888808 -6.716970089874035e-05 0.0001138276383085838
18.16666666666586 -2.454695766947795e-05 0.0001283886196448463
18.16944444444364 1.997245113022508e-05 0.0001277142297860595
18.17222222222141 6.117199525631459e-05 0.0001122379690205055
18.17499999999919 9.434747807516445e-05 8.410335024321867e-05
18.17777777777697 0.0001158412147812885 4.687158803862505e-05
18.18055555555474 0.0001234405086227145 5.071958631586071e-06
18.18333333333252 0.0001165977016218512 -3.634857452529218e-05
18.1861111111103 9.645105250004461e-05 -7.260972197231583e-05
18.18888888888807 6.564945476839107e-05 -9.964738791580334e-05
18.19166666666585 2.800672839253521e-05 -0.0001145655136435995
18.19444444444363 -1.196971684288572e-05 -0.0001159405381941762
18.1972222222214 -4.96177482749097e-05 -0.000103947290077516
18.19999999999918 -8.066264693507717e-05 -8.029671961226206e-05
18.20277777777696 -0.00010169972682723 -4.799795043573484e-05
18.20555555555473 -0.0001105633560004577 -1.097709507399018e-05
18.20833333333251 -0.00010654300549041 2.639910756511719e-05
18.21111111111028 -9.042577143365039e-05 5.983718978415405e-05
18.21388888888806 -6.436544173262361e-05 8.560811012967445e-05
18.21666666666584 -3.159817042844115e-05 0.0001009597923214924
18.21944444444361 3.958109076581902e-06 0.00010440588849078
18.22222222222139 3.817113443844653e-05 9.586119619609921e-05
18.22499999999917 6.717302880081078e-05 7.661267155428159e-05
18.22777777777694 8.77950636360636e-05 4.913419232056073e-05
18.23055555555472 9.790997044906666e-05 1.677090187153214e-05
18.2333333333325 9.664537486747476e-05 -1.666687529179485e-05
18.23611111111027 8.44477977086979e-05 -4.73510267647882e-05
18.23888888888805 6.299439274175881e-05 -7.187202063680359e-05
18.24166666666583 3.496707794525859e-05 -8.761479329347489e-05
18.2444444444436 3.718971211008839e-06 -9.303314178885942e-05
18.24722222222138 -2.712560937362435e-05 -8.779446188085737e-05
18.24999999999915 -5.409004488569455e-05 -7.278232884923071e-05
18.25277777777693 -7.423502540570839e-05 -4.996099390346478e-05
18.25555555555471 -8.547553764993629e-05 -2.212144280558702e-05
18.25833333333248 -8.679152656174556e-05 7.458506189583176e-06
18.26111111111026 -7.831167180943632e-05 3.539886966694534e-05
18.26388888888804 -6.126476717558525e-05 5.860198320818511e-05
18.26666666666581 -3.780836582554497e-05 7.459332457122025e-05
18.26944444444359 -1.075793029578043e-05 8.17815478336483e-05
18.27222222222137 1.674978234326098e-05 7.961094249645273e-05
18.27499999999914 4.161904526850966e-05 6.859255714943647e-05
18.27777777777692 6.1141556796634e-05 5.021436957878802e-05
18.2805555555547 7.328843530984764e-05 2.674450626298684e-05
18.28333333333247 7.691674521963827e-05 9.530933779635811e-07
18.28611111111025 7.187013440236086e-05 -2.421337683129949e-05
18.28888888888802 5.896574670118752e-05 -4.596707727331877e-05
18.2916666666658 3.9872604550008e-05 -6.198541226866816e-05
18.29444444444358 1.689865429409449e-05 -7.065572661963777e-05
18.29722222222135 -7.286681637065542e-06 -7.123282811266123e-05
18.29999999999913 -2.996129615693286e-05 -6.389461582835799e-05
18.30277777777691 -4.865501137366393e-05 -4.969300395209764e-05
18.30555555555468 -6.141618017404224e-05 -3.040912430796248e-05
18.30833333333246 -6.701185001973137e-05 -8.332163801575804e-06
18.31111111111024 -6.504145523936358e-05 1.401096344365797e-05
18.31388888888801 -5.595433212551577e-05 3.414337961843791e-05
18.31666666666579 -4.097239161595254e-05 4.991088120830535e-05
18.31944444444357 -2.192977979630071e-05 5.970971382011087e-05
18.32222222222134 -1.050157669043583e-06 6.264577572134829e-05
18.32499999999912 1.931157827284155e-05 5.860998748986665e-05
18.32777777777689 3.693332537377216e-05 4.826439790133041e-05
18.33055555555467 4.996617167478799e-05 3.294367212169946e-05
18.33333333333245 5.712544421755257e-05 1.448580021298346e-05
18.33611111111022 5.781307002069209e-05 -4.986813809814935e-06
18.338888888888 5.216019066478585e-05 -2.331000988277716e-05
18.34166666666578 4.098816535704551e-05 -3.851672432808428e-05
18.34444444444355 2.569515459466319e-05 -4.90459069706823e-05
18.34722222222133 8.083402329222357e-06 -5.389962251968783e-05
18.34999999999911 -9.851701903154906e-06 -5.273295489388535e-05
18.35277777777688 -2.61462795732346e-05 -4.586927915854366e-05
18.35555555555466 -3.908123906723729e-05 -3.424192801507584e-05
18.35833333333244 -4.736125136648768e-05 -1.927130778435511e-05
18.36111111111021 -5.024111602744553e-05 -2.693247609485874e-06
18.36388888888799 -4.758764728298552e-05 1.36408923768362e-05
18.36666666666576 -3.987270084320889e-05 2.79695147239645e-05
18.36944444444354 -2.810064239710319e-05 3.880891368056871e-05
18.37222222222132 -1.368058116067279e-05 4.510439971941167e-05
18.37499999999909 1.740685234190488e-06 4.632936485045341e-05
18.37777777777687 1.646540273626276e-05 4.252347305722719e-05
18.38055555555465 2.893027138619045e-05 3.426811452759865e-05
18.38333333333242 3.787048774679671e-05 2.260414553104891e-05
18.3861111111102 4.244546490213294e-05 8.903001533348724e-06
18.38888888888798 4.231408551863306e-05 -5.293106983260098e-06
18.39166666666575 3.7653278688881e-05 -1.844347184137289e-05
18.39444444444353 2.912008200311241e-05 -2.917456573700435e-05
18.39722222222131 1.776344816367584e-05 -3.6421511153078e-05
18.39999999999908 4.897231420256273e-06 -3.953103443154671e-05
18.40277777777686 -8.050478685441011e-06 -3.831631662174413e-05
18.40555555555463 -1.969456383846214e-05 -3.305971255085402e-05
18.40833333333241 -2.883948934562973e-05 -2.446507726921322e-05
18.41111111111019 -3.46000112340802e-05 -1.356678402027482e-05
18.41388888888796 -3.648406169068512e-05 -1.606882122237881e-06
18.41666666666574 -3.443043160372919e-05 1.010520180071214e-05
18.41944444444352 -2.879900887480973e-05 2.03347281948194e-05
18.42222222222129 -2.031649837288837e-05 2.805023110171988e-05
18.42499999999907 -9.985188484568544e-06 3.252544450653938e-05
18.42777777777685 1.03403442025374e-06 3.340477128180824e-05
18.43055555555462 1.155093502272613e-05 3.072678765102279e-05
18.4333333333324 2.047320154797499e-05 2.490497374294275e-05
18.43611111111018 2.691830019374763e-05 1.666944664157483e-05
18.43888888888795 3.02986663236641e-05 6.977461871589306e-06
18.44166666666573 3.037228675328851e-05 -3.096556904007901e-06
18.4444444444435 2.725473081102928e-05 -1.247897752455625e-05
18.44722222222128 2.13929385441861e-05 -2.021010211393811e-05
18.44999999999906 1.350510999452167e-05 -2.554073512382489e-05
18.45277777777683 4.49444101817167e-06 -2.800266759003179e-05
18.45555555555461 -4.653114022152936e-06 -2.744672653936881e-05
18.45833333333239 -1.297561932507144e-05 -2.404573094163032e-05
18.46111111111016 -1.963504999466645e-05 -1.826350814675603e-05
18.46388888888794 -2.400008884278739e-05 -1.079464910407419e-05
18.46666666666572 -2.570385331176156e-05 -2.482557631686418e-06
18.46944444444349 -2.467155575598129e-05 5.77469578785391e-06
18.47222222222127 -2.111647197643172e-05 1.312033626905274e-05
18.47499999999905 -1.550598604022482e-05 1.882654316785798e-05
18.47777777777682 -8.502536376343175e-06 2.236499543562874e-05
18.4805555555546 -8.867031921720961e-07 2.345366899604144e-05
18.48333333333238 6.528773660059941e-06 2.207602385186108e-05
18.48611111111015 1.298469683086701e-05 1.847177061514693e-05
18.48888888888793 1.785192566011222e-05 1.310140545978921e-05
18.4916666666657 2.069114566467447e-05 6.589337953904566e-06
18.49444444444348 2.129041436350945e-05 -3.475506046465259e-07
18.49722222222126 1.967755835560361e-05 -6.977871050066458e-06
18.49999999999903 1.610723826633724e-05 -1.263184763830403e-05
18.50277777777681 1.102513352523225e-05 -1.676779817365612e-05
