16.5 9.112797402018348e-08 -1.96464860156488e-07
16.50277777777778 6.583482843593274e-08 -2.137774055236791e-07
16.50555555555555 3.755409023002105e-08 -2.279440075849386e-07
16.50833333333333 6.661613961908884e-09 -2.384788038204901e-07
16.51111111111111 -2.639090330053586e-08 -2.449385740038702e-07
16.51388888888888 -6.108041003591868e-08 -2.469342256211782e-07
16.51666666666666 -9.681868730288557e-08 -2.441418646796252e-07
16.51944444444444 -1.32960206839694e-07 -2.363132052488613e-07
16.52222222222221 -1.688115970474198e-07 -2.232850708125367e-07
16.52499999999999 -2.036426178021704e-07 -2.049877452220855e-07
16.52777777777776 -2.366985092536797e-07 -1.814519409008703e-07
16.53055555555554 -2.672135448021357e-07 -1.528141670091187e-07
16.53333333333332 -2.944255850404913e-07 -1.193203005140362e-07
16.53611111111109 -3.175913983693705e-07 -8.132718836860117e-08
16.53888888888887 -3.360024859717038e-07 -3.930213903923946e-08
16.54166666666665 -3.490011246022579e-07 6.179803930395398e-09
16.54444444444442 -3.559963208726885e-07 5.444087523527907e-08
16.5472222222222 -3.564793560250841e-07 1.047079151489354e-07
16.54999999999998 -3.500385911317634e-07 1.561219935514076e-07
16.55277777777775 -3.363731997004392e-07 2.077502668649239e-07
16.55555555555553 -3.153054981678771e-07 2.585999565511922e-07
16.55833333333331 -2.867915549827291e-07 3.076342900088851e-07
16.56111111111108 -2.50929776038743e-07 3.537901976048711e-07
16.56388888888886 -2.079671881281813e-07 3.959975141240131e-07
16.56666666666663 -1.58303172698675e-07 4.331993901370059e-07
16.56944444444441 -1.024904392488993e-07 4.643735796176422e-07
16.57222222222219 -4.123307076267693e-08 4.885542355601511e-07
16.57499999999996 2.461847788589249e-08 5.048538162449665e-07
16.57777777777774 9.407549432472147e-08 5.124846820286472e-07
16.58055555555552 1.660222443767453e-07 5.107799468348018e-07
16.58333333333329 2.392302772738586e-07 4.992131405572264e-07
16.58611111111107 3.123756863316559e-07 4.774162388755956e-07
16.58888888888885 3.840591478804259e-07 4.451956259222087e-07
16.59166666666662 4.528284984194049e-07 4.025455730649666e-07
16.5944444444444 5.172035487027007e-07 3.496588438598343e-07
16.59722222222218 5.75702775023125e-07 2.869340708875692e-07
16.59999999999995 6.268714736259685e-07 2.14979594440722e-07
16.60277777777773 6.693109151831593e-07 1.346135054294708e-07
16.6055555555555 7.01707993808005e-07 4.685969478052497e-08
16.60833333333328 7.228648303013079e-07 -4.706022177310312e-08
16.61111111111106 7.317277632385101e-07 -1.45739162270519e-07
16.61388888888883 7.274151450221271e-07 -2.476010022619213e-07
16.61666666666661 7.092433539133382e-07 -3.509210652081416e-07
16.61944444444439 6.767504379050943e-07 -4.538504987809143e-07
16.62222222222216 6.297168225243625e-07 -5.544442735888255e-07
16.62499999999994 5.681825424621225e-07 -6.506924592201242e-07
16.62777777777772 4.924604963224726e-07 -7.40554353574311e-07
16.63055555555549 4.031452745379312e-07 -8.219949668545594e-07
16.63333333333327 3.01117172157141e-07 -8.930232929474246e-07
16.63611111111105 1.875410701061618e-07 -9.517317397854746e-07
16.63888888888882 6.385994973580463e-08 -9.963360381784128e-07
16.6416666666666 -6.821710510406136e-08 -1.025214906892779e-06
16.64444444444437 -2.067324679253977e-07 -1.036948721721061e-06
16.64722222222215 -3.495030391817311e-07 -1.030356418985487e-06
16.64999999999993 -4.941486679915062e-07 -1.004529860266908e-06
16.6527777777777 -6.381256611846246e-07 -9.588648958028126e-07
16.65555555555548 -7.787650076830429e-07 -8.930883893898186e-07
16.65833333333326 -9.133148411068577e-07 -8.072805079284862e-07
16.66111111111103 -1.038986562526218e-06 -7.01891633849716e-07
16.66388888888881 -1.15300395048603e-06 -5.777533281904058e-07
16.66666666666659 -1.252654498877469e-06 -4.36082855352844e-07
16.66944444444436 -1.335342146871078e-06 -2.784808766420699e-07
16.67222222222214 -1.398640500816457e-06 -1.069220272933257e-07
16.67499999999992 -1.440345597479291e-06 7.626179064538702e-08
16.67777777777769 -1.458527222723293e-06 2.684054412330901e-07
16.68055555555547 -1.451577781083457e-06 4.665418227439196e-07
16.68333333333324 -1.418257710640738e-06 6.674401439023242e-07
16.68611111111102 -1.357736454971157e-06 8.676508429520408e-07
16.6888888888888 -1.269628040155768e-06 1.063556646671217e-06
16.69166666666657 -1.154020360016284e-06 1.25142913208701e-06
16.69444444444435 -1.011497346679087e-06 1.427490025069403e-06
16.69722222222213 -8.431532956675804e-07 1.587976349842976e-06
16.6999999999999 -6.505987240784859e-07 1.729208434231139e-06
16.70277777777768 -4.359572656887162e-07 1.847659679643984e-06
16.70555555555546 -2.018532464787565e-07 1.940026924668954e-06
16.70833333333323 4.861026394952396e-08 2.003300168774915e-06
16.71111111111101 3.118829674483715e-07 2.034830379905612e-06
16.71388888888879 5.840082915888207e-07 2.03239408821847e-06
16.71666666666656 8.606734812454111e-07 1.994253469133941e-06
16.71944444444434 1.137268349251022e-06 1.919210643108353e-06
16.72222222222211 1.408952032664945e-06 1.806654967608108e-06
16.72499999999989 1.670726930484437e-06 1.656602168729132e-06
16.72777777777767 1.917518835533251e-06 1.469724255442398e-06
16.73055555555544 2.144262121121168e-06 1.247369277741437e-06
16.73333333333322 2.345988704929543e-06 9.915701298403659e-07
16.736111111111 2.517919391556101e-06 7.050417593107006e-07
16.73888888888877 2.655556093976127e-06 3.911663206471951e-07
16.74166666666655 2.754773355509195e-06 5.39660046633842e-08
16.74444444444433 2.811907539901952e-06 -3.019365194018597e-07
16.7472222222221 2.823842029830646e-06 -6.713698974102807e-07
16.74999999999988 2.788086774930487e-06 -1.048677747075797e-06
16.75277777777766 2.702850560483344e-06 -1.42779358262182e-06
16.75555555555543 2.567104427679485e-06 -1.802326190654651e-06
16.75833333333321 2.380634766006031e-06 -2.165654424853665e-06
16.76111111111098 2.144084717347189e-06 -2.511030180858993e-06
16.76388888888876 1.858982678804728e-06 -2.831688120160289e-06
16.76666666666654 1.527756865567033e-06 -3.120960536582082e-06
16.76944444444431 1.153735094278992e-06 -3.372395604951557e-06
16.77222222222209 7.41129168773495e-07 -3.579877122113327e-06
16.77499999999987 2.950034906466548e-07 -3.737743748823048e-06
16.77777777777764 -1.787722264691235e-07 -3.840905689986319e-06
16.78055555555542 -6.73585991863894e-07 -3.884956712552e-06
16.7833333333332 -1.182161898974221e-06 -3.86627939696784e-06
16.78611111111097 -1.696653110919532e-06 -3.782141550801501e-06
16.78888888888875 -2.208748490922612e-06 -3.63078178261472e-06
16.79166666666653 -2.709791627143418e-06 -3.411482340605982e-06
16.7944444444443 -3.190910741719194e-06 -3.124627463356395e-06
16.79722222222208 -3.64315773018451e-06 -2.771745668095729e-06
16.79999999999986 -4.057654354796466e-06 -2.355534613391625e-06
16.80277777777763 -4.425743418030586e-06 -1.879867415666383e-06
16.80555555555541 -4.739142575029855e-06 -1.34977956932355e-06
16.80833333333318 -4.990098309848273e-06 -7.714359149708561e-07
16.81111111111096 -5.17153750349941e-06 -1.520774149610445e-07
16.81388888888874 -5.277213964889354e-06 5.00052174277316e-07
16.81666666666651 -5.301847281147108e-06 1.175799303128383e-06
16.81944444444429 -5.241251373233592e-06 1.86521252734448e-06
16.82222222222207 -5.092450217097082e-06 2.557672183981056e-06
16.82499999999984 -4.853778310259862e-06 3.242036386172336e-06
16.82777777777762 -4.524963628077475e-06 3.906801552534757e-06
16.8305555555554 -4.107191021770232e-06 4.540275379611616e-06
16.83333333333317 -3.603144259578742e-06 5.1307598826518e-06
16.83611111111095 -3.017025200324114e-06 5.666741876489487e-06
16.83888888888873 -2.354548911595546e-06 6.137088049799178e-06
16.8416666666665 -1.622913898645797e-06 6.531241607091108e-06
16.84444444444428 -8.307469897764091e-07 6.839417318017186e-06
16.84722222222205 1.197717572560814e-08 7.052791726281303e-06
16.84999999999983 8.940416964078429e-07 7.16368523392171e-06
16.85277777777761 1.803117210708483e-06 7.16573279297794e-06
16.85555555555538 2.725914744707869e-06 7.054040007137995e-06
16.85833333333316 3.648359979491566e-06 6.825321571341349e-06
16.86111111111094 4.555786906383994e-06 6.478019157209187e-06
16.86388888888871 5.433148452260724e-06 6.012396085310261e-06
16.86666666666649 6.265241297994937e-06 5.430606409468696e-06
16.86944444444427 7.0369417872689e-06 4.736736370557982e-06
16.87222222222204 7.733449537105061e-06 3.936816553461875e-06
16.87499999999982 8.340535121204565e-06 3.03880349642534e-06
16.8777777777776 8.844788008034896e-06 2.052529951181364e-06
16.88055555555537 9.233860802056359e-06 9.896234688608726e-07
16.88333333333315 9.496705762497464e-06 -1.36606516308627e-07
16.88611111111092 9.623799562544719e-06 -1.311312423362105e-06
16.8888888888887 9.607352304886507e-06 -2.518281883698365e-06
16.89166666666648 9.441496928174475e-06 -3.740139013301941e-06
16.89444444444425 9.122455323271603e-06 -4.958571387680793e-06
16.89722222222203 8.648677727036571e-06 -6.154580027931153e-06
16.89999999999981 8.020952272745019e-06 -7.308749253379418e-06
16.90277777777758 7.242481946946238e-06 -8.401532839287769e-06
16.90555555555536 6.318926628258235e-06 -9.413552545155714e-06
16.90833333333314 5.258408359246083e-06 -1.032590475713475e-05
16.91111111111091 4.071478521803103e-06 -1.112047072385902e-05
16.91388888888869 2.771046142389986e-06 -1.178022566423158e-05
16.91666666666647 1.372267138360226e-06 -1.228954189342687e-05
16.91944444444424 -1.076050782622058e-07 -1.263448105367237e-05
16.92222222222202 -1.649406606512697e-06 -1.280307055208332e-05
16.92499999999979 -3.232286020239964e-06 -1.278555940090811e-05
16.92777777777757 -4.833961027495041e-06 -1.257464882657209e-05
16.93055555555535 -6.431005970081119e-06 -1.216569326237294e-05
16.93333333333312 -7.999166741842836e-06 -1.155686766377084e-05
16.9361111111109 -9.51369917554886e-06 -1.074929748185068e-05
16.93888888888868 -1.094972646555748e-05 -9.74714809554728e-06
16.94166666666645 -1.228261076602641e-05 -8.557671031015275e-06
16.94444444444423 -1.348833373999606e-05 -7.191204880737328e-06
16.94722222222201 -1.454388054090534e-05 -5.661129467739666e-06
16.94999999999978 -1.54276214911089e-05 -3.983772473328684e-06
16.95277777777756 -1.611968558739603e-05 -2.178268450388278e-06
16.95555555555534 -1.66023199152842e-05 -2.663708687417125e-07
16.95833333333311 -1.686022909526581e-05 1.727781426750115e-06
16.96111111111089 -1.688088901651015e-05 3.777941231271686e-06
16.96388888888866 -1.665482933738293e-05 5.856070633628168e-06
16.96666666666644 -1.617587954611098e-05 7.932695776423553e-06
16.96944444444422 -1.544137377663546e-05 9.977294529204265e-06
16.97222222222199 -1.445231006008533e-05 1.195871226494206e-05
16.97499999999977 -1.321346025600466e-05 1.384560037121037e-05
16.97777777777755 -1.173342754292374e-05 1.560687163459039e-05
16.98055555555532 -1.002464904692831e-05 1.721216622005388e-05
16.9833333333331 -8.103341940776617e-06 1.863232163376448e-05
16.98611111111088 -5.989392144320098e-06 1.983983981568134e-05
16.98888888888865 -3.706185588996951e-06 2.080934436264698e-05
16.99166666666643 -1.280382862546417e-06 2.151802083855043e-05
16.99444444444421 1.258361086674889e-06 2.194603318792279e-05
16.99722222222198 3.877729647112426e-06 2.207690943525302e-05
16.99999999999976 6.543126260996472e-06 2.189789012368399e-05
17.00277777777753 9.218100965204757e-06 2.140023332243053e-05
17.00555555555531 1.18648167884684e-05 2.057947050870924e-05
17.00833333333309 1.444455032084719e-05 1.943560820246132e-05
17.01111111111086 1.691822012093882e-05 1.797327089434361e-05
17.01388888888864 1.924693605411099e-05 1.620178155136195e-05
17.01666666666642 2.139256217053382e-05 1.413517680112942e-05
17.01944444444419 2.331828534471032e-05 1.179215477420569e-05
17.02222222222197 2.498918161581119e-05 9.19595451311124e-06
17.02499999999975 2.637277199752134e-05 6.374166823237878e-06
17.02777777777752 2.743955947142836e-05 3.35847743218021e-06
17.0305555555553 2.81635389433464e-05 1.843443252627135e-07
17.03333333333308 2.852267212814364e-05 -3.10938787754411e-06
17.03611111111085 2.849931963611631e-05 -6.480932659910949e-06
17.03888888888863 2.808062296026335e-05 -9.886060674481959e-06
17.0416666666664 2.72588296054823e-05 -1.32786474502949e-05
17.04444444444418 2.603155525202652e-05 -1.661126322300983e-05
17.04722222222196 2.44019775994669e-05 -1.983579760935895e-05
17.04999999999973 2.237895738477948e-05 -2.290411117659958e-05
17.05277777777751 1.997708299891204e-05 -2.57687053859713e-05
17.05555555555529 1.721663612810559e-05 -2.838340192784613e-05
17.05833333333306 1.412347690680169e-05 -3.070402212283843e-05
17.06111111111084 1.072884817331604e-05 -3.268905684622225e-05
17.06388888888862 7.069099553500233e-06 -3.430031734684391e-05
17.06666666666639 3.185333244522495e-06 -3.55035573812573e-05
17.06944444444417 -8.770254842294196e-07 -3.626905726980464e-05
17.07222222222195 -5.068728931010018e-06 -3.657216080473954e-05
17.07499999999972 -9.337273510001262e-06 -3.639375639831635e-05
17.0777777777775 -1.36275259377759e-05 -3.572069444767663e-05
17.08055555555528 -1.788240181642792e-05 -3.454613360695597e-05
17.08333333333305 -2.204358848382308e-05 -3.286980948765782e-05
17.08611111111083 -2.605230320886778e-05 -3.069822024635352e-05
17.0888888888886 -2.985007712735052e-05 -2.804472455260011e-05
17.09166666666638 -3.337955475168543e-05 -2.492954854718111e-05
17.09444444444416 -3.658529845714554e-05 -2.137969958648372e-05
17.09722222222193 -3.941458705515861e-05 -1.742878580831412e-05
17.09999999999971 -4.181819741828858e-05 -1.311674183041033e-05
17.10277777777749 -4.375115812544961e-05 -8.489462189115166e-06
17.10555555555526 -4.517346425272063e-05 -3.598345423197185e-06
17.10833333333304 -4.605074274478404e-05 1.500247010101869e-06
17.11111111111082 -4.635485826301856e-05 6.745611552533159e-06
17.11388888888859 -4.606445001443506e-05 1.207339646566984e-05
17.11666666666637 -4.516539081519111e-05 1.741636109934798e-05
17.11944444444415 -4.365116052495323e-05 2.270519171164962e-05
17.12222222222192 -4.152312699404397e-05 2.786936410670801e-05
17.1249999999997 -3.879072878212636e-05 3.283804253458391e-05
17.12777777777747 -3.547155512135017e-05 3.754100360546383e-05
17.13055555555525 -3.159131989365759e-05 4.190957341884606e-05
17.13333333333303 -2.718372775418906e-05 4.587756570787395e-05
17.1361111111108 -2.229023194360304e-05 4.938220855623398e-05
17.13888888888858 -1.695968477217421e-05 5.23650471668947e-05
17.14166666666636 -1.124788320974711e-05 5.47728102505246e-05
17.14444444444413 -5.217013456998664e-06 5.655822785936751e-05
17.14722222222191 1.065000212988725e-06 5.768078891722493e-05
17.14999999999969 7.525235689322706e-06 5.810742728560032e-05
17.15277777777746 1.408659438271488e-05 5.781312595389876e-05
17.15555555555524 2.066869454665047e-05 5.678142983988753e-05
17.15833333333302 2.718882628868781e-05 5.50048587257365e-05
17.16111111111079 3.356295701084165e-05 5.248521302241639e-05
17.16388888888857 3.970677516344362e-05 4.923376633734638e-05
17.16666666666634 4.553675948913182e-05 4.52713402013899e-05
17.16944444444412 5.097126038541648e-05 4.062825777403975e-05
17.1722222222219 5.593157963346137e-05 3.534417487214434e-05
17.17499999999967 6.034303453609487e-05 2.946778823750364e-05
17.17777777777745 6.413599248276814e-05 2.305642255282871e-05
17.18055555555523 6.72468621175656e-05 1.617549931188744e-05
17.183333333333 6.961902762689166e-05 8.897892228476636e-06
17.18611111111078 7.120371318518645e-05 1.303175407765045e-06
17.18888888888856 7.196076529411108e-05 -6.523228016883557e-06
17.19166666666633 7.185934161700975e-05 -1.449098767965212e-05
17.19444444444411 7.087849593558452e-05 -2.250588780831092e-05
17.19722222222189 6.900765002915023e-05 -3.047091749642642e-05
17.19999999999966 6.624694458389013e-05 -3.828741678873692e-05
17.20277777777744 6.260746266527929e-05 -4.585626504837484e-05
17.20555555555521 5.811132081389777e-05 -5.30790973375927e-05
17.20833333333299 5.27916244342036e-05 -5.985953398190028e-05
17.21111111111077 4.669228581802723e-05 -6.61044081072134e-05
17.21388888888854 3.986770485797393e-05 -7.172497575058048e-05
17.21666666666632 3.238231423966072e-05 -7.663809314873354e-05
17.2194444444441 2.430999263274753e-05 -8.076734600970245e-05
17.22222222222187 1.573335110795199e-05 -8.404411596770139e-05
17.22499999999965 6.742899667101236e-06 -8.6408570010001e-05
17.22777777777743 -2.563897634177836e-06 -8.781055943819777e-05
17.2305555555552 -1.208366898923117e-05 -8.821041587919952e-05
17.23333333333298 -2.170827119234234e-05 -8.757963298132626e-05
17.23611111111076 -3.132600339852011e-05 -8.590142370646536e-05
17.23888888888853 -4.082288452807493e-05 -8.317114454462191e-05
17.24166666666631 -5.008397959342722e-05 -7.939657951644659e-05
17.24444444444408 -5.899475943841185e-05 -7.459807847332068e-05
17.24722222222186 -6.744247777996058e-05 -6.880854593408748e-05
17.24999999999964 -7.531754903469567e-05 -6.207327849117221e-05
17.25277777777741 -8.25149102079778e-05 -5.444965065418443e-05
17.25555555555519 -8.893535012180271e-05 -4.600665085485481e-05
17.25833333333297 -9.448678946484529e-05 -3.682427118807096e-05
17.26111111111074 -9.908549555942254e-05 -2.699275628930333e-05
17.26388888888852 -0.0001026572163546571 -1.661171852327204e-05
17.2666666666663 -0.000105138218964679 -5.789128362413463e-06
17.26944444444407 -0.0001064762190682866 5.359809557418899e-06
17.27222222222185 -0.0001066311886593239 1.671388272107307e-05
17.27499999999963 -0.0001055760309735306 2.814718601354784e-05
17.2777777777774 -0.0001032971129007191 3.95305114402141e-05
17.28055555555518 -9.97946468048547e-05 5.073279668893713e-05
17.28333333333295 -9.508291539886582e-05 6.162261607373718e-05
17.28611111111073 -8.919033513635177e-05 7.206969672833891e-05
17.28888888888851 -8.215935546591843e-05 8.194644245064129e-05
17.29166666666628 -7.404619322438768e-05 9.112944733867397e-05
17.29444444444406 -6.492040339787207e-05 9.950098131251507e-05
17.29722222222184 -5.486428943283485e-05 0.0001069504297839839
17.29999999999961 -4.397215820675058e-05 0.0001133756701181165
17.30277777777739 -3.234942664936816e-05 0.0001186843681217029
17.30555555555517 -2.011158881425988e-05 0.0001227951785904073
17.30833333333294 -7.383053918356982e-06 0.0001256388349366963
17.31111111111072 5.704132530880104e-06 0.0001271591140966756
17.3138888888885 1.901167093084759e-05 0.0001273136642600199
17.31666666666627 3.239647819547734e-05 0.000126074684469294
17.31944444444405 4.571223072627489e-05 0.000123429446775327
17.32222222222182 5.8810962720879e-05 0.0001193806533941547
17.3249999999996 7.154470202323488e-05 0.0001139466231697929
17.32777777777738 8.376712515400782e-05 0.0001071613035811239
17.33055555555515 9.533521280260565e-05 9.907410652118833e-05
17.33333333333293 0.0001061108869249909 8.974956809630452e-05
17.33611111111071 0.0001159626106707278 7.926683472016226e-05
17.33888888888848 0.0001247669326629048 6.771897978774347e-05
17.34166666666626 0.0001324099576689019 5.521215718422333e-05
17.34444444444404 0.0001387887264260852 4.186459978912323e-05
17.34722222222181 0.0001438124883134999 2.780547295746049e-05
17.34999999999959 0.0001474038516810296 1.317359466978611e-05
17.35277777777737 0.000149499797945743 -1.883964370298128e-06
17.35555555555514 0.0001500525470288302 -1.721338597686853e-05
17.35833333333292 0.0001490302633173384 -3.265569906968136e-05
17.3611111111107 0.0001464175930753221 -4.804844652430274e-05
17.36388888888847 0.0001422160260782593 -6.322740629340798e-05
17.36666666666625 0.0001364440761826813 -7.8028348105843e-05
17.36944444444402 0.0001291372775457678 -9.228880655805283e-05
17.3722222222218 0.0001203479952563623 -0.0001058498511360296
17.37499999999958 0.0001101450512046258 -0.000118557833648912
17.37777777777735 9.861316807803655e-05 -0.0001302660937199593
17.38055555555513 8.585223640672696e-05 -0.0001408366033608833
17.38333333333291 7.19764115619288e-05 -0.0001501415322533218
17.38611111111068 5.711304952179166e-05 -0.000158064716163193
17.38888888888846 4.140149203216539e-05 -0.0001645030119160312
17.39166666666624 2.499171348835782e-05 -0.0001693675235492195
17.39444444444401 8.042843426303608e-06 -0.000172584685618898
17.39722222222179 -9.278420075549652e-06 -0.0001740971911581025
17.39999999999957 -2.679948954176923e-05 -0.0001738647534428448
17.40277777777734 -4.434364218883759e-05 -0.0001718646925041264
17.40555555555512 -6.173183048677516e-05 -0.0001680923392068276
17.40833333333289 -7.878453005851344e-05 -0.0001625612516801828
17.41111111111067 -9.532360532837593e-05 -0.0001553032409060871
17.41388888888845 -0.000111174173092301 -0.0001463682043290814
17.41666666666622 -0.0001261664441597231 -0.0001358237684226444
17.419444444444 -0.0001401375234137581 -0.0001237547432057312
17.42222222222178 -0.0001529331490443609 -0.000110262393731485
17.42499999999955 -0.0001644093523289031 -9.546353554174496e-05
17.42777777777733 -0.0001744340201554919 -7.948946297511049e-05
17.43055555555511 -0.0001828883434971586 -6.248472101495206e-05
17.43333333333288 -0.0001896681362393343 -4.460573304373795e-05
17.43611111111066 -0.0001946850101247169 -2.601929841423276e-05
17.43888888888844 -0.0001978673930916545 -6.900975143582799e-06
17.44166666666621 -0.0001991613799305477 1.256663573739644e-05
17.44444444444399 -0.0001985314059463352 3.219568659822179e-05
17.44722222222176 -0.0001959607361761949 5.179494194645215e-05
17.44999999999954 -0.0001914517646479242 7.117168038924622e-05
17.45277777777732 -0.0001850261201570586 9.013362026224932e-05
17.45555555555509 -0.0001767245770649961 0.0001084908491241268
17.45833333333287 -0.0001666067716572214 0.0001260577372777505
17.46111111111065 -0.0001547507266266134 0.00014265481565245
17.46388888888842 -0.0001412521882384041 0.0001581105987650098
17.4666666666662 -0.0001262237826762324 0.0001722633340561996
17.46944444444398 -0.0001097939999300001 0.0001849626596824548
17.47222222222175 -9.210601536307256e-05 0.000196071153801196
17.47499999999953 -7.331636075237758e-05 0.000205465759529918
17.47777777777731 -5.359345813017284e-05 0.0002130390710556652
17.48055555555508 -3.31160311402272e-05 0.0002187004678194961
17.48333333333286 -1.207140985104426e-05 0.0002223770852757596
17.48611111111063 9.346253971380967e-06 0.0002240146124159697
17.48888888888841 3.093784325315778e-05 0.000223577908031434
17.49166666666619 5.250118509384817e-05 0.0002210514295484025
17.49444444444396 7.3832994275583e-05 0.0002164394701844147
17.49722222222174 9.473083143914205e-05 0.0002097662021240958
17.49999999999952 0.0001149950564658132 0.000201075525378226
17.50277777777729 0.0001344307577127624 0.0001904307239460556
17.50555555555507 0.0001528496380435565 0.0001779139328346456
17.50833333333285 0.0001700718390924372 0.0001636254213730992
17.51111111111062 0.0001859276858785407 0.0001476827000794253
17.5138888888884 0.0002002593347423416 0.0001302194600753092
17.51666666666618 0.0002129223086029577 0.0001113843556764601
17.51944444444395 0.0002237869047123772 9.133964230767444e-05
17.52222222222173 0.0002327394614072506 7.025968327564011e-05
17.5249999999995 0.000239683471807913 4.832934017509944e-05
17.52777777777728 0.0002445405339764469 2.574226278791714e-05
17.53055555555506 0.000247251128701321 2.699095260197387e-06
17.53333333333283 0.0002477752178120313 -2.059438392481667e-05
17.53611111111061 0.0002460926577175618 -4.392917007750477e-05
17.53888888888839 0.0002422034246974347 -6.709497006955018e-05
17.54166666666616 0.000236127650326939 -8.988215106783916e-05
17.54444444444394 0.000227905467276262 -0.0001120836815554616
17.54722222222172 0.000217596667562614 -0.0001334970461395206
17.54999999999949 0.000205280177140397 -0.0001539261160003753
17.55277777777727 0.0001910533524696583 -0.0001731829573674725
17.55555555555505 0.0001750311063832349 -0.0001910895611142406
17.55833333333282 0.0001573448721763711 -0.0002074794774183245
17.5611111111106 0.0001381414163377685 -0.0002221993404498667
17.56388888888837 0.0001175815117248801 -0.0002351102691983129
17.56666666666615 9.583848424382265e-05 -0.0002460891318222838
17.56944444444393 7.309664721483524e-05 -0.0002550296622925151
17.5722222222217 4.95496385696358e-05 -0.0002618434195825139
17.57499999999948 2.539867685434799e-05 -0.0002664605812202799
17.57777777777726 8.507526540786021e-07 -0.0002688305646467189
17.58055555555503 -2.388322745057193e-05 -0.0002689224714979552
17.58333333333281 -4.859032696086454e-05 -0.0002667253516362084
17.58611111111059 -7.305747799884798e-05 -0.0002622482854736946
17.58888888888836 -9.707337474684774e-05 -0.0002555202848499417
17.59166666666614 -0.000120430344417211 -0.0002465900144202972
17.59444444444392 -0.000142926178734456 -0.0002355253371736359
17.59722222222169 -0.0001643659094185091 -0.0002224126893072084
17.59999999999947 -0.000184563511821479 -0.0002073562912276448
17.60277777777724 -0.0002033435216712139 -0.0001904772029092762
17.60555555555502 -0.0002205425508082323 -0.0001719122332135099
17.6083333333328 -0.00023601068887153 -0.0001518127140257631
17.61111111111057 -0.0002496127790457747 -0.0001303431512244
17.61388888888835 -0.0002612295572578757 -0.000107679765511159
17.61666666666613 -0.0002707586455628196 -8.400893701721199e-05
17.6194444444439 -0.0002781153918771847 -5.952556835412157e-05
17.62222222222168 -0.0002832335497024256 -3.443138137261117e-05
17.62499999999946 -0.0002860657929975549 -8.933163348661194e-06
17.62777777777723 -0.0002865840629080994 1.675902138418722e-05
17.63055555555501 -0.0002847797446160803 4.243363818311641e-05
17.63333333333279 -0.0002806636741305813 6.787949106287247e-05
17.63611111111056 -0.0002742659763743851 9.288751785911451e-05
17.63888888888834 -0.0002656357374264315 0.0001172525558700138
17.64166666666612 -0.000254840515238702 0.0001407750626885834
17.64444444444389 -0.0002419656945464267 0.000163262777510136
17.64722222222167 -0.0002271136930152328 0.0001845323089016126
17.64999999999944 -0.0002104030269262785 0.0002044106358177814
17.65277777777722 -0.0001919672458378098 0.0002227365095995869
17.655555555555 -0.0001719537467347886 0.0002393617456831031
17.65833333333277 -0.0001505224791057001 0.0002541523948803867
17.66111111111055 -0.0001278445532151626 0.00026698978527056
17.66388888888833 -0.0001041007645555015 0.0002777714269840531
17.6666666666661 -7.948004802679064e-05 0.0002864117734730624
17.66944444444388 -5.417787584209813e-05 0.0002928428341972348
17.67222222222166 -2.839461348305404e-05 0.0002970146350145641
17.67499999999943 -2.333848197142079e-06 0.0002988955239511464
17.67777777777721 2.379929539876131e-05 0.0002984723213966839
17.68055555555499 4.979983815672256e-05 0.0002957503151405354
17.68333333333276 7.546461338476749e-05 0.0002907531020012451
17.68611111111054 0.000100593904064949 0.0002835222791076935
17.68888888888831 0.0001249930367992344 0.0002741169891458478
17.69166666666609 0.0001484739195486691 0.0002626133250857674
17.69444444444387 0.0001708565109036311 0.0002491036010283174
17.69722222222164 0.0001919702093575967 0.0002336954968775454
17.69999999999942 0.0002116551519406439 0.0002165110854952787
17.7027777777772 0.0002297634124576122 0.0001976857518941236
17.70555555555497 0.0002461600905972054 0.0001773670147935765
17.70833333333275 0.0002607242842340513 0.0001557132615328465
17.71111111111053 0.0002733499383277667 0.0001328924079316254
17.7138888888883 0.0002839465649935604 0.0001090804951172349
17.71666666666608 0.0002924398304648668 8.446023571548091e-05
17.71944444444386 0.0002987720058698646 5.921952201331048e-05
17.72222222222163 0.0003029022799230974 3.354990885045744e-05
17.72499999999941 0.0003048069328295422 7.645083985942906e-06
17.72777777777718 0.0003044793718625442 -1.83006614058739e-05
17.73055555555496 0.0003019300302239682 -4.409394963410848e-05
17.73333333333274 0.0002971861319085075 -6.954380866065714e-05
17.73611111111051 0.0002902913263595229 -9.446312777239894e-05
17.73888888888829 0.0002813051977199547 -0.0001186700655170859
17.74166666666607 0.0002703026544344601 -0.0001419893992345574
17.74444444444384 0.0002573732058581129 -0.0001642538061565339
17.74722222222162 0.0002426201333267699 -0.0001853050668206956
17.7499999999994 0.0002261595639004345 -0.0002049951822957268
17.75277777777717 0.0002081194556342406 -0.0002231873975958465
17.75555555555495 0.0001886385037921659 -0.000239757124559807
17.75833333333273 0.0001678649779324224 -0.0002545927583734946
17.7611111111105 0.0001459555001212997 -0.0002675963829394683
17.76388888888828 0.0001230737748856174 -0.0002786843612253871
17.76666666666605 9.938928167222117e-05 -0.0002877878077620244
17.76944444444383 7.507594070674633e-05 -0.0002948529414471536
17.77222222222161 5.031076315275908e-05 -0.0002998413178127526
17.77499999999938 2.527249640045474e-05 -0.0003027299408948826
17.77777777777716 1.402751491859128e-07 -0.0003035112558088379
17.78055555555494 -2.490771130131163e-05 -0.0003021930240646401
17.78333333333271 -4.96955254624939e-05 -0.0002987980845529563
17.78611111111049 -7.405075207498701e-05 -0.0002933640039864835
17.78888888888827 -9.780572333363954e-05 -0.00028594262138336
17.79166666666604 -0.0001207986902219823 -0.0002765994919333993
17.79444444444382 -0.0001428749318941281 -0.0002654132362704698
17.7972222222216 -0.0001638877956510795 -0.000252474801810446
17.79999999999937 -0.0001836996607860273 -0.0002378866433619418
17.80277777777715 -0.0002021828202792742 -0.0002217618307158694
17.80555555555492 -0.0002192202751071743 -0.000204223091325754
17.8083333333327 -0.0002347064367081957 -0.0001854017965357108
17.81111111111048 -0.0002485477339516578 -0.0001654369000869455
17.81388888888825 -0.0002606631217911872 -0.0001444738378020634
17.81666666666603 -0.0002709844895784525 -0.0001226633974945924
17.81944444444381 -0.0002794569678639736 -0.0001001605681436137
17.82222222222158 -0.0002860391332805852 -7.712337740890136e-05
17.82499999999936 -0.0002907031119410892 -5.371172637384586e-05
17.82777777777714 -0.0002934345825116542 -3.008623032298814e-05
17.83055555555491 -0.0002942326808965494 -6.40707404311974e-06
17.83333333333269 -0.000293109809159576 1.716711009396515e-05
17.83611111111047 -0.000290091351990909 4.048033341414954e-05
17.83888888888824 -0.0002852153046530236 6.338030410423728e-05
17.84166666666602 -0.0002785318169246213 8.571943525806577e-05
17.84444444444379 -0.0002701026580982615 0.0001073558012776252
17.84722222222157 -0.0002600006085629561 0.000128154036671924
17.84999999999935 -0.0002483087839400309 0.0001479861718273413
17.85277777777712 -0.0002351198981003293 0.0001667324009575742
17.8555555555549 -0.0002205354717115092 0.0001842817780345869
17.85833333333268 -0.0002046649932159808 0.0002005328371483174
17.86111111111045 -0.0001876250393212546 0.0002153941344011147
17.86388888888823 -0.0001695383622476509 0.000228784709062914
17.86666666666601 -0.000150532951017697 0.0002406344624082113
17.86944444444378 -0.0001307410741197307 0.0002508844532699118
17.87222222222156 -0.0001102983108276137 0.0002594871100002836
17.87499999999934 -8.934257836103692e-05 0.0002664063591533
17.87777777777711 -6.801316194143063e-05 0.0002716176717999756
17.88055555555489 -4.644975458623014e-05 0.0002751080289794521
17.88333333333266 -2.479151326826796e-05 0.0002768758083353734
17.88611111111044 -3.176137756081132e-06 0.0002769305945208979
17.88888888888822 1.826102185223144e-05 0.0002752929164400751
17.89166666666599 3.938782325473775e-05 0.0002719939148513561
17.89444444444377 6.007615047264012e-05 0.0002670749442760093
17.89722222222155 8.020268795428326e-05 0.0002605871135270123
17.89999999999932 9.964964585215109e-05 0.0002525907695097554
17.9027777777771 0.0001183054325559068 0.0002431549292325342
17.90555555555488 0.0001360652710291901 0.0002323566652125608
17.90833333333265 0.0001528317560066077 0.0002202804496560972
17.91111111111043 0.0001685153495845302 0.0002070174629567912
17.91388888888821 0.000183034813272011 0.0001926648721500996
17.91666666666598 0.0001963175750469669 0.0001773250850398419
17.91944444444376 0.0002083000304781893 0.0001611049857248264
17.92222222222154 0.000218927777458601 0.0001441151572376626
17.92499999999931 0.0002281557845831377 0.0001264690969380466
17.92777777777709 0.0002359484936646178 0.000108282430209242
17.93055555555486 0.0002422798573364552 8.967212786083422e-05
17.93333333333264 0.0002471333131180066 7.075573247024414e-05
17.93611111111042 0.0002505016957266415 5.165059868614771e-05
17.93888888888819 0.0002523870898013232 3.247315228490258e-05
17.94166666666597 0.00025280062555982 1.333817249617411e-05
17.94444444444375 0.0002517622202342434 -5.641898156931423e-06
17.94722222222152 0.0002493002684295928 -2.435761258584728e-05
17.9499999999993 0.000245451284811483 -4.270314283650522e-05
17.95277777777708 0.000240259502762699 -6.057686550443449e-05
17.95555555555485 0.0002337764328471963 -7.788190597424828e-05
17.95833333333263 0.0002260603850858138 -9.452663895316106e-05
17.96111111111041 0.0002171759591794907 -0.0001104251431446013
17.96388888888818 0.0002071935069154591 -0.0001254976082808956
17.96666666666596 0.0001961885710593217 -0.000139670693110819
17.96944444444373 0.0001842413050651555 -0.0001528778333200621
17.97222222222151 0.0001714358779431654 -0.000165059498723283
17.97499999999929 0.000157859868590625 -0.0001761633994382485
17.97777777777706 0.0001436036538431689 -0.0001861446410963005
17.98055555555484 0.0001287597944046989 -0.0001949658294992794
17.98333333333262 0.0001134224227182658 -0.0002025971254456804
17.98611111111039 9.768663669168443e-05 -0.0002090162507732274
17.98888888888817 8.164790303886386e-05 -0.0002142084469538556
17.99166666666595 6.540147382132741e-05 -0.0002181663878531423
17.99444444444372 4.904181956718459e-05 -0.000220890048526177
17.9972222222215 3.266208213793699e-05 -0.0002223865321519744
17.99999999999928 1.63535502841758e-05 -0.0002226698574226408
18.00277777777705 2.051605801918864e-07 -0.0002217607088940943
18.00555555555483 -1.569697381290588e-05 -0.000219686152968635
18.0083333333326 -3.127000437230498e-05 -0.0002164793223238914
18.01111111111038 -4.643475651338309e-05 -0.000212179071719713
18.01388888888816 -6.111610531289292e-05 -0.0002068296082093907
18.01666666666593 -7.524331628242489e-05 -0.0002004800988523005
18.01944444444371 -8.875035009031656e-05 -0.000193184259071988
18.02222222222149 -0.0001015761303997491 -0.0001849999248281381
18.02499999999926 -0.0001136647742559298 -0.0001759886117743152
18.02777777777704 -0.0001249657847198548 -0.0001662150645527395
18.03055555555482 -0.0001354342056973351 -0.0001557467993390929
18.03333333333259 -0.0001450307391588879 -0.0001446536426907326
18.03611111111037 -0.0001537218251802941 -0.0001330072696758111
18.03888888888815 -0.0001614796854601632 -0.0001208807441645836
18.04166666666592 -0.0001682823311806198 -0.0001083480640563954
18.0444444444437 -0.0001741135362773793 -9.54837140903199e-05
18.04722222222147 -0.0001789627773701631 -8.236222874969128e-05
18.04999999999925 -0.0001828251417737613 -6.905776762180787e-05
18.05277777777703 -0.0001857012051637892 -5.564370541687613e-05
18.0555555555548 -0.0001875968806110768 -4.219223867920013e-05
18.05833333333258 -0.0001885232408197633 -2.877401104995583e-05
18.06111111111036 -0.0001884963155097069 -1.545775876169201e-05
18.06388888888813 -0.0001875368659738922 -2.309977857199037e-06
18.06666666666591 -0.0001856701389135841 1.060538556382856e-05
18.06944444444369 -0.0001829256017103362 2.32272209505447e-05
18.07222222222146 -0.0001793366613348954 3.549751383556501e-05
18.07499999999924 -0.0001749403691166066 4.736158056263908e-05
18.07777777777702 -0.0001697771136077885 5.876827665150186e-05
18.08055555555479 -0.0001638903037703493 6.967017843727293e-05
18.08333333333257 -0.000157326044694145 8.002373779096225e-05
18.08611111111034 -0.0001501328080228063 8.978940990576483e-05
18.08888888888812 -0.0001423610992171998 9.893175429887499e-05
18.0916666666659 -0.0001340631237298697 0.0001074195093369768
18.09444444444367 -0.0001252924540955928 0.0001152256407448112
18.09722222222145 -0.0001161036998636399 0.0001223273646999952
18.09999999999923 -0.0001065521822099737 0.0001287061462491087
18.102777777777 -9.669361497512467e-05 0.0001343476739010781
18.10555555555478 -8.658379376319057e-05 0.0001392418113730498
18.10833333333256 -7.627829463661151e-05 0.0001433825275591059
18.11111111111033 -6.583218381907543e-05 0.0001467678058899555
18.11388888888811 -5.529973970584331e-05 0.0001493995343284548
18.11666666666589 -4.473418835375249e-05 0.0001512833773184016
18.11944444444366 -3.418745350220903e-05 0.0001524286310611527
18.12222222222144 -2.370992204452604e-05 0.0001528480635442758
18.12499999999921 -1.335022575044117e-05 0.000152557740781575
18.12777777777699 -3.155039902667626e-06 0.0001515768407530158
18.13055555555477 6.831100605506489e-06 0.0001499274565474195
18.13333333333254 1.656596729583801e-05 0.0001476343902186395
18.13611111111032 2.600978595598714e-05 0.0001447249388624011
18.1388888888881 3.512536613981045e-05 0.0001412286744087335
18.14166666666587 4.387821225240513e-05 0.0001371772186044172
18.14444444444365 5.223661626880491e-05 0.0001326040146307435
18.14722222222143 6.017173224041677e-05 0.0001275440967649974
18.1499999999992 6.765763284228279e-05 0.0001220338594511744
18.15277777777698 7.467134831197693e-05 0.0001161108270939359
18.15555555555476 8.11928882159268e-05 0.0001098134258357105
18.15833333333253 8.720524656526253e-05 0.0001031807585134267
18.16111111111031 9.269439087633833e-05 9.62523839269348e-05
18.16388888888808 9.764923584146945e-05 8.906810148034534e-05
18.16666666666586 0.0001020616023370386 8.166774218461267e-05
18.16944444444364 0.0001059261625518333 7.40909669328065e-05
18.17222222222141 0.0001092403720663003 6.63770728814009e-05
18.17499999999919 0.000112004389754671 5.85648086905515e-05
18.17777777777697 0.0001142209864157424 5.069219929616378e-05
18.18055555555474 0.0001158954430667953 4.279638080195773e-05
18.18333333333252 0.0001170354398536296 3.491344600274242e-05
18.1861111111103 0.0001176509365462189 2.707830096333499e-05
18.18888888888807 0.00011775404559526 1.932453300287077e-05
18.19166666666585 0.000117358898728156 1.168429035027065e-05
18.19444444444363 0.0001164815080577568 4.18817366459646e-06
18.1972222222214 0.0001151396226682819 -3.134860465354171e-06
18.19999999999918 0.0001133525816275867 -1.025758399548579e-05
18.20277777777696 0.0001111411643553869 -1.71545699011471e-05
18.20555555555473 0.000108527439252728 -2.380225274197347e-05
18.20833333333251 0.0001055346114694027 -3.017897747052356e-05
18.21111111111028 0.000102186870653943 -3.62650366963826e-05
18.21388888888806 9.850923949485681e-05 -4.204269667320565e-05
18.21666666666584 9.452742382305511e-05 -4.749621232688142e-05
18.21944444444361 9.026766500362989e-05 -5.261183169025533e-05
18.22222222222139 8.57565953022495e-05 -5.737779015116547e-05
18.22499999999917 8.102109686375653e-05 -6.178429496200929e-05
18.22777777777694 7.608816489554409e-05 -6.582350048943616e-05
18.23055555555472 7.098477559747261e-05 -6.948947471594616e-05
18.2333333333325 6.573775933214786e-05 -7.277815752858523e-05
18.23611111111027 6.037367947855336e-05 -7.568731135236446e-05
18.23888888888805 5.491871736182792e-05 -7.821646470310283e-05
18.24166666666583 4.939856360210583e-05 -8.036684924729117e-05
18.2444444444436 4.383831617517417e-05 -8.214133096620602e-05
18.24722222222138 3.826238542849914e-05 -8.354433602681122e-05
18.24999999999915 3.269440624866392e-05 -8.458177196359355e-05
18.25277777777693 2.715715752771687e-05 -8.526094477439823e-05
18.25555555555471 2.167248903162335e-05 -8.559047252773349e-05
18.25833333333248 1.626125572904979e-05 -8.558019607136153e-05
18.26111111111026 1.094325959607594e-05 -8.524108742090951e-05
18.26388888888804 5.737198872764856e-06 -8.458515639345606e-05
18.26666666666581 6.606247080522165e-07 -8.362535603500148e-05
18.26944444444359 -4.270094906383336e-06 -8.237548737219498e-05
18.27222222222137 -9.039804046306378e-06 -8.085010399822935e-05
18.27499999999914 -1.363458077540704e-05 -7.906441698033236e-05
18.27777777777692 -1.804175226899903e-05 -7.703420055258055e-05
18.2805555555547 -2.2249903363667e-05 -7.477569903199933e-05
18.28333333333247 -2.624887877748123e-05 -7.230553536967248e-05
18.28611111111025 -3.002977926813957e-05 -6.96406217210526e-05
18.28888888888802 -3.358495201637915e-05 -6.6798072390881e-05
18.2916666666658 -3.690797553708091e-05 -6.379511948003792e-05
18.29444444444358 -3.999363943640358e-05 -6.064903153168442e-05
18.29722222222135 -4.283791934436156e-05 -5.737703544497452e-05
18.29999999999913 -4.543794736209703e-05 -5.399624189493373e-05
18.30277777777691 -4.779197836971993e-05 -5.052357446838833e-05
18.30555555555468 -4.989935254687526e-05 -4.697570269565093e-05
18.30833333333246 -5.176045445951498e-05 -4.336897913056909e-05
18.31111111111024 -5.337666906849934e-05 -3.971938060223953e-05
18.31388888888801 -5.475033501349763e-05 -3.604245373571371e-05
18.31666666666579 -5.588469552362326e-05 -3.235326481133655e-05
18.31944444444357 -5.678384730069411e-05 -2.866635400823119e-05
18.32222222222134 -5.745268771548078e-05 -2.499569405171151e-05
18.32499999999912 -5.789686064887047e-05 -2.13546532623615e-05
18.32777777777689 -5.812270130129083e-05 -1.775596298103247e-05
18.33055555555467 -5.813718028278171e-05 -1.42116893247693e-05
18.33333333333245 -5.794784728512178e-05 -1.073320920710043e-05
18.33611111111022 -5.756277462438215e-05 -7.331190540000561e-06
18.338888888888 -5.699050092923964e-05 -4.015576516058179e-06
18.34166666666578 -5.623997523597524e-05 -7.955738551739637e-07
18.34444444444355 -5.532050173636749e-05 2.32035511442228e-06
18.34722222222133 -5.42416854093003e-05 5.324496684139803e-06
18.34999999999911 -5.301337875114089e-05 8.209886455807793e-06
18.35277777777688 -5.164562980389883e-05 1.097030665956017e-05
18.35555555555466 -5.014863166379594e-05 1.360028027171182e-05
18.35833333333244 -4.853267363667207e-05 1.609506211218996e-05
18.36111111111021 -4.68080941899943e-05 1.845062710776703e-05
18.36388888888799 -4.498523583517303e-05 2.066365591128858e-05
18.36666666666576 -4.307440205758831e-05 2.273151807089287e-05
18.36944444444354 -4.108581639572173e-05 2.465225294557782e-05
18.37222222222132 -3.902958375553741e-05 2.642454856400973e-05
18.37499999999909 -3.691565403046186e-05 2.804771862441224e-05
18.37777777777687 -3.475378808314006e-05 2.95216778315232e-05
18.38055555555465 -3.255352613032178e-05 3.084691576540034e-05
18.38333333333242 -3.032415855883442e-05 3.202446947363511e-05
18.3861111111102 -2.807469918731669e-05 3.305589497506743e-05
18.38888888888798 -2.581386097574567e-05 3.394323785880339e-05
18.39166666666575 -2.355003417311275e-05 3.468900315707092e-05
18.39444444444353 -2.129126688217815e-05 3.529612466493516e-05
18.39722222222131 -1.904524801002185e-05 3.576793387343113e-05
18.39999999999908 -1.681929256302125e-05 3.61081286761191e-05
18.40277777777686 -1.462032923596639e-05 3.632074200170518e-05
18.40555555555463 -1.245489023701061e-05 3.641011051777202e-05
18.40833333333241 -1.032910328200069e-05 3.638084354292829e-05
18.41111111111019 -8.248685685398612e-06 3.623779229636872e-05
18.41388888888796 -6.218940468789766e-06 3.598601960553755e-05
18.41666666666574 -4.244754402563595e-06 3.563077018412747e-05
18.41944444444352 -2.330597891463712e-06 3.5177441584016e-05
18.42222222222129 -4.805266115012678e-07 3.463155591611656e-05
18.42499999999907 1.30181519868272e-06 3.399873242650101e-05
18.42777777777685 3.013189890516528e-06 3.32846610055725e-05
18.43055555555462 4.650760103267422e-06 3.249507669958857e-05
18.4333333333324 6.21208110942128e-06 3.163573528544334e-05
18.43611111111018 7.695091910609811e-06 3.07123899614519e-05
18.43888888888795 9.098105187516415e-06 2.973076919891422e-05
18.44166666666573 1.04197962070907e-05 2.86965557913566e-05
18.4444444444435 1.165919078932727e-05 2.761536713096741e-05
18.44722222222128 1.281565243495727e-05 2.649273673438631e-05
18.44999999999906 1.388886871356822e-05 2.533409703318391e-05
18.45277777777683 1.487883700990624e-05 2.414476343757142e-05
18.45555555555461 1.578584972348859e-05 2.292991967577479e-05
18.45833333333239 1.661047901410659e-05 2.169460440543616e-05
18.46111111111016 1.735356118286829e-05 2.044369908779039e-05
18.46388888888794 1.801618077501049e-05 1.918191711023483e-05
18.46666666666572 1.859965448739055e-05 1.791379413795115e-05
18.46944444444349 1.910551495987663e-05 1.664367967069426e-05
18.47222222222127 1.953549452587347e-05 1.53757297769574e-05
18.47499999999905 1.989150899352306e-05 1.411390097356001e-05
18.47777777777682 2.017564152471359e-05 1.286194521575123e-05
18.4805555555546 2.039012667508485e-05 1.162340595956611e-05
18.48333333333238 2.053733465389792e-05 1.040161525562424e-05
18.48611111111015 2.061975585837798e-05 9.199691831198479e-06
18.48888888888793 2.063998573287688e-05 8.020540115391634e-06
18.4916666666657 2.060070999892655e-05 6.866850160566483e-06
18.49444444444348 2.050469029802863e-05 5.74109841185905e-06
18.49722222222126 2.035475028483655e-05 4.645549275541849e-06
18.49999999999903 2.015376220427714e-05 3.582257436217578e-06
18.50277777777681 1.990463398212699e-05 2.553070872345859e-06
