16.5 -1.767070968941347e-07 1.252092282245143e-07
16.50277777777778 -2.175954494842299e-07 5.183844240889362e-08
16.50555555555555 -2.284636939338292e-07 -3.425085168279328e-08
16.50833333333333 -2.0564866563228e-07 -1.209344586786246e-07
16.51111111111111 -1.503261180902888e-07 -1.951754160543079e-07
16.51388888888888 -6.866347780037862e-08 -2.449339810839725e-07
16.51666666666666 2.877332435967311e-08 -2.610578558587951e-07
16.51944444444444 1.283205383016628e-07 -2.388643695234099e-07
16.52222222222221 2.15076144767157e-07 -1.791530912308153e-07
16.52499999999999 2.750742846690732e-07 -8.845580472955489e-08
16.52777777777776 2.974657533048973e-07 2.156656556703476e-08
16.53055555555554 2.763734606677044e-07 1.355468863639834e-07
16.53333333333332 2.121184078371849e-07 2.364942711733483e-07
16.53611111111109 1.1158666839509e-07 3.082642102525662e-07
16.53888888888887 -1.237698261496915e-08 3.380667670942731e-07
16.54166666666665 -1.425225791979905e-07 3.186334718277592e-07
16.54444444444442 -2.595231408990095e-07 2.496896648025028e-07
16.5472222222222 -3.447750699249845e-07 1.384609328479239e-07
16.54999999999998 -3.832756574618942e-07 -9.287352304788873e-10
16.55277777777775 -3.661439899473036e-07 -1.491498625028783e-07
16.55555555555553 -2.923766528092073e-07 -2.842664025087311e-07
16.55833333333331 -1.695189722218412e-07 -3.849046251417787e-07
16.56111111111108 -1.307682554322613e-08 -4.33546137173265e-07
16.56388888888886 1.553250772942308e-07 -4.194502388768916e-07
16.56666666666663 3.108403338176193e-07 -3.407343436956294e-07
16.56944444444441 4.289804861567097e-07 -2.052385297186861e-07
16.57222222222219 4.893748200648771e-07 -2.996152023433935e-08
16.57499999999996 4.791469352861619e-07 1.609399255511294e-07
16.57777777777774 3.953659970114664e-07 3.393765995963383e-07
16.58055555555552 2.461365132937083e-07 4.773639665287598e-07
16.58333333333329 5.007045892831227e-08 5.513055726294125e-07
16.58611111111107 -1.658831306754053e-07 5.45882424621474e-07
16.58888888888885 -3.700254952119405e-07 4.569263696746603e-07
16.59166666666662 -5.304544373212804e-07 2.927706906456641e-07
16.5944444444444 -6.199342952317982e-07 7.377186100076788e-08
16.59722222222218 -6.203631002344744e-07 -1.700425537120369e-07
16.59999999999995 -5.261250067203561e-07 -4.029597346825062e-07
16.60277777777773 -3.457412389189748e-07 -5.886942268598366e-07
16.6055555555555 -1.01456515980317e-07 -6.959141577336351e-07
16.60833333333328 1.733078323511e-07 -7.033581041017694e-07
16.61111111111106 4.383788453760543e-07 -6.037295842014893e-07
16.61388888888883 6.525741125681012e-07 -4.056920964655652e-07
16.61666666666661 7.79961311579834e-07 -1.335368170794954e-07
16.61944444444439 7.957043017491623e-07 1.755736159743245e-07
16.62222222222216 6.905692672648891e-07 4.76514235039053e-07
16.62499999999994 4.733120550410889e-07 7.226394513154094e-07
16.62777777777772 1.704452905369169e-07 8.72861096606916e-07
16.63055555555549 -1.767434763160717e-07 8.983115169562296e-07
16.63333333333327 -5.17634999849227e-07 7.875380372056108e-07
16.63611111111105 -7.994969937220428e-07 5.493355208987185e-07
16.63888888888882 -9.754747557979703e-07 2.12632535032167e-07
16.6416666666666 -1.012168003411724e-06 -1.767345795634549e-07
16.64444444444437 -8.95597930819362e-07 -5.620545445822364e-07
16.64722222222215 -6.345428624149191e-07 -8.838224257734942e-07
16.64999999999993 -2.605644761267151e-07 -1.088746664760193e-06
16.6527777777777 1.75483211790715e-07 -1.138346120582342e-06
16.65555555555548 6.101380875665289e-07 -1.015782123565447e-06
16.65833333333326 9.763686776860593e-07 -7.297602501513049e-07
16.66111111111103 1.213712074645364e-06 -3.147188310831042e-07
16.66388888888881 1.278008169521999e-06 1.729512552903645e-07
16.66666666666659 1.149197774872179e-06 6.623111236567636e-07
16.66944444444436 8.358588826485354e-07 1.077975035037055e-06
16.67222222222214 3.755806696399704e-07 1.351505357383912e-06
16.67499999999992 -1.691337184545736e-07 1.432412331059792e-06
16.67777777777769 -7.190689177072515e-07 1.297028539352845e-06
16.68055555555547 -1.18957708043705e-06 9.537534778983796e-07
16.68333333333324 -1.503368730254642e-06 4.436369465867433e-07
16.68611111111102 -1.602918633658655e-06 -1.640674260872751e-07
16.6888888888888 -1.460536631737302e-06 -7.809870987293951e-07
16.69166666666657 -1.084399896428249e-06 -1.312217485249516e-06
16.69444444444435 -5.193698724617936e-07 -1.670661422787543e-06
16.69722222222213 1.578409801349837e-07 -1.790994861144429e-06
16.6999999999999 8.487334207554434e-07 -1.641064316010017e-06
16.70277777777768 1.447057659780483e-06 -1.228791747433032e-06
16.70555555555546 1.854869232592758e-06 -6.032489797216778e-07
16.70833333333323 1.99822229140881e-06 1.506061024386768e-07
16.71111111111101 1.840034670690847e-06 9.230807500034024e-07
16.71388888888879 1.387955814634424e-06 1.595390256674639e-06
16.71666666666656 6.95721733566837e-07 2.057614397771023e-06
16.71944444444434 -1.425904709213176e-07 2.226301136062002e-06
16.72222222222211 -1.0049213290334e-06 2.058951462465174e-06
16.72499999999989 -1.758652505688532e-06 1.562946123805763e-06
16.72777777777767 -2.280665691932081e-06 7.972025296651208e-07
16.73055555555544 -2.477055527873587e-06 -1.341121581332259e-07
16.73333333333322 -2.299397939745037e-06 -1.095282356629975e-06
16.736111111111 -1.754836459487866e-06 -1.938440338312806e-06
16.73888888888877 -9.080599156829014e-07 -2.525948623426924e-06
16.74166666666655 1.255957759663133e-07 -2.752437877762573e-06
16.74444444444433 1.195342906976316e-06 -2.563034336376977e-06
16.7472222222221 2.136523237597383e-06 -1.964711124769529e-06
16.74999999999988 2.795555593081741e-06 -1.028601870377282e-06
16.75277777777766 3.054532396217836e-06 1.175904219607423e-07
16.75555555555543 2.851593854034058e-06 1.30645219268311e-06
16.75833333333321 2.19365372555013e-06 2.354859721806139e-06
16.76111111111098 1.159058973388517e-06 3.091755834562955e-06
16.76388888888876 -1.107895106647464e-07 3.385557545557243e-06
16.76666666666654 -1.43014915318702e-06 3.16687687017168e-06
16.76944444444431 -2.595613339926312e-06 2.442733750056298e-06
16.77222222222209 -3.417004928426007e-06 1.299565301687323e-06
16.77499999999987 -3.747867159662158e-06 -1.060525571845985e-07
16.77777777777764 -3.510743097335813e-06 -1.568183322457854e-06
16.78055555555542 -2.71299070607079e-06 -2.861169022552081e-06
16.7833333333332 -1.4501368950917e-06 -3.773953645223818e-06
16.78611111111097 1.044289591178133e-07 -4.143949937148092e-06
16.78888888888875 1.722536897600514e-06 -3.885101399645143e-06
16.79166666666653 3.1541495930564e-06 -3.005415573165413e-06
16.7944444444443 4.165455834755153e-06 -1.610647644608907e-06
16.79722222222208 4.576426982847868e-06 1.071837966884672e-07
16.79999999999986 4.291896954193252e-06 1.895447892312382e-06
16.80277777777763 3.320929325870936e-06 3.477432201394539e-06
16.80555555555541 1.780802473650154e-06 4.594575038245144e-06
16.80833333333318 -1.158256387296659e-07 5.048047041606325e-06
16.81111111111096 -2.08943421638016e-06 4.733095429595938e-06
16.81388888888874 -3.834164396309926e-06 3.660358287147862e-06
16.81666666666651 -5.064589458109866e-06 1.960107704858739e-06
16.81944444444429 -5.561679038459531e-06 -1.321363036627684e-07
16.82222222222207 -5.21066384201015e-06 -2.307318473876239e-06
16.82499999999984 -4.024406080455527e-06 -4.227779501583195e-06
16.82777777777762 -2.147838534375466e-06 -5.57899487690784e-06
16.8305555555554 1.582024793084789e-07 -6.120301511164139e-06
16.83333333333317 2.552253218750758e-06 -5.726547741540338e-06
16.83611111111095 4.662010908407146e-06 -4.413621964333049e-06
16.83888888888873 6.141505073509584e-06 -2.343003572370236e-06
16.8416666666665 6.726988495769471e-06 1.964490529397059e-07
16.84444444444428 6.282644380182176e-06 2.827746347037035e-06
16.84722222222205 4.828365356494751e-06 5.140904839738009e-06
16.84999999999983 2.544306453504162e-06 6.75604924170042e-06
16.85277777777761 -2.496739430393025e-07 7.384891404623347e-06
16.85555555555538 -3.137686240137595e-06 6.880771517509528e-06
16.85833333333316 -5.668831084128144e-06 5.268766386147308e-06
16.86111111111094 -7.426765875172732e-06 2.750104574905996e-06
16.86388888888871 -8.097216420171747e-06 -3.210841569717983e-07
16.86666666666649 -7.522631533427871e-06 -3.486366204078455e-06
16.86944444444427 -5.73468235440559e-06 -6.250491137154518e-06
16.87222222222204 -2.958365082515321e-06 -8.157992544561194e-06
16.87499999999982 4.143327236170296e-07 -8.867196918534843e-06
16.8777777777776 3.878507675791359e-06 -8.209770539814252e-06
16.88055555555537 6.890923129007801e-06 -6.225650034492662e-06
16.88333333333315 8.954250958319769e-06 -3.166618299571327e-06
16.88611111111092 9.6980604356737e-06 5.335560680192397e-07
16.8888888888887 8.943532216016122e-06 4.319281590386675e-06
16.89166666666648 6.740833806432824e-06 7.595502858771343e-06
16.89444444444425 3.371908874193985e-06 9.820226671311863e-06
16.89722222222203 -6.834113058659241e-07 1.059298969759539e-05
16.89999999999981 -4.814327223860996e-06 9.725006138405188e-06
16.90277777777758 -8.369940200607443e-06 7.278969696305134e-06
16.90555555555536 -1.076074278494739e-05 3.570745016088569e-06
16.90833333333314 -1.155507725619122e-05 -8.691128404639589e-07
16.91111111111091 -1.05549704326385e-05 -5.369767745427791e-06
16.91388888888869 -7.838305477901043e-06 -9.220270096834538e-06
16.91666666666647 -3.759046295446646e-06 -1.178072697239038e-05
16.91944444444424 1.096467544657109e-06 -1.258727330568409e-05
16.92222222222202 5.992221634104831e-06 -1.143382865023772e-05
16.92499999999979 1.015283730883573e-05 -8.416537096163809e-06
16.92777777777757 1.28851711638234e-05 -3.932090589740489e-06
16.93055555555535 1.369232630301138e-05 1.371907705798038e-06
16.93333333333312 1.236154085959098e-05 6.688809037368252e-06
16.9361111111109 9.010741785767783e-06 1.11742740626127e-05
16.93888888888868 4.084460884781344e-06 1.4079083242447e-05
16.94166666666645 -1.702520805942557e-06 1.487271608046488e-05
16.94444444444423 -7.467152077920492e-06 1.333754904633772e-05
16.94722222222201 -1.229146970229786e-05 9.617308386244521e-06
16.94999999999978 -1.536743013351169e-05 4.20999276529227e-06
16.95277777777756 -1.613057922213393e-05 -2.096075102881911e-06
16.95555555555534 -1.436069703991817e-05 -8.335368050472761e-06
16.95833333333311 -1.023186549497957e-05 -1.351153145635671e-05
16.96111111111089 -4.30172356402985e-06 -1.675507171913465e-05
16.96388888888866 2.561039873973458e-06 -1.746762657853984e-05
16.96666666666644 9.302054396623709e-06 -1.542914532220865e-05
16.96944444444422 1.484173542917878e-05 -1.084920825141235e-05
16.97222222222199 1.824668508244477e-05 -4.351844276925229e-06
16.97499999999977 1.888505291752161e-05 3.106599085605353e-06
16.97777777777755 1.654028123054134e-05 1.037626430553045e-05
16.98055555555532 1.146322470812098e-05 1.628946695849711e-05
16.9833333333331 4.351655490470084e-06 1.984667867844539e-05
16.98611111111088 -3.742657161307687e-06 2.038343885469893e-05
16.98888888888865 -1.156747176530551e-05 1.769062524000144e-05
16.99166666666643 -1.786214952995194e-05 1.206682291461307e-05
16.99444444444421 -2.15590961471211e-05 4.291528705374605e-06
16.99722222222198 -2.196264537430521e-05 -4.47983544239836e-06
16.99999999999976 -1.887573419886144e-05 -1.288552488609645e-05
17.00277777777753 -1.265186001672078e-05 -1.956716151557187e-05
17.00555555555531 -4.160874572992551e-06 -2.338750962865818e-05
17.00833333333309 5.329457873118464e-06 -2.362170144061863e-05
17.01111111111086 1.434058633793913e-05 -2.009010259272241e-05
17.01388888888864 2.141174010758426e-05 -1.320907485308332e-05
17.01666666666642 2.533490261248878e-05 -3.948119683476048e-06
17.01944444444419 2.535868541128369e-05 6.303524398913847e-06
17.02222222222197 2.132706312742071e-05 1.594305979397363e-05
17.02499999999975 1.372802570931842e-05 2.340287195298912e-05
17.02777777777752 3.640693654889678e-06 2.740354255127909e-05
17.0305555555553 -7.414670548569175e-06 2.717060119503848e-05
17.03333333333308 -1.770350135016632e-05 2.257868814274335e-05
17.03611111111085 -2.554717016176587e-05 1.419703506333645e-05
17.03888888888863 -2.959484369869342e-05 3.225028363582946e-06
17.0416666666664 -2.905325034589752e-05 -8.676111681424293e-06
17.04444444444418 -2.383569359687041e-05 -1.963251500596751e-05
17.04722222222196 -1.460314331892491e-05 -2.785073756242864e-05
17.04999999999973 -2.68657122303357e-06 -3.190922088493196e-05
17.05277777777751 1.010157042433341e-05 -3.100110155101975e-05
17.05555555555529 2.174063144257151e-05 -2.508734758884489e-05
17.05833333333306 3.031901631452428e-05 -1.493207367301415e-05
17.06111111111084 3.434593522476929e-05 -2.00981445849337e-06
17.06388888888862 3.300715924644974e-05 1.170518590501686e-05
17.06666666666639 2.632138560945751e-05 2.403816952684071e-05
17.06944444444417 1.516821038818273e-05 3.295662425917107e-05
17.07222222222195 1.17834232755382e-06 3.690293305772429e-05
17.07499999999972 -1.350140351204052e-05 3.506283337931524e-05
17.0777777777775 -2.653508020223638e-05 2.752393492344279e-05
17.08055555555528 -3.576717869381909e-05 1.529459284185922e-05
17.08333333333305 -3.957667974474371e-05 1.748982019672768e-07
17.08611111111083 -3.715781262167121e-05 -1.55048440802603e-05
17.0888888888886 -2.867945068035071e-05 -2.924077270547613e-05
17.09166666666638 -1.529292778808986e-05 -3.875310859602483e-05
17.09444444444416 1.018526655894264e-06 -4.236199028678824e-05
17.09722222222193 1.773015161951686e-05 -3.92799436230465e-05
17.09999999999971 3.216392336763607e-05 -2.977066652195459e-05
17.10277777777749 4.191545668921107e-05 -1.514362229169042e-05
17.10555555555526 4.525185908208512e-05 2.420580920271814e-06
17.10833333333304 4.141511915947159e-05 2.019181897314776e-05
17.11111111111082 3.077856259208028e-05 3.531226762143158e-05
17.11388888888859 1.482583977059996e-05 4.525367313761537e-05
17.11666666666637 -4.050416118998468e-06 4.823729149418309e-05
17.11944444444415 -2.290399111601771e-05 4.354717828740893e-05
17.12222222222192 -3.869237624031831e-05 3.168235395221475e-05
17.1249999999997 -4.876540307268182e-05 1.431758150353974e-05
17.12777777777747 -5.130714025451162e-05 -5.927523372902385e-06
17.13055555555525 -4.565782183382921e-05 -2.588024617663756e-05
17.13333333333303 -3.24595024546286e-05 -4.230941727667873e-05
17.1361111111108 -1.359579582055692e-05 -5.244627058234681e-05
17.13888888888858 8.071542998095377e-06 -5.444795006235333e-05
17.14166666666636 2.913335469677063e-05 -4.772654673818582e-05
17.14444444444413 4.616690563887798e-05 -3.308575511808031e-05
17.14722222222191 5.6289662230093e-05 -1.263651698804563e-05
17.14999999999969 5.76438140620016e-05 1.050204638708908e-05
17.15277777777746 4.973060289943006e-05 3.267501811971488e-05
17.15555555555524 3.353521197535254e-05 5.026644274954198e-05
17.15833333333302 1.141503552267912e-05 6.028651360304928e-05
17.16111111111079 -1.323829001967989e-05 6.087624616116597e-05
17.16388888888857 -3.651558802300096e-05 5.164497626076667e-05
17.16666666666634 -5.460744924293357e-05 3.37804262196535e-05
17.16944444444412 -6.442510280736944e-05 9.906101316442599e-06
17.1722222222219 -6.412407339488651e-05 -1.629894195750623e-05
17.17499999999967 -5.344240187766746e-05 -4.066376817488243e-05
17.17777777777745 -3.379253924819868e-05 -5.918689418987308e-05
17.18055555555523 -8.084160526587048e-06 -6.869085522271594e-05
17.183333333333 1.970178173794805e-05 -6.736335272367123e-05
17.18611111111078 4.512630209249727e-05 -5.50934106491727e-05
17.18888888888856 6.39990248612953e-05 -3.354145289455575e-05
17.19166666666633 7.306616418400589e-05 -5.9236266761026e-06
17.19444444444411 7.05673167716407e-05 2.346337520012556e-05
17.19722222222189 5.656641324301566e-05 4.990764939806409e-05
17.19999999999966 3.299604073970139e-05 6.903510155391551e-05
17.20277777777744 3.399185828704115e-06 7.753023256300139e-05
17.20555555555521 -2.759872644299133e-05 7.370635304798576e-05
17.20833333333299 -5.500965490417472e-05 5.782782449872969e-05
17.21111111111077 -7.428314248218995e-05 3.212439990238008e-05
17.21388888888854 -8.20589404622094e-05 4.861350465135021e-07
17.21666666666632 -7.674802114175654e-05 -3.21209098223351e-05
17.2194444444441 -5.884223125005602e-05 -6.04312149867117e-05
17.22222222222187 -3.089414412495225e-05 -7.972768417974535e-05
17.22499999999965 2.839247385768047e-06 -8.662474439429099e-05
17.22777777777743 3.704068562798414e-05 -7.965711222569304e-05
17.2305555555552 6.616794642159784e-05 -5.957260605489069e-05
17.23333333333298 8.534956323152911e-05 -2.927273829848013e-05
17.23611111111076 9.119661338745198e-05 6.599302264739465e-06
17.23888888888853 8.239575494034322e-05 4.23661038315519e-05
17.24166666666631 5.998056876444407e-05 7.221186344029668e-05
17.24444444444408 2.722787380840954e-05 9.112572546202921e-05
17.24722222222186 -1.081456342583198e-05 9.574000741890802e-05
17.24999999999964 -4.81021010475343e-05 8.49235713453527e-05
17.25277777777741 -7.855106929290303e-05 6.002669719328988e-05
17.25555555555519 -9.702906891368064e-05 2.472788324770966e-05
17.25833333333297 -0.0001002169034212458 -1.550330934230788e-05
17.26111111111074 -8.719788612021415e-05 -5.425009657610049e-05
17.26388888888852 -5.967088738014804e-05 -8.51694690675537e-05
17.2666666666663 -2.174219212944421e-05 -0.0001030283270545903
17.26944444444407 2.068109723370411e-05 -0.0001045858738204143
17.27222222222185 6.080759409477667e-05 -8.917399156098709e-05
17.27499999999963 9.204651089033976e-05 -5.887276305321267e-05
17.2777777777774 0.0001090879986303796 -1.824180427389546e-05
17.28055555555518 0.0001088022221400603 2.636028543418499e-05
17.28333333333295 9.080547016208598e-05 6.776779619525484e-05
17.28611111111073 5.759213294602029e-05 9.915696289710273e-05
17.28888888888851 1.419981653641996e-05 0.0001151683304177994
17.29166666666628 -3.254955062850133e-05 0.0001128181796394452
17.29444444444406 -7.511923952248495e-05 9.204457568515077e-05
17.29722222222184 -0.0001064707335085662 5.57894935637223e-05
17.29999999999961 -0.0001212253588284492 9.591957516857275e-06
17.30277777777739 -0.0001165831662374229 -3.925340738137464e-05
17.30555555555517 -9.284267261951556e-05 -8.284545872013357e-05
17.30833333333294 -5.342657388610103e-05 -0.0001139527425391981
17.31111111111072 -4.397143870834872e-06 -0.0001272110158420267
17.3138888888885 4.647173813341217e-05 -0.0001200441181139479
17.31666666666627 9.092468771948707e-05 -9.31507328291937e-05
17.31944444444405 0.0001215628505097339 -5.0466917333869e-05
17.32222222222182 0.0001330733041158056 1.401953164061877e-06
17.3249999999996 0.0001231458833772094 5.41993424926816e-05
17.32777777777738 9.291988698067036e-05 9.932960709311423e-05
17.33055555555515 4.687649514526827e-05 0.0001292558531981648
17.33333333333293 -7.818339355775359e-06 0.0001387565453130026
17.33611111111071 -6.242551519152732e-05 0.0001258316860460699
17.33888888888848 -0.0001080271462085262 9.210202707673878e-05
17.34166666666626 -0.0001369815479497139 4.262434412534694e-05
17.34444444444404 -0.0001442017047230929 -1.486013638672659e-05
17.34722222222181 -0.0001280436573399147 -7.113366246951665e-05
17.34999999999959 -9.06504550888071e-05 -0.0001169783487621489
17.35277777777737 -3.768322058155037e-05 -0.000144684877558675
17.35555555555514 2.253003805292047e-05 -0.0001493467941134388
17.35833333333292 8.030096687947773e-05 -0.0001297234319018188
17.3611111111107 0.0001261383099050336 -8.852057133610873e-05
17.36388888888847 0.0001523061566384691 -3.20302611619378e-05
17.36666666666625 0.0001541273534672088 3.082479434912817e-05
17.36944444444402 0.0001308128051365615 8.989811054825547e-05
17.3722222222218 8.567059490576123e-05 0.0001354561926094115
17.37499999999958 2.564764031303696e-05 0.0001597813843060756
17.37777777777735 -3.973473451287621e-05 0.0001584770108395396
17.38055555555513 -9.988906675998875e-05 0.0001312544463402509
17.38333333333291 -0.0001448753301391343 8.206230709518385e-05
17.38611111111068 -0.0001670426457357217 1.852321319424856e-05
17.38888888888846 -0.0001623281180265757 -4.924334036075786e-05
17.39166666666624 -0.0001309926607644515 -0.0001102309693422359
17.39444444444401 -7.766180761860422e-05 -0.0001543334204829426
17.39722222222179 -1.065113215598667e-05 -0.0001740186036952227
17.39999999999957 5.932688132949426e-05 -0.0001656124581097592
17.40277777777734 0.0001208740686995758 -0.0001299741922387664
17.40555555555512 0.0001637628174022691 -7.244027216778125e-05
17.40833333333289 0.0001806350795820461 -2.032424354415264e-06
17.41111111111067 0.0001682620192466719 6.995412245012243e-05
17.41388888888845 0.0001281490564818684 0.000131761782486742
17.41666666666622 6.637469892941283e-05 0.0001730909213172847
17.419444444444 -7.32448225199601e-06 0.0001868157217532782
17.42222222222178 -8.108611606390537e-05 0.000170209827359329
17.42499999999955 -0.0001428308477857088 0.0001254713938400107
17.42777777777733 -0.0001822406716516755 5.944863083052615e-05
17.43055555555511 -0.0001924827571200304 -1.740329735775569e-05
17.43333333333288 -0.000171390828659241 -9.267608740322714e-05
17.43611111111066 -0.0001219003288983597 -0.0001540115803168766
17.43888888888844 -5.165283967085237e-05 -0.0001911311404788788
17.44166666666621 2.817948387762525e-05 -0.0001975578200881631
17.44444444444399 0.000104669423192629 -0.0001717428112937534
17.44722222222176 0.0001652282446289394 -0.0001174008232969086
17.44999999999954 0.0001996782253951289 -4.298595793146039e-05
17.45277777777732 0.0002019628510115122 3.96199628123922e-05
17.45555555555509 0.0001712073538272551 0.0001170037712124908
17.45833333333287 0.0001119445071552783 0.0001763995374353054
17.46111111111065 3.34550439516646e-05 0.0002077954375208741
17.46388888888842 -5.168291885542886e-05 0.0002056210544242749
17.4666666666662 -0.0001296092572649817 0.000169730786849276
17.46944444444398 -0.0001874391842997184 0.0001055104738236573
17.47222222222175 -0.0002153947784430157 2.307606635627038e-05
17.47499999999953 -0.0002084579054830494 -6.431771711432914e-05
17.47777777777731 -0.0001672651527548676 -0.0001424088242508243
17.48055555555508 -9.808602227250649e-05 -0.0001982566477516058
17.48333333333286 -1.18742941187852e-05 -0.0002223876977953478
17.48611111111063 7.746493998933523e-05 -0.0002104021913184922
17.48888888888841 0.0001553186961045628 -0.0001637691477209544
17.49166666666619 0.0002087579426949522 -8.966733130534177e-05
17.49444444444396 0.0002286861210819611 1.154205138250602e-07
17.49722222222174 0.0002113870724289813 9.105655159637195e-05
17.49999999999952 0.0001592090291544052 0.0001682489671689456
17.50277777777729 8.02600500058529e-05 0.0002188465526685405
17.50555555555507 -1.284847786240776e-05 0.0002342035353348797
17.50833333333285 -0.0001050161952317318 0.0002113511478815739
17.51111111111062 -0.0001811043152879137 0.0001535594714206673
17.5138888888884 -0.0002284244382082256 6.987978937437324e-05
17.51666666666618 -0.0002388561183065872 -2.627049557551094e-05
17.51944444444395 -0.0002102395069774661 -0.0001192596272152168
17.52222222222173 -0.0001468043525623034 -0.000193784834439884
17.5249999999995 -5.855250102422814e-05 -0.0002373931262767793
17.52777777777728 4.031741065705963e-05 -0.0002425638951881297
17.53055555555506 0.0001336952881173441 -0.0002080047492114571
17.53333333333283 0.0002061869802627907 -0.0001389374549254226
17.53611111111061 0.0002456548675376845 -4.631473006759356e-05
17.53888888888839 0.0002452519053646181 5.491572505962342e-05
17.54166666666616 0.0002046079538828273 0.0001482250098242057
17.54444444444394 0.0001299630632499787 0.0002182046192822679
17.54722222222172 3.321373092704118e-05 0.0002531138462041106
17.54999999999949 -6.998289878404222e-05 0.000246851360521947
17.55277777777727 -0.000162744854291751 0.0002000195805764927
17.55555555555505 -0.000229730170213314 0.0001198964447443467
17.55833333333282 -0.0002596774253483939 1.930743676433744e-05
17.5611111111106 -0.0002473007745408732 -8.542789190682793e-05
17.56388888888837 -0.0001942202820125921 -0.0001771460771142294
17.56666666666615 -0.0001087641970631552 -0.0002406558233253581
17.56944444444393 -4.664275436631467e-06 -0.0002652574089780257
17.5722222222217 0.0001011518542073954 -0.0002465470451079302
17.57499999999948 0.0001913162063421672 -0.0001872016114274721
17.57777777777726 0.0002508748216841199 -9.660445182968091e-05
17.58055555555503 0.0002697713009009693 1.063717256713262e-05
17.58333333333281 0.0002445464668497555 0.0001170489582650105
17.58611111111059 0.0001789666077205902 0.0002051402243501478
17.58888888888836 8.346692345714297e-05 0.0002602827861060673
17.59166666666614 -2.650867603836078e-05 0.0002731435394860067
17.59444444444392 -0.0001330073689734813 0.000241265656107828
17.59722222222169 -0.0002185018380131169 0.0001695302431093873
17.59999999999947 -0.0002687790639921159 6.941279541325991e-05
17.60277777777724 -0.000275306686894122 -4.285301372336477e-05
17.60555555555502 -0.0002366823681990051 -0.000148910339564345
17.6083333333328 -0.0001589197198860481 -0.0002312848201521715
17.61111111111057 -5.451443879576006e-05 -0.000276268080850548
17.61388888888835 5.95647896457199e-05 -0.0002762025512556774
17.61666666666613 0.0001646374214097672 -0.0002307861891823624
17.6194444444439 0.0002433744031109974 -0.0001471746051370513
17.62222222222168 0.0002826606723768988 -3.885496096642011e-05
17.62499999999946 0.0002757832206144086 7.653139589918806e-05
17.62777777777723 0.0002235790857537489 0.0001800657722172288
17.63055555555501 0.000134346794847625 0.0002546587035764255
17.63333333333279 2.252758512336295e-05 0.0002878753744104232
17.63611111111056 -9.363411268811831e-05 0.0002740119882627964
17.63888888888834 -0.000195071544790991 0.0002150757988919049
17.64166666666612 -0.0002650301563549221 0.0001205003016784076
17.64444444444389 -0.000291839648018831 5.634864852296325e-06
17.64722222222167 -0.0002708641503603701 -0.0001107493324274797
17.64999999999944 -0.0002053040692845904 -0.0002095313363446099
17.65277777777722 -0.0001057108637939526 -0.0002743869338344984
17.655555555555 1.171225904562792e-05 -0.0002944910173513659
17.65833333333277 0.000127749891943782 -0.0002663276584358334
17.66111111111055 0.0002233236765455732 -0.0001943046852748859
17.66388888888833 0.0002826343273354987 -9.006537537482018e-05
17.6666666666661 0.0002957780987817335 2.939554897240039e-05
17.66944444444388 0.000260403611514661 0.0001445064942539
17.67222222222166 0.0001821313470967463 0.0002363305310204571
17.67499999999943 7.366114279314562e-05 0.0002896860665062189
17.67777777777721 -4.729069462846268e-05 0.00029566150121881
17.68055555555499 -0.0001608891991689545 0.0002531065751357207
17.68333333333276 -0.0002484387960638337 0.0001688503444089225
17.68611111111054 -0.0002954655533622528 5.660497382551074e-05
17.68888888888831 -0.000294114579284753 -6.526865433600052e-05
17.69166666666609 -0.0002444647173954347 -0.0001767689600793019
17.69444444444387 -0.0001545400475339333 -0.0002595417597837531
17.69722222222164 -3.901211056964127e-05 -0.0002999069885323522
17.69999999999942 8.319709450581207e-05 -0.0002911240233150674
17.7027777777772 0.0001920191828315604 -0.0002345197553103183
17.70555555555497 0.0002695405048977814 -0.0001392902163077446
17.70833333333275 0.0003029563687134954 -2.100501993542593e-05
17.71111111111053 0.0002866902727888606 0.0001009419058563295
17.7138888888883 0.0002233267081689788 0.0002065172816136004
17.71666666666608 0.0001232011339286172 0.0002783452289121147
17.71944444444386 2.71205854941162e-06 0.0003045723362641656
17.72222222222163 -0.0001183687731061899 0.000280827742788742
17.72499999999941 -0.0002201462062752641 0.0002109534580724242
17.72777777777718 -0.000285876458440472 0.0001063825766149467
17.73055555555496 -0.0003047268642301733 -1.573396840683357e-05
17.73333333333274 -0.0002735648563716723 -0.0001353447733756912
17.73611111111051 -0.0001974801214565044 -0.000232795915551884
17.73888888888829 -8.895263315128243e-05 -0.0002920661359513383
17.74166666666607 3.419733256542628e-05 -0.0003034057628567976
17.74444444444384 0.0001517399775784887 -0.000264943879217978
17.74722222222162 0.0002443647712259713 -0.0001829982389767748
17.7499999999994 0.0002968585592527137 -7.103639142366407e-05
17.75277777777717 0.0003006089967426086 5.254096817247878e-05
17.75555555555495 0.000255020556551716 0.0001674290286246289
17.75833333333273 0.0001676097946288016 0.0002547608293615175
17.7611111111105 5.276451176628745e-05 0.0003002111564815848
17.76388888888828 -7.062809309415266e-05 0.0002963508051652322
17.76666666666605 -0.0001822926703399019 0.0002438635560065092
17.76944444444383 -0.000263903006363498 0.0001514260782868957
17.77222222222161 -0.0003020950822159425 3.427170928979213e-05
17.77499999999938 -0.0002906596216841886 -8.832383885981425e-05
17.77777777777716 -0.000231553723756888 -0.0001962192016447273
17.78055555555494 -0.0001345664089078606 -0.0002717220997071164
17.78333333333271 -1.569516926530183e-05 -0.0003024956235141966
17.78611111111049 0.0001054968631606456 -0.0002835777928208002
17.78888888888827 0.0002091058317016006 -0.0002181831647693879
17.79166666666604 0.0002781616457251571 -0.0001171567383663153
17.79444444444382 0.0003014124081321415 2.8270789340493e-06
17.7972222222216 0.0002751610993459958 0.0001220209183677003
17.79999999999937 0.0002038541613660729 0.0002208599134217169
17.80277777777715 9.932815823207593e-05 0.0002831785997577481
17.80555555555492 -2.115780293020673e-05 0.0002988594108002607
17.8083333333327 -0.0001377763503237773 0.0002654780873864869
17.81111111111048 -0.0002314000348925617 0.0001886779473457439
17.81388888888825 -0.0002867438272193014 8.12153336680438e-05
17.81666666666603 -0.000294864757178056 -3.91621967123513e-05
17.81944444444381 -0.0002546092201078122 -0.000152651502890306
17.82222222222158 -0.0001727733576293278 -0.0002406569508747932
17.82499999999936 -6.29548900220047e-05 -0.0002888423976230111
17.82777777777714 5.670947172033955e-05 -0.0002894703288526075
17.83055555555491 0.000166544005480666 -0.0002426458640566959
17.83333333333269 0.0002485743394960953 -0.0001562653756870706
17.83611111111047 0.0002894736772650804 -4.468377853165785e-05
17.83888888888824 0.0002827311764308347 7.367438381621458e-05
17.84166666666602 0.0002296891272835559 0.0001793619230160374
17.84444444444379 0.0001392836028446171 0.0002551093725411323
17.84722222222157 2.653764786820062e-05 0.0002886512200113482
17.84999999999935 -8.993867161914557e-05 0.0002747147512990007
17.85277777777712 -0.0001910247503794513 0.0002158485690345314
17.8555555555549 -0.0002602330912426554 0.0001219606748952235
17.85833333333268 -0.0002864024593678983 8.649247994501948e-06
17.86111111111045 -0.0002654999699189278 -0.0001053923834428099
17.86388888888823 -0.0002012408030458439 -0.0002014642364393288
17.86666666666601 -0.0001044306522364648 -0.0002639305831351339
17.86944444444378 8.85310799729259e-06 -0.0002827682086680038
17.87222222222156 0.0001199350723422523 -0.0002551761275080074
17.87499999999934 0.0002106250259816287 -0.0001859880182585785
17.87777777777711 0.000266200959247197 -8.682740999927764e-05
17.88055555555489 0.0002778019796840368 2.584699970422187e-05
17.88333333333266 0.0002438416805607772 0.0001334768414100102
17.88611111111044 0.0001702164420183748 0.0002184651114007654
17.88888888888822 6.928305433417906e-05 0.0002670571346047453
17.89166666666599 -4.221725036567986e-05 0.0002715691332027164
17.89444444444377 -0.0001459392244575711 0.0002316029198442184
17.89722222222155 -0.0002249560895981214 0.0001540547715721721
17.89999999999932 -0.0002665254186080724 5.192639016705545e-05
17.9027777777771 -0.000264145878006974 -5.785715266277641e-05
17.90555555555488 -0.0002185725571964668 -0.000157255890476466
17.90833333333265 -0.0001376325998560398 -0.0002300832232076534
17.91111111111043 -3.488146440208704e-05 -0.000264644925241027
17.91388888888821 7.26695517293714e-05 -0.0002556181372312739
17.91666666666598 0.0001673731637162752 -0.0002048682506498106
17.91944444444376 0.0002338453088933222 -0.0001210788612070574
17.92222222222154 0.0002614668162143343 -1.826620670359686e-05
17.92499999999931 0.000246080303144757 8.656777069589258e-05
17.92777777777709 0.0001906110930674902 0.0001762503547634392
17.93055555555486 0.0001045203217761492 0.0002362543589478787
17.93333333333264 2.191187763026209e-06 0.0002570533929483729
17.93611111111042 -9.947636729021557e-05 0.0002356339030303205
17.93888888888819 -0.000183859901596163 0.0001759240896032972
17.94166666666597 -0.000237335105733648 8.808013802993356e-05
17.94444444444375 -0.0002514770557255003 -1.324148767029238e-05
17.94722222222152 -0.0002243861999382304 -0.0001113317133939371
17.9499999999993 -0.000160930648913693 -0.0001901873230894753
17.95277777777708 -7.187650493364888e-05 -0.0002371243415186321
17.95555555555485 2.793913860215961e-05 -0.0002448191503275645
17.95833333333263 0.0001220823929105122 -0.0002124487526867857
17.96111111111041 0.0001952309908398834 -0.0001457531121441833
17.96388888888818 0.0002356701089627411 -5.60214131706906e-05
17.96666666666596 0.0002371687239926154 4.181930520787852e-05
17.96944444444373 0.0001999359595637394 0.0001316894167580492
17.97222222222151 0.0001305113423517304 0.0001990017283404211
17.97499999999929 4.061953221728743e-05 0.0002330307598055201
17.97777777777706 -5.481037784501786e-05 0.0002286212135530419
17.98055555555484 -0.0001401262571967503 0.0001869636097520387
17.98333333333262 -0.0002015222494323256 0.0001153213952303271
17.98611111111039 -0.0002292739011873274 2.576723325802459e-05
17.98888888888817 -0.0002192770891445404 -6.685205302250459e-05
17.99166666666595 -0.0001736474656001695 -0.0001473787069339647
17.99444444444372 -0.0001002942898433485 -0.0002028264505166314
17.9972222222215 -1.155176290578206e-05 -0.0002244752504529956
17.99999999999928 7.789561499518469e-05 -0.000209240476906449
18.00277777777705 0.0001534445714734827 -0.0001601018975071631
18.00555555555483 0.0002029585731880706 -8.553489558363981e-05
18.0083333333326 0.0002187174202289031 1.949424445476825e-06
18.01111111111038 0.0001986177836426815 8.790404489649649e-05
18.01388888888816 0.0001464385914359186 0.0001583332059263968
18.01666666666593 7.114094887763311e-05 0.0002019722557030921
18.01944444444371 -1.466917101016776e-05 0.0002120886560290795
18.02222222222149 -9.68519623935529e-05 0.0001875163455113217
18.02499999999926 -0.0001620649098966118 0.0001327653469889837
18.02777777777704 -0.0001999294930205345 5.720221023240685e-05
18.03055555555482 -0.0002046815486346003 -2.655095527060201e-05
18.03333333333259 -0.0001760431214876187 -0.0001047254077173588
18.03611111111037 -0.0001191849815812663 -0.0001646701961158973
18.03888888888815 -4.379976924735778e-05 -0.0001968995260024131
18.04166666666592 3.754906850714073e-05 -0.0001965917430275204
18.0444444444437 0.0001115214744918735 -0.0001643034506596092
18.04722222222147 0.0001661889501140417 -0.0001057943536709385
18.04999999999925 0.0001929576807700456 -3.100550217862507e-05
18.05277777777703 0.0001879166647712173 4.762863270203917e-05
18.0555555555548 0.0001523998904038771 0.0001172478060547635
18.05833333333258 9.268351523849149e-05 0.0001666694994416368
18.06111111111036 1.888168365499842e-05 0.0001881841791677031
18.06388888888813 -5.676546700022809e-05 0.0001787542834542892
18.06666666666591 -0.000121921969848449 0.0001404311502317808
18.06944444444369 -0.000166167611726433 7.993500089014415e-05
18.07222222222146 -0.0001826629408164064 7.48075126943228e-06
18.07499999999924 -0.0001692019311997822 -6.494581232312104e-05
18.07777777777702 -0.0001284911336375602 -0.0001255707259758978
18.08055555555479 -6.762325810947069e-05 -0.0001647454411996846
18.08333333333257 3.154780951167478e-06 -0.0001764803963795723
18.08611111111034 7.216592582566274e-05 -0.0001593551923401407
18.08888888888812 0.0001282292071255839 -0.0001166680976913847
18.0916666666659 0.000162470443261343 -5.581422038217402e-05
18.09444444444367 0.0001697243304443608 1.299226668299079e-05
18.09722222222145 0.0001493068782251073 7.843155864283698e-05
18.09999999999923 0.0001050439374717987 0.0001299400277682948
18.102777777777 4.456502224535287e-05 0.0001594142761858526
18.10555555555478 -2.20087377828585e-05 0.0001624827708961172
18.10833333333256 -8.375733175683976e-05 0.0001391460988273913
18.11111111111033 -0.0001307523408281013 9.369359978201404e-05
18.11388888888811 -0.0001556517082510919 3.392385278252048e-05
18.11666666666589 -0.000154842939877093 -3.019059175885471e-05
18.11944444444366 -0.0001289574404018237 -8.816602582147378e-05
18.12222222222144 -8.268462799307853e-05 -0.0001307208599506547
18.12499999999921 -2.392994178326606e-05 -0.0001512595474216933
18.12777777777699 3.753316850491792e-05 -0.0001468902794313973
18.13055555555477 9.168780142089303e-05 -0.0001188202559872003
18.13333333333254 0.0001299048650373897 -7.207683738409919e-05
18.13611111111032 0.0001463156092900242 -1.461367073294663e-05
18.1388888888881 0.0001387075627998968 4.404022983382907e-05
18.14166666666587 0.0001088080730968364 9.435936648507491e-05
18.14444444444365 6.192211802341536e-05 0.0001283672079422896
18.14722222222143 5.996799019588514e-06 0.000140897737320122
18.1499999999992 -4.972335625316732e-05 0.0001303741001015568
18.15277777777698 -9.622310750288168e-05 9.898812054815133e-05
18.15555555555476 -0.0001261733341543098 5.226436012240027e-05
18.15833333333253 -0.0001350828875997148 -1.907205714424448e-06
18.16111111111031 -0.0001219650448716616 -5.460127600163774e-05
18.16388888888808 -8.942097410964552e-05 -9.732620074275029e-05
18.16666666666586 -4.313949491518142e-05 -0.0001233903349683402
18.16944444444364 9.092745304425881e-06 -0.0001289462883406284
18.17222222222141 5.869914158125781e-05 -0.0001135508056823464
18.17499999999919 9.771971896885712e-05 -8.016031852434674e-05
18.17777777777697 0.0001200860431225538 -3.457564250213331e-05
18.18055555555474 0.0001225606823263778 1.556158992801392e-05
18.18333333333252 0.0001051965648894902 6.204776892822373e-05
18.1861111111103 7.125282154304452e-05 9.745774815487179e-05
18.18888888888807 2.659335677028962e-05 0.0001163281831952932
18.19166666666585 -2.132231165920652e-05 0.0001159956584410929
18.19444444444363 -6.468285397024229e-05 9.696190447963779e-05
18.1972222222214 -9.659652749264511e-05 6.273811389175022e-05
18.19999999999918 -0.0001121835862665798 1.920595645709921e-05
18.20277777777696 -0.0001093170763714016 -2.63896664695409e-05
18.20555555555473 -8.890053706913476e-05 -6.664418065492856e-05
18.20833333333251 -5.464886764835441e-05 -9.519362459701179e-05
18.21111111111028 -1.2419930690397e-05 -0.0001077174764942133
18.21388888888806 3.078393833557632e-05 -0.0001025865865986468
18.21666666666584 6.797483363827206e-05 -8.106013836574008e-05
18.21944444444361 9.330715629198953e-05 -4.701096429253012e-05
18.22222222222139 0.0001029928353895026 -6.235406874920658e-06
18.22499999999917 9.586124592941206e-05 3.453025875691585e-05
18.22777777777694 7.348227586800586e-05 6.872042772795141e-05
18.23055555555472 3.984374276835081e-05 9.09950637404643e-05
18.2333333333325 6.466686262255006e-07 9.806984773596222e-05
18.23611111111027 -3.765791438942403e-05 8.919322708237248e-05
18.23888888888805 -6.892836492656937e-05 6.620242726569587e-05
18.24166666666583 -8.831444901872771e-05 3.316031722415616e-05
18.2444444444436 -9.300543132086864e-05 -4.357288468017725e-06
18.24722222222138 -8.262961928622112e-05 -4.019965469321753e-05
18.24999999999915 -5.925008092525032e-05 -6.86471285546985e-05
18.25277777777693 -2.696795369361041e-05 -8.53209785597159e-05
18.25555555555471 8.792175155491861e-06 -8.785285097469339e-05
18.25833333333248 4.219101051725053e-05 -7.621231546824627e-05
18.26111111111026 6.792562248398195e-05 -5.264891001198232e-05
18.26388888888804 8.206835724764664e-05 -2.126849481471885e-05
18.26666666666581 8.266141586767219e-05 1.267781226148271e-05
18.26944444444359 6.997798043906094e-05 4.366963343087023e-05
18.27222222222137 4.641701119808962e-05 6.681256203107723e-05
18.27499999999914 1.605882176310081e-05 7.860787536209032e-05
18.27777777777692 -1.603753051812349e-05 7.74762576186498e-05
18.2805555555547 -4.467466439547312e-05 6.395809351886991e-05
18.28333333333247 -6.535592157370935e-05 4.056719854045899e-05
18.28611111111025 -7.498802908376814e-05 1.133134284715944e-05
18.28888888888802 -7.23381855471582e-05 -1.889757626852662e-05
18.2916666666658 -5.817905830136229e-05 -4.52461390936814e-05
18.29444444444358 -3.510734296588432e-05 -6.360244249221943e-05
18.29722222222135 -7.074498685353419e-06 -7.125421390036397e-05
18.29999999999913 2.128653185547852e-05 -6.728361435611641e-05
18.30277777777691 4.542443591881738e-05 -5.266237171844628e-05
18.30555555555468 6.159720364366812e-05 -3.004074785400676e-05
18.30833333333246 6.744848901713289e-05 -3.273274505592801e-06
18.31111111111024 6.234455867865787e-05 2.323475843293925e-05
18.31388888888801 4.742484423394312e-05 4.524977132282018e-05
18.31666666666579 2.536655145044193e-05 5.938325525964898e-05
18.31944444444357 -9.028913909716189e-08 6.360940979340351e-05
18.32222222222134 -2.47738678217135e-05 5.754868825621997e-05
18.32499999999912 -4.476174593418642e-05 4.247886285994198e-05
18.32777777777689 -5.700131595186355e-05 2.108014724091593e-05
18.33055555555467 -5.977192430361871e-05 -3.036595089718058e-06
18.33333333333245 -5.291943703682758e-05 -2.593622888101548e-05
18.33611111111022 -3.783268872461296e-05 -4.399894363570278e-05
18.338888888888 -1.71736139551202e-05 -5.448953142248961e-05
18.34166666666578 5.588004657674495e-06 -5.596732936497822e-05
18.34444444444355 2.675451272551752e-05 -4.847615918202044e-05
18.34722222222133 4.299858463725657e-05 -3.34907811221775e-05
18.34999999999911 5.188329252360444e-05 -1.363614751824224e-05
18.35277777777688 5.222328078342557e-05 7.768375007789405e-06
18.35555555555466 4.42343248389481e-05 2.726128000044401e-05
18.35833333333244 2.94541403104518e-05 4.179623252508766e-05
18.36111111111021 1.045448800494858e-05 4.921510949823877e-05
18.36388888888799 -9.60262380514124e-06 4.856385214151779e-05
18.36666666666576 -2.748861236045494e-05 4.02057485556822e-05
18.36944444444354 -4.04255543158661e-05 2.572066178096254e-05
18.37222222222132 -4.651453856917303e-05 7.613335447695284e-06
18.37499999999909 -4.500963617964709e-05 -1.111632509000881e-05
18.37777777777687 -3.63988433778503e-05 -2.746778929711635e-05
18.38055555555465 -2.228549527591293e-05 -3.891813171341232e-05
18.38333333333242 -5.095749188960802e-06 -4.38081565187617e-05
18.3861111111102 1.233533938499574e-05 -4.157788269402353e-05
18.38888888888798 2.722901054115948e-05 -3.281889394485827e-05
18.39166666666575 3.730332105360852e-05 -1.914140245534432e-05
18.39444444444353 4.11195785213714e-05 -2.883526319552623e-06
18.39722222222131 3.82826668810752e-05 1.328548011213787e-05
18.39999999999908 2.946834228410992e-05 2.680116344187722e-05
18.40277777777686 1.627910779512527e-05 3.56081588391927e-05
18.40555555555463 9.575555926185725e-07 3.846951424205146e-05
18.40833333333241 -1.399221753809163e-05 3.513508218109053e-05
18.41111111111019 -2.621163399983324e-05 2.634708046653456e-05
18.41388888888796 -3.385730930429191e-05 1.368763800945924e-05
18.41666666666574 -3.587585709153794e-05 -7.018559679426453e-07
18.41944444444352 -3.214345190078335e-05 -1.448042067174085e-05
18.42222222222129 -2.345274481228699e-05 -2.548615961193868e-05
18.42499999999907 -1.135464601520713e-05 -3.207305010892593e-05
18.42777777777685 2.114685759985192e-06 -3.335380151809844e-05
18.43055555555462 1.477413682647832e-05 -2.931355420761503e-05
18.4333333333324 2.464872107628955e-05 -2.078100690688382e-05
18.43611111111018 3.027529203745828e-05 -9.266716176922636e-06
18.43888888888795 3.091598330792309e-05 3.30092884904242e-06
18.44166666666573 2.664885547159296e-05 1.489640793405893e-05
18.4444444444435 1.832585728709302e-05 2.372147099850994e-05
18.44722222222128 7.409648274494552e-06 2.848162845518859e-05
18.44999999999906 -4.280362345179669e-06 2.857263804452574e-05
18.45277777777683 -1.486912216050347e-05 2.415074736731072e-05
18.45555555555461 -2.272469543873245e-05 1.607987826592296e-05
18.45833333333239 -2.670741025480261e-05 5.768718303757787e-06
18.46111111111016 -2.633177312994084e-05 -5.072340875079342e-06
18.46388888888794 -2.181878362356194e-05 -1.47128989301892e-05
18.46666666666572 -1.403450297256283e-05 -2.167680543300432e-05
18.46944444444349 -4.328914850477124e-06 -2.496584208634008e-05
18.47222222222127 5.695622577141453e-06 -2.419934908222127e-05
18.47499999999905 1.444700510852085e-05 -1.965091280641282e-05
18.47777777777682 2.059435490700099e-05 -1.218025827440525e-05
18.4805555555546 2.326809580153776e-05 -3.07515035361603e-06
18.48333333333238 2.21794661808881e-05 6.168224585978724e-06
18.48611111111015 1.764370402910145e-05 1.408929982581116e-05
18.48888888888793 1.050698981353001e-05 1.949208146541421e-05
18.4916666666657 1.992447094688209e-06 2.162343724208556e-05
18.49444444444348 -6.507306586561929e-06 2.027455292185768e-05
18.49722222222126 -1.365620523692162e-05 1.579256298884433e-05
18.49999999999903 -1.838296657906136e-05 9.004067918391054e-06
18.50277777777681 -2.003936275062784e-05 1.066098208616278e-06
