16.5 2.165023589078781e-07 -5.429319723129421e-09
16.50277777777778 2.166543717914557e-07 -5.564069492083952e-08
16.50555555555555 2.051600632125338e-07 -1.061985345921318e-07
16.50833333333333 1.818704973675486e-07 -1.544009040113101e-07
16.51111111111111 1.472637994199308e-07 -1.974962232359749e-07
16.51388888888888 1.024599932229637e-07 -2.328288600282128e-07
16.51666666666666 4.920201616927511e-08 -2.579888949260739e-07
16.51944444444444 -1.01982170614061e-08 -2.709581959391763e-07
16.52222222222221 -7.294800099246373e-08 -2.702446434190019e-07
16.52499999999999 -1.358936695359424e-07 -2.549964745964374e-07
16.52777777777776 -1.956675802912126e-07 -2.250892915324695e-07
16.53055555555554 -2.488560071138065e-07 -1.811792921053256e-07
16.53333333333332 -2.921801692101398e-07 -1.247177131025484e-07
16.53611111111109 -3.226814268634729e-07 -5.792326513161454e-08
16.53888888888887 -3.379008889174851e-07 1.628858437673842e-08
16.54166666666665 -3.360433734581351e-07 9.441835682289354e-08
16.54444444444442 -3.161158867263584e-07 1.72533867778131e-07
16.5472222222222 -2.780315562292615e-07 2.464543213409542e-07
16.54999999999998 -2.226712637256701e-07 3.119592929578933e-07
16.55277777777775 -1.518970338378679e-07 3.650128682257877e-07
16.55555555555553 -6.851347651246729e-08 4.019917887710484e-07
16.55833333333331 2.38238391346773e-08 4.199055573430382e-07
16.56111111111108 1.207514055295684e-07 4.165961527508159e-07
16.56388888888886 2.173876426363917e-07 3.909053534544298e-07
16.56666666666663 3.085622571937779e-07 3.427986866034075e-07
16.56944444444441 3.890751688973602e-07 2.734366919998588e-07
16.57222222222219 4.53972884526846e-07 1.851864663593386e-07
16.57499999999996 4.988285311462997e-07 8.156924509243513e-08
16.57777777777774 5.200107338123452e-07 -3.285703374302645e-08
16.58055555555552 5.149262352259647e-07 -1.526778045181066e-07
16.58333333333329 4.822216635609734e-07 -2.718586994414997e-07
16.58611111111107 4.219311796856859e-07 -3.84029834989859e-07
16.58888888888885 3.355588525622371e-07 -4.82805168652968e-07
16.59166666666662 2.260874539263376e-07 -5.621219178719876e-07
16.5944444444444 9.790881948141422e-08 -6.165830689759643e-07
16.59722222222218 -4.332515668839662e-08 -6.417848370001937e-07
16.59999999999995 -1.909276291695009e-07 -6.346106766290684e-07
16.60277777777773 -3.374704764592706e-07 -5.934741565946079e-07
16.6055555555555 -4.75134899425694e-07 -5.184947125253206e-07
16.60833333333328 -5.961035726061081e-07 -4.115929519392998e-07
16.61111111111106 -6.929758612452593e-07 -2.764957118017146e-07
16.61388888888883 -7.591853111053384e-07 -1.186453240990152e-07
16.61666666666661 -7.893972931762767e-07 5.498765864287193e-08
16.61944444444439 -7.798644683273832e-07 2.361839145430304e-07
16.62222222222216 -7.287187022113599e-07 4.158374467661748e-07
16.62499999999994 -6.361802235077423e-07 5.843858325304384e-07
16.62777777777772 -5.046681306119213e-07 7.32289675593416e-07
16.63055555555549 -3.388007004814783e-07 8.505386077479091e-07
16.63333333333327 -1.452791640277373e-07 9.311584814702474e-07
16.63611111111105 6.734554524525649e-08 9.676928929300192e-07
16.63888888888882 2.890173657264799e-07 9.556320193787154e-07
16.6416666666666 5.086190614514236e-07 8.927630307490452e-07
16.64444444444437 7.144976585192267e-07 7.794190533621889e-07
16.64722222222215 8.950481358287803e-07 6.186077586736914e-07
16.64999999999993 1.039327749678728e-06 4.160059795163834e-07
16.6527777777777 1.137670205047282e-06 1.798131041190477e-07
16.65555555555548 1.182267180934894e-06 -7.953691808668882e-08
16.65833333333326 1.167684643655553e-06 -3.497976421280208e-07
16.66111111111103 1.091283033290639e-06 -6.174514426497452e-07
16.66388888888881 9.535137905397041e-07 -8.683481268028905e-07
16.66666666666659 7.580697179141519e-07 -1.088412538090318e-06
16.66944444444436 5.118731623916114e-07 -1.264387643679267e-06
16.67222222222214 2.248937004952701e-07 -1.384575889549637e-06
16.67499999999992 -9.02044425989103e-08 -1.439539669278286e-06
16.67777777777769 -4.185760084904264e-07 -1.422721780751485e-06
16.68055555555547 -7.438511282540555e-07 -1.330948844208356e-06
16.68333333333324 -1.048907810079437e-06 -1.164784823664278e-06
16.68611111111102 -1.316726191671172e-06 -9.287079210387757e-07
16.6888888888888 -1.531284107186125e-06 -6.310919775337763e-07
16.69166666666657 -1.678449175808493e-06 -2.83982795598525e-07
16.69444444444435 -1.74682040832275e-06 9.732992899729405e-08
16.69722222222213 -1.728472477822421e-06 4.949335925820198e-07
16.6999999999999 -1.619558426390929e-06 8.890843673661113e-07
16.70277777777768 -1.420731671654144e-06 1.259137223041124e-06
16.70555555555546 -1.137355595006596e-06 1.584572955739711e-06
16.70833333333323 -7.794784664490443e-07 1.846073629170053e-06
16.71111111111101 -3.615625963245024e-07 2.026592743821585e-06
16.71388888888879 9.803109906743493e-08 2.112363917057264e-06
16.71666666666656 5.77789060427867e-07 2.093792143963134e-06
16.71944444444434 1.053994722740038e-06 1.966174945233682e-06
16.72222222222211 1.501842926089701e-06 1.730206874245984e-06
16.72499999999989 1.896669574037314e-06 1.392229775793179e-06
16.72777777777767 2.215238439418656e-06 9.642025348351363e-07
16.73055555555544 2.43702104805548e-06 4.633773521254731e-07
16.73333333333322 2.545402650230629e-06 -8.831576443376823e-08
16.736111111111 2.528747724120623e-06 -6.651592985901536e-07
16.73888888888877 2.381262389599969e-06 -1.238781131007029e-06
16.74166666666655 2.103598513526743e-06 -1.779483594689988e-06
16.74444444444433 1.703154943724817e-06 -2.257709660778301e-06
16.7472222222221 1.194044822275034e-06 -2.645577122479127e-06
16.74999999999988 5.967137342328596e-07 -2.918404632865725e-06
16.75277777777766 -6.278916742253917e-08 -3.056150059688752e-06
16.75555555555543 -7.538667858881618e-07 -3.044682201686404e-06
16.75833333333321 -1.442718205597457e-06 -2.876811630302287e-06
16.76111111111098 -2.093916202073166e-06 -2.553015233609468e-06
16.76388888888876 -2.672148190711871e-06 -2.081801685278449e-06
16.76666666666654 -3.144038748142055e-06 -1.479681067450437e-06
16.76944444444431 -3.479963589604468e-06 -7.707205713452277e-07
16.77222222222209 -3.655760911503456e-06 1.431125992716505e-08
16.77499999999987 -3.65424672151874e-06 8.391878750488557e-07
16.77777777777764 -3.466446366358732e-06 1.663810571394577e-06
16.78055555555542 -3.092464871219023e-06 2.446071905548653e-06
16.7833333333332 -2.54193361390749e-06 3.143914221681556e-06
16.78611111111097 -1.833989710079757e-06 3.717486816710138e-06
16.78888888888875 -9.967664926710391e-07 4.131295536294653e-06
16.79166666666653 -6.639763634287817e-08 4.356233898299208e-06
16.7944444444443 9.144373436589023e-07 4.371385648842024e-06
16.79722222222208 1.898373555133031e-06 4.165495185543031e-06
16.79999999999986 2.835551104164615e-06 3.738014461389306e-06
16.80277777777763 3.676038769554134e-06 3.099652443010375e-06
16.80555555555541 4.372377821546844e-06 2.272375281037255e-06
16.80833333333318 4.882121345313794e-06 1.288831130322724e-06
16.81111111111096 5.17023882754606e-06 1.912018733623978e-07
16.81388888888874 5.211256602368152e-06 -9.704864926916996e-07
16.81666666666651 4.991012280954126e-06 -2.140533813143179e-06
16.81944444444429 4.507915423344497e-06 -3.260127645592822e-06
16.82222222222207 3.773627022418184e-06 -4.270184458544832e-06
16.82499999999984 2.813096092176239e-06 -5.114338098972069e-06
16.82777777777762 1.663921706054646e-06 -5.741929881358032e-06
16.8305555555554 3.750418656395554e-07 -6.110847912608773e-06
16.83333333333317 -9.952149675536002e-07 -6.190064030131e-06
16.83611111111095 -2.381645679408391e-06 -5.961725288195163e-06
16.83888888888873 -3.715153538966882e-06 -5.422673186721239e-06
16.8416666666665 -4.92606402732719e-06 -4.585287303025706e-06
16.84444444444428 -5.947622105971084e-06 -3.477579775588197e-06
16.84722222222205 -6.719501467730451e-06 -2.14250195150639e-06
16.84999999999983 -7.191148147788134e-06 -6.364628835894907e-07
16.85277777777761 -7.324781405343354e-06 9.729005601030504e-07
16.85555555555538 -7.097884368832942e-06 2.609622406478794e-06
16.85833333333316 -6.505035469635061e-06 4.192858050418953e-06
16.86111111111094 -5.558958610138615e-06 5.64073627360071e-06
16.86388888888871 -4.290704308018974e-06 6.874435637352688e-06
16.86666666666649 -2.748914296119971e-06 7.82228896738359e-06
16.86944444444427 -9.981664394125899e-07 8.423709688777767e-06
16.87222222222204 8.835567270089609e-07 8.632733856011034e-06
16.87499999999982 2.808186307690188e-06 8.420982274012638e-06
16.8777777777776 4.681539020895263e-06 7.779868026092056e-06
16.88055555555537 6.407770902037803e-06 6.721905383808284e-06
16.88333333333315 7.89410912323011e-06 5.281015321913547e-06
16.88611111111092 9.055635611970512e-06 3.511769063436719e-06
16.8888888888887 9.819883946169638e-06 1.48756218012267e-06
16.89166666666648 1.013101034584314e-05 -7.022346160440416e-07
16.89444444444425 9.953310982004926e-06 -2.956048346579126e-06
16.89722222222203 9.273881196331764e-06 -5.164649969036783e-06
16.89999999999981 8.104246876795864e-06 -7.216278373952339e-06
16.90277777777758 6.480842870391201e-06 -9.002109446722616e-06
16.90555555555536 4.464266082677976e-06 -1.042181047595712e-05
16.90833333333314 2.137289478206844e-06 -1.138890518058489e-05
16.91111111111091 -3.983151671618143e-07 -1.183567283686561e-05
16.91388888888869 -3.026036187001701e-06 -1.171731703157472e-05
16.91666666666647 -5.619794339434697e-06 -1.101516539284704e-05
16.91944444444424 -8.049807631399212e-06 -9.738700500885156e-06
16.92222222222202 -1.01888841459089e-05 -7.926272615578964e-06
16.92499999999979 -1.191884627871947e-05 -5.644404795462797e-06
16.92777777777757 -1.313677130142722e-05 -2.985667781410034e-06
16.93055555555535 -1.376072973627553e-05 -6.517259046300984e-08
16.93333333333312 -1.373471541071596e-05 2.984200286233803e-06
16.9361111111109 -1.303248924782513e-05 6.017648407931708e-06
16.93888888888868 -1.166010203729874e-05 8.885123867839014e-06
16.94166666666645 -9.656918032311979e-06 1.143853989030041e-05
16.94444444444423 -7.09502890797198e-06 1.353917056223528e-05
16.94722222222201 -4.077023431592544e-06 1.506488393506172e-05
16.94999999999978 -7.321586497410334e-07 1.591684301938628e-05
16.95277777777756 2.788940354630152e-06 1.602532148123013e-05
16.95555555555534 6.320847067577679e-06 1.535431119775326e-05
16.95833333333311 9.690890681219926e-06 1.390464640356292e-05
16.96111111111089 1.272736821744766e-05 1.171543222387372e-05
16.96388888888866 1.52680308170075e-05 8.863641378931273e-06
16.96666666666644 1.716843532149655e-05 5.461828446881978e-06
16.96944444444422 1.830974348144259e-05 1.654002380900631e-06
16.97222222222199 1.860556272749988e-05 -2.390209342628065e-06
16.97499999999977 1.800745461167804e-05 -6.482882073941397e-06
16.97777777777755 1.650878890872559e-05 -1.042629622113061e-05
16.98055555555532 1.414669110091642e-05 -1.4022246089557e-05
16.9833333333331 1.100191573412121e-05 -1.708172737905898e-05
16.98611111111088 7.196574263844058e-06 -1.943454092679617e-05
16.98888888888865 2.889749148694866e-06 -2.093833742876768e-05
16.99166666666643 -1.728868765023384e-06 -2.14866380310257e-05
16.99444444444421 -6.447080223614769e-06 -2.101539916109474e-05
16.99722222222198 -1.103968142017955e-05 -1.950774593768847e-05
16.99999999999976 -1.527895717458043e-05 -1.699657497243534e-05
17.00277777777753 -1.894568538673815e-05 -1.356482129944629e-05
17.00555555555531 -2.184013250123243e-05 -9.343291506282246e-06
17.00833333333309 -2.37925016263266e-05 -4.50608106144513e-06
17.01111111111086 -2.467230269022603e-05 7.362870797887554e-07
17.01388888888864 -2.439614809623342e-05 6.145749016656731e-06
17.01666666666642 -2.293353697552666e-05 1.146724994109281e-05
17.01944444444419 -2.031027426476526e-05 1.64405019669768e-05
17.02222222222197 -1.660927416178652e-05 2.08124191062408e-05
17.02499999999975 -1.196861663786598e-05 2.434964725205501e-05
17.02777777777752 -6.576855289639909e-06 2.685058228693845e-05
17.0305555555553 -6.657088860076539e-07 2.815627355178125e-05
17.03333333333308 5.49959891909369e-06 2.815964364177402e-05
17.03611111111085 1.163196361836874e-05 2.68125181630665e-05
17.03888888888863 1.743549074633571e-05 2.413004856875447e-05
17.0416666666664 2.261946860157689e-05 2.019222399222578e-05
17.04444444444418 2.691257522169261e-05 1.514229935116082e-05
17.04722222222196 3.007663899993475e-05 9.182111087976338e-06
17.04999999999973 3.191927136097051e-05 2.564402114438702e-06
17.05277777777751 3.230472207918465e-05 -4.417573293228559e-06
17.05555555555529 3.116237261562202e-05 -1.144275305730141e-05
17.05833333333306 2.849237814386066e-05 -1.817674234190393e-05
17.06111111111084 2.436809105335362e-05 -2.42874197690303e-05
17.06388888888862 1.893504255905898e-05 -2.946095894362782e-05
17.06666666666639 1.240641829102368e-05 -3.341750618749166e-05
17.06944444444417 5.05513112713103e-06 -3.59257475667225e-05
17.07222222222195 -2.79723781342755e-06 -3.681562738184583e-05
17.07499999999972 -1.079419930570821e-05 -3.598854599354094e-05
17.0777777777775 -1.856024263569594e-05 -3.342446511633544e-05
17.08055555555528 -2.571815342353e-05 -2.918547971847661e-05
17.08333333333305 -3.190697661447292e-05 -2.341557200502553e-05
17.08611111111083 -3.67997829862784e-05 -1.63364378290748e-05
17.0888888888886 -4.012038080668668e-05 -8.239461369921761e-06
17.09166666666638 -4.165813842261214e-05 5.258986114370635e-07
17.09444444444416 -4.12801486193164e-05 9.566867176555649e-06
17.09722222222193 -3.894006961936483e-05 1.846464799338963e-05
17.09999999999971 -3.46831167229871e-05 2.679350604046149e-05
17.10277777777749 -2.864684714144854e-05 3.414078139751629e-05
17.10555555555526 -2.105757127854887e-05 4.012690686092447e-05
17.10833333333304 -1.222242803272161e-05 4.442447412657286e-05
17.11111111111082 -2.517370186905963e-06 4.677541028301393e-05
17.11388888888859 7.628491275973886e-06 4.700538882087909e-05
17.11666666666637 1.775154795039654e-05 4.503470558132477e-05
17.11944444444415 2.737456180108104e-05 4.088499617264005e-05
17.12222222222192 3.602881332625496e-05 3.468135149295137e-05
17.1249999999997 4.327651550191979e-05 2.664959442400062e-05
17.12777777777747 4.873243693769703e-05 1.710870435029529e-05
17.13055555555525 5.208368493592744e-05 6.458606681638102e-06
17.13333333333303 5.310665665145247e-05 -4.836228819948359e-06
17.1361111111108 5.168027292196714e-05 -1.626672532201859e-05
17.13888888888858 4.779476082337407e-05 -2.730182979580474e-05
17.14166666666636 4.155544158702894e-05 -3.741284397031463e-05
17.14444444444413 3.318120215569296e-05 -4.609835345764183e-05
17.14722222222191 2.29975716167413e-05 -5.290859415350193e-05
17.14999999999969 1.142457702955095e-05 -5.746808955957246e-05
17.15277777777746 -1.040195023791879e-06 -5.94954424151714e-05
17.15555555555524 -1.384266650013554e-05 -5.88192680428007e-05
17.15833333333302 -2.639658772662963e-05 -5.538941157644679e-05
17.16111111111079 -3.811005390688242e-05 -4.928279071374253e-05
17.16388888888857 -4.841303121906311e-05 -4.070344149851097e-05
17.16666666666634 -5.678462611105818e-05 -2.997660664298661e-05
17.16944444444412 -6.277880985859853e-05 -1.75369822880015e-05
17.1722222222219 -6.604734916148141e-05 -3.911517151734115e-06
17.17499999999967 -6.635879219139513e-05 1.030257538355976e-05
17.17777777777745 -6.361251489867457e-05 2.446368943863912e-05
17.18055555555523 -5.784703860029763e-05 3.791447438411122e-05
17.183333333333 -4.924207841946754e-05 5.001199062979294e-05
17.18611111111078 -3.8114062337564e-05 6.015800270645615e-05
17.18888888888856 -2.490516001180181e-05 6.782799753981349e-05
17.19166666666633 -1.016616546315449e-05 7.259753977469006e-05
17.19444444444411 5.466125968494883e-06 7.416466570427925e-05
17.19722222222189 2.129613252224058e-05 7.236717014789835e-05
17.19999999999966 3.660014160059055e-05 6.719385080401469e-05
17.20277777777744 5.06590657869768e-05 5.878903366412735e-05
17.20555555555521 6.279182814855371e-05 4.744999998600514e-05
17.20833333333299 7.238784046961002e-05 3.361725704275358e-05
17.21111111111077 7.893704310121268e-05 1.785792688289043e-05
17.21388888888854 8.205605177944065e-05 8.42854337136085e-07
17.21666666666632 8.150910308681244e-05 -1.668165792040699e-05
17.2194444444441 7.722270094460639e-05 -3.392630811148071e-05
17.22222222222187 6.929313321715732e-05 -5.009404610158601e-05
17.22499999999965 5.798633897803815e-05 -6.441655190258085e-05
17.22777777777743 4.372994968531539e-05 -7.619028429168373e-05
17.2305555555552 2.709768614538317e-05 -8.481042348313648e-05
17.23333333333298 8.786651351226702e-06 -8.980109080259593e-05
17.23611111111076 -1.041159962774414e-05 -9.084036369870686e-05
17.23888888888853 -2.964502378007384e-05 -8.777881151584241e-05
17.24166666666631 -4.803864000824272e-05 -8.065054815055334e-05
17.24444444444408 -6.473401845278431e-05 -6.967612078798858e-05
17.24722222222186 -7.89289369980469e-05 -5.52569154678602e-05
17.24999999999964 -8.991538588692309e-05 -3.796114429310744e-05
17.25277777777741 -9.711413764837801e-05 -1.85018683328268e-05
17.25555555555519 -0.0001001042188975252 2.292113235533756e-06
17.25833333333297 -9.864581917241709e-05 2.351133113435691e-05
17.26111111111074 -9.269544223963473e-05 4.420519551306848e-05
17.26388888888852 -8.241243617908564e-05 6.342431414695341e-05
17.2666666666663 -6.815641597460776e-05 8.026370322728402e-05
17.26944444444407 -5.047549979381301e-05 9.390493440780592e-05
17.27222222222185 -3.008569944404551e-05 0.0001036552698104476
17.27499999999963 -7.842217549802905e-06 0.0001089819343767889
17.2777777777774 1.529621029158767e-05 0.0001095398594990168
17.28055555555518 3.83084490029056e-05 0.000105191496451845
17.28333333333295 6.015581379690752e-05 9.601763212530746e-05
17.28611111111073 7.982867197502458e-05 8.231852889206301e-05
17.28888888888851 9.639271355650016e-05 6.460513829492137e-05
17.29166666666628 0.0001090327815528569 4.358058570192117e-05
17.29444444444406 0.0001170922225743969 2.011257000196181e-05
17.29722222222184 0.0001201058827237768 -4.802251668865093e-06
17.29999999999961 0.0001178251265796054 -3.008043913561479e-05
17.30277777777739 0.0001102335885208541 -5.459872345399449e-05
17.30555555555517 9.755276193774961e-05 -7.724370866291084e-05
17.30833333333294 8.023697606479817e-05 -9.696212663400485e-05
17.31111111111072 5.895778282588128e-05 -0.0001128093846718323
17.3138888888885 3.457825615105862e-05 -0.0001239941810749508
17.31666666666627 8.118171970974757e-06 -0.000129917101058143
17.31944444444405 -1.928853291762368e-05 -0.0001302013397285958
17.32222222222182 -4.644225083911359e-05 -0.0001247140211763247
17.3249999999996 -7.213006955549568e-05 -0.0001135769799973199
17.32777777777738 -9.517973081023538e-05 -9.716632690734036e-05
17.33055555555515 -0.0001145127851367639 -7.610061381691486e-05
17.33333333333293 -0.0001291945414962811 -5.121792406030436e-05
17.33611111111071 -0.0001384785131714728 -2.354271755644481e-05
17.33888888888848 -0.0001418432695967518 5.756264388108355e-06
17.34166666666626 -0.0001390199096769903 3.541530607261851e-05
17.34444444444404 -0.0001300087633305917 6.413015480823646e-05
17.34722222222181 -0.0001150843881296885 9.061324257592719e-05
17.34999999999959 -9.478843728842529e-05 0.0001136511823226888
17.35277777777737 -6.991051164537025e-05 0.0001321599760481558
17.35555555555514 -4.145764793814e-05 0.000145235432846345
17.35833333333292 -1.061361433487686e-05 0.0001521964692656019
17.3611111111107 2.131034176276276e-05 0.000152619245540409
17.36388888888847 5.293124113827351e-05 0.0001463604683363844
17.36666666666625 8.285424121291932e-05 0.0001335686480672142
17.36944444444402 0.0001097340310993275 0.0001146826171942993
17.3722222222218 0.0001323350513178697 9.041717281823083e-05
17.37499999999958 0.0001495878478207359 6.173627789843753e-05
17.37777777777735 0.0001606390017536267 2.981481522737644e-05
17.38055555555513 0.0001648923240891582 -4.009588350855589e-06
17.38333333333291 0.0001620393583583417 -3.829268691962384e-05
17.38611111111068 0.0001520776807766434 -7.15453278071093e-05
17.38888888888846 0.0001353160063968025 -0.0001022981079236359
17.39166666666624 0.0001123656803096727 -0.000129166163002638
17.39444444444401 8.41187295948382e-05 -0.0001509112334185377
17.39722222222179 5.171324846427302e-05 -0.0001664982311663149
17.39999999999957 1.648745930851637e-05 -0.0001751437375842786
17.40277777777734 -2.007568952296366e-05 -0.0001763541828885471
17.40555555555512 -5.641108602404428e-05 -0.0001699518836872926
17.40833333333289 -9.093852768825743e-05 -0.0001560876257307432
17.41111111111067 -0.0001221314230083209 -0.0001352390545763193
17.41388888888845 -0.0001485841299400465 -0.0001081947518654948
17.41666666666622 -0.0001690749617238217 -7.602450275092158e-05
17.419444444444 -0.0001826220433852914 -4.003687305770582e-05
17.42222222222178 -0.0001885294810143223 -1.725785760754069e-06
17.42499999999955 -0.0001864216996205434 3.729171036473505e-05
17.42777777777733 -0.0001762642978515573 7.534387443299884e-05
17.43055555555511 -0.0001583703384832358 0.0001107760011742453
17.43333333333288 -0.0001333916180315536 0.0001420223558591957
17.43611111111066 -0.0001022951101706172 0.0001676751844859915
17.43888888888844 -6.632542750494567e-05 0.0001865477589602884
17.44166666666621 -2.695476606543414e-05 0.0001977286427808426
17.44444444444399 1.41776408209222e-05 0.000200624714039204
17.44722222222176 5.533405312889214e-05 0.0001949909451699784
17.44999999999954 9.475185809642378e-05 0.0001809454936258661
17.45277777777732 0.0001307191734824802 0.0001589692810765995
17.45555555555509 0.0001616491672437602 0.0001298899041953402
17.45833333333287 0.0001861498625312156 9.485039888813001e-05
17.46111111111065 0.0002030863595533501 5.526404241156016e-05
17.46388888888842 0.0002116327035191736 1.275699514513556e-05
17.4666666666662 0.0002113110487293653 -3.089887147049851e-05
17.46944444444398 0.0002020162956347617 -7.386016650025223e-05
17.47222222222175 0.0001840249882721354 -0.0001142900656681727
17.47499999999953 0.0001579879280352877 -0.0001504369691541796
17.47777777777731 0.000124906657651252 -0.0001807103522906319
17.48055555555508 8.609466642322699e-05 -0.0002037505203831888
17.48333333333286 4.312483401955346e-05 -0.0002184892118213627
17.48611111111063 -2.234763794646305e-06 -0.0002241983605425268
17.48888888888841 -4.809404475700845e-05 -0.0002205248148480805
17.49166666666619 -9.252005289048655e-05 -0.0002075093943772002
17.49444444444396 -0.0001336187012690384 -0.0001855893261170585
17.49722222222174 -0.0001696156519328426 -0.0001555838057064904
17.49999999999952 -0.0001989328688688378 -0.0001186631518261627
17.50277777777729 -0.0002202575377141597 -7.630272814219541e-05
17.50555555555507 -0.0002326003467254781 -3.022346852901574e-05
17.50833333333285 -0.0002353405555296727 1.767857162762711e-05
17.51111111111062 -0.0002282558234382518 6.541072806065091e-05
17.5138888888884 -0.0002115354049074144 0.0001109670284562334
17.51666666666618 -0.0001857760192637881 0.000152412777865814
17.51944444444395 -0.0001519604354321232 0.0001879668455896412
17.52222222222173 -0.0001114195488178386 0.0002160781435762526
17.5249999999995 -6.577943517880935e-05 0.0002354930098478762
17.52777777777728 -1.689551481570426e-05 0.0002453105754549532
17.53055555555506 3.322347831178426e-05 0.0002450236850758866
17.53333333333283 8.249857829416655e-05 0.0002345435392213641
17.53611111111061 0.0001288672572742521 0.0002142069050446393
17.53888888888839 0.0001703700484672587 0.0001847654743967705
17.54166666666616 0.0002052334677203608 0.0001473577010440197
17.54444444444394 0.0002319457149480897 0.0001034641918861639
17.54722222222172 0.0002493219224542591 5.484842792682804e-05
17.54999999999949 0.0002565561411418161 3.485219673746239e-06
17.55277777777727 0.0002532578004160691 -4.852016839267795e-05
17.55555555555505 0.0002394710205262966 -9.901888151593332e-05
17.55833333333282 0.00021567587023277 -0.0001459077151809216
17.5611111111106 0.0001827714180081276 -0.0001872170039378336
17.56388888888837 0.0001420411896355763 -0.0002211934696796484
17.56666666666615 9.510238673174565e-05 -0.0002463745358212255
17.56944444444393 4.384090799294423e-05 -0.0002616509569434795
17.5722222222217 -9.665181336694814e-06 -0.0002663150903174184
17.57499999999948 -6.323059181810721e-05 -0.0002600927265198566
17.57777777777726 -0.0001146526599369114 -0.0002431570764706285
17.58055555555503 -0.0001618023838064185 -0.0002161242532076969
17.58333333333281 -0.0002027128596083576 -0.0001800303575206833
17.58611111111059 -0.0002356614296487102 -0.0001362910448318986
17.58888888888836 -0.0002592421032835313 -8.664518416893236e-05
17.59166666666614 -0.0002724252067307553 -3.308488787884441e-05
17.59444444444392 -0.0002746017405952765 2.222523521659552e-05
17.59722222222169 -0.0002656105530471391 7.703629439317061e-05
17.59999999999947 -0.0002457471458009666 0.0001291071715213355
17.60277777777724 -0.0002157536897600052 0.0001762966193343946
17.60555555555502 -0.000176790605710132 0.000216651596758719
17.6083333333328 -0.0001303908302830327 0.0002484881823740993
17.61111111111057 -7.839860664561915e-05 0.0002704617071048821
17.61388888888835 -2.289528302223659e-05 0.0002816231870798561
17.61666666666613 3.388485660767027e-05 0.0002814596989596416
17.6194444444439 8.96452889777693e-05 0.0002699169995590746
17.62222222222168 0.0001421207604296358 0.0002474034218744047
17.62499999999946 0.0001891697729725374 0.0002147748503066698
17.62777777777723 0.0002288622502412091 0.0001733013569629485
17.63055555555501 0.0002595587809140572 0.000124616836115607
17.63333333333279 0.0002799781806551691 7.065367393457475e-05
17.63611111111056 0.0002892505914501937 1.356510657294057e-05
17.63888888888834 0.0002869539294461303 -4.436157381743814e-05
17.64166666666612 0.0002731321744621378 -0.0001007974293109007
17.64444444444389 0.0002482947379544224 -0.0001534661362053647
17.64722222222167 0.0002133969206289276 -0.0002002362525859609
17.64999999999944 0.0001698022441581746 -0.0002392077332654979
17.65277777777722 0.0001192281817274482 -0.0002687891680576574
17.655555555555 6.367748906154278e-05 -0.0002877625995493707
17.65833333333277 5.357923451525336e-06 -0.0002953332849440602
17.66111111111055 -5.340639070274662e-05 -0.0002911623819412629
17.66388888888833 -0.0001102683542448694 -0.0002753812355298108
17.6666666666661 -0.0001629522582421498 -0.0002485866922264936
17.66944444444388 -0.0002093453014035301 -0.0002118176398501694
17.67222222222166 -0.0002475825605443617 -0.0001665137327729584
17.67499999999943 -0.0002761219858540202 -0.0001144579836161285
17.67777777777721 -0.0002938064026240962 -5.77055532725433e-05
17.68055555555499 -0.0002999100326102303 1.498374416610355e-06
17.68333333333276 -0.0002941676791959 6.080831121776846e-05
17.68611111111054 -0.0002767854249945876 0.0001178721544556414
17.68888888888831 -0.0002484324394864288 0.0001704250744388908
17.69166666666609 -0.0002102142571509525 0.0002163798266688021
17.69444444444387 -0.0001636286322733437 0.0002539098699613558
17.69722222222164 -0.0001105057750093882 0.0002815219711340783
17.69999999999942 -5.293539626153811e-05 0.0002981154093769641
17.7027777777772 6.816488386824032e-06 0.0003030254406682451
17.70555555555497 6.639764373305483e-05 0.0002960493219825162
17.70833333333275 0.0001234629719901769 0.0002774539002319265
17.71111111111053 0.0001757674062961411 0.0002479645130932784
17.7138888888883 0.0002212546374298553 0.0002087356979590377
17.71666666666608 0.0002581381511908399 0.0001613049309823159
17.71944444444386 0.0002849713751204734 0.0001075312914501347
17.72222222222163 0.0003007041811610869 4.952154075475352e-05
17.72499999999941 0.0003047235467878187 -1.045340342459072e-05
17.72777777777718 0.0002968768180802307 -7.004824754595596e-05
17.73055555555496 0.0002774767179279082 -0.0001269357733396608
17.73333333333274 0.0002472879726508767 -0.0001788982864758357
17.73611111111051 0.000207496161327288 -0.0002239144472841262
17.73888888888829 0.0001596600948037056 -0.0002602380695466441
17.74166666666607 0.000105649677812549 -0.0002864658095958578
17.74444444444384 4.757177243341429e-05 -0.0003015911245347485
17.74722222222162 -1.231295771827246e-05 -0.0003050424363218175
17.7499999999994 -7.167890324499564e-05 -0.0002967040746900648
17.75277777777717 -0.0001282265393438987 -0.0002769192605561893
17.75555555555495 -0.0001797720405729274 -0.0002464751048653383
17.75833333333273 -0.0002243319674237284 -0.0002065703072183332
17.7611111111105 -0.0002601997282511646 -0.0001587669159364297
17.76388888888828 -0.0002860108648523161 -0.0001049281298919782
17.76666666666605 -0.0003007946688316457 -4.714465834272811e-05
17.76944444444383 -0.0003040101895693054 1.234741232309726e-05
17.77222222222161 -0.00029556532049658 7.125398288134514e-05
17.77499999999938 -0.0002758183230871668 0.0001273120922690119
17.77777777777716 -0.0002455618405300627 0.0001783773655912189
17.78055555555494 -0.0002059901379507179 0.000222506361577924
17.78333333333271 -0.0001586509563658768 0.0002580306466831056
17.78611111111049 -0.0001053839580147707 0.0002836197703105228
17.78888888888827 -4.824824859823965e-05 0.0002983307707019282
17.79166666666604 1.05581318337799e-05 0.0003016423848688072
17.79444444444382 6.87835681420659e-05 0.0002934727464432801
17.7972222222216 0.0001242097356754982 0.0002741800077978277
17.79999999999937 0.0001747365977840655 0.0002445459912935865
17.80277777777715 0.0002184622621482076 0.0002057436326976439
17.80555555555492 0.0002537546506675338 0.0001592896020250861
17.8083333333327 0.0002793122818108098 0.0001069840493745032
17.81111111111048 0.0002942119101626498 5.083990441893995e-05
17.81388888888825 0.0002979412969240294 -6.99545984275006e-06
17.81666666666603 0.0002904159757781683 -6.43231194037195e-05
17.81944444444381 0.0002719795071913924 -0.0001189768211312808
17.82222222222158 0.000243387355967151 -0.0001689052872653296
17.82499999999936 0.0002057751566317901 -0.0002122494611429074
17.82777777777714 0.0001606127247223264 -0.0002474117784708458
17.83055555555491 0.0001096457066074617 -0.0002731148844862087
17.83333333333269 5.482721618102279e-05 -0.0002884476490810435
17.83611111111047 -1.757833181454193e-06 -0.000292896841764708
17.83888888888824 -5.797274127604599e-05 -0.0002863633954010241
17.84166666666602 -0.0001117102832816997 -0.0002691627894591206
17.84444444444379 -0.0001609721120286225 -0.0002420096963527533
17.84722222222157 -0.0002039432959867032 -0.0002059876345572626
17.84999999999935 -0.0002390592077303738 -0.0001625049366425964
17.85277777777712 -0.0002650623008828026 -0.0001132388478504669
17.8555555555549 -0.0002810467270423387 -6.00700026418828e-05
17.85833333333268 -0.0002864892309566874 -5.009867133654774e-06
17.86111111111045 -0.0002812653025389836 4.987602733139298e-05
17.86388888888823 -0.0002656501367790262 0.0001025461076974773
17.86666666666601 -0.0002403045348571724 0.0001510590757540349
17.86944444444378 -0.0002062464493683907 0.000193645654424403
17.87222222222156 -0.0001648094119457784 0.0002287731089132
17.87499999999934 -0.0001175895627473341 0.0002552001944325393
17.87777777777711 -6.638341068389456e-05 0.0002720205738860277
17.88055555555489 -1.311877631265587e-05 0.0002786932094941291
17.88333333333266 4.021840498814308e-05 0.0002750587433107823
17.88611111111044 9.165862084273513e-05 0.0002613414227747895
17.88888888888822 0.0001393218484141934 0.0002381366778042021
17.89166666666599 0.0001814864303174889 0.0002063849944824683
17.89444444444377 0.0002166512348548717 0.0001673332368404556
17.89722222222155 0.0002435888622490099 0.0001224850238995161
17.89999999999932 0.0002613880253897796 7.354215758883735e-05
17.9027777777771 0.0002694836655168045 2.233940469094918e-05
17.90555555555488 0.0002676738428143965 -2.92248476800609e-05
17.90833333333265 0.0002561229502916436 -7.925942517240403e-05
17.91111111111043 0.000235351316900448 -0.0001259500323457193
17.91388888888821 0.0002062117729790649 -0.0001676251786426035
17.91666666666598 0.0001698542288829886 -0.0002028159682748722
17.91944444444376 0.0001276797486053232 -0.000230307622363422
17.92222222222154 8.128596890288723e-05 -0.0002491809413821969
17.92499999999931 3.240600813064854e-05 -0.000258842317166472
17.92777777777709 -1.715678205222842e-05 -0.0002590413503366478
17.93055555555486 -6.559575111417022e-05 -0.0002498756034946804
17.93333333333264 -0.0001111670753316593 -0.0002317825047157111
17.93611111111042 -0.0001522526491365841 -0.0002055188914369007
17.93888888888819 -0.000187417474811001 -0.0001721291342369661
17.94166666666597 -0.0002154595229750595 -0.0001329031869005924
17.94444444444375 -0.0002354503471408702 -8.932625920373358e-05
17.94722222222152 -0.0002467651047092767 -4.302208999768552e-05
17.9499999999993 -0.0002491010493164069 4.307998745099674e-06
17.95277777777708 -0.000242483999316749 5.094796735372837e-05
17.95555555555485 -0.0002272627375808749 9.522951191824788e-05
17.95833333333263 -0.0002040917417910612 0.0001355918290665722
17.96111111111041 -0.0001739030657256443 0.0001706365529869253
17.96388888888818 -0.0001378685754780707 0.0001991759395303535
17.96666666666596 -9.735407671815977e-05 0.0002202726530341652
17.96944444444373 -5.386713868179474e-05 0.0002332698475649707
17.97222222222151 -9.000618878803395e-06 0.0002378106120944225
17.97499999999929 3.562598641009498e-05 0.0002338462539905161
17.97777777777706 7.842519980270236e-05 0.0002216333116701671
17.98055555555484 0.0001178981017173625 0.0002017195997887287
17.98333333333262 0.0001526867396375991 0.0001749199838582596
17.98611111111039 0.0001816205841700713 0.0001422829416379626
17.98888888888817 0.0002037554584678643 0.0001050492834891173
17.99166666666595 0.0002184036701714978 6.460466254465763e-05
17.99444444444372 0.0002251544178799273 2.242769969275055e-05
17.9972222222215 0.000223883913917974 -1.996432771058726e-05
17.99999999999928 0.0002147550477790117 -6.107023387011579e-05
18.00277777777705 0.0001982067958531434 -9.94581327881498e-05
18.00555555555483 0.0001749339490455071 -0.0001338152243370892
18.0083333333326 0.0001458580676617392 -0.0001629924362209448
18.01111111111038 0.0001120908708032764 -0.00018604241927813
18.01388888888816 7.48915155443775e-05 -0.0002022496626947321
18.01666666666593 3.56194114263379e-05 -0.0002111518037115631
18.01944444444371 -4.315657306001018e-06 -0.000212551541270262
18.02222222222149 -4.350426897854212e-05 -0.0002065189120493477
18.02499999999926 -8.058713546130924e-05 -0.000193384037549749
18.02777777777704 -0.0001143021534723325 -0.0001737207896208965
18.03055555555482 -0.0001435271166768376 -0.0001483221371059398
18.03333333333259 -0.0001673166580638286 -0.0001181682172964599
18.03611111111037 -0.0001849322281963441 -8.438841329062998e-05
18.03888888888815 -0.000195864188572411 -4.821890460149201e-05
18.04166666666592 -0.0001998453997785777 -1.095728797162111e-05
18.0444444444437 -0.0001968559999675989 2.608406502546976e-05
18.04722222222147 -0.0001871193887436 6.162423845274306e-05
18.04999999999925 -0.0001710897432594726 9.445796676253021e-05
18.05277777777703 -0.0001494316862530947 0.0001234962780627841
18.0555555555548 -0.0001229929898447343 0.000147802229580011
18.05833333333258 -9.27714254543536e-05 0.0001666205829429749
18.06111111111036 -5.98770520053932e-05 0.0001794005069943033
18.06388888888813 -2.549136627057536e-05 0.0001858106626183485
18.06666666666591 9.175182670010009e-06 0.0001857463073929574
18.06944444444369 4.292578978568568e-05 0.0001793283472445143
18.07222222222146 7.461850758241361e-05 0.0001668945472848839
18.07499999999924 0.0001032046664081902 0.0001489833846159366
18.07777777777702 0.0001277632223593384 0.0001263112728854303
18.08055555555479 0.0001475299265566155 9.974410360326313e-05
18.08333333333257 0.000161920417209719 7.026422588893534e-05
18.08611111111034 0.0001705465700086366 3.893411915438028e-05
18.08888888888812 0.0001732256939992143 6.858098677689059e-06
18.0916666666659 0.0001699824198962234 -2.485656968753271e-05
18.09444444444367 0.0001610433863955678 -5.513778229668275e-05
18.09722222222145 0.0001468250783931377 -8.298463491105302e-05
18.09999999999923 0.0001279154006421502 -0.0001075001855559448
18.102777777777 0.0001050497737236281 -0.0001279198878212556
18.10555555555478 7.90827098175427e-05 -0.0001436348160606928
18.10833333333256 5.095595857164611e-05 -0.0001542090066369411
18.11111111111033 2.166440471256818e-05 -0.0001593904603186472
18.11388888888811 -7.779053106428122e-06 -0.0001591155818952391
18.11666666666589 -3.637840888693819e-05 -0.0001535070657246292
18.11944444444366 -6.318804703026018e-05 -0.0001428654620845932
18.12222222222144 -8.734371643472792e-05 -0.0001276548711642541
18.12499999999921 -0.000108089982053956 -0.0001084834023228506
18.12777777777699 -0.0001248033024026952 -8.60791998036341e-05
18.13055555555477 -0.000137010054277416 -6.126296751839914e-05
18.13333333333254 -0.0001443990174729992 -3.491802114251003e-05
18.13611111111032 -0.0001468280353224783 -7.958953294439419e-06
18.1388888888881 -0.0001443247741170608 1.869998389740412e-05
18.14166666666587 -0.0001370817085817801 4.417569452550903e-05
18.14444444444365 -0.000125445654628775 6.764522533159967e-05
18.14722222222143 -0.0001099023481727725 8.837198564320102e-05
18.1499999999992 -9.105672423390798e-05 0.0001057283836354277
18.15277777777698 -6.960967915878117e-05 0.0001192142063454604
18.15555555555476 -4.633219693564402e-05 0.0001284702343647577
18.15833333333253 -2.203778577803825e-05 0.0001332867583592444
18.16111111111031 2.445797840607681e-06 0.0001336068470718336
18.16388888888808 2.630456375486018e-05 0.000129524398811199
18.16666666666586 4.87651036625083e-05 0.0001212771843749721
18.16944444444364 6.911933724342947e-05 0.0001092352530688912
18.17222222222141 8.674641322869948e-05 9.388521973901034e-05
18.17499999999919 0.0001011311081618156 7.581107506980955e-05
18.17777777777697 0.0001118782027297209 5.567226024902044e-05
18.18055555555474 0.0001187224662134044 3.417981786964383e-05
18.18333333333252 0.0001215340382555788 1.207147210618792e-05
18.1861111111103 0.0001203191581415357 -9.913497736696477e-06
18.18888888888807 0.0001152163495787355 -3.105874465557544e-05
18.19166666666585 0.0001064883183024505 -5.069390315206555e-05
18.19444444444363 9.450995592576388e-05 -6.821547294393159e-05
18.1972222222214 7.975296210763989e-05 -8.310490414764295e-05
18.19999999999918 6.276769487858996e-05 -9.494336348945817e-05
18.20277777777696 4.416293319842397e-05 -0.0001034227876924423
18.20555555555473 2.458428478533183e-05 -0.000108352966032043
18.20833333333251 4.691995107677091e-06 -0.0001096645342901419
18.21111111111028 -1.486108974489151e-05 -0.0001074079020939797
18.21388888888806 -3.345068184827301e-05 -0.0001017482702226227
18.21666666666584 -5.050065898152973e-05 -9.295701954373822e-05
18.21944444444361 -6.550052037384034e-05 -8.139986492474929e-05
18.22222222222139 -7.802018017562007e-05 -6.752226244601676e-05
18.22499999999917 -8.772169232428446e-05 -5.183263389721146e-05
18.22777777777694 -9.436761475740968e-05 -3.488402698731069e-05
18.23055555555472 -9.782584119990417e-05 -1.7254861820739e-05
18.2333333333325 -9.807085078245562e-05 4.705763192968531e-07
18.23611111111027 -9.518144542184949e-05 1.772125054662721e-05
18.23888888888805 -8.933515829794303e-05 3.395747869323532e-05
18.24166666666583 -8.079962034197127e-05 4.868747165833756e-05
18.2444444444436 -6.99212623010741e-05 6.148181272700672e-05
18.24722222222138 -5.711180510023484e-05 7.198547033278704e-05
18.24999999999915 -4.283304893168234e-05 7.992703089487384e-05
18.25277777777693 -2.758051045299728e-05 8.512493965907007e-05
18.25555555555471 -1.186647704066099e-05 8.749064230527744e-05
18.25833333333248 3.796952747870053e-06 8.70286248732489e-05
18.26111111111026 1.891429182756453e-05 8.383345084122429e-05
18.26388888888804 3.302203556769064e-05 7.808398875555252e-05
18.26666666666581 4.570251782339937e-05 7.003510877829428e-05
18.26944444444359 5.659585360837958e-05 6.000719944019252e-05
18.27222222222137 6.540964562801823e-05 4.837391479441366e-05
18.27499999999914 7.192621540961417e-05 3.554860562962702e-05
18.27777777777692 7.600720814589775e-05 2.196991555689976e-05
18.2805555555547 7.75955105493069e-05 8.087033325581593e-06
18.28333333333247 7.671450997182171e-05 -5.654913080952823e-06
18.28611111111025 7.34648079260574e-05 -1.882885639053581e-05
18.28888888888802 6.801857932176802e-05 -3.10387555183551e-05
18.2916666666658 6.06118379088745e-05 -4.193114633570611e-05
18.29444444444358 5.153492667304385e-05 -5.120495634120101e-05
18.29722222222135 4.112159777368107e-05 -5.861932895169883e-05
18.29999999999913 2.973707901955954e-05 -6.399927601654075e-05
18.30277777777691 1.776554229727725e-05 -6.723905323871099e-05
18.30555555555468 5.597393725167633e-06 -6.830322987848369e-05
18.30833333333246 -6.383204001770107e-06 -6.722549890744618e-05
18.31111111111024 -1.781018877505279e-05 -6.410534433314153e-05
18.31388888888801 -2.834648124928435e-05 -5.910274660424216e-05
18.31666666666579 -3.769358146173382e-05 -5.243116300739649e-05
18.31944444444357 -4.559962155279911e-05 -4.434906628820135e-05
18.32222222222134 -5.186567478758941e-05 -3.515036024975184e-05
18.32499999999912 -5.635018379989049e-05 -2.515401508047914e-05
18.32777777777689 -5.897143571119529e-05 -1.469327730981861e-05
18.33055555555467 -5.970807635759587e-05 -4.104809663300432e-06
18.33333333333245 -5.859771822913385e-05 6.281894873540574e-06
18.33611111111022 -5.573375497398721e-05 1.615450196356308e-05
18.338888888888 -5.126054774860522e-05 2.522693591054899e-05
18.34166666666578 -4.53671938568786e-05 3.324733784612751e-05
18.34444444444355 -3.828012486610051e-05 4.000467473253866e-05
18.34722222222133 -3.0254808877597e-05 4.533384211338143e-05
18.34999999999911 -2.156684936192342e-05 4.911915686195434e-05
18.35277777777688 -1.250278076836749e-05 5.129619068804518e-05
18.35555555555466 -3.350859138471714e-06 5.185194908828703e-05
18.35833333333244 5.607865347054894e-06 5.082345207646051e-05
18.36111111111021 1.410792684776653e-05 4.829482086546458e-05
18.36388888888799 2.190703382255464e-05 4.439301733227551e-05
18.36666666666576 2.879266484586427e-05 3.928241944559715e-05
18.36944444444354 3.458750367543027e-05 3.315844498310806e-05
18.37222222222132 3.915358963629926e-05 2.62404571898909e-05
18.37499999999909 4.239510421785608e-05 1.87641991805693e-05
18.37777777777687 4.425976026953442e-05 1.097400879348103e-05
18.38055555555465 4.473880487549091e-05 3.115062450096068e-06
18.38333333333242 4.386568951494038e-05 -4.57411420364295e-06
18.3861111111102 4.17135002335979e-05 -1.186864884149144e-05
18.38888888888798 3.839127517962389e-05 -1.856364201596291e-05
18.39166666666575 3.403936610161486e-05 -2.447963653705438e-05
18.39444444444353 2.882402358060686e-05 -2.946710244383386e-05
18.39722222222131 2.293140240776771e-05 -3.340983910392878e-05
18.39999999999908 1.656119338373813e-05 -3.622723329924747e-05
18.40277777777686 9.920090887400394e-06 -3.787534981103409e-05
18.40555555555463 3.215302038231178e-06 -3.834686781909706e-05
18.40833333333241 -3.351706452302545e-06 -3.766991127362603e-05
18.41111111111019 -9.591043004630468e-06 -3.590585328514822e-05
18.41388888888796 -1.532964700880767e-05 -3.314620265113093e-05
18.41666666666574 -2.041582966050005e-05 -2.950870419258759e-05
18.41944444444352 -2.472299116775408e-05 -2.513280307979407e-05
18.42222222222129 -2.815243534304248e-05 -2.017463643417847e-05
18.42499999999907 -3.063523338663312e-05 -1.480172303371646e-05
18.42777777777685 -3.213311960336326e-05 -9.187523938915271e-06
18.43055555555462 -3.263843192299906e-05 -3.506043476348227e-06
18.4333333333324 -3.217313852088931e-05 2.073368388960752e-06
18.43611111111018 -3.078701776527618e-05 7.390864210469072e-06
18.43888888888795 -2.855508146732424e-05 1.23004665584967e-05
18.44166666666573 -2.557435042495116e-05 1.667384381675515e-05
18.4444444444435 -2.196010611898594e-05 2.040340586477967e-05
18.44722222222128 -1.784175287260518e-05 2.340465555063807e-05
18.44999999999906 -1.335843070400844e-05 2.561775703990724e-05
18.45277777777683 -8.654520512370007e-06 2.700830736874505e-05
18.45555555555461 -3.875180302559719e-06 2.756732205805819e-05
18.45833333333239 8.379558391895346e-07 2.731046875097558e-05
18.46111111111016 5.350794958494303e-06 2.627660387934154e-05
18.46388888888794 9.540411394538199e-06 2.45256858041675e-05
18.46666666666572 1.329819107288241e-05 2.213615327143158e-05
18.46944444444349 1.653242152035948e-05 1.920187005309394e-05
18.47222222222127 1.917027493772709e-05 1.582874509733477e-05
18.47499999999905 2.115915209024596e-05 1.213114230205493e-05
18.47777777777682 2.246737523037302e-05 8.228195180253949e-06
18.4805555555546 2.308423813587756e-05 4.240139338863725e-06
18.48333333333238 2.301944005863893e-05 2.847700808738007e-07
18.48611111111015 2.230194742787781e-05 -3.525876114146305e-06
18.48888888888793 2.097834210338473e-05 -7.088528577167697e-06
18.4916666666657 1.91107274810496e-05 -1.031130344488999e-05
18.49444444444348 1.677427355684591e-05 -1.311587899581344e-05
18.49722222222126 1.405448899240317e-05 -1.543918153245046e-05
18.49999999999903 1.104431222563982e-05 -1.723455444125171e-05
18.50277777777681 7.841114755710859e-06 -1.847239952549313e-05
