16.5 -1.503624709684713e-07 1.558649295049635e-07
16.50277777777778 -5.770326252444916e-08 2.161141764014076e-07
16.50555555555555 5.619630901116582e-08 2.240775650091028e-07
16.50833333333333 1.630528779894016e-07 1.741558955407557e-07
16.51111111111111 2.345058160521122e-07 7.548779404513399e-08
16.51388888888888 2.49526610968066e-07 -4.943479232360867e-08
16.51666666666666 2.004173752624955e-07 -1.697409319910506e-07
16.51944444444444 9.572950631072085e-08 -2.536891980344262e-07
16.52222222222221 -4.087446214589773e-08 -2.769166959389475e-07
16.52499999999999 -1.757959401195113e-07 -2.293165474056608e-07
16.52777777777776 -2.736313988316311e-07 -1.18645896317791e-07
16.53055555555554 -3.063279446681105e-07 3.030574994658308e-08
16.53333333333332 -2.610298847704578e-07 1.810722466252546e-07
16.53611111111109 -1.444667731410285e-07 2.94291962758708e-07
16.53888888888887 1.750447578767049e-08 3.37840083530098e-07
16.54166666666665 1.854111696309021e-07 2.957408884925446e-07
16.54444444444442 3.156225538440858e-07 1.734346934042049e-07
16.5472222222222 3.715323674908173e-07 -2.231294145473875e-09
16.54999999999998 3.336403131707075e-07 -1.886404876460189e-07
16.55277777777775 2.058054216310373e-07 -3.375666323652703e-07
16.55555555555553 1.576886973136925e-08 -4.074835425518027e-07
16.55833333333331 -1.905739362842544e-07 -3.749264290601658e-07
16.56111111111108 -3.600591601537981e-07 -2.418484186706398e-07
16.56388888888886 -4.457718489279686e-07 -3.676739362098693e-08
16.56666666666663 -4.198053263007953e-07 1.910107172674433e-07
16.56944444444441 -2.818473614987773e-07 3.830263390427772e-07
16.57222222222219 -6.105254293017913e-08 4.864750704918415e-07
16.57499999999996 1.897350219801069e-07 4.68491266369751e-07
16.57777777777774 4.063853871174419e-07 3.261006977665812e-07
16.58055555555552 5.296706362985615e-07 8.893006667900216e-08
16.58333333333329 5.212070861417329e-07 -1.865155720715578e-07
16.58611111111107 3.749222385412087e-07 -4.300443577127153e-07
16.58888888888885 1.207238053055166e-07 -5.754357802947794e-07
16.59166666666662 -1.811051798563038e-07 -5.781846601252848e-07
16.5944444444444 -4.539020064467668e-07 -4.286417926703628e-07
16.59722222222218 -6.238477655994514e-07 -1.567763105893599e-07
16.59999999999995 -6.396654266031173e-07 1.732403315643976e-07
16.60277777777773 -4.876058462038153e-07 4.778477119074544e-07
16.6055555555555 -1.9744947775285e-07 6.749841800398777e-07
16.60833333333328 1.626407968379771e-07 7.059009835407372e-07
16.61111111111106 5.017614559994618e-07 5.521782902167069e-07
16.61388888888883 7.289233099080063e-07 2.431251895658423e-07
16.61666666666661 7.771537602361363e-07 -1.490092682617144e-07
16.61944444444439 6.227412002780596e-07 -5.255138703446971e-07
16.62222222222216 2.94205971927472e-07 -7.857445991973675e-07
16.62499999999994 -1.320310351400051e-07 -8.536977707622959e-07
16.62777777777772 -5.489663555728242e-07 -6.996956706205444e-07
16.63055555555549 -8.45529201853493e-07 -3.511156600459276e-07
16.63333333333327 -9.358194552906903e-07 1.11373696239331e-07
16.63611111111105 -7.834627058596744e-07 5.719712807638928e-07
16.63888888888882 -4.143000738672046e-07 9.083606348510177e-07
16.6416666666666 8.668691674702263e-08 1.023818615384992e-06
16.64444444444437 5.943722708129217e-07 8.74484172791114e-07
16.64722222222215 9.743255401664033e-07 4.842277009024877e-07
16.64999999999993 1.118009449305303e-06 -5.760223528376991e-08
16.6527777777777 9.732238144545313e-07 -6.160045899535369e-07
16.65555555555548 5.613903840063729e-07 -1.043514563961446e-06
16.65833333333326 -2.373292748266801e-08 -1.218721693259139e-06
16.66111111111103 -6.366956302284536e-07 -1.080168328190687e-06
16.66388888888881 -1.116023361514322e-06 -6.463040109930908e-07
16.66666666666659 -1.326301874375161e-06 -1.532606667042302e-08
16.66944444444436 -1.195828508915091e-06 6.562655142025264e-07
16.67222222222214 -7.395092022282657e-07 1.191953736629211e-06
16.67499999999992 -5.999814375097366e-08 1.441114680945571e-06
16.67777777777769 6.745278217855796e-07 1.32074045820731e-06
16.68055555555547 1.271414924413983e-06 8.415719915026741e-07
16.68333333333324 1.563544455177137e-06 1.107249573000224e-07
16.68611111111102 1.455466859113969e-06 -6.912904515859805e-07
16.6888888888888 9.530844945730547e-07 -1.35452502643278e-06
16.69166666666657 1.679662480157714e-07 -1.693996813307412e-06
16.69444444444435 -7.063566277756438e-07 -1.600598315758485e-06
16.69722222222213 -1.44141260730707e-06 -1.074665558744653e-06
16.6999999999999 -1.832900397457007e-06 -2.321995731921298e-07
16.70277777777768 -1.756754755936069e-06 7.19526064006644e-07
16.70555555555546 -1.206961385774944e-06 1.5322184618398e-06
16.70833333333323 -3.039199238072253e-07 1.98070876301587e-06
16.71111111111101 7.305962964557096e-07 1.92458689384928e-06
16.71388888888879 1.627097561684129e-06 1.35064611917091e-06
16.71666666666656 2.137902404663639e-06 3.836392167196718e-07
16.71944444444434 2.104777748981251e-06 -7.393641986341661e-07
16.72222222222211 1.506422385708103e-06 -1.726221190395727e-06
16.72499999999989 4.718856483471113e-07 -2.30499092331576e-06
16.72777777777767 -7.456276910047034e-07 -2.298044215864329e-06
16.73055555555544 -1.829779275523268e-06 -1.675021779558042e-06
16.73333333333322 -2.482515335344884e-06 -5.692028951315263e-07
16.736111111111 -2.505138678060179e-06 7.491876590234761e-07
16.73888888888877 -1.857205276032939e-06 1.937982925966538e-06
16.74166666666655 -6.761491450068272e-07 2.671050524342297e-06
16.74444444444433 7.498500934335316e-07 2.726850658192282e-06
16.7472222222221 2.051067182428793e-06 2.05376356033268e-06
16.74999999999988 2.871207834448197e-06 7.932959429856816e-07
16.75277777777766 2.964008494143749e-06 -7.474284671624977e-07
16.75555555555543 2.265517255127717e-06 -2.169293988109931e-06
16.75833333333321 9.212268328457698e-07 -3.083637802896086e-06
16.76111111111098 -7.41746363171357e-07 -3.217481029791564e-06
16.76388888888876 -2.292955386103877e-06 -2.493317029037852e-06
16.76666666666654 -3.309033027811475e-06 -1.060535775937211e-06
16.76944444444431 -3.488179306659675e-06 7.32640367887794e-07
16.77222222222209 -2.738043566404885e-06 2.42237694892973e-06
16.77499999999987 -1.211825326878997e-06 3.548131165627068e-06
16.77777777777764 7.199632447605703e-07 3.777058240816501e-06
16.78055555555542 2.557921444615287e-06 3.000607376851453e-06
16.7833333333332 3.80171805046158e-06 1.375704545169107e-06
16.78611111111097 4.085118267125746e-06 -7.035874023088072e-07
16.78888888888875 3.281948421356142e-06 -2.699992742337982e-06
16.79166666666653 1.552786620655845e-06 -4.070630925730708e-06
16.7944444444443 -6.83408670707053e-07 -4.413406930612946e-06
16.79722222222208 -2.849039959170583e-06 -3.583035529639619e-06
16.79999999999986 -4.355761775919235e-06 -1.743686190036978e-06
16.80277777777763 -4.763020402238298e-06 6.593504004601642e-07
16.80555555555541 -3.904865581844879e-06 3.005561847633007e-06
16.80833333333318 -1.949016320966489e-06 4.658060743857229e-06
16.81111111111096 6.31367895880182e-07 5.135104893796618e-06
16.81388888888874 3.170111421762445e-06 4.248462425611645e-06
16.81666666666651 4.978539616188304e-06 2.169385139593197e-06
16.81944444444429 5.530857943969967e-06 -5.994531951788152e-07
16.82222222222207 4.614875497807477e-06 -3.343300817165388e-06
16.82499999999984 2.405392077292213e-06 -5.318275356627778e-06
16.82777777777762 -5.636402076988925e-07 -5.951529544795792e-06
16.8305555555554 -3.52580637781831e-06 -5.005178118524168e-06
16.83333333333317 -5.678413663575294e-06 -2.657623711906138e-06
16.83611111111095 -6.398423074980565e-06 5.240102171776774e-07
16.83888888888873 -5.420465423181764e-06 3.718373959699936e-06
16.8416666666665 -2.926649179124485e-06 6.060172525179932e-06
16.84444444444428 4.806977582244793e-07 6.872896003596586e-06
16.84722222222205 3.921824437933627e-06 5.861851897230685e-06
16.84999999999983 6.464845741460035e-06 3.213015129866303e-06
16.85277777777761 7.376360324812262e-06 -4.338968707517244e-07
16.85555555555538 6.330468476384603e-06 -4.137059400977943e-06
16.85833333333316 3.517240210343114e-06 -6.89380637927399e-06
16.86111111111094 -3.838677348004149e-07 -7.91028268140452e-06
16.86388888888871 -4.365067011191059e-06 -6.827459174449071e-06
16.86666666666649 -7.34851012213276e-06 -3.839809042332198e-06
16.86944444444427 -8.47618413196992e-06 3.309436848156143e-07
16.87222222222204 -7.353977199689926e-06 4.606928007360504e-06
16.87499999999982 -4.181165682853927e-06 7.830498472668159e-06
16.8777777777776 2.755385995460459e-07 9.075639513981076e-06
16.88055555555537 4.863821820132051e-06 7.911180520243516e-06
16.88333333333315 8.341401761535876e-06 4.541706544064322e-06
16.88611111111092 9.710276352210669e-06 -2.181546593543091e-07
16.8888888888887 8.500226838741979e-06 -5.137032766675919e-06
16.89166666666648 4.9217727566535e-06 -8.882941912194107e-06
16.89444444444425 -1.593904589453981e-07 -1.038177325958385e-05
16.89722222222203 -5.427956285701939e-06 -9.122267936585523e-06
16.89999999999981 -9.456934906749613e-06 -5.321641962771304e-06
16.90277777777758 -1.109185777528917e-05 9.99494583786948e-08
16.90555555555536 -9.778443348699399e-06 5.738105168955614e-06
16.90833333333314 -5.741519527845063e-06 1.00652928937702e-05
16.91111111111091 4.064875041930987e-08 1.184230358303649e-05
16.91388888888869 6.069115739417963e-06 1.046987333089679e-05
16.91666666666647 1.071002587466603e-05 6.181529164640545e-06
16.91944444444424 1.263492705073402e-05 1.757188389257366e-08
16.92222222222202 1.119765108353487e-05 -6.422753920760243e-06
16.92499999999979 6.64170296739613e-06 -1.139324290110896e-05
16.92777777777757 7.364066510790862e-08 -1.347158303167799e-05
16.93055555555535 -6.800921136890041e-06 -1.196283419726144e-05
16.93333333333312 -1.211715271203004e-05 -7.121970858902723e-06
16.9361111111109 -1.435415986660892e-05 -1.26344291499218e-07
16.93888888888868 -1.276643528982242e-05 7.205659973787101e-06
16.94166666666645 -7.622149459409539e-06 1.288406373483184e-05
16.94444444444423 -1.743182489420557e-07 1.528457352582473e-05
16.94722222222201 7.639159530146108e-06 1.360941180623223e-05
16.94999999999978 1.36963833721441e-05 8.141930392445704e-06
16.95277777777756 1.626476083097838e-05 2.160370096343508e-07
16.95555555555534 1.449265495917729e-05 -8.103760376725765e-06
16.95833333333311 8.680868049856948e-06 -1.455661649231865e-05
16.96111111111089 2.498041824854659e-07 -1.729667169732629e-05
16.96388888888866 -8.601959038485096e-06 -1.541697779150045e-05
16.96666666666644 -1.546736303907407e-05 -9.238366846421765e-06
16.96944444444422 -1.838226033908578e-05 -2.737426863470663e-07
16.97222222222199 -1.63831023489463e-05 9.136411906895921e-06
16.97499999999977 -9.813668002187127e-06 1.643131467409483e-05
16.97777777777755 -2.857850255278032e-07 1.952347538331246e-05
16.98055555555532 9.70993848496897e-06 1.739164595772818e-05
16.9833333333331 1.745125036445779e-05 1.040583590059968e-05
16.98611111111088 2.072224884138372e-05 2.836637553669485e-07
16.98888888888865 1.844310660985335e-05 -1.032552386084598e-05
16.99166666666643 1.101374407961198e-05 -1.853003082652064e-05
16.99444444444421 2.649022357480727e-07 -2.198048389174728e-05
16.99722222222198 -1.098632030154856e-05 -1.95378474674218e-05
16.99999999999976 -1.96705917378004e-05 -1.163606092374292e-05
17.00277777777753 -2.330004143341206e-05 -2.268057769466501e-07
17.00555555555531 -2.067608050707571e-05 1.169564785326913e-05
17.00833333333309 -1.227123513522993e-05 2.087593562997757e-05
17.01111111111086 -1.664532936401281e-07 2.468272537632412e-05
17.01388888888864 1.245699383122981e-05 2.185784933605758e-05
17.01666666666642 2.214912237767129e-05 1.291748107481805e-05
17.01944444444419 2.613026664284728e-05 8.068958951959765e-08
17.02222222222197 2.308301122330842e-05 -1.327401107803607e-05
17.02499999999975 1.35727640730262e-05 -2.34932582019115e-05
17.02777777777752 -3.388159586309026e-08 -2.764430586370327e-05
17.0305555555553 -1.415051486820339e-05 -2.435121840090143e-05
17.03333333333308 -2.491148311077793e-05 -1.423478582641924e-05
17.03611111111085 -2.922637476214663e-05 1.80903638391812e-07
17.03888888888863 -2.566189870492051e-05 1.509047833418168e-05
17.0416666666664 -1.490097000344144e-05 2.640695670702097e-05
17.04444444444418 3.642720322885993e-07 3.087787623185767e-05
17.04722222222196 1.609802628995056e-05 2.701423563849984e-05
17.04999999999973 2.798284229828583e-05 1.55684481991326e-05
17.05277777777751 3.260006312697566e-05 -5.881381909116668e-07
17.05555555555529 2.84071479547083e-05 -1.717742732904326e-05
17.05833333333306 1.62340463881035e-05 -2.964228925581855e-05
17.06111111111084 -8.569118867275394e-07 -3.439401579693772e-05
17.06388888888862 -1.833308407627621e-05 -2.983926887247216e-05
17.06666666666639 -3.138841357767319e-05 -1.68942720375822e-05
17.06944444444417 -3.626061841422034e-05 1.175262165928044e-06
17.07222222222195 -3.13089250542817e-05 1.956952147726553e-05
17.07499999999972 -1.754530205530437e-05 3.322427662370839e-05
17.0777777777775 1.548116571332255e-06 3.820053415975485e-05
17.08055555555528 2.089137301498295e-05 3.281411549109133e-05
17.08333333333305 3.515286200502783e-05 1.818297175531349e-05
17.08611111111083 4.021417934853049e-05 -1.980658502780085e-06
17.0888888888886 3.43524904558577e-05 -2.230336475109063e-05
17.09166666666638 1.880276503732612e-05 -3.717705062452012e-05
17.09444444444416 -2.478322546835572e-06 -4.23016965967153e-05
17.09722222222193 -2.381029709868138e-05 -3.592133070409966e-05
17.09999999999971 -3.929959388313466e-05 -1.93998059830834e-05
17.10277777777749 -4.446292715133702e-05 3.046787605562449e-06
17.10555555555526 -3.751752711593847e-05 2.541702424520415e-05
17.10833333333304 -1.996885208083133e-05 4.152308508542541e-05
17.11111111111082 3.691967660290583e-06 4.669738252405136e-05
17.11388888888859 2.712843115799908e-05 3.913756099011971e-05
17.11666666666637 4.384992909744912e-05 2.050428929713285e-05
17.11944444444415 4.90042155916497e-05 -4.42000000962825e-06
17.12222222222192 4.077748521580558e-05 -2.894940812090163e-05
17.1249999999997 2.100012921756644e-05 -4.628231033339996e-05
17.12777777777747 -5.2372308298603e-06 -5.138219134746193e-05
17.13055555555525 -3.088482276778736e-05 -4.243290656289547e-05
17.13333333333303 -4.882215916944674e-05 -2.145000848315374e-05
17.1361111111108 -5.382965750960923e-05 6.150197914634932e-06
17.13888888888858 -4.409896934436944e-05 3.293948960028052e-05
17.14166666666636 -2.18471907484612e-05 5.147111690881046e-05
17.14444444444413 7.165610465302739e-06 5.634451521365842e-05
17.14722222222191 3.511813699877001e-05 4.577034071648084e-05
17.14999999999969 5.423049944777809e-05 2.21845713858917e-05
17.15277777777746 5.892419003876074e-05 -8.290325816305818e-06
17.15555555555524 4.744119789329201e-05 -3.742537176000147e-05
17.15833333333302 2.245468515734861e-05 -5.710125981866792e-05
17.16111111111079 -9.531322999469587e-06 -6.156560363709441e-05
17.16388888888857 -3.986564122224591e-05 -4.91052175596428e-05
17.16666666666634 -6.008394981348896e-05 -2.264971706691187e-05
17.16944444444412 -6.426514625629654e-05 1.089567307184658e-05
17.1722222222219 -5.075556777356746e-05 4.244319306637695e-05
17.17499999999967 -2.276151659699151e-05 6.317868092038306e-05
17.17777777777745 1.239050615354633e-05 6.701865046345838e-05
17.18055555555523 4.51620329126545e-05 5.238490265185248e-05
17.183333333333 6.638508483189373e-05 2.278161551966324e-05
17.18611111111078 6.982136639599076e-05 -1.402297515146167e-05
17.18888888888856 5.39853601341863e-05 -4.802587986342994e-05
17.19166666666633 2.270124945611972e-05 -6.970227381293212e-05
17.19444444444411 -1.580021616940068e-05 -7.266793888043858e-05
17.19722222222189 -5.103812017750929e-05 -5.554856311702242e-05
17.19999999999966 -7.312880124290406e-05 -2.25113833389087e-05
17.20277777777744 -7.555238677228294e-05 1.772930564298861e-05
17.20555555555521 -5.706562424560041e-05 5.420175929219764e-05
17.20833333333299 -2.220274090693319e-05 7.666262267332022e-05
17.21111111111077 1.981721426405791e-05 7.846808488124194e-05
17.21388888888854 5.751937244956782e-05 5.852715463843918e-05
17.21666666666632 8.030105776645257e-05 2.176583833852809e-05
17.2194444444441 8.140774885222712e-05 -2.207075780456918e-05
17.22222222222187 5.992327681084462e-05 -6.09930542121759e-05
17.22499999999965 2.119102209296218e-05 -8.404075350536444e-05
17.22777777777743 -2.449654497973234e-05 -8.436342337757374e-05
17.2305555555552 -6.462436719522066e-05 -6.124364204094925e-05
17.23333333333298 -8.787764908393655e-05 -2.046851100555666e-05
17.23611111111076 -8.732647411453163e-05 2.710092253864833e-05
17.23888888888853 -6.247745240524625e-05 6.841429037127492e-05
17.24166666666631 -1.958844263123852e-05 9.180694290797911e-05
17.24444444444408 2.988991780579917e-05 9.028758367943159e-05
17.24722222222186 7.236316734189545e-05 6.361348768077993e-05
17.24999999999964 9.582306214899281e-05 1.854092380726139e-05
17.25277777777741 9.323675208031481e-05 -3.286917894483039e-05
17.25555555555519 6.464013728419151e-05 -7.64706549994769e-05
17.25833333333297 1.731608534674121e-05 -9.991963530843659e-05
17.26111111111074 -3.604391325526177e-05 -9.616330193788704e-05
17.26388888888852 -8.073567303640428e-05 -6.554543738005048e-05
17.2666666666663 -0.0001040894682547673 -1.590414074073406e-05
17.26944444444407 -9.905588882589009e-05 3.941882385970501e-05
17.27222222222185 -6.631711325628023e-05 8.515635478264567e-05
17.27499999999963 -1.429544869082117e-05 0.0001083245242008164
17.2777777777774 4.299804518056207e-05 0.0001019025170395666
17.28055555555518 8.972999988211693e-05 6.69426270170362e-05
17.28333333333295 0.0001126159080863107 1.248057924996659e-05
17.28611111111073 0.0001046905610724274 -4.678507764864588e-05
17.28888888888851 6.740923060035545e-05 -9.445302933606476e-05
17.29166666666628 1.045038328963187e-05 -0.0001169538558251727
17.29444444444406 -5.078272212583044e-05 -0.0001074067930486085
17.29722222222184 -9.932094346057256e-05 -6.770402407575559e-05
17.29999999999961 -0.0001213277288632757 -8.196064968685668e-06
17.30277777777739 -0.0001100374163190634 5.499301456381406e-05
17.30555555555517 -6.781401912314435e-05 0.0001043282833178506
17.30833333333294 -5.709256818409139e-06 0.0001257260144758961
17.31111111111072 5.941716145541588e-05 0.0001125681053867491
17.3138888888885 0.0001094685961889504 6.772620753679055e-05
17.31666666666627 0.0001301363322094766 2.982097008285656e-06
17.31944444444405 0.00011498405227603 -6.405547666998248e-05
17.32222222222182 6.742763454214857e-05 -0.0001147344056550709
17.3249999999996 7.308305859675498e-09 -0.0001345454468422507
17.32777777777738 -6.890732028873927e-05 -0.0001172700194098991
17.33055555555515 -0.0001201171868537783 -6.690547664746428e-05
17.33333333333293 -0.0001389392882020412 3.221721805422443e-06
17.33611111111071 -0.0001194103989978982 7.397104008520532e-05
17.33888888888848 -6.614712369407925e-05 0.0001256073474626497
17.34166666666626 6.710860439240678e-06 0.0001433029781371651
17.34444444444404 7.924391630752507e-05 0.0001213892788788374
17.34722222222181 0.0001311942149478612 6.514026470258632e-05
17.34999999999959 0.0001476208648873058 -1.046514867790176e-05
17.35277777777737 0.000123190514692591 -8.472211043960758e-05
17.35555555555514 6.387297705168794e-05 -0.0001368660305889759
17.35833333333292 -1.448872167404132e-05 -0.0001518765650468069
17.3611111111107 -9.040061861483133e-05 -0.0001247978081915913
17.36388888888847 -0.000142609950760651 -6.233381846260115e-05
17.36666666666625 -0.0001560530132523198 1.878473019085599e-05
17.36944444444402 -0.0001261947914252887 9.62732303653006e-05
17.3722222222218 -6.051192120070649e-05 0.000148412055913071
17.37499999999958 2.335526431918675e-05 0.0001601325196609785
17.37777777777735 0.0001023324933719112 0.0001273651164633867
17.38055555555513 0.0001542573676437887 5.839708785441533e-05
17.38333333333291 0.0001640968352145872 -2.820128013520008e-05
17.38611111111068 0.000128292550246302 -0.0001085696848698083
17.38888888888846 5.597988798460607e-05 -0.0001601298742058031
17.39166666666624 -3.332253007980713e-05 -0.0001679272246104245
17.39444444444401 -0.0001149747903355106 -0.000128961074079969
17.39722222222179 -0.0001660125647298728 -5.325175490112088e-05
17.39999999999957 -0.0001716045468202074 3.871749785396634e-05
17.40277777777734 -0.000129354987214544 0.0001215364900547762
17.40555555555512 -5.020508176775993e-05 0.0001718874723764466
17.40833333333289 4.4383338623416e-05 0.0001751093429175261
17.41111111111067 0.0001282421541209335 0.0001294590138814477
17.41388888888845 0.0001777357265573738 4.683331620117326e-05
17.41666666666622 0.0001784219308902095 -5.031582532211886e-05
17.419444444444 0.0001292584130893918 -0.000135077846370418
17.42222222222178 4.313105250416749e-05 -0.0001835376142862941
17.42499999999955 -5.650930183108444e-05 -0.0001815225070284751
17.42777777777733 -0.0001420283377019366 -0.0001287390904166355
17.43055555555511 -0.0001892726506382301 -3.909412062995628e-05
17.43333333333288 -0.0001843912533950803 6.295664378175827e-05
17.43611111111066 -0.0001278877109782993 0.0001490771291578993
17.43888888888844 -3.471967098776624e-05 0.0001949196582013239
17.44166666666621 6.964922770153838e-05 0.0001870084507988225
17.44444444444399 0.0001562064850769014 0.0001266918126892154
17.44722222222176 0.0002004568553218012 3.000625415554363e-05
17.44999999999954 0.000189354596611235 -7.657690917260665e-05
17.45277777777732 0.0001251399189020366 -0.0001633974765384868
17.45555555555509 2.495389460850776e-05 -0.000205861952838166
17.45833333333287 -8.372801063475124e-05 -0.0001914105266822461
17.46111111111065 -0.0001706300352436725 -0.0001232216494494469
17.46388888888842 -0.0002111122589132406 -1.956415754680823e-05
17.4666666666662 -0.000193157540543617 9.108931937606915e-05
17.46944444444398 -0.0001209278291021049 0.0001778830178687346
17.47222222222175 -1.384020796069803e-05 0.0002161847914692415
17.47499999999953 9.864609621401163e-05 0.0001945775290081432
17.47777777777731 0.0001851342808457013 0.0001182505924143992
17.48055555555508 0.0002210563976397623 7.786861079936283e-06
17.48333333333286 0.0001956531032166628 -0.0001063820952661877
17.48611111111063 0.0001151834839373871 -0.0001923607654050597
17.48888888888841 1.410623415090758e-06 -0.0002257038795556029
17.49166666666619 -0.0001142795951359623 -0.0001963677241229103
17.49444444444396 -0.0001995385926221879 -0.0001117215527629513
17.49722222222174 -0.0002301041256917991 5.28027634985582e-06
17.49999999999952 -0.0001967058313648899 0.0001223194417284214
17.50277777777729 -0.0001078614403718306 0.0002066431681008601
17.50555555555507 1.227586730142833e-05 0.0002342342469169159
17.50833333333285 0.0001304811028327232 0.0001966529704209027
17.51111111111062 0.0002136492958091553 0.0001036014607964138
17.5138888888884 0.0002380717163041647 -1.956442766194776e-05
17.51666666666618 0.0001961959169369669 -0.0001387427344675608
17.51944444444395 9.894167212215294e-05 -0.0002205313004888714
17.52222222222173 -2.71324881073943e-05 -0.0002415945116910408
17.5249999999995 -0.0001470812589107984 -0.0001953227970741506
17.52777777777728 -0.0002272631579465053 -9.388393840859964e-05
17.53055555555506 -0.0002447812599076901 3.49648474514719e-05
17.53333333333283 -0.0001940232027408845 0.0001554724541814785
17.53611111111061 -8.843198116550549e-05 0.0002338186324340622
17.53888888888839 4.304460100978291e-05 0.0002476113815391133
17.54166666666616 0.0001638910546546982 0.0001922883005636946
17.54444444444394 0.0002401714202317678 8.259141958637729e-05
17.54722222222172 0.0002500652350378566 -5.135318186630309e-05
17.54999999999949 0.0001901109334796191 -0.0001723108623542392
17.55277777777727 7.636979882531498e-05 -0.0002462952984525288
17.55555555555505 -5.987041511640431e-05 -0.0002521242589723604
17.55833333333282 -0.0001807048683555114 -0.0001874857138626751
17.5611111111106 -0.0002521642780086149 -6.977660568238102e-05
17.56388888888837 -0.0002537711111696055 6.857458507169409e-05
17.56666666666615 -0.0001844091071439477 0.0001890453836134881
17.56944444444393 -6.282327118870176e-05 0.0002577527595977106
17.5722222222217 7.744251526121119e-05 0.0002549898035041068
17.57499999999948 0.0001973041784270424 0.0001808795049347238
17.57777777777726 0.0002630356915152862 5.552315964917131e-05
17.58055555555503 0.0002557658310853723 -8.644966095499222e-05
17.58333333333281 0.0001768972867491438 -0.0002054526296264273
17.58611111111059 4.789154386981638e-05 -0.0002679887280301357
17.58888888888836 -9.55702137926387e-05 -0.0002560862946160271
17.59166666666614 -0.0002134618744891072 -0.000172464869488969
17.59444444444392 -0.0002725883870340658 -3.994556636918353e-05
17.59722222222169 -0.0002559400147202617 0.0001047772179857367
17.59999999999947 -0.0001675867439527457 0.0002213029702893251
17.60277777777724 -3.17041865487106e-05 0.0002768122056360188
17.60555555555502 0.0001140426974250982 0.0002553176370904789
17.6083333333328 0.0002289470582965524 0.0001622694977463026
17.61111111111057 0.0002806388923658221 2.318811388936357e-05
17.61388888888835 0.0002542117273555902 -0.0001233377929126797
17.61666666666613 0.0001565218240631658 -0.0002363655309847733
17.6194444444439 1.441972741134979e-05 -0.0002840484746451978
17.62222222222168 -0.0001326329086161637 -0.0002526168546480598
17.62499999999946 -0.0002435302011281681 -0.0001503545159588091
17.62777777777723 -0.0002870224402022355 -5.422981746535632e-06
17.63055555555501 -0.0002505296629292972 0.0001418978667407945
17.63333333333279 -0.0001437804458322824 0.0002504134714421367
17.63611111111056 3.776699678858737e-06 0.0002895438711320926
17.63888888888834 0.0001511020693035758 0.0002479489292340504
17.64166666666612 0.0002569885033636317 0.0001368145300069489
17.64444444444389 0.0002915975693508531 -1.315254372101596e-05
17.64722222222167 0.0002448756080979803 -0.0001602146658150307
17.64999999999944 0.0001294736784056277 -0.000263229383571223
17.65277777777722 -2.267655810245699e-05 -0.0002931701722477695
17.655555555555 -0.0001692047255915102 -0.0002413128615513398
17.65833333333277 -0.0002691112868231352 -0.0001217767294845701
17.66111111111055 -0.0002942502574128179 3.231967261738066e-05
17.66388888888833 -0.0002372660741931492 0.0001780414133474797
17.6666666666661 -0.0001137443707133575 0.0002746106337149893
17.66944444444388 4.205188996776337e-05 0.000294828435401964
17.67222222222166 0.0001866941666749873 0.0002327428529884833
17.67499999999943 0.0002797052419749993 0.0001053990450485428
17.67777777777721 0.0002948974296014007 -5.184244511874188e-05
17.68055555555499 0.0002277530115766634 -0.0001951328739703333
17.68333333333276 9.676484397720142e-05 -0.0002843744699629816
17.68611111111054 -6.165997197849392e-05 -0.0002944521423611321
17.68888888888831 -0.0002033280513514081 -0.0002223085390180026
17.69166666666609 -0.0002885993510953402 -8.786738784154293e-05
17.69444444444387 -0.0002934897066889248 7.147267611532845e-05
17.69722222222164 -0.0002164235530624989 0.0002112510170897316
17.69999999999942 -7.87336942973174e-05 0.0002923627179851383
17.7027777777772 8.124851215505658e-05 0.0002920095229246838
17.70555555555497 0.0002188740621014888 0.0002101142381629642
17.70833333333275 0.0002956493151779783 6.939203586397706e-05
17.71111111111053 0.0002900132799547145 -9.095536443535249e-05
17.7138888888883 0.0002033987686069053 -0.0002261706150583182
17.71666666666608 5.987178765251263e-05 -0.0002984458994570491
17.71944444444386 -0.000100561229471597 -0.0002875049606635478
17.72222222222163 -0.0002331154007175722 -0.0001962972172873835
17.72499999999941 -0.0003007413268040534 -5.020326644993098e-05
17.72777777777718 -0.000284490831475748 0.0001100343987303035
17.73055555555496 -0.0001888314507704498 0.0002396845901290044
17.73333333333274 -4.041756243025661e-05 0.0003025266252232474
17.73611111111051 0.000119343640224035 0.0002809794159830783
17.73888888888829 0.0002458559414414184 0.000181025011454346
17.74166666666607 0.0003037950527645699 3.0546364842283e-05
17.74444444444384 0.0002769814528105418 -0.0001284583774206742
17.74722222222162 0.000172902987734422 -0.0002516089301225861
17.7499999999994 2.062178308476269e-05 -0.0003045421402211818
17.75277777777717 -0.0001373488640004853 -0.0002725098380185114
17.75555555555495 -0.0002569248674919004 -0.0001644918732168955
17.75833333333273 -0.0003047657181202865 -1.067616462515465e-05
17.7611111111105 -0.0002675795524916057 0.0001459863530140311
17.76388888888828 -0.0001558194161165069 0.0002617870065860957
17.76666666666605 -7.419112547230697e-07 0.0003044659277743278
17.76944444444383 0.0001543432590581445 0.0002622075749026943
17.77222222222161 0.000266180634488993 0.0001469144600770742
17.77499999999938 0.0003036452163113393 -9.14870481380219e-06
17.77777777777716 0.0002564127809808025 -0.0001623933121451321
17.78055555555494 0.0001378067777304595 -0.0002700931503891748
17.78333333333271 -1.896372350524663e-05 -0.0003023083157545052
17.78611111111049 -0.0001701117020273651 -0.0002502158299372877
17.78888888888827 -0.0002735141287674403 -0.0001285268983714775
17.79166666666604 -0.0003004622063724362 2.867167659849475e-05
17.79444444444382 -0.0002436390390264469 0.0001774752118285409
17.7972222222216 -0.0001191059311913275 0.0002764353672518058
17.79999999999937 3.824176315527969e-05 0.0002981160646689283
17.80277777777715 0.0001844623399429885 0.0002367062473220606
17.80555555555492 0.0002788509188380299 0.0001095753855201928
17.8083333333327 0.0002952811965250177 -4.764401924356554e-05
17.81111111111048 0.0002294426698896811 -0.0001910534092780783
17.81388888888825 9.996698958928371e-05 -0.0002807571083047413
17.81666666666603 -5.684948061329321e-05 -0.0002919709561429178
17.81944444444381 -0.000197230663044291 -0.0002218747436137939
17.82222222222158 -0.0002821525328224168 -9.031250928171164e-05
17.82499999999936 -0.0002882006515694824 6.583033705836615e-05
17.82777777777714 -0.0002140299660158367 0.0002029783464217217
17.83055555555491 -8.06435683614433e-05 0.000283038046889986
17.83333333333269 7.456007727556966e-05 0.0002839874376996322
17.83611111111047 0.0002082827735890639 0.0002059367284368695
17.83888888888824 0.0002834167318845985 7.099147163227636e-05
17.84166666666602 0.0002793501977629846 -8.301362315953858e-05
17.84444444444379 0.0001976241450163133 -0.0002131323797227405
17.84722222222157 6.138703241933063e-05 -0.0002832938506554006
17.84999999999935 -9.116745254941284e-05 -0.0002743094144019467
17.85277777777712 -0.0002175177577354643 -0.000189121878907551
17.8555555555549 -0.0002826767877188309 -5.186040574050351e-05
17.85833333333268 -0.0002688870315245287 9.899970959946394e-05
17.86111111111045 -0.0001804599671748506 0.0002214316796710888
17.86388888888823 -4.24409284215181e-05 0.0002815749757512863
17.86666666666601 0.0001064903020454729 0.0002631063081928087
17.86944444444378 0.0002248691027967053 0.000171668645832395
17.87222222222156 0.00027999980918373 3.315696736432551e-05
17.87499999999934 0.0002569916658585109 -0.0001136209847905859
17.87777777777711 0.0001627781764185689 -0.000227827160613382
17.88055555555489 2.403577705561268e-05 -0.0002779645458172911
17.88333333333266 -0.0001203754293641583 -0.0002505685303003784
17.88611111111044 -0.0002303051391031737 -0.0001538186755092221
17.88888888888822 -0.0002754841974727529 -1.510336730544407e-05
17.89166666666599 -0.0002438631696390506 0.000126739278956876
17.89444444444377 -0.0001448199484820691 0.0002323044386947775
17.89722222222155 -6.384382090978864e-06 0.0002725754107705765
17.89999999999932 0.0001327001888565822 0.0002369025298248562
17.9027777777771 0.0002338285225388729 0.0001358113287969997
17.90555555555488 0.0002692563392087818 -2.098009731720714e-06
17.90833333333265 0.0002297140689768969 -0.0001382478522756614
17.91111111111043 0.0001268215239779254 -0.0002348828518018703
17.91388888888821 -1.032221124574165e-05 -0.0002655465077630139
17.91666666666598 -0.0001433740116760926 -0.0002223255919425659
17.91944444444376 -0.0002354748087966707 -0.0001178784693859846
17.92222222222154 -0.0002614666712745052 1.826828128830945e-05
17.92499999999931 -0.0002147650864069457 0.000148072455844054
17.92777777777709 -0.0001090091907857644 0.0002356136088574987
17.93055555555486 2.591800493876904e-05 0.0002570386679199393
17.93333333333264 0.0001523390030847655 0.0002070605618393403
17.93611111111042 0.0002353102019562004 0.0001002396765851353
17.93888888888819 0.0002522852690707081 -3.325495042275797e-05
17.94166666666597 0.0001992398924980813 -0.0001561714710384935
17.94444444444375 9.159476053617166e-05 -0.0002345771651171747
17.94722222222152 -4.026451234744391e-05 -0.0002472300268482204
17.9499999999993 -0.0001595696337124765 -0.0001913306656565769
17.95277777777708 -0.0002334285867566758 -8.309801554130385e-05
17.95555555555485 -0.0002418971206668373 4.693394130088444e-05
17.95833333333263 -0.0001833600361138918 0.0001625351664509561
17.96111111111041 -7.477165910919151e-05 0.0002318799441049104
17.96388888888818 5.325235997400043e-05 0.0002363112040283977
17.96666666666596 0.0001650715796273662 0.0001753545879858329
17.96944444444373 0.0002299479749044939 6.66364708704673e-05
17.97222222222151 0.0002304972527920293 -5.921076608398759e-05
17.97499999999929 0.0001673402046501361 -0.0001671841419535353
17.97777777777706 5.871172243859067e-05 -0.0002276505445947211
17.98055555555484 -6.480202249107189e-05 -0.0002244804160913576
17.98333333333262 -0.000168879794337986 -0.0001593419476424626
17.98611111111039 -0.0002250065101951853 -5.101511977065066e-05
17.98888888888817 -0.0002182858710069625 7.002083501186092e-05
17.99166666666595 -0.0001513839451647389 0.0001701670553110937
17.99444444444372 -4.356275808886612e-05 0.0002220355820855027
17.9972222222215 7.486371852456605e-05 0.0002119386820305369
17.99999999999928 0.0001710559190574564 0.0001434892907743471
18.00277777777705 0.0002187581848666399 3.636908926448231e-05
18.00555555555483 0.0002054636662774526 -7.932895204696178e-05
18.0083333333326 0.0001356799526997347 -0.0001715577471367964
18.01111111111038 2.944690149084892e-05 -0.0002151953184455567
18.01388888888816 -8.341652355153878e-05 -0.0001988852653145583
18.01666666666593 -0.0001716851549899226 -0.0001279766941169035
18.01944444444371 -0.0002113684204458931 -2.280731094528411e-05
18.02222222222149 -0.0001922274243782848 8.712806534231294e-05
18.02499999999926 -0.0001203990046040339 0.0001714518943355831
18.02777777777704 -1.645976504110717e-05 0.0002072992309916078
18.03055555555482 9.046678087806998e-05 0.0001855134796579457
18.03333333333259 0.0001708727325574593 0.000112965042880612
18.03611111111037 0.000203009660845767 1.041205679303987e-05
18.03888888888815 0.0001787660542210789 -9.343736396283363e-05
18.04166666666592 0.0001056915908386854 -0.0001699633301578328
18.0444444444437 4.670349720344135e-06 -0.0001985216638177958
18.04722222222147 -9.604591126753018e-05 -0.000172006963049316
18.04999999999925 -0.0001687401173424356 -9.859401874740972e-05
18.05277777777703 -0.0001938571142734071 7.60787349372678e-07
18.0555555555548 -0.0001652571275554661 9.829982915491563e-05
18.05833333333258 -9.168626144340572e-05 0.0001672201707439055
18.06111111111036 5.878336283348237e-06 0.0001890376904990365
18.06388888888813 0.0001002077358002023 0.000158536499844065
18.06666666666591 0.0001654210912629676 8.498080520044525e-05
18.06944444444369 0.0001840847645854151 -1.068077720516034e-05
18.07222222222146 0.0001518639968812689 -0.000101779359589747
18.07499999999924 7.848868490796487e-05 -0.0001633608839394061
18.07777777777702 -1.516802842274205e-05 -0.0001790192994046907
18.08055555555479 -0.0001030254347776113 -0.0001452574446364213
18.08333333333257 -0.0001610578407123215 -7.221949109641566e-05
18.08611111111034 -0.0001738617531638921 1.934137954790554e-05
18.08888888888812 -0.0001387335321692988 0.0001039575953493178
18.0916666666659 -6.618138628939929e-05 0.0001585304268562363
18.09444444444367 2.320341866618622e-05 0.0001686319919248723
18.09722222222145 0.0001045882680219081 0.0001323077755411575
18.09999999999923 0.0001557971718113709 6.038113009527519e-05
18.102777777777 0.0001633492103891286 -2.675795442174725e-05
18.10555555555478 0.0001259944913501413 -0.0001049305652624339
18.10833333333256 5.482411240972333e-05 -0.000152876565046424
18.11111111111033 -3.000993389029607e-05 -0.0001580318611547693
18.11388888888811 -0.0001049981791669275 -0.0001198067796108508
18.11666666666589 -0.0001497869575188619 -4.951439404631285e-05
18.11944444444366 -0.0001526975925668352 3.296535709552511e-05
18.12222222222144 -0.0001137565156234131 0.0001048052769941124
18.12499999999921 -4.445475409402633e-05 0.0001465464692116656
18.12777777777699 3.563118902639677e-05 0.0001473631951947898
18.13055555555477 0.0001043663990758618 0.0001078543504277823
18.13333333333254 0.0001431729031489959 3.964674326555123e-05
18.13611111111032 0.0001420445568940091 -3.801526997124451e-05
18.1388888888881 0.000102109719363868 -0.000103696359787294
18.14166666666587 3.509074249595941e-05 -0.0001396836662090219
18.14444444444365 -4.012622496906356e-05 -0.0001367566263299037
18.14722222222143 -0.0001028101521723232 -9.653085823049111e-05
18.1499999999992 -0.0001360956969754478 -3.078602603677879e-05
18.15277777777698 -0.0001315133847748372 4.197337313383446e-05
18.15555555555476 -9.112482648105215e-05 0.0001017228567698391
18.15833333333253 -2.673082829807139e-05 0.0001324254007900801
18.16111111111031 4.356663756491708e-05 0.0001263278259246181
18.16388888888808 0.0001004495551069589 8.58975368712633e-05
18.16666666666586 0.0001286885920945482 2.292241370054959e-05
18.16944444444364 0.000121211943421529 -4.491645651620013e-05
18.17222222222141 8.085379094850097e-05 -9.900524825857787e-05
18.17499999999919 1.935714881163871e-05 -0.0001249004440791193
18.17777777777697 -4.603369643565227e-05 -0.0001161767257230871
18.18055555555474 -9.740478080358053e-05 -7.599731975537956e-05
18.18333333333252 -0.0001210754455877864 -1.603057607317773e-05
18.1861111111103 -0.0001112321579086345 4.692956744156036e-05
18.18888888888807 -7.133082911253341e-05 9.566277043839036e-05
18.19166666666585 -1.293748843996413e-05 0.0001172273651693188
18.19444444444363 4.761554173884046e-05 0.0001063872299807211
18.1972222222214 9.379354344312282e-05 6.685604884163135e-05
18.19999999999918 0.0001133692221034076 1.007200430556781e-05
18.20277777777696 0.0001016499511872693 -4.810327542268019e-05
18.20555555555473 6.257378530269158e-05 -9.181107612505158e-05
18.20833333333251 7.427642104047916e-06 -0.0001095132641826475
18.21111111111028 -4.840453405774254e-05 -9.702736986690145e-05
18.21388888888806 -8.972894231150962e-05 -5.848397661811321e-05
18.21666666666584 -0.0001056709519821472 -4.997394041941221e-06
18.21944444444361 -9.252559830264988e-05 4.853112236233544e-05
18.22222222222139 -5.458574998599901e-05 8.75602668961841e-05
18.22499999999917 -2.773798441631789e-06 0.0001018529493100911
18.22777777777694 4.849481826526734e-05 8.814984206039738e-05
18.23055555555472 8.531768539575226e-05 5.087748049612034e-05
18.2333333333325 9.806911949708485e-05 7.490102358810877e-07
18.23611111111027 8.390443328093538e-05 -4.830731155150235e-05
18.23888888888805 4.735685089675775e-05 -8.301330941760079e-05
18.24166666666583 -1.085130808380669e-06 -9.432852715386171e-05
18.2444444444436 -4.798014725119421e-05 -7.979286739883493e-05
18.24722222222138 -8.065869789772828e-05 -4.402091178386446e-05
18.24999999999915 -9.063944500389767e-05 2.737034497301489e-06
18.25277777777693 -7.581784276600498e-05 4.752467387702478e-05
18.25555555555471 -4.086614172162285e-05 7.826483392389441e-05
18.25833333333248 4.215297574292911e-06 8.700936538016121e-05
18.26111111111026 4.695199656427099e-05 7.19813026689218e-05
18.26388888888804 7.584210692389435e-05 3.788850683724093e-05
18.26666666666581 8.344501596353309e-05 -5.528644303204682e-06
18.26944444444359 6.828447924585623e-05 -4.627293511804071e-05
18.27222222222137 3.508351947105966e-05 -7.340029996698854e-05
18.27499999999914 -6.685870496596641e-06 -7.995237933334884e-05
18.27777777777692 -4.549798693231283e-05 -6.47279388272037e-05
18.2805555555547 -7.094858189985833e-05 -3.244629550219499e-05
18.28333333333247 -7.653671589892844e-05 7.695791159886053e-06
18.28611111111025 -6.131162824749192e-05 4.463729470105998e-05
18.28888888888802 -2.997161001028875e-05 6.849550401647562e-05
18.2916666666658 8.567191882792929e-06 7.320258978315921e-05
18.29444444444358 4.370061880837469e-05 5.803492170120879e-05
18.29722222222135 6.60490009443162e-05 2.765395097387724e-05
18.29999999999913 6.995389723616686e-05 -9.30878406284632e-06
18.30277777777691 5.489666774410128e-05 -4.269731424982499e-05
18.30555555555468 2.548757074582465e-05 -6.361639541678007e-05
18.30833333333246 -9.929164007670276e-06 -6.679389716727155e-05
18.31111111111024 -4.163631191223005e-05 -5.189523606865225e-05
18.31388888888801 -6.120440659249006e-05 -2.346653508813024e-05
18.31666666666579 -6.37252433971117e-05 1.043677592455723e-05
18.31944444444357 -4.902856371801813e-05 4.052610400892261e-05
18.32222222222134 -2.158476958276976e-05 5.881916157952321e-05
18.32499999999912 1.083987877033509e-05 6.075001824851454e-05
18.32777777777689 3.937473345440599e-05 4.629420042875081e-05
18.33055555555467 5.646620981977158e-05 1.983610327876813e-05
18.33333333333245 5.786976711330915e-05 -1.114651690504903e-05
18.33611111111022 4.368935283092625e-05 -3.818978693847404e-05
18.338888888888 1.821430946443352e-05 -5.415053999412961e-05
18.34166666666578 -1.136449446054333e-05 -5.508553365411308e-05
18.34444444444355 -3.697839145286734e-05 -4.121092726181942e-05
18.34722222222133 -5.187659911279366e-05 -1.671314349460964e-05
18.34999999999911 -5.239789532165011e-05 1.150135331561335e-05
18.35277777777688 -3.885557098485089e-05 3.574721401014865e-05
18.35555555555466 -1.532637762815431e-05 4.964831346601213e-05
18.35833333333244 1.156435454154995e-05 4.980699889329119e-05
18.36111111111021 3.450246429123997e-05 3.661971163459586e-05
18.36388888888799 4.746911112036129e-05 1.404783286521655e-05
18.36666666666576 4.731259576258077e-05 -1.156046316687708e-05
18.36944444444354 3.449959474146887e-05 -3.324989995278363e-05
18.37222222222132 1.287140779798233e-05 -4.534194566006467e-05
18.37499999999909 -1.149633609374755e-05 -4.491407673492303e-05
18.37777777777687 -3.199483432856741e-05 -3.24913192161165e-05
18.38055555555465 -4.326932088779479e-05 -1.179110451417904e-05
18.38333333333242 -4.261050611068421e-05 1.137831298393845e-05
18.3861111111102 -3.059087070487116e-05 3.07421462584977e-05
18.38888888888798 -1.080105161534442e-05 4.125331621599764e-05
18.39166666666575 1.121240992615089e-05 4.040065486145005e-05
18.39444444444353 2.949629178667049e-05 2.879415275097316e-05
18.39722222222131 3.929561249824296e-05 9.895524429019163e-06
18.39999999999908 3.828303273126457e-05 -1.100431568561181e-05
18.40277777777686 2.70970157227969e-05 -2.826131747532273e-05
18.40555555555463 9.06896251370904e-06 -3.739751806814586e-05
18.40833333333241 -1.075939033513092e-05 -3.625591911842197e-05
18.41111111111019 -2.704087509106257e-05 -2.549528349245822e-05
18.41388888888796 -3.555999477325262e-05 -8.315984567730475e-06
18.41666666666574 -3.43173926173192e-05 1.048266606360019e-05
18.41944444444352 -2.398477786830254e-05 2.583823743092275e-05
18.42222222222129 -7.631400866143079e-06 3.378368381061633e-05
18.42499999999907 1.017884995898288e-05 3.246535912219126e-05
18.42777777777685 2.465631506613482e-05 2.256134080527314e-05
18.43055555555462 3.206893119060252e-05 7.010223358972833e-06
18.4333333333324 3.069757841666054e-05 -9.852328563017507e-06
18.43611111111018 2.122085443200293e-05 -2.3497673796203e-05
18.43888888888795 6.447673572173391e-06 -3.041581267480645e-05
18.44166666666573 -9.507174001486768e-06 -2.901168919227555e-05
18.4444444444435 -2.23645526177215e-05 -1.995925895040232e-05
18.44722222222128 -2.882415805332637e-05 -5.939188457019078e-06
18.44999999999906 -2.740523245887419e-05 9.147151496754642e-06
18.45277777777683 -1.877256847446577e-05 2.125888202834605e-05
18.45555555555461 -5.480424338177691e-06 2.729357464502512e-05
18.45833333333239 8.775728078032022e-06 2.587567332625155e-05
18.46111111111016 2.01823024994417e-05 1.765688488779107e-05
18.46388888888794 2.582346992248397e-05 5.067259111624656e-06
18.46666666666572 2.442042115315826e-05 -8.396082310791184e-06
18.46944444444349 1.660840980703272e-05 -1.913618296694538e-05
18.47222222222127 4.695792843876559e-06 -2.441307318040571e-05
18.47499999999905 -8.011114877869312e-06 -2.303684807312945e-05
18.47777777777682 -1.812163920387807e-05 -1.562345474698866e-05
18.4805555555546 -2.306145618244471e-05 -4.362346922479484e-06
18.48333333333238 -2.172230592043432e-05 7.623459851753378e-06
18.48611111111015 -1.469844958813276e-05 1.713955195310697e-05
18.48888888888793 -4.063461905236109e-06 2.176755273660001e-05
18.4916666666657 7.235496510145807e-06 2.047414158980083e-05
18.49444444444348 1.619058471271949e-05 1.38299494522928e-05
18.49722222222126 2.053017716349421e-05 3.795894211524099e-06
18.49999999999903 1.92897108741248e-05 -6.849361555543504e-06
18.50277777777681 1.301464009382257e-05 -1.527520108116196e-05
