16.5 1.649872165482647e-07 1.402924349385512e-07
16.50277777777778 2.062902159873759e-07 8.648323846564725e-08
16.50555555555555 2.300971946061211e-07 2.059274924044709e-08
16.50833333333333 2.329012188053502e-07 -5.170627864400657e-08
16.51111111111111 2.13029776044396e-07 -1.237323697766358e-07
16.51388888888888 1.709317037493419e-07 -1.883870508464796e-07
16.51666666666666 1.092737014756765e-07 -2.388270639314211e-07
16.51944444444444 3.282424613898047e-08 -2.691559333235147e-07
16.52222222222221 -5.187768443325597e-08 -2.750677807437714e-07
16.52499999999999 -1.370505350697493e-07 -2.543765757959071e-07
16.52777777777776 -2.143555033169042e-07 -2.07370946222859e-07
16.53055555555554 -2.756818674497611e-07 -1.369480051838147e-07
16.53333333333332 -3.139612348325096e-07 -4.849847692084053e-08
16.53611111111109 -3.239321155992153e-07 5.046179118472463e-08
16.53888888888887 -3.02776010041346e-07 1.508940570588103e-07
16.54166666666665 -2.505537806795277e-07 2.430283480120252e-07
16.54444444444442 -1.70386216997644e-07 3.172786258614109e-07
16.5472222222222 -6.834438041664413e-08 3.651990203058605e-07
16.54999999999998 4.695818871970231e-08 3.80389301458572e-07
16.55277777777775 1.65050330046227e-07 3.592568599356039e-07
16.55555555555553 2.745153457629573e-07 3.015506916652915e-07
16.55833333333331 3.640547841813791e-07 2.106000154637508e-07
16.56111111111108 4.236085572740073e-07 9.321505580313449e-08
16.56388888888886 4.454243599547939e-07 -4.076177240016049e-08
16.56666666666663 4.249675521439081e-07 -1.792322117431885e-07
16.56944444444441 3.615715237839154e-07 -3.08890182383501e-07
16.57222222222219 2.587478867629905e-07 -4.164552056391782e-07
16.57499999999996 1.241043726423355e-07 -4.899811730276756e-07
16.57777777777774 -3.11461866236677e-08 -5.201160091799212e-07
16.58055555555552 -1.930630374244935e-07 -5.01184799546917e-07
16.58333333333329 -3.46178483545562e-07 -4.319784054783657e-07
16.58611111111107 -4.749243961799471e-07 -3.161513126121819e-07
16.58888888888885 -5.651575578666076e-07 -1.621650677462877e-07
16.59166666666662 -6.056394831886701e-07 1.724539874679744e-08
16.5944444444444 -5.893218872441392e-07 2.060595328905435e-07
16.59722222222218 -5.14298951379963e-07 3.863436744854378e-07
16.59999999999995 -3.843118704498256e-07 5.398967092909967e-07
16.60277777777773 -2.08728332247699e-07 6.500233690756222e-07
16.6055555555555 -1.96668579177404e-09 7.032681364287563e-07
16.60833333333328 2.176124552832775e-07 6.909363550034518e-07
16.61111111111106 4.29270443460557e-07 6.102395507376775e-07
16.61388888888883 6.117842382472051e-07 4.649291293960373e-07
16.61666666666661 7.455028146606074e-07 2.653248620279856e-07
16.61944444444439 8.143735113539088e-07 2.76986363116784e-08
16.62222222222216 8.077367822011305e-07 -2.269647985150635e-07
16.62499999999994 7.21698503119316e-07 -4.747455620013664e-07
16.62777777777772 5.599191819539247e-07 -6.909620834141983e-07
16.63055555555549 3.337073079495546e-07 -8.525498639596122e-07
16.63333333333327 6.136598046488586e-08 -9.404235054251666e-07
16.63611111111105 -2.331874133691874e-07 -9.4158833241382e-07
16.63888888888882 -5.22435813520317e-07 -8.507787108906052e-07
16.6416666666666 -7.777506654600513e-07 -6.714336014233986e-07
16.64444444444437 -9.721367010571652e-07 -4.15874018461312e-07
16.64722222222215 -1.082978230259613e-06 -1.046177677338727e-07
16.64999999999993 -1.094516662462462e-06 2.351519122560282e-07
16.6527777777777 -9.997995809688859e-07 5.718627857796773e-07
16.65555555555548 -8.018785581525561e-07 8.723947423211854e-07
16.65833333333326 -5.140939155412182e-07 1.105239007396508e-06
16.66111111111103 -1.593651803764535e-07 1.243683111593082e-06
16.66388888888881 2.315007562311778e-07 1.268709745345986e-06
16.66666666666659 6.223742933162449e-07 1.171307726137652e-06
16.66944444444436 9.750387797095893e-07 9.539337639102786e-07
16.67222222222214 1.25281763326647e-06 6.309322849729791e-07
16.67499999999992 1.424258734922988e-06 2.27812108734341e-07
16.67777777777769 1.466517098800598e-06 -2.206144583519619e-07
16.68055555555547 1.368085989118223e-06 -6.731122144804714e-07
16.68333333333324 1.13057084270588e-06 -1.08569832324987e-06
16.68611111111102 7.692771932271565e-07 -1.415796195224998e-06
16.6888888888888 3.124875473961274e-07 -1.626486899347994e-06
16.69166666666657 -2.005758839123097e-07 -1.69044585206417e-06
16.69444444444435 -7.229765556305034e-07 -1.593160241162241e-06
16.69722222222213 -1.204227026504384e-06 -1.335070648427316e-06
16.6999999999999 -1.595034119568121e-06 -9.323661653032083e-07
16.70277777777768 -1.852192302610744e-06 -4.162795976725285e-07
16.70555555555546 -1.943153023932396e-06 1.691316857861883e-07
16.70833333333323 -1.849803331859267e-06 7.705855938292631e-07
16.71111111111101 -1.571038965006944e-06 1.330279004871207e-06
16.71388888888879 -1.123812670634267e-06 1.791294642372313e-06
16.71666666666656 -5.424707795093995e-07 2.103219245311891e-06
16.71944444444434 1.236509831637149e-07 2.227433326766745e-06
16.72222222222211 8.142320005178118e-07 2.141535489238153e-06
16.72499999999989 1.463266212460331e-06 1.842419933987908e-06
16.72777777777767 2.005207276383819e-06 1.347631867535749e-06
16.73055555555544 2.381402713606212e-06 6.947742617262193e-07
16.73333333333322 2.546201755439563e-06 -6.108147546612226e-08
16.736111111111 2.472120390329571e-06 -8.518349138553447e-07
16.73888888888877 2.153506458236601e-06 -1.602310579443217e-06
16.74166666666655 1.608264950962458e-06 -2.237224266225548e-06
16.74444444444433 8.773705130112007e-07 -2.688533179561751e-06
16.7472222222221 2.20967186812065e-08 -2.902470169288614e-06
16.74999999999988 -8.808880081005221e-07 -2.84555604389352e-06
16.75277777777766 -1.746190703181771e-06 -2.508946730204276e-06
16.75555555555543 -2.487570578382437e-06 -1.910601334056214e-06
16.75833333333321 -3.026314449234335e-06 -1.094943757167615e-06
16.76111111111098 -3.299317031341125e-06 -1.299190942429369e-07
16.76388888888876 -3.266059550965237e-06 8.984037063045062e-07
16.76666666666654 -2.913745930252803e-06 1.893282959603544e-06
16.76944444444431 -2.259997771988623e-06 2.756187013733645e-06
16.77222222222209 -1.35271748500551e-06 3.396313893031333e-06
16.77499999999987 -2.669861317004995e-07 3.739849435049369e-06
16.77777777777764 9.008537988179208e-07 3.738044737758141e-06
16.78055555555542 2.041496994034401e-06 3.373262036988324e-06
16.7833333333332 3.042666090524182e-06 2.662293408394092e-06
16.78611111111097 3.799904414132503e-06 1.656488132329484e-06
16.78888888888875 4.227156527580502e-06 4.385133298468874e-07
16.79166666666653 4.266091592048391e-06 -8.841068663103273e-07
16.7944444444443 3.893194589797206e-06 -2.188205665003572e-06
16.79722222222208 3.123819591783616e-06 -3.346180427532178e-06
16.79999999999986 2.012655879886223e-06 -4.238197551677384e-06
16.80277777777763 6.503810590646814e-07 -4.764253433722345e-06
16.80555555555541 -8.433630626605032e-07 -4.854906381874296e-06
16.80833333333318 -2.330169652286097e-06 -4.479565146799676e-06
16.81111111111096 -3.665403463305957e-06 -3.651403174318995e-06
16.81388888888874 -4.711967179594745e-06 -2.428251368092817e-06
16.81666666666651 -5.354014799387458e-06 -9.09183216840395e-07
16.81944444444429 -5.509271297869832e-06 7.730869912587124e-07
16.82222222222207 -5.138688092669226e-06 2.463457103458889e-06
16.82499999999984 -4.252361870961009e-06 3.998422480530473e-06
16.82777777777762 -2.910956949207309e-06 5.221563352691773e-06
16.8305555555554 -1.222273474443068e-06 5.999097112540376e-06
16.83333333333317 6.669396079478182e-07 6.233982442076234e-06
16.83611111111095 2.583358882817603e-06 5.877130374316852e-06
16.83888888888873 4.342644067445082e-06 4.934490126808208e-06
16.8416666666665 5.766815972545931e-06 3.469120924874898e-06
16.84444444444428 6.701849026373924e-06 1.597807697661658e-06
16.84722222222205 7.033774991255309e-06 -5.177103045446934e-07
16.84999999999983 6.701658682883586e-06 -2.684300203731835e-06
16.85277777777761 5.706033818860801e-06 -4.694692342840946e-06
16.85555555555538 4.111763041153483e-06 -6.346928100358743e-06
16.85833333333316 2.044780907647112e-06 -7.464209009124483e-06
16.86111111111094 -3.172505680030566e-07 -7.913234396544236e-06
16.86388888888871 -2.75974967064799e-06 -7.619172563101294e-06
16.86666666666649 -5.050300499902722e-06 -6.575652010055435e-06
16.86944444444427 -6.9603589355043e-06 -4.848569340591456e-06
16.87222222222204 -8.287589781620313e-06 -2.573056923222741e-06
16.87499999999982 -8.876692549128108e-06 5.641086940695715e-08
16.8777777777776 -8.636621921448844e-06 2.802127030226098e-06
16.88055555555537 -7.552363884413835e-06 5.40419648784856e-06
16.88333333333315 -5.689874306689897e-06 7.604696710179879e-06
16.88611111111092 -3.193388598075588e-06 9.172749181863669e-06
16.8888888888887 -2.75017287973243e-07 9.928107949014623e-06
16.89166666666648 2.802711230646626e-06 9.760907429187031e-06
16.89444444444425 5.749983950575358e-06 8.645478928315008e-06
16.89722222222203 8.276522024955967e-06 6.646628086237885e-06
16.89999999999981 1.011964732015352e-05 3.917426339593033e-06
16.90277777777758 1.107092906670959e-05 6.883519458517022e-07
16.90555555555536 1.099876238163037e-05 -2.751550712989193e-06
16.90833333333314 9.864508392092338e-06 -6.080019877298662e-06
16.91111111111091 7.730346446594461e-06 -8.97126246909174e-06
16.91388888888869 4.757712377597552e-06 -1.112729016227804e-05
16.91666666666647 1.196061383783848e-06 -1.230794029135414e-05
16.91944444444424 -2.637378204587836e-06 -1.235661468827279e-05
16.92222222222202 -6.385290791505019e-06 -1.121905607540813e-05
16.92499999999979 -9.683039734566842e-06 -8.953041025796098e-06
16.92777777777757 -1.219356000583623e-05 -5.727658047668594e-06
16.93055555555535 -1.364109011918572e-05 -1.811792124284411e-06
16.93333333333312 -1.384042783664914e-05 2.447532647427657e-06
16.9361111111109 -1.271868653825338e-05 6.655289708030202e-06
16.93888888888868 -1.032712737239782e-05 1.040451084392401e-05
16.94166666666645 -6.841501174353266e-06 1.331503369827162e-05
16.94444444444423 -2.550381159186031e-06 1.5071301558297e-05
16.94722222222201 2.167891269370939e-06 1.545551990334912e-05
16.94999999999978 6.877896521055554e-06 1.437276895513973e-05
16.95277777777756 1.112670556828089e-05 1.186530825875365e-05
16.95555555555534 1.448678988677385e-05 8.114240493454914e-06
16.95833333333311 1.659826511401708e-05 3.427849035222265e-06
16.96111111111089 1.720635998564281e-05 -1.782815183675954e-06
16.96388888888866 1.619029501263688e-05 -7.039264942249208e-06
16.96666666666644 1.35804297964672e-05 -1.183886261069051e-05
16.96944444444422 9.561543951106516e-06 -1.570220709019318e-05
16.97222222222199 4.461370191887666e-06 -1.82202151776387e-05
16.97499999999977 -1.275112275071008e-06 -1.909634180313703e-05
16.97777777777755 -7.123719581169697e-06 -1.81796695088905e-05
16.98055555555532 -1.252826766688351e-05 -1.548530799718771e-05
16.9833333333331 -1.69527549402261e-05 -1.119962767282184e-05
16.98611111111088 -1.99336911720017e-05 -5.669216738633249e-06
16.98888888888865 -2.112753467686879e-05 6.260214860714494e-07
16.99166666666643 -2.034847265685047e-05 7.11366724105101e-06
16.99444444444421 -1.759252361683214e-05 1.31800970444481e-05
16.99722222222198 -1.30451024197391e-05 1.822778155143888e-05
16.99999999999976 -7.07067170438214e-06 2.173328541167046e-05
17.00277777777753 -1.847770562650009e-07 2.330041263794813e-05
17.00555555555531 6.989526978999901e-06 2.27031935298228e-05
17.00833333333309 1.37772711134628e-05 1.991418340874694e-05
17.01111111111086 1.951430064033082e-05 1.51147844582972e-05
17.01388888888864 2.361138031212603e-05 8.685907705314252e-06
17.01666666666642 2.561356305274696e-05 1.179121351811496e-06
17.01944444444419 2.524893462513136e-05 -6.729683939977941e-06
17.02222222222197 2.246164630208028e-05 -1.430032246613516e-05
17.02499999999975 1.742546797409727e-05 -2.079678271770475e-05
17.02777777777752 1.053582697352394e-05 -2.555787832807103e-05
17.0305555555553 2.380291334832701e-06 -2.80633768781479e-05
17.03333333333308 -6.310472399032563e-06 -2.798908816670612e-05
17.03611111111085 -1.472728426590501e-05 -2.524521352682626e-05
17.03888888888863 -2.205695541270809e-05 -1.999365647943905e-05
17.0416666666664 -2.755992881035506e-05 -1.264185878492964e-05
17.04444444444418 -3.064372347766256e-05 -3.812892094982664e-06
17.04722222222196 -3.092498552359626e-05 5.706193821602647e-06
17.04999999999973 -2.827378233623026e-05 1.503360485124187e-05
17.05277777777751 -2.283525110716862e-05 2.327361874068923e-05
17.05555555555529 -1.502571054012136e-05 2.960165683419994e-05
17.05833333333306 -5.502691387721996e-06 3.334561383372935e-05
17.06111111111084 4.889176053543149e-06 3.405552199187493e-05
17.06388888888862 1.519209520696082e-05 3.155446373833878e-05
17.06666666666639 2.442248188109525e-05 2.596519426791305e-05
17.06944444444417 3.166389995674323e-05 1.770906910229087e-05
17.07222222222195 3.615685697618818e-05 7.476406389921438e-06
17.07499999999972 3.737676017082372e-05 -3.829879960689086e-06
17.0777777777775 3.509216554765105e-05 -1.517291640342367e-05
17.08055555555528 2.939706788307653e-05 -2.547602876807192e-05
17.08333333333305 2.071324950034929e-05 -3.372395979322917e-05
17.08611111111083 9.761434879185558e-06 -3.906171550098422e-05
17.0888888888886 -2.497059925883982e-06 -4.0881516256941e-05
17.09166666666638 -1.494361450587783e-05 -3.888914310815736e-05
17.09444444444416 -2.640342048975452e-05 -3.314264630423949e-05
17.09722222222193 -3.575537623699657e-05 -2.40587887814742e-05
17.09999999999971 -4.204056716201919e-05 -1.238552640206897e-05
17.10277777777749 -4.45589347727717e-05 8.579845537001209e-07
17.10555555555526 -4.294452121921801e-05 1.446921074656828e-05
17.10833333333304 -3.721140509733671e-05 2.717044311599468e-05
17.11111111111082 -2.776498365749684e-05 3.772773306602376e-05
17.11388888888859 -1.537638957226815e-05 4.506958066225465e-05
17.11666666666637 -1.121276295924237e-06 4.839405852891479e-05
17.11944444444415 1.371235489732801e-05 4.725379211246143e-05
17.12222222222192 2.773951009727452e-05 4.160998811149761e-05
17.1249999999997 3.960650454743564e-05 3.184937164977652e-05
17.12777777777747 4.812041492411415e-05 1.876123242123296e-05
17.13055555555525 5.236740196888216e-05 3.475492454684944e-06
17.13333333333303 5.18082957696095e-05 -1.263354975225976e-05
17.1361111111108 4.634163666732111e-05 -2.806972876578986e-05
17.13888888888858 3.632715670504466e-05 -4.135295343853632e-05
17.14166666666636 2.256623373402646e-05 -5.115995225272762e-05
17.14444444444413 6.239837340106874e-06 -5.645453744360722e-05
17.14722222222191 -1.119145439137628e-05 -5.65946904238628e-05
17.14999999999969 -2.81170406855708e-05 -5.14055862822042e-05
17.15277777777746 -4.292409145040629e-05 -4.121058173602568e-05
17.15555555555524 -5.41500768843476e-05 -2.681594455438877e-05
17.15833333333302 -6.062570537554297e-05 -9.449370672829587e-06
17.16111111111079 -6.159442272770108e-05 9.34327341788157e-06
17.16388888888857 -5.679643808835849e-05 2.783444560460914e-05
17.16666666666634 -4.650825223407242e-05 4.427271374710293e-05
17.16944444444412 -3.153262054955379e-05 5.704751139453505e-05
17.1722222222219 -1.313843707921906e-05 6.484546066458584e-05
17.17499999999967 7.045238605130724e-06 6.678320877010532e-05
17.17777777777745 2.717231851442609e-05 6.250351397509468e-05
17.18055555555523 4.534751935328883e-05 5.222441700154099e-05
17.183333333333 5.980372428103782e-05 3.673548769161907e-05
17.18611111111078 6.907236901664304e-05 1.73399791213943e-05
17.18888888888856 7.213053884804526e-05 -4.253188329363315e-06
17.19166666666633 6.851020647132956e-05 -2.607882878539091e-05
17.19444444444411 5.835821414277989e-05 -4.609332938936386e-05
17.19722222222189 4.243994573790945e-05 -6.236492268401371e-05
17.19999999999966 2.20847650869614e-05 -7.325876809030572e-05
17.20277777777744 -9.232487688590696e-07 -7.759922059712936e-05
17.20555555555521 -2.450046947273605e-05 -7.479333644466544e-05
17.20833333333299 -4.645141479720704e-05 -6.490289271111182e-05
17.21111111111077 -6.467214460528405e-05 -4.865671627093836e-05
17.21388888888854 -7.735060940266042e-05 -2.740053397474102e-05
17.21666666666632 -8.314497671132975e-05 -2.987380903488329e-06
17.2194444444441 -8.132253378139214e-05 2.238270364879033e-05
17.22222222222187 -7.184502280459801e-05 4.635994460830737e-05
17.22499999999965 -5.539094456669707e-05 6.666146508368183e-05
17.22777777777743 -3.331106253644541e-05 8.128739774787252e-05
17.2305555555552 -7.519539230849593e-06 8.871611497117281e-05
17.23333333333298 1.967073297023294e-05 8.805965827618163e-05
17.23611111111076 4.575456479714106e-05 7.916370938723122e-05
17.23888888888853 6.826433051013029e-05 6.264126727692077e-05
17.24166666666631 8.500224539943224e-05 3.983516195374332e-05
17.24444444444408 9.425328958527535e-05 1.271111149593226e-05
17.24722222222186 9.495827993421254e-05 -1.631039161392631e-05
17.24999999999964 8.682982763521799e-05 -4.456911630349816e-05
17.25277777777741 7.039886078418103e-05 -6.940803457297192e-05
17.25555555555519 4.698561474101226e-05 -8.842205851243975e-05
17.25833333333297 1.859594234839368e-05 -9.968937385740674e-05
17.26111111111074 -1.224916618759597e-05 -0.0001019632396997012
17.26388888888852 -4.273649886662285e-05 -9.48053000976551e-05
17.2666666666663 -7.001634814090501e-05 -7.86464880797158e-05
17.26944444444407 -9.146787285182952e-05 -5.476806570923513e-05
17.27222222222185 -0.0001049494648386485 -2.520266058564859e-05
17.27499999999963 -0.0001090103131894192 7.437339238592695e-06
17.2777777777774 -0.000103042438344519 4.018968485027976e-05
17.28055555555518 -8.735756503798447e-05 7.001031367892191e-05
17.28333333333295 -6.317988427461462e-05 9.405535516686645e-05
17.28611111111073 -3.25534282217744e-05 0.000109951040828449
17.28888888888851 1.829250540347858e-06 0.0001160260012383088
17.29166666666628 3.686288423951852e-05 0.000111483373956924
17.29444444444406 6.930921248945452e-05 9.649526995447786e-05
17.29722222222184 9.609548514817524e-05 7.220901896636996e-05
17.29999999999961 0.0001146042922625488 4.066262985951309e-05
17.30277777777739 0.0001229274718578425 4.615333534002888e-06
17.30555555555517 0.0001200596056001626 -3.269285843754433e-05
17.30833333333294 0.0001060117230640364 -6.783171015392314e-05
17.31111111111072 8.183286860679794e-05 -9.749543087429146e-05
17.3138888888885 4.953552248891351e-05 -0.0001188126455839034
17.31666666666627 1.192975651947647e-05 -0.0001296226784667254
17.31944444444405 -2.762037640206661e-05 -0.0001286916903946934
17.32222222222182 -6.54971819822912e-05 -0.0001158472653684606
17.3249999999996 -9.81596279278163e-05 -9.20171981993851e-05
17.32777777777738 -0.0001224734980548154 -5.91668700878298e-05
17.33055555555515 -0.0001360106788736171 -2.013893282742877e-05
17.33333333333293 -0.0001372891087505499 2.159180205450862e-05
17.33611111111071 -0.0001259298683437643 6.222721606376501e-05
17.33888888888848 -0.0001027151309554453 9.799106889103901e-05
17.34166666666626 -6.953959169978082e-05 0.0001254791790578961
17.34444444444404 -2.925775663426834e-05 0.0001419821783718228
17.34722222222181 1.456079681930422e-05 0.0001457503321344262
17.34999999999959 5.794728665046102e-05 0.0001361747078453855
17.35277777777737 9.689280569887828e-05 0.0001138662509761605
17.35555555555514 0.0001277181501895754 8.062345588463075e-05
17.35833333333292 0.0001474203183506156 3.928948718891551e-05
17.3611111111107 0.0001539631227722342 -6.490115683973886e-06
17.36388888888847 0.0001464839366358159 -5.258858514695086e-05
17.36666666666625 0.0001253958537509371 -9.476966231630002e-05
17.36944444444402 9.237385844019463e-05 -0.000129076452324633
17.3722222222218 5.022414411557296e-05 -0.0001522017289507685
17.37499999999958 2.646530601309566e-06 -0.0001618050929364372
17.37777777777735 -4.608998996671299e-05 -0.0001567466902882246
17.38055555555513 -9.153014945097099e-05 -0.000137214383662028
17.38333333333291 -0.0001294394027985105 -0.0001047307239155366
17.38611111111068 -0.0001561978604221318 -6.203695125469677e-05
17.38888888888846 -0.0001691445491130907 -1.286258050566067e-05
17.39166666666624 -0.0001668393606190369 3.840015005843805e-05
17.39444444444401 -0.000149217098946938 8.708856654242048e-05
17.39722222222179 -0.0001176175745094743 0.0001286935399107022
17.39999999999957 -7.468687226977137e-05 0.0001592766029271075
17.40277777777734 -2.415673316891019e-05 0.0001758416428913118
17.40555555555512 2.947965010987948e-05 0.000176626169138863
17.40833333333289 8.13672691772413e-05 0.0001612840048827127
17.41111111111067 0.0001267288051346444 0.0001309408122698169
17.41388888888845 0.0001613041985527055 8.811528545346708e-05
17.41666666666622 0.0001817498457880006 3.651111141111237e-05
17.419444444444 0.0001859600701530534 -1.930321846557065e-05
17.42222222222178 0.0001732800951557146 -7.429907247636547e-05
17.42499999999955 0.0001445892618980403 -0.0001234409457802365
17.42777777777733 0.0001022448486955848 -0.0001621474422459231
17.43055555555511 4.988952682686627e-05 -0.0001867177593600632
17.43333333333288 -7.861931828563219e-06 -0.000194684008980694
17.43611111111066 -6.582975302861915e-05 -0.0001850559393086885
17.43888888888844 -0.0001187341125056178 -0.0001584340217072172
17.44166666666621 -0.0001616761603260218 -0.0001169786081804312
17.44444444444399 -0.0001905912648428124 -6.423590233021094e-05
17.44722222222176 -0.000202632555206609 -4.834635911125758e-06
17.44999999999954 -0.0001964486506589752 5.59206038102335e-05
17.45277777777732 -0.0001723286691893094 0.0001125236171538901
17.45555555555509 -0.000132199405859376 0.0001597659462241682
17.45833333333287 -7.947291150099775e-05 0.0001932160082063141
17.46111111111065 -1.875637964542881e-05 0.0002096339238837452
17.46388888888842 4.455098844988328e-05 0.0002072832640424832
17.4666666666662 0.0001047388070894348 0.0001861098650333634
17.46944444444398 0.0001563011233028068 0.0001477696408323348
17.47222222222175 0.0001944402070001929 9.550089696289215e-05
17.47499999999953 0.0002155123891462973 3.385080822718718e-05
17.47777777777731 0.0002173745460643928 -3.172083343656871e-05
17.48055555555508 0.0001995983951361898 -9.53260027589766e-05
17.48333333333286 0.0001635314382695063 -0.0001511778941811302
17.48611111111063 0.0001121971315051957 -0.0001941177547809074
17.48888888888841 5.004143773037519e-05 -0.0002200910848143248
17.49166666666619 -1.745298974333606e-05 -0.0002265292521743491
17.49444444444396 -8.425143588774372e-05 -0.0002126006840258559
17.49722222222174 -0.0001443076251902234 -0.0001793072761788437
17.49999999999952 -0.0001921115874491281 -0.0001294154854933565
17.50277777777729 -0.0002231951753564487 -6.722650473920517e-05
17.50555555555507 -0.0002345488348394403 1.795389149443769e-06
17.50833333333285 -0.0002249108050864552 7.150411685470058e-05
17.51111111111062 -0.0001949011150185644 0.0001356202036697303
17.5138888888884 -0.0001469865620269239 0.0001882972637009246
17.51666666666618 -8.527807301895146e-05 0.0002246553681807931
17.51944444444395 -1.51770843193194e-05 0.0002412325954119898
17.52222222222173 5.709855174252159e-05 0.0002363130029834095
17.5249999999995 0.0001250673951564563 0.0002101000677021165
17.52777777777728 0.0001825666993006064 0.0001647183570747654
17.53055555555506 0.0002243117248620965 0.0001040416063346389
17.53333333333283 0.0002463812591147492 3.336109063074971e-05
17.53611111111061 0.0002465847317672601 -4.107722270869582e-05
17.53888888888839 0.0002246766378750804 -0.0001126261174725905
17.54166666666616 0.000182397495230271 -0.0001748319823808742
17.54444444444394 0.0001233360773119849 -0.0002220177148759295
17.54722222222172 5.262378163342123e-05 -0.0002498009380865693
17.54999999999949 -2.351274008429742e-05 -0.0002555001983707293
17.55277777777727 -9.830153973798252e-05 -0.0002383915424204079
17.55555555555505 -0.0001650291848521084 -0.0001997910826729287
17.55833333333282 -0.0002176444410534171 -0.0001429546768333419
17.5611111111106 -0.0002513074319300876 -7.280228334925281e-05
17.56388888888837 -0.0002628343857786872 4.509571415498107e-06
17.56666666666615 -0.0002509971200290305 8.212990685694999e-05
17.56944444444393 -0.000216649207276713 0.0001531220737498556
17.5722222222217 -0.0001626661803075494 0.0002110849517260711
17.57499999999948 -9.370379152036128e-05 0.0002507307990353591
17.57777777777726 -1.579474809615532e-05 0.0002683675133113752
17.58055555555503 6.418098454913292e-05 0.000262241311490635
17.58333333333281 0.0001391056164470261 0.0002327081016048122
17.58611111111059 0.0002022585408888588 0.000182217016118019
17.58888888888836 0.0002479201155659988 0.0001151063523541559
17.59166666666614 0.0002718898735638623 3.722901719999341e-05
17.59444444444392 0.0002718721793494159 -4.456001699043105e-05
17.59722222222169 0.0002476939678479581 -0.0001230091656567634
17.59999999999947 0.0002013340675705463 -0.000191114925223175
17.60277777777724 0.0001367603903302262 -0.0002427483228994944
17.60555555555502 5.95884704081387e-05 -0.0002732069670412458
17.6083333333328 -2.340908906223625e-05 -0.0002796429150734175
17.61111111111057 -0.0001048992046025127 -0.0002613274448040652
17.61388888888835 -0.0001776381760790833 -0.0002197282227775498
17.61666666666613 -0.0002351170491125437 -0.0001583910315086815
17.6194444444439 -0.0002721448369571979 -8.263565939968894e-05
17.62222222222168 -0.0002853172613429854 9.077885222599287e-07
17.62499999999946 -0.0002733286760773895 8.488153017303154e-05
17.62777777777723 -0.000237098667268101 0.0001618502761516318
17.63055555555501 -0.0001797012540322904 0.0002249612764283618
17.63333333333279 -0.0001061021809337645 0.0002685554886509126
17.63611111111056 -2.272692952344548e-05 0.0002886752560318575
17.63888888888834 6.31027528503778e-05 0.0002834229162203348
17.64166666666612 0.0001438141652063569 0.0002531378920037464
17.64444444444389 0.0002122537151081013 0.0002003758774914479
17.64722222222167 0.0002623222613234831 0.000129691301935449
17.64999999999944 0.0002895191835869258 4.724176235419146e-05
17.65277777777722 0.0002913465881199559 -3.975099714499889e-05
17.655555555555 0.0002675373652907015 -0.000123636137459499
17.65833333333277 0.0002200863797980188 -0.0001970087357630725
17.66111111111055 0.0001530815123914547 -0.0002533650050609776
17.66388888888833 7.234903473685838e-05 -0.0002876795995590267
17.6666666666661 -1.505569560828291e-05 -0.0002968536812102495
17.66944444444388 -0.00010146745563681 -0.0002799937913919216
17.67222222222166 -0.0001792857072228943 -0.0002384965045305137
17.67499999999943 -0.0002416449041959937 -0.0001759310130748605
17.67777777777721 -0.0002830212758229897 -9.772968092104905e-05
17.68055555555499 -0.0002997223568694962 -1.071361651152801e-05
17.68333333333276 -0.000290215852125951 7.750505384468157e-05
17.68611111111054 -0.0002552685939340551 0.0001591915865753575
17.68888888888831 -0.0001978831182375963 0.0002271687797723206
17.69166666666609 -0.0001230372612247841 0.0002754488984349943
17.69444444444387 -3.724958009762742e-05 0.0002997616055234362
17.69722222222164 5.199121356718143e-05 0.0002979313012314316
17.69999999999942 0.0001368826124167286 0.0002700705535657907
17.7027777777772 0.0002099927000103766 0.0002185725237729202
17.70555555555497 0.0002649123380178587 0.0001479030131725549
17.70833333333275 0.0002968177804863443 6.421041499410605e-05
17.71111111111053 0.000302894255717552 -2.521211460726056e-05
17.7138888888883 0.0002825833248149333 -0.0001125649622360406
17.71666666666608 0.0002376323596524278 -0.000190224728953556
17.71944444444386 0.0001719419059488816 -0.0002514113049519718
17.72222222222163 9.122446914983731e-05 -0.0002907808174464314
17.72499999999941 2.504814281327025e-06 -0.0003048925048529747
17.72777777777718 -8.649425055220724e-05 -0.0002925087122106176
17.73055555555496 -0.0001680266505600228 -0.0002547019125310245
17.73333333333274 -0.0002349991993396087 -0.0001947596329620535
17.73611111111051 -0.0002815899367678045 -0.0001178959039967865
17.73888888888829 -0.0003037546369903373 -3.079479210776815e-05
17.74166666666607 -0.0002995773846487399 5.897376617044744e-05
17.74444444444384 -0.0002694348713476723 0.0001436145188776332
17.74722222222162 -0.0002159604414134109 0.0002157859694916397
17.7499999999994 -0.0001438114700234975 0.0002692386194396592
17.75277777777717 -5.926084354341714e-05 0.0002993567682241739
17.75555555555495 3.035137465829616e-05 0.000303556844670789
17.75833333333273 0.000117257904954096 0.0002815079166884184
17.7611111111105 0.0001939398031962047 0.0002351556610293758
17.76388888888828 0.0002537786474792946 0.0001685482878577459
17.76666666666605 0.0002916286460839306 8.748019427873688e-05
17.76944444444383 0.000304259138951181 -1.015045677523469e-06
17.77222222222161 0.0002906294449591309 -8.927773787147934e-05
17.77499999999938 0.0002519727577604871 -0.0001696874937498489
17.77777777777716 0.0001916825098907715 -0.0002353230066987705
17.78055555555494 0.0001150118389813728 -0.0002805588971494656
17.78333333333271 2.861299642184071e-05 -0.0003015480675104266
17.78611111111049 -6.004267064560167e-05 -0.0002965481924065573
17.78888888888827 -0.0001433133479075032 -0.0002660647036943212
17.79166666666604 -0.0002140474645950547 -0.0002127986968888435
17.79444444444382 -0.0002661991906241033 -0.0001414051733932967
17.7972222222216 -0.0002953456400982974 -5.808345708995783e-05
17.79999999999937 -0.0002990615031877357 2.996394122950381e-05
17.80277777777715 -0.0002771194231913987 0.0001151565355010372
17.80555555555492 -0.0002314997045992062 0.0001901906591270788
17.8083333333327 -0.0001662095374206173 0.0002486671012847333
17.81111111111048 -8.692840286456067e-05 0.0002856375268382967
17.81388888888825 -5.112561861016674e-07 0.0002980229714104206
17.81666666666603 8.560682021227895e-05 0.0002848690488806276
17.81944444444381 0.0001640525654231226 0.0002474168387088266
17.82222222222158 0.0002281474754615741 0.0001889844717202306
17.82499999999936 0.000272477257571951 0.0001146708025103207
17.82777777777714 0.0002933491807023756 3.090782506229882e-05
17.83055555555491 0.0002890987012904665 -5.509865713000946e-05
17.83333333333269 0.0002602200043983546 -0.0001359912467972175
17.83611111111047 0.0002093104481998049 -0.0002048921330057135
17.83888888888824 0.0001408349919893048 -0.0002559889411440172
17.84166666666602 6.073212872478506e-05 -0.0002850252675831542
17.84444444444379 -2.41036943388597e-05 -0.0002896544940078198
17.84722222222157 -0.0001064178433228388 -0.0002696275508751509
17.84999999999935 -0.0001792177765688977 -0.0002267997967273979
17.85277777777712 -0.0002363683025861721 -0.0001649578295938643
17.8555555555549 -0.0002731090476655093 -8.948249036456903e-05
17.85833333333268 -0.0002864504637726818 -6.878228497698008e-06
17.86111111111045 -0.0002754154934481464 7.578980461395754e-05
17.86388888888823 -0.0002411075182283148 0.0001515020264828189
17.86666666666601 -0.000186600263385724 0.0002138818728760427
17.86944444444378 -0.0001166606071537622 0.000257733467157525
17.87222222222156 -3.732943355294683e-05 0.000279474133004005
17.87499999999934 4.460243213919109e-05 0.0002774257874689806
17.87777777777711 0.0001221775542151304 0.0002519416501440748
17.88055555555489 0.0001888642123919952 0.0002053589944161963
17.88333333333266 0.0002391071765530427 0.0001417836044552725
17.88611111111044 0.000268790431744676 6.672590078263657e-05
17.88888888888822 0.0002755733312674273 -1.33788585216626e-05
17.89166666666599 0.0002590728357509368 -9.172434852797462e-05
17.89444444444377 0.0002208778882730848 -0.0001617131045638153
17.89722222222155 0.0001643964107362268 -0.0002175130686383648
17.89999999999932 9.45496403737213e-05 -0.0002545437374307006
17.9027777777771 1.734134509682062e-05 -0.0002698513900882335
17.90555555555488 -6.066021432281618e-05 -0.0002623427457492564
17.90833333333265 -0.0001328827193321655 -0.0002328587663104925
17.91111111111043 -0.0001933046783918993 -0.0001840840957999013
17.91388888888821 -0.0002369578342469935 -0.0001203016235098617
17.91666666666598 -0.0002603351607545536 -4.701467995859828e-05
17.91944444444376 -0.000261671010157201 2.952967263484557e-05
17.92222222222154 -0.0002410711983906541 0.0001028748151643193
17.92499999999931 -0.0002004837866612208 0.0001669004068450712
17.92777777777709 -0.0001435149079867809 0.0002163336486544971
17.93055555555486 -7.510703608060352e-05 0.0002471832375329075
17.93333333333264 -1.108501226413911e-06 0.0002570603418559823
17.93611111111042 7.222812135204244e-05 0.0002453609227088026
17.93888888888819 0.0001387756028642549 0.0002132957589061777
17.94166666666597 0.0001930446829320633 0.0001637675594268692
17.94444444444375 0.0002306367931788281 0.0001011074487081705
17.94722222222152 0.0002485995705498388 3.069479845812604e-05
17.9499999999993 0.0002456565364667721 -4.150611659589724e-05
17.95277777777708 0.0002222932986139279 -0.0001094526139178996
17.95555555555485 0.0001806949449618076 -0.0001675301426555552
17.95833333333263 0.0001245418857976262 -0.0002110163544820608
17.96111111111041 5.868319333551295e-05 -0.0002364643573648771
17.96388888888818 -1.128349249374807e-05 -0.0002419741345460192
17.96666666666596 -7.948899654892159e-05 -0.000227330942363772
17.96944444444373 -0.0001402858347785728 -0.0001940009664234366
17.97222222222151 -0.00018871612729642 -0.0001449866258079233
17.97499999999929 -0.0002209154250287521 -8.45556408375874e-05
17.97777777777706 -0.0002344196219877114 -1.786834164430899e-05
17.98055555555484 -0.0002283507314532535 4.94641564392491e-05
17.98333333333262 -0.0002034678061279788 0.0001118529976513861
17.98611111111039 -0.0001620807677027752 0.0001641959098647371
17.98888888888817 -0.0001078364007747687 0.0002022942151544872
17.99166666666595 -4.539629653042773e-05 0.000223188489461735
17.99444444444372 1.996476325605693e-05 0.0002253861615815991
17.9972222222215 8.280530975908128e-05 0.0002089637814738934
17.99999999999928 0.0001379707224981484 0.0001755374140884363
18.00277777777705 0.0001810159704846019 0.0001281057084192294
18.00555555555483 0.0002085629177105577 7.078071876648834e-05
18.0083333333326 0.0002185635705344224 8.430646624060653e-06
18.01111111111038 0.0002104489454301755 -5.373440662762832e-05
18.01388888888816 0.000185153085407417 -0.000110598373065703
18.01666666666593 0.0001450123031417081 -0.000157560333264888
18.01944444444371 9.355008660253169e-05 -0.0001909061651466645
18.02222222222149 3.516740948330304e-05 -0.000208100782707892
18.02499999999926 -2.523431145604659e-05 -0.000207978128432394
18.02777777777704 -8.266526755569174e-05 -0.0001908149589913389
18.03055555555482 -0.0001324596478468455 -0.0001582843367788785
18.03333333333259 -0.0001706542896008871 -0.0001132947707773314
18.03611111111037 -0.0001943029186887523 -5.973030313339257e-05
18.03888888888815 -0.0002017011922662422 -2.114749269569905e-06
18.04166666666592 -0.0001925055816179968 5.47708592069662e-05
18.0444444444437 -0.0001677382136367149 0.0001062852523046355
18.04722222222147 -0.0001296793484959915 0.0001483053572272904
18.04999999999925 -8.165840765182637e-05 0.0001775553778213199
18.05277777777703 -2.776262239684277e-05 0.0001918603563778983
18.0555555555548 2.751120420400736e-05 0.0001903047772995061
18.05833333333258 7.963213602209035e-05 0.0001732849645919944
18.06111111111036 0.000124406394753433 0.0001424529824578012
18.06388888888813 0.0001583141082528657 0.0001005587153115545
18.06666666666591 0.0001787845590083911 5.120504025310597e-05
18.06944444444369 0.0001843885616405961 -1.462152620639547e-06
18.07222222222146 0.000174933828078588 -5.310242349482856e-05
18.07499999999924 0.0001514574223675697 -9.953844116630268e-05
18.07777777777702 0.0001161179639607994 -0.0001370933882110217
18.08055555555479 7.199839824430269e-05 -0.0001628809260891944
18.08333333333257 2.283725364384339e-05 -0.000175024977632187
18.08611111111034 -2.728821450720591e-05 -0.0001727927994016157
18.08888888888812 -7.43001468559299e-05 -0.0001566322532436076
18.0916666666659 -0.0001144514495837335 -0.0001281122079217639
18.09444444444367 -0.0001446235356983347 -8.977293723868588e-05
18.09722222222145 -0.000162566881644028 -4.490058205645449e-05
18.09999999999923 -0.0001670660141946273 2.754363288489299e-06
18.102777777777 -0.0001580171017698104 4.929044743008001e-05
18.10555555555478 -0.0001364137032044665 9.097437526533736e-05
18.10833333333256 -0.0001042438035705147 0.0001245397802272809
18.11111111111033 -6.430841730172934e-05 0.0001474418283130226
18.11388888888811 -1.997818954126291e-05 0.0001580479484578859
18.11666666666589 2.509090134439005e-05 0.0001557506164683048
18.11944444444366 6.725879012610467e-05 0.0001409947683246273
18.12222222222144 0.0001031947370076065 0.0001152195173853952
18.12499999999921 0.0001301393239673743 8.072080993944986e-05
18.12777777777699 0.000146114542032078 4.044791139488716e-05
18.13055555555477 0.0001500661561269483 -2.24832104986833e-06
18.13333333333254 0.0001419283859794019 -4.38939369498591e-05
18.13611111111032 0.0001226074614062526 -8.117405559485289e-05
18.1388888888881 9.388725241670344e-05 -0.0001111958347032208
18.14166666666587 5.826639688123904e-05 -0.000131711479412347
18.14444444444365 1.874165682382575e-05 -0.0001412842492102455
18.14722222222143 -2.144377874895436e-05 -0.0001393854308504921
18.1499999999992 -5.906595092373021e-05 -0.0001264161048911318
18.15277777777698 -9.117804151487806e-05 -0.000103653746544337
18.15555555555476 -0.0001153399857620998 -7.312975642662624e-05
18.15833333333253 -0.0001298020195977141 -3.744942809001185e-05
18.16111111111031 -0.0001336285403230653 4.297937649144816e-07
18.16388888888808 -0.0001267537982267076 3.744295123036002e-05
18.16666666666586 -0.000109966627274176 7.066492532422726e-05
18.16944444444364 -8.482719218896961e-05 9.754061082098706e-05
18.17222222222141 -5.35241100288681e-05 0.000116079904975427
18.17499999999919 -1.86848736634651e-05 0.0001250027825188603
18.17777777777697 1.684408379863791e-05 0.0001238241077022227
18.18055555555474 5.022933406118079e-05 0.0001128729282563595
18.18333333333252 7.887557309571686e-05 9.324637720759553e-05
18.1861111111103 0.0001006261172370166 6.670353651093435e-05
18.18888888888807 0.0001139234135482028 3.550927590580757e-05
18.19166666666585 0.0001179178019901401 2.241812991558382e-06
18.19444444444363 0.0001125172106699446 -3.041972749893376e-05
18.1972222222214 9.837537367387389e-05 -5.991031557968331e-05
18.19999999999918 7.682112777568332e-05 -8.397940294105028e-05
18.20277777777696 4.973597058952354e-05 -0.0001008611466932758
18.20555555555473 1.939098812095628e-05 -0.0001094017453518923
18.20833333333251 -1.174280974038971e-05 -0.0001091349225434516
18.21111111111028 -4.119497724003952e-05 -0.0001003009634591227
18.21388888888806 -6.669075013894262e-05 -8.380932200725262e-05
18.21666666666584 -8.63254736064885e-05 -6.114929800610262e-05
18.21944444444361 -9.870509070494805e-05 -3.425728021806866e-05
18.22222222222139 -0.0001030425046846361 -5.352258288024493e-06
18.22499999999917 -9.920341287028274e-05 2.324650760538025e-05
18.22777777777694 -8.76993936948803e-05 4.930475027220703e-05
18.23055555555472 -6.963026709730027e-05 7.084667505875125e-05
18.2333333333325 -4.65817036711453e-05 8.630329135299863e-05
18.23611111111027 -2.048742406714233e-05 9.462460424552343e-05
18.23888888888805 6.532142248518847e-06 9.534784730115927e-05
18.24166666666583 3.234135590505382e-05 8.861763505144312e-05
18.2444444444436 5.495723043275068e-05 7.515782754401485e-05
18.24722222222138 7.270055652442227e-05 5.61987126354248e-05
18.24999999999915 8.431889047250986e-05 3.336652600944394e-05
18.25277777777693 8.907256259684918e-05 8.545086379820775e-06
18.25555555555471 8.67780346393995e-05 -1.627877367831233e-05
18.25833333333248 7.780645857725082e-05 -3.917337617776628e-05
18.26111111111026 6.303887413649534e-05 -5.841145660646844e-05
18.26388888888804 4.37828438536415e-05 -7.259908206787963e-05
18.26666666666581 2.165820490797841e-05 -8.077474083616529e-05
18.26944444444359 -1.538195536313485e-06 -8.247174416009546e-05
18.27222222222137 -2.397757030008646e-05 -7.774016655644963e-05
18.27499999999914 -4.394243383518981e-05 -6.712783576133625e-05
18.27777777777692 -5.995688514280774e-05 -5.162310339066506e-05
18.2805555555547 -7.089416122874394e-05 -3.256503138474647e-05
18.28333333333247 -7.605377207793233e-05 -1.152899973491994e-05
18.28611111111025 -7.520314521304298e-05 9.802590813346096e-06
18.28888888888802 -6.858163776172098e-05 2.977398930274469e-05
18.2916666666658 -5.686777686060322e-05 4.688359929283072e-05
18.29444444444358 -4.111342771520671e-05 5.98955948514311e-05
18.29722222222135 -2.265104610209867e-05 6.792747338660912e-05
18.29999999999913 -2.982069086054106e-06 7.050750643174736e-05
18.30277777777691 1.634429527590738e-05 6.759858567668786e-05
18.30555555555468 3.385217259279838e-05 5.958768697553987e-05
18.30833333333246 4.825063892916019e-05 4.724287078079689e-05
18.31111111111024 5.852751092562056e-05 3.164219431589758e-05
18.31388888888801 6.40186272021277e-05 1.408094551286533e-05
18.31666666666579 6.444805921388806e-05 -4.034922710997691e-06
18.31944444444357 5.993709260378413e-05 -2.130047174593051e-05
18.32222222222134 5.098230912158037e-05 -3.641977764197559e-05
18.32499999999912 3.840547801759589e-05 -4.830203874776272e-05
18.32777777777689 2.328005361552543e-05 -5.613877208846958e-05
18.33055555555467 6.840720693784713e-06 -5.945677745291994e-05
18.33333333333245 -9.616480687075638e-06 -5.814359882272752e-05
18.33611111111022 -2.483544912806428e-05 -5.244444530928455e-05
18.338888888888 -3.769489709680745e-05 -4.293176893377537e-05
18.34166666666578 -4.728973338878839e-05 -3.045076137503719e-05
18.34444444444355 -5.299316125631585e-05 -1.604577266081531e-05
18.34722222222133 -5.44953843415363e-05 -8.739487680392732e-07
18.34999999999911 -5.181675321477202e-05 1.388685164133997e-05
18.35277777777688 -4.529522396617919e-05 2.712860836644261e-05
18.35555555555466 -3.5549976224458e-05 3.789527769604889e-05
18.35833333333244 -2.342480124527265e-05 4.545052388409236e-05
18.36111111111021 -9.916293335836012e-06 4.932636666983389e-05
18.36388888888799 3.907137105578116e-06 4.934969501835327e-05
18.36666666666576 1.698892289802952e-05 4.564539982507444e-05
18.36944444444354 2.836419431237432e-05 3.861671095789462e-05
18.37222222222132 3.722987447394575e-05 2.890504491600838e-05
18.37499999999909 4.30000223127656e-05 1.733315071279937e-05
18.37777777777687 4.534273614913356e-05 4.836478742444032e-06
18.38055555555465 4.419647120788378e-05 -7.611583838199972e-06
18.38333333333242 3.976527137064715e-05 -1.907470655574833e-05
18.3861111111102 3.249403929443928e-05 -2.872313244394567e-05
18.38888888888798 2.302644641093487e-05 -3.589263964239428e-05
18.39166666666575 1.214930801184e-05 -4.012885949562353e-05
18.39444444444353 7.281349239949208e-07 -4.121412720588948e-05
18.39722222222131 -1.036093246366369e-05 -3.917547247731396e-05
18.39999999999908 -2.029752240696943e-05 -3.427384050482599e-05
18.40277777777686 -2.83768018178308e-05 -2.69760531789593e-05
18.40555555555463 -3.405834683036461e-05 -1.791227093126241e-05
18.40833333333241 -3.700082944819497e-05 -7.822708715710469e-06
18.41111111111019 -3.708043353658317e-05 2.50197018173654e-06
18.41388888888796 -3.43922228910784e-05 1.228184970657384e-05
18.41666666666574 -2.923500154206546e-05 2.080587437930979e-05
18.41944444444352 -2.208143163166953e-05 2.748262105448564e-05
18.42222222222129 -1.353621795844096e-05 3.188018780335287e-05
18.42499999999907 -4.285958825149985e-06 3.375261599297826e-05
18.42777777777685 4.955249531239108e-06 3.305137627475358e-05
18.43055555555462 1.350020761083609e-05 2.992163053235253e-05
18.4333333333324 2.07389255599689e-05 2.468413793063761e-05
18.43611111111018 2.61812406263398e-05 1.780471779958106e-05
18.43888888888795 2.948884590806859e-05 9.85404090576073e-06
18.44166666666573 3.049474622461935e-05 1.46113653701758e-06
18.4444444444435 2.920917846440299e-05 -6.735660700681542e-06
18.44722222222128 2.581208623396348e-05 -1.413655726340615e-05
18.44999999999906 2.063324160922133e-05 -2.022341433400922e-05
18.45277777777683 1.412198693410173e-05 -2.459509864295529e-05
18.45555555555461 6.809265920535787e-06 -2.699274282938803e-05
18.45833333333239 -7.349188273964593e-07 -2.731343566275733e-05
18.46111111111016 -7.945270854363084e-06 -2.561178613784059e-05
18.46388888888794 -1.430288192082389e-05 -2.208973251310994e-05
18.46666666666572 -1.937181607173166e-05 -1.70758282244288e-05
18.46944444444349 -2.282808415554139e-05 -1.099596965484497e-05
18.47222222222127 -2.447916700629777e-05 -4.338086585377233e-06
18.47499999999905 -2.427302444962882e-05 2.386339204427625e-06
18.47777777777682 -2.22963526112544e-05 8.680944988959579e-06
18.4805555555546 -1.876266014411263e-05 1.410047574528644e-05
18.48333333333238 -1.399146544230624e-05 1.828153739128583e-05
18.48611111111015 -8.380520500302081e-06 2.096605679645435e-05
18.48888888888793 -2.373403409283803e-06 2.201601760202711e-05
18.4916666666657 3.574934633414554e-06 2.141874706779921e-05
18.49444444444348 9.032040234137747e-06 1.928275873420701e-05
18.49722222222126 1.361877382648246e-05 1.58248534493264e-05
18.49999999999903 1.703492912074881e-05 1.134979687822429e-05
18.50277777777681 1.907798945421207e-05 6.224382959509997e-06
