16.5 1.233417322908226e-07 1.780156341472025e-07
16.50277777777778 5.503370833391141e-08 2.168093510313663e-07
16.50555555555555 -2.510382083805266e-08 2.296488155123341e-07
16.50833333333333 -1.072950529397012e-07 2.130828209567726e-07
16.51111111111111 -1.808249071925732e-07 1.6731329221214e-07
16.51388888888888 -2.353942647459173e-07 9.642026964293304e-08
16.51666666666666 -2.625141898491381e-07 8.087547721594447e-09
16.51944444444444 -2.567563410820741e-07 -8.716954107938313e-08
16.52222222222221 -2.166830290047568e-07 -1.772062162757946e-07
16.52499999999999 -1.453106585243084e-07 -2.497500830746355e-07
16.52777777777776 -5.001228522503195e-08 -2.940234046231308e-07
16.53055555555554 5.816669239337069e-08 -3.022778259489584e-07
16.53333333333332 1.657290753040077e-07 -2.710306861594718e-07
16.53611111111109 2.583567695186611e-07 -2.018172131658635e-07
16.53888888888887 3.22762500937636e-07 -1.013247092308054e-07
16.54166666666665 3.485300348871027e-07 1.915175532043782e-08
16.54444444444442 3.296960046612673e-07 1.449059483998881e-07
16.5472222222222 2.658439762144379e-07 2.59553961783273e-07
16.54999999999998 1.625309239839951e-07 3.471091916110612e-07
16.55277777777775 3.094345482098556e-08 3.941441430021512e-07
16.55555555555553 -1.132225543116647e-07 3.917552142579774e-07
16.55833333333331 -2.515613755954746e-07 3.370535961938325e-07
16.56111111111108 -3.652404499689144e-07 2.339501445407812e-07
16.56388888888886 -4.374931791075132e-07 9.308115150094382e-08
16.56666666666663 -4.560007820481217e-07 -6.917292008468129e-08
16.56944444444441 -4.148356366580896e-07 -2.325048518694018e-07
16.57222222222219 -3.156753625881944e-07 -3.751459351547015e-07
16.57499999999996 -1.680754911640676e-07 -4.766907535294575e-07
16.57777777777774 1.1298837358589e-08 -5.209252194132939e-07
16.58055555555552 2.004479998290735e-07 -4.98277170941012e-07
16.58333333333329 3.746475161296003e-07 -4.075341997028681e-07
16.58611111111107 5.095956191145078e-07 -2.565485130196519e-07
16.58888888888885 5.847097076406388e-07 -6.17667564447468e-08
16.59166666666662 5.861365475269262e-07 1.534292508884492e-07
16.5944444444444 5.090508484111526e-07 3.614250290336139e-07
16.59722222222218 3.588849073212608e-07 5.338225074895675e-07
16.59999999999995 1.512530753069619e-07 6.45218240351338e-07
16.60277777777773 -8.950399810022614e-08 6.768211959974384e-07
16.6055555555555 -3.330482653439922e-07 6.194100358569732e-07
16.60833333333328 -5.467595652088244e-07 4.75186495191656e-07
16.61111111111106 -6.999978980286043e-07 2.582021798298405e-07
16.61388888888883 -7.683703059022165e-07 -6.791357478762805e-09
16.61666666666661 -7.374239575861161e-07 -2.870150446493833e-07
16.61944444444439 -6.052273649542484e-07 -5.45592583489694e-07
16.62222222222216 -3.834178940061319e-07 -7.462857680818538e-07
16.62499999999994 -9.647504579607084e-08 -8.584431510492123e-07
16.62777777777772 2.207950794578288e-07 -8.615031189283373e-07
16.63055555555549 5.273360738300521e-07 -7.484106514167191e-07
16.63333333333327 7.810229051100908e-07 -5.274138553431918e-07
16.63611111111105 9.443137505514574e-07 -2.218929877465498e-07
16.63888888888882 9.896319883405136e-07 1.318791939864541e-07
16.6416666666666 9.037279639886324e-07 4.888710932842204e-07
16.64444444444437 6.903616801262312e-07 8.008755929523358e-07
16.64722222222215 3.708350862148014e-07 1.022872457041406e-06
16.64999999999993 -1.783331809886706e-08 1.119350311123028e-06
16.6527777777777 -4.269895711729595e-07 1.069722465864294e-06
16.65555555555548 -8.02264025764898e-07 8.72040275112319e-07
16.65833333333326 -1.090634943846334e-06 5.443907022797348e-07
16.66111111111103 -1.247740854038025e-06 1.236434549126239e-07
16.66388888888881 -1.244456579362812e-06 -3.384447372202603e-07
16.66666666666659 -1.07178735427772e-06 -7.813983731113194e-07
16.66944444444436 -7.433073117695169e-07 -1.143758929204739e-06
16.67222222222214 -2.946575786890633e-07 -1.371424253017906e-06
16.67499999999992 2.200071033202583e-07 -1.425485242076903e-06
16.67777777777769 7.343220374607872e-07 -1.288454223326498e-06
16.68055555555547 1.178068829771394e-06 -9.679324145959001e-07
16.68333333333324 1.486561519387891e-06 -4.970574700770796e-07
16.68611111111102 1.609835565574465e-06 6.852531097759397e-08
16.6888888888888 1.520364874986682e-06 6.569617553062212e-07
16.69166666666657 1.218157085953885e-06 1.189088381033345e-06
16.69444444444435 7.323686571268211e-07 1.588864627358081e-06
16.69722222222213 1.190089725669734e-07 1.793993654421408e-06
16.6999999999999 -5.451840390838899e-07 1.765280394814613e-06
16.70277777777768 -1.17208110240402e-06 1.493362286478491e-06
16.70555555555546 -1.673615459894012e-06 1.0017287526862e-06
16.70833333333323 -1.973899230207695e-06 3.453930412737256e-07
16.71111111111101 -2.02036961105701e-06 -3.948573097823601e-07
16.71388888888879 -1.792369037672976e-06 -1.122098323348328e-06
16.71666666666656 -1.305823393666031e-06 -1.735693234712397e-06
16.71944444444434 -6.13143049660073e-07 -2.144948575486617e-06
16.72222222222211 2.019189332025196e-07 -2.282186834320996e-06
16.72499999999989 1.034034327627793e-06 -2.11339353433556e-06
16.72777777777767 1.769610370552517e-06 -1.644824309187303e-06
16.73055555555544 2.302006168918634e-06 -9.244229320980736e-07
16.73333333333322 2.546657425303873e-06 -3.755375072187678e-08
16.736111111111 2.454008207919408e-06 9.026880193125122e-07
16.73888888888877 2.018330680169114e-06 1.769556589699942e-06
16.74166666666655 1.280973506290422e-06 2.439425228627584e-06
16.74444444444433 3.272694232146058e-07 2.809071803876636e-06
16.7472222222221 -7.228303700271995e-07 2.811109674977676e-06
16.74999999999988 -1.72945088958793e-06 2.425314928469655e-06
16.75277777777766 -2.551077219206359e-06 1.684042959228633e-06
16.75555555555543 -3.06408837318671e-06 6.706469126398315e-07
16.75833333333321 -3.180894404752832e-06 -4.892767752683308e-07
16.76111111111098 -2.864074025787705e-06 -1.643000857928786e-06
16.76388888888876 -2.134319924387618e-06 -2.630390212556864e-06
16.76666666666654 -1.070738624834894e-06 -3.305745681155253e-06
16.76944444444431 1.96963331335816e-07 -3.558842821785844e-06
16.77222222222209 1.503768655457548e-06 -3.3321873424375e-06
16.77499999999987 2.67039582733233e-06 -2.631870345728597e-06
16.77777777777764 3.527483982111321e-06 -1.530154496864308e-06
16.78055555555542 3.939712425677121e-06 -1.5897405386857e-07
16.7833333333332 3.826481965090473e-06 1.305242851595708e-06
16.78611111111097 3.176079287370789e-06 2.663784309854379e-06
16.78888888888875 2.050987715495011e-06 3.722176196797836e-06
16.79166666666653 5.831188813497275e-07 4.317540363797017e-06
16.7944444444443 -1.040915173609681e-06 4.343006302980585e-06
16.79722222222208 -2.602967164317473e-06 3.765598788651765e-06
16.79999999999986 -3.882168103047695e-06 2.634743440558077e-06
16.80277777777763 -4.685655736946544e-06 1.079692834812377e-06
16.80555555555541 -4.87701267597653e-06 -7.043611222860957e-07
16.80833333333318 -4.39830278395538e-06 -2.480146595164863e-06
16.81111111111096 -3.282271748705674e-06 -3.999327425691816e-06
16.81388888888874 -1.652475364088121e-06 -5.036701756040805e-06
16.81666666666651 2.893233182464652e-07 -5.422949438392638e-06
16.81944444444429 2.287390892666603e-06 -5.071250007023088e-06
16.82222222222207 4.065101335949602e-06 -3.993705965989899e-06
16.82499999999984 5.362667703258617e-06 -2.304725345641303e-06
16.82777777777762 5.974463042183765e-06 -2.10203624831682e-07
16.8305555555554 5.780655682722713e-06 2.016714776517246e-06
16.83333333333317 4.76840748904309e-06 4.070581720983149e-06
16.83611111111095 3.039106075786873e-06 5.654930487129411e-06
16.83888888888873 7.998879502322553e-07 6.524410285624049e-06
16.8416666666665 -1.660163613951689e-06 6.521872677960418e-06
16.84444444444428 -4.00657744638107e-06 5.604918106196245e-06
16.84722222222205 -5.904305421070183e-06 3.857614817702985e-06
16.84999999999983 -7.064880831827312e-06 1.484976605102847e-06
16.85277777777761 -7.289382640441305e-06 -1.209900350089025e-06
16.85555555555538 -6.500920723640494e-06 -3.863692710692807e-06
16.85833333333316 -4.761518067235178e-06 -6.101105702048295e-06
16.86111111111094 -2.270213358928933e-06 -7.58722991891571e-06
16.86388888888871 6.582939306038638e-07 -8.076797502221246e-06
16.86666666666649 3.632410484020876e-06 -7.453209280051044e-06
16.86944444444427 6.235209923345184e-06 -5.751293626080637e-06
16.87222222222204 8.082121023415141e-06 -3.159760446842908e-06
16.87499999999982 8.876871567715327e-06 -1.992039390331587e-09
16.8777777777776 8.457668498560949e-06 3.303179933946116e-06
16.88055555555537 6.826580476271897e-06 6.296136825296643e-06
16.88333333333315 4.15712494783784e-06 8.539578083712026e-06
16.88611111111092 7.77911669989988e-07 9.681524245974554e-06
16.8888888888887 -2.866506673229713e-06 9.509263980366778e-06
16.89166666666648 -6.27312637292255e-06 7.986137338719818e-06
16.89444444444425 -8.949046743947943e-06 5.265091044459513e-06
16.89722222222203 -1.048187332789697e-05 1.675951456418e-06
16.89999999999981 -1.060204299259506e-05 -2.313044615564883e-06
16.90277777777758 -9.227810673696666e-06 -6.155226151156667e-06
16.90555555555536 -6.48565922800363e-06 -9.29946394325662e-06
16.90833333333314 -2.702048476224444e-06 -1.126827855344995e-05
16.91111111111091 1.633688198925841e-06 -1.1729146147201e-05
16.91388888888869 5.931381989001943e-06 -1.054851274464879e-05
16.91666666666647 9.579335053058502e-06 -7.819993413716032e-06
16.91944444444424 1.203039506487074e-05 -3.861513295536818e-06
16.92222222222202 1.288283001067075e-05 8.196637306797604e-07
16.92499999999979 1.19442102221619e-05 5.590531663410145e-06
16.92777777777757 9.268376816291018e-06 9.776817658020981e-06
16.93055555555535 5.158958696929529e-06 1.275723620165201e-05
16.93333333333312 1.373813757162424e-07 1.405450052898796e-05
16.9361111111109 -5.12170049439934e-06 1.340992365384047e-05
16.93888888888868 -9.879810986394774e-06 1.083017730880588e-05
16.94166666666645 -1.34372449643927e-05 6.598235254345589e-06
16.94444444444423 -1.52347570014341e-05 1.245292666609408e-06
16.94722222222201 -1.493973797254839e-05 -4.514097623028459e-06
16.94999999999978 -1.250382285181251e-05 -9.87604992305465e-06
16.95277777777756 -8.182374678233369e-06 -1.405837335908624e-05
16.95555555555534 -2.511327155562942e-06 -1.64134461928898e-05
16.95833333333311 3.757211765170527e-06 -1.65268240613596e-05
16.96111111111089 9.753202485641482e-06 -1.428678743485576e-05
16.96388888888866 1.460816873307336e-05 -9.913541737918449e-06
16.96666666666644 1.757972603968342e-05 -3.942077338314934e-06
16.96944444444422 1.81634712421999e-05 2.840905254673548e-06
16.97222222222199 1.617558782419883e-05 9.49896960991822e-06
16.97499999999977 1.179299544152153e-05 1.507386612958096e-05
16.97777777777755 5.543401692527129e-06 1.872213828062678e-05
16.98055555555532 -1.755505228908361e-06 1.984113040862641e-05
16.9833333333331 -9.101186076145809e-06 1.816579125941303e-05
16.98611111111088 -1.544248562115475e-05 1.382106001762406e-05
16.98888888888865 -1.982868923472087e-05 7.320362535843476e-06
16.99166666666643 -2.155046738373504e-05 -4.91890867536299e-07
16.99444444444421 -2.025203409137573e-05 -8.547921412344704e-06
16.99722222222198 -1.599710610161164e-05 -1.570093353282658e-05
16.99999999999976 -9.277172001861885e-06 -2.088693785082314e-05
17.00277777777753 -9.584243320473068e-07 -2.328142595415742e-05
17.00555555555531 7.827579632619588e-06 -2.24280512068649e-05
17.00833333333309 1.583610643517309e-05 -1.83195423836115e-05
17.01111111111086 2.188409007446336e-05 -1.141714676768118e-05
17.01388888888864 2.502329991186649e-05 -2.603216170407843e-06
17.01666666666642 2.468671594247698e-05 6.928996709105513e-06
17.01944444444419 2.078581782877563e-05 1.583499677376372e-05
17.02222222222197 1.37426720357927e-05 2.280709851234585e-05
17.02499999999975 4.449480081250883e-06 2.676481332888881e-05
17.02777777777752 -5.841534731129876e-06 2.702009005598465e-05
17.0305555555553 -1.56847990058162e-05 2.339243443489354e-05
17.03333333333308 -2.364276632772093e-05 1.625517513518034e-05
17.03611111111085 -2.849420819700139e-05 6.503368903096577e-06
17.03888888888863 -2.941948319724315e-05 -4.555171775370909e-06
17.0416666666664 -2.613497035028967e-05 -1.537301513560113e-05
17.04444444444418 -1.895510896777077e-05 -2.437785426823625e-05
17.04722222222196 -8.770138685962685e-06 -3.019933848602176e-05
17.04999999999973 3.060586594339954e-06 -3.187552120543845e-05
17.05277777777751 1.488755857592856e-05 -2.900811303864322e-05
17.05555555555529 2.4999189713413e-05 -2.184194538584043e-05
17.05833333333306 3.186776961079313e-05 -1.125410300690917e-05
17.06111111111084 3.437822245650188e-05 1.349237322670139e-06
17.06388888888862 3.200570204792433e-05 1.421685531371092e-05
17.06666666666639 2.491417844829162e-05 2.549377662978892e-05
17.06944444444417 1.395859613914298e-05 3.34868822490936e-05
17.07222222222195 5.865664954792002e-07 3.691708139398573e-05
17.07499999999972 -1.334994142075006e-05 3.512078082052142e-05
17.0777777777775 -2.584890533736736e-05 2.816933737007052e-05
17.08055555555528 -3.504397941975179e-05 1.688594529014738e-05
17.08333333333305 -3.948115830036981e-05 2.753599146607684e-06
17.08611111111083 -3.834565687219736e-05 -1.22765560243952e-05
17.0888888888886 -3.160400885040438e-05 -2.605226102133073e-05
17.09166666666638 -2.003745199437417e-05 -3.652639571269215e-05
17.09444444444416 -5.157661730067743e-06 -4.205917430341331e-05
17.09722222222193 1.098722893686026e-05 -4.167196956912149e-05
17.09999999999971 2.609202996527361e-05 -3.521386834546665e-05
17.10277777777749 3.792160755940896e-05 -2.341338261953384e-05
17.10555555555526 4.463961056435118e-05 -7.803533240753217e-06
17.10833333333304 4.509076464707645e-05 9.473362232046239e-06
17.11111111111082 3.899371973981556e-05 2.595700253601958e-05
17.11388888888859 2.701296782352535e-05 3.921734344285471e-05
17.11666666666637 1.069492999367283e-05 4.721081056137745e-05
17.11944444444415 -7.727305155803622e-06 4.859257454454424e-05
17.12222222222192 -2.563667201380378e-05 4.293754277007963e-05
17.1249999999997 -4.040169296911476e-05 3.083441068321252e-05
17.12777777777747 -4.976108436273224e-05 1.383447351645431e-05
17.13055555555525 -5.21675035632019e-05 -5.742421854616123e-06
17.13333333333303 -4.703854746483772e-05 -2.512132843406911e-05
17.1361111111108 -3.487490310842145e-05 -4.146321375833313e-05
17.13888888888858 -1.722366692486445e-05 -5.227881377789626e-05
17.14166666666636 3.513151510124186e-06 -5.580531682471658e-05
17.14444444444413 2.440214668380301e-05 -5.128923478884047e-05
17.14722222222191 4.239103515797419e-05 -3.913065005596661e-05
17.14999999999969 5.475255728364828e-05 -2.086287968694632e-05
17.15277777777746 5.949553196236198e-05 1.035060568305201e-06
17.15555555555524 5.568146261421508e-05 2.3471268181898e-05
17.15833333333302 4.359690097043574e-05 4.31749578363279e-05
17.16111111111079 2.475134058345032e-05 5.717115364099342e-05
17.16388888888857 1.695113147589065e-06 6.322751246931636e-05
17.16666666666634 -2.232187555552099e-05 6.020651609323408e-05
17.16944444444412 -4.380554837694716e-05 4.826798780171688e-05
17.1722222222219 -5.95238231507124e-05 2.888713857774189e-05
17.17499999999967 -6.699056162225962e-05 4.679424555319873e-06
17.17777777777745 -6.485518146848831e-05 -2.094825981731488e-05
17.18055555555523 -5.313736888519005e-05 -4.427422806336646e-05
17.183333333333 -3.326723122496476e-05 -6.180026553703648e-05
17.18611111111078 -7.918693684720239e-06 -7.077401590858944e-05
17.18888888888856 1.934587963299904e-05 -6.961782233523189e-05
17.19166666666633 4.457335511878323e-05 -5.819767791773807e-05
17.19444444444411 6.399075349970575e-05 -3.788746017709348e-05
17.19722222222189 7.456733690739882e-05 -1.141248623912345e-05
17.19999999999966 7.448445736017122e-05 1.751141235926732e-05
17.20277777777744 6.344077722490076e-05 4.46962997425028e-05
17.20555555555521 4.274257327710628e-05 6.608622103404453e-05
17.20833333333299 1.515910220270382e-05 7.836020060809095e-05
17.21111111111077 -1.544279661508469e-05 7.944483846558251e-05
17.21388888888854 -4.463751136543409e-05 6.885781448873191e-05
17.21666666666632 -6.807834568520165e-05 4.782625268360754e-05
17.2194444444441 -8.214258319406597e-05 1.915557228226777e-05
17.22222222222187 -8.448852850391805e-05 -1.313926623222033e-05
17.22499999999965 -7.443928209238303e-05 -4.439257763032535e-05
17.22777777777743 -5.313114842775955e-05 -6.995962397465547e-05
17.2305555555552 -2.339766190556459e-05 -8.590484237326515e-05
17.23333333333298 1.060137550629513e-05 -8.960497747713917e-05
17.23611111111076 4.39582746821505e-05 -8.017507823937803e-05
17.23888888888853 7.172343931346194e-05 -5.864891677689427e-05
17.24166666666631 8.963779339912743e-05 -2.787988244884841e-05
17.24444444444408 9.478359639476039e-05 7.831015744011504e-06
17.24722222222186 8.605456901699358e-05 4.33326084371042e-05
17.24999999999964 6.437026275997034e-05 7.336412179975158e-05
17.25277777777741 3.259550931910951e-05 9.333277899656268e-05
17.25555555555519 -4.831423162807017e-06 0.0001000138279158939
17.25833333333297 -4.251484657778241e-05 9.206665059821725e-05
17.26111111111074 -7.487699937799889e-05 7.028498620969643e-05
17.26388888888852 -9.698173248365045e-05 3.753660648557562e-05
17.2666666666663 -0.0001052852129801845 -1.607178265929409e-06
17.26944444444407 -9.81998108129363e-05 -4.150554109842531e-05
17.27222222222185 -7.638203067750848e-05 -7.625843992696333e-05
17.27499999999963 -4.269405702883172e-05 -0.0001005772334627674
17.2777777777774 -1.83580313957424e-06 -0.0001105874527022914
17.28055555555518 4.030654130002344e-05 -0.000104442189364338
17.28333333333295 7.750588392527591e-05 -8.264953459929913e-05
17.28611111111073 0.0001041125555424478 -4.80575992603689e-05
17.28888888888851 0.0001159104648806657 -5.490287063475357e-06
17.29166666666628 0.000110781636023072 3.89209972036574e-05
17.29444444444406 8.907488411142443e-05 7.86178674350317e-05
17.29722222222184 5.361586796080338e-05 0.000107581705641612
17.29999999999961 9.347746334275186e-06 0.0001212444345549993
17.30277777777739 -3.735335341916338e-05 0.0001172057661949011
17.30555555555517 -7.959403522495911e-05 9.564476695717266e-05
17.30833333333294 -0.0001109794545219436 5.93564402859845e-05
17.31111111111072 -0.0001265798581351499 1.339839319719031e-05
17.3138888888885 -0.0001237020133293201 -3.560933356816172e-05
17.31666666666627 -0.0001023452269642495 -8.043514394304479e-05
17.31944444444405 -6.526588589851602e-05 -0.0001143013582907804
17.32222222222182 -1.763121918952629e-05 -0.0001319075807179511
17.3249999999996 3.369591541900662e-05 -0.0001302576777140888
17.32777777777738 8.114305533287087e-05 -0.0001091617186243404
17.33055555555515 0.0001175437707118705 -7.132982090209602e-05
17.33333333333293 0.0001372188263040628 -2.203404196276414e-05
17.33611111111071 0.0001368599712824477 3.16212969482895e-05
17.33888888888848 0.0001160791613665496 8.172071956389738e-05
17.34166666666626 7.753296517460578e-05 0.0001207038462603787
17.34444444444404 2.659355869755367e-05 0.0001425052207263929
17.34722222222181 -2.939485358940281e-05 0.0001434960581471359
17.34999999999959 -8.217214883419684e-05 0.0001230819931708022
17.35277777777737 -0.0001237795339529546 8.385920272668895e-05
17.35555555555514 -0.0001477588072010834 3.129540575134005e-05
17.35833333333292 -0.0001501530906620791 -2.702708698306664e-05
17.3611111111107 -0.0001301542232387164 -8.250238147166298e-05
17.36388888888847 -9.029164473956213e-05 -0.0001267695620813945
17.36666666666625 -3.612422417379452e-05 -0.0001529720545109903
17.36944444444402 2.452956558164384e-05 -0.0001568182409039784
17.3722222222218 8.271743684069498e-05 -0.0001372794835008155
17.37499999999958 0.0001296734140697152 -9.681269497280268e-05
17.37777777777735 0.000158137857932659 -4.106373071110906e-05
17.38055555555513 0.000163478727554696 2.191485750272536e-05
17.38333333333291 0.0001444410788078115 8.282426143071237e-05
17.38611111111068 0.0001034041172679558 0.0001324912957649077
17.38888888888846 4.609679393427479e-05 0.0001632495331108679
17.39166666666624 -1.919645606933526e-05 0.0001701218382532287
17.39444444444401 -8.283066656516001e-05 0.0001516220357234567
17.39722222222179 -0.0001352240945619728 0.0001100471049057351
17.39999999999957 -0.0001683008031821827 5.120551510992587e-05
17.40277777777734 -0.0001767349475731116 -1.638869849741191e-05
17.40555555555512 -0.0001588051498943226 -8.274525824669877e-05
17.40833333333289 -0.0001167223516139087 -0.0001378733308442485
17.41111111111067 -5.637131344408393e-05 -0.00017328577953578
17.41388888888845 1.350667824380722e-05 -0.0001833055308606232
17.41666666666622 8.257735970223233e-05 -0.000165973032041488
17.419444444444 0.0001404411023013884 -0.0001234101240532115
17.42222222222178 0.0001781989366853014 -6.15750153248024e-05
17.42499999999955 0.0001898211742483017 1.056615153853426e-05
17.42777777777733 0.0001731081526718977 8.233692725746423e-05
17.43055555555511 0.000130090335641799 0.0001429300217590942
17.43333333333288 6.679694718590745e-05 0.0001830350818054151
17.43611111111066 -7.583438674453576e-06 0.0001962695812272009
17.43888888888844 -8.203446022409281e-05 0.0001801928856602318
17.44166666666621 -0.0001453431492287968 0.0001367426215993099
17.44444444444399 -0.0001877893195547965 7.201703162242926e-05
17.44722222222176 -0.0002026385762261717 -4.575320642601145e-06
17.44999999999954 -0.0001872095508986677 -8.168090553215187e-05
17.45277777777732 -0.0001433464151219966 -0.0001476839189405058
17.45555555555509 -7.721488636846831e-05 -0.0001924570128771107
17.45833333333287 1.558931737818651e-06 -0.0002089161057014626
17.46111111111065 8.128755788368404e-05 -0.0001941404562516686
17.46388888888842 0.000149956062186396 -0.0001498810246079109
17.4666666666662 0.0001970337405225958 -8.236992575527148e-05
17.46944444444398 0.0002150902372870582 -1.448351212054065e-06
17.47222222222175 0.0002009679390816121 8.086595625035468e-05
17.47499999999953 0.0001563257118723323 0.0001521635268413144
17.47777777777731 8.746146425153359e-05 0.0002015152520817942
17.48055555555508 4.429022325937772e-06 0.0002211491575932029
17.48333333333286 -8.0427777577583e-05 0.0002076744076323926
17.48611111111063 -0.0001543103944807622 0.0001626597712846241
17.48888888888841 -0.0002058974213614199 9.246882167296843e-05
17.49166666666619 -0.0002270811692675765 7.365562145631162e-06
17.49444444444396 -0.0002142423825750348 -7.998472857977827e-05
17.49722222222174 -0.0001688626097684831 -0.0001564007960366416
17.49999999999952 -9.737142964314319e-05 -0.0002101761989544858
17.50277777777729 -1.024055439052995e-05 -0.0002328746879495942
17.50555555555507 7.954843654762148e-05 -0.0002206545390187251
17.50833333333285 0.0001584388269657549 -0.0001749138275881118
17.51111111111062 0.0002143475648823752 -0.0001021489388485986
17.5138888888884 0.0002385182397535518 -1.303680323612528e-05
17.51666666666618 0.0002268937492833305 7.913034011317328e-05
17.51944444444395 0.0001807932998375409 0.0001604284629094647
17.52222222222173 0.0001067813266415812 0.0002184074821767659
17.5249999999995 1.57374503497163e-05 0.0002440004599097005
17.52777777777728 -7.874158091761499e-05 0.0002329431267187822
17.53055555555506 -0.0001623734768480425 0.000186481258510283
17.53333333333283 -0.0002223518522811447 0.0001112490044817764
17.53611111111061 -0.0002493100931746475 1.832609089358667e-05
17.53888888888839 -0.0002387860708226055 -7.839289715848875e-05
17.54166666666616 -0.0001919583750227342 -0.0001642773587203495
17.54444444444394 -0.0001155329247218489 -0.000226176473114807
17.54722222222172 -2.078688768681919e-05 -0.0002544359965936966
17.54999999999949 7.809451996803327e-05 -0.0002444063138806282
17.55277777777727 0.0001661432384957698 -0.0001972058430031349
17.55555555555505 0.0002298770006302612 -0.0001196146861794458
17.55833333333282 0.0002593671451559259 -2.310468272113787e-05
17.5611111111106 0.000249787969302146 7.785607359782951e-05
17.56388888888837 0.0002022054611399817 0.0001679738136352766
17.56666666666615 0.0001234766379429847 0.0002334489146376481
17.56944444444393 2.526510518883047e-05 0.0002640926408343892
17.5722222222217 -7.768648033827634e-05 0.0002549155817789421
17.57499999999948 -0.0001697712818531313 0.0002069397158308322
17.57777777777726 -0.0002368874896306698 0.0001271019808060891
17.58055555555503 -0.0002686017254397222 2.725467521047336e-05
17.58333333333281 -0.0002597741793275981 -7.759387111296627e-05
17.58611111111059 -0.0002113918633181713 -0.0001715372800539759
17.58888888888836 -0.0001304748657226132 -0.000240187771273234
17.59166666666614 -2.906090243069723e-05 -0.0002728837976468445
17.59444444444392 7.758550262237078e-05 -0.0002643493272191601
17.59722222222169 0.0001732728302349855 -0.0002155460109725908
17.59999999999947 0.0002433445591457617 -0.0001335804886265801
17.60277777777724 0.0002769284344750977 -3.067237866492459e-05
17.60555555555502 0.0002686271837215315 7.766768189727626e-05
17.6083333333328 0.0002193871973059414 0.0001749782931101063
17.61111111111057 0.000136405180976632 0.0002463523962473145
17.61388888888835 3.207886380294483e-05 0.0002807254174149467
17.61666666666613 -7.784569905704018e-05 0.0002725945575100412
17.6194444444439 -0.0001766533301065946 0.0002229014702713549
17.62222222222168 -0.0002492055656808419 0.0001389364953277366
17.62499999999946 -0.0002842647633027346 3.327136419165974e-05
17.62777777777723 -0.00027623896652452 -7.812376900876096e-05
17.63055555555501 -0.0002260759633453089 -0.0001782968743151324
17.63333333333279 -0.0001411632852675667 -0.0002518980948238777
17.63611111111056 -3.424220274941399e-05 -0.0002875367599481676
17.63888888888834 7.850498276886551e-05 -0.0002795486979697722
17.64166666666612 0.0001799071108719666 -0.000228898968848275
17.64444444444389 0.0002544237672009878 -0.0001430757790155845
17.64722222222167 0.0002905320064168771 -3.49850801194061e-05
17.64999999999944 0.0002825128690876736 7.899126897968484e-05
17.65277777777722 0.0002313600079227577 0.0001814814671451123
17.655555555555 0.000144665646014059 0.0002567761421470643
17.65833333333277 3.549512620115982e-05 0.0002932414577707688
17.66111111111055 -7.95833661413915e-05 0.0002851214882452908
17.66388888888833 -0.0001830166129898306 0.0002334498965506896
17.6666666666661 -0.0002589485822435762 0.0001459260558377686
17.66944444444388 -0.0002956564739643541 3.576894147715478e-05
17.67222222222166 -0.0002873655158202034 -8.02808059568109e-05
17.67499999999943 -0.0002351608069621836 -0.0001845084712264786
17.67777777777721 -0.0001468517287862198 -0.000260934288382921
17.68055555555499 -3.580462760253724e-05 -0.0002977688724974546
17.68333333333276 8.108190809221983e-05 -0.0002892369242969917
17.68611111111054 0.0001859522383513739 -0.000236486323785463
17.68888888888831 0.0002627263422050083 -0.0001474389775407322
17.69166666666609 0.0002995709843255301 -3.560180682185345e-05
17.69444444444387 0.0002907287569294683 8.198378655370734e-05
17.69722222222164 0.0002374214942581152 0.0001873424153946087
17.69999999999942 0.0001476857393180961 0.00026431775552813
17.7027777777772 3.516162984954779e-05 0.0003010557124394672
17.70555555555497 -8.298236774334619e-05 0.000291835184279273
17.70833333333275 -0.0001886728486913426 0.0002379628718377066
17.71111111111053 -0.0002657015262750293 0.0001475915980155352
17.7138888888883 -0.0003022165924414207 3.448677195330945e-05
17.71666666666608 -0.0002925515578981313 -8.407242015554781e-05
17.71944444444386 -0.0002381085525602868 -0.0001899367802102387
17.72222222222163 -0.0001471577958808109 -0.0002668707002988266
17.72499999999941 -3.35814170840348e-05 -0.0003030478543674798
17.72777777777718 8.524759554538523e-05 -0.0002928744603946072
17.73055555555496 0.000191126906964223 -0.0002378582035156049
17.73333333333274 0.0002678184383916048 -0.0001463872343452568
17.73611111111051 0.0003035444849434311 -3.245123000046082e-05
17.73888888888829 0.000292801751113727 8.650048126355883e-05
17.74166666666607 0.0002372130828501912 0.0001922354489005969
17.74444444444384 0.000145284463718224 0.0002685380876760293
17.74722222222162 3.110331645335167e-05 0.0003037022894061301
17.7499999999994 -8.782266333609989e-05 0.0002923326066531872
17.75277777777717 -0.0001932542245525264 0.0002361760507581174
17.75555555555495 -0.0002690232564905847 0.0001438556615407779
17.75833333333273 -0.0003035179519815632 2.954617161993774e-05
17.7611111111105 -0.0002914675554510994 -8.920479974365481e-05
17.76388888888828 -0.0002347515709818136 -0.0001941747336235284
17.76666666666605 -0.0001421085995051214 -0.0002692678918001272
17.76944444444383 -2.778961708800656e-05 -0.0003029890940861461
17.77222222222161 9.063670321991073e-05 -0.0002902085057094759
17.77499999999938 0.0001949882455826895 -0.0002329457024139206
17.77777777777716 0.000269266358108102 -0.0001400525989440205
17.78055555555494 0.0003021143293037349 -2.584472683074962e-05
17.78333333333271 0.0002885587659536566 9.210743278808658e-05
17.78611111111049 0.0002307660804852643 0.0001956858932455817
17.78888888888827 0.0001376984750120531 0.0002690135167975003
17.79166666666604 2.372374271700005e-05 0.0003008933141973391
17.79444444444382 -9.36053931314248e-05 0.0002865230575852969
17.7972222222216 -0.0001962587702534702 0.0002282218881071436
17.79999999999937 -0.0002685048047956274 0.0001350584697994734
17.80277777777715 -0.0002993267940329187 2.143998023576203e-05
17.80555555555492 -0.0002841075188522991 -9.511844080041966e-05
17.8083333333327 -0.000225323816048396 -0.0001966980312873415
17.81111111111048 -0.0001321461747383902 -0.0002677363114426075
17.81388888888825 -1.900772522366576e-05 -0.000297416642528635
17.81666666666603 9.663399616525998e-05 -0.0002813196997406036
17.81944444444381 0.0001969949938103684 -0.0002220840127344387
17.82222222222158 0.0002667048524454911 -0.000128976442782754
17.82499999999936 0.000295165894795071 -1.644212249429392e-05
17.82777777777714 0.0002781685473843575 9.813915994603358e-05
17.83055555555491 0.0002185160235719996 0.0001971412400986816
17.83333333333269 0.0001255652909633067 0.0002654080398176391
17.83611111111047 1.375905737055063e-05 0.0002925787726980686
17.83888888888824 -9.962083308433993e-05 0.0002746643816956337
17.84166666666602 -0.0001971287183029587 0.000214634720025734
17.84444444444379 -0.0002638443467394254 0.000121929794034736
17.84722222222157 -0.0002896607019571486 1.097503121218034e-05
17.84999999999935 -0.0002708188610236427 -0.0001010658386782854
17.85277777777712 -0.0002104562187950971 -0.0001969498412851779
17.8555555555549 -0.0001180879700455569 -0.0002620131663278132
17.85833333333268 -8.107032112630264e-06 -0.0002864183203867654
17.86111111111045 0.0001024610446577943 -0.0002666449377774521
17.86388888888823 0.000196597581996679 -0.0002059977915601936
17.86666666666601 0.0002599148633722566 -0.0001140586587627893
17.86944444444378 0.0002828594767938521 -5.172401998269753e-06
17.87222222222156 0.0002621568040660383 0.0001037934858726933
17.87499999999934 0.0002012777658942543 0.0001960655641925243
17.87777777777711 0.0001098613939812683 0.0002575508181773125
17.88055555555489 2.188701430751476e-06 0.0002789932201615786
17.88333333333266 -0.0001050504842577619 0.0002573698275414327
17.88611111111044 -0.0001953481473439969 0.0001963154180445633
17.88888888888822 -0.0002549234617501536 0.000105516270832928
17.89166666666599 -0.0002748297788741928 -8.264265699361366e-07
17.89444444444377 -0.0002523004777587538 -0.0001062197657611301
17.89722222222155 -0.0001911308584061632 -0.0001944405046700799
17.89999999999932 -0.0001010438092758717 -0.0002520363016849175
17.9027777777771 3.855392328812203e-06 -0.0002703805298691271
17.90555555555488 0.0001072895727603093 -0.0002469662434946511
17.90833333333265 0.0001933386932999593 -0.0001857449106108157
17.91111111111043 0.0002488939382131681 -9.646481501253466e-05
17.91388888888821 0.0002656579577381077 6.880793598994436e-06
17.91666666666598 0.000241385541590896 0.0001082487707439603
17.91944444444376 0.0001801789852399327 0.0001920397156853739
17.92222222222154 9.180023911443024e-05 0.0002455020700261658
17.92499999999931 -9.885546590863085e-06 0.000260675603936525
17.92777777777709 -0.0001090869481019409 0.0002355776180124632
17.93055555555486 -0.0001905415714844797 0.0001744549492628048
17.93333333333264 -0.0002418674896071507 8.707103767165239e-05
17.93611111111042 -0.0002554480063975712 -1.285301264555298e-05
17.93888888888819 -0.0002295624419146815 -0.0001097945079676946
17.94166666666597 -0.0001685949923532808 -0.0001888432992784525
17.94444444444375 -8.229803278099461e-05 -0.0002379980679595261
17.94722222222152 1.576711930405162e-05 -0.0002499906299820077
17.9499999999993 0.0001103627511420859 -0.0002233605936240159
17.95277777777708 0.000186945007604353 -0.000162621491303979
17.95555555555485 0.0002339027287573991 -7.750177619115542e-05
17.95833333333263 0.0002443197883236122 1.86124745918708e-05
17.96111111111041 0.0002169931475213004 0.0001107839492563642
17.96388888888818 0.0001565568737790117 0.0001848478949425557
17.96666666666596 7.270241687844804e-05 0.0002295914120963313
17.96944444444373 -2.137447341750483e-05 0.0002384525577528427
17.97222222222151 -0.0001110514074515036 0.0002104815508969028
17.97499999999929 -0.000182554258435145 0.0001504234826756898
17.97777777777706 -0.0002250750281571964 6.791957380620477e-05
17.98055555555484 -0.0002324066840932593 -2.40393950892785e-05
17.98333333333262 -0.0002038474999086801 -0.0001111595159899252
17.98611111111039 -0.0001442434423610353 -0.0001800674912672149
17.98888888888817 -6.317221504100796e-05 -0.0002203654012403925
17.99166666666595 2.659449106096175e-05 -0.0002262004832269328
17.99444444444372 0.0001111037903585944 -0.0001971128138206916
17.9972222222215 0.0001773920687940662 -0.000138038528031589
17.99999999999928 0.0002154752047552378 -5.847854433212722e-05
18.00277777777705 0.0002198527364132792 2.902806214110897e-05
18.00555555555483 0.0001902993087273369 0.0001108808995767047
18.0083333333326 0.0001318300394173626 0.0001745335236407948
18.01111111111038 5.38558961632162e-05 0.0002104178878725694
18.01388888888816 -3.132952454312572e-05 0.0002133825814179038
18.01666666666593 -0.0001104886825600117 0.0001834286719876643
18.01944444444371 -0.0001714984101513952 0.0001256386799910385
18.02222222222149 -0.0002052075946570815 4.932064018703044e-05
18.02499999999926 -0.0002068094005683563 -3.348946427548941e-05
18.02777777777704 -0.0001765223385783456 -0.0001099261525650396
18.03055555555482 -0.0001194844427843123 -0.0001682942586951859
18.03333333333259 -4.488809582781997e-05 -0.0001998590765955452
18.03611111111037 3.549967954502972e-05 -0.0002001527068904516
18.03888888888815 0.0001091934898708661 -0.0001696013705602576
18.04166666666592 0.0001649295204698561 -0.0001133865038262309
18.0444444444437 0.0001943875995175279 -4.057245771837622e-05
18.04722222222147 0.0001934320295069108 3.735321096635002e-05
18.04999999999925 0.0001626863408100534 0.0001082920230088009
18.05277777777703 0.0001073631241232277 0.0001614135035562521
18.0555555555548 3.638673249228656e-05 0.0001888088459747159
18.05833333333258 -3.904435954803194e-05 0.0001866667994812507
18.06111111111036 -0.0001072241989915756 0.0001557972221102951
18.06388888888813 -0.0001577563010831872 0.0001014315609934164
18.06666666666591 -0.0001831388141928465 3.2342687321636e-05
18.06944444444369 -0.0001798762372813426 -4.056869255571479e-05
18.07222222222146 -0.0001489532826229344 -0.0001059935431198774
18.07499999999924 -9.560798944719194e-05 -0.0001539687124513014
18.07777777777702 -2.845081044087352e-05 -0.0001773937147444544
18.08055555555479 4.192303750563927e-05 -0.0001730792430065477
18.08333333333257 0.0001046046090682382 -0.000142172988682175
18.08611111111034 0.0001500621586374283 -8.990743418157141e-05
18.08888888888812 0.0001715898661061359 -2.472028374959984e-05
18.0916666666659 0.0001662942904756126 4.310546468395567e-05
18.09444444444367 0.0001354739157492771 0.0001030629200532679
18.09722222222145 8.434371261965232e-05 0.0001460485926601325
18.09999999999923 2.11589674456531e-05 0.0001657435902610963
18.102777777777 -4.411525870755133e-05 0.0001595393262138019
18.10555555555478 -0.0001013749019911114 0.0001288726682550155
18.10833333333256 -0.0001419404063266423 7.892938929027106e-05
18.11111111111033 -0.0001598711094881227 1.777339650086274e-05
18.11388888888811 -0.0001528316742997705 -4.49528797722907e-05
18.11666666666589 -0.000122384808945931 -9.954780961828772e-05
18.11944444444366 -7.367574170735346e-05 -0.0001377503344025489
18.12222222222144 -1.45687886478864e-05 -0.0001539884454429153
18.12499999999921 4.561991533852003e-05 -0.0001461879479453496
18.12777777777699 9.75896466193288e-05 -0.0001160247982207556
18.13055555555477 0.0001334913573560871 -6.859273776057038e-05
18.13333333333254 0.0001481113215848081 -1.154906342860233e-05
18.13611111111032 0.0001396239685826272 4.611902309719396e-05
18.1388888888881 0.0001098059438150939 9.55090808487875e-05
18.14166666666587 6.368902450613043e-05 0.0001291766038103212
18.14444444444365 8.71687172828698e-06 0.0001422550699366367
18.14722222222143 -4.645386614571094e-05 0.0001331546931224274
18.1499999999992 -9.331535576066351e-05 0.0001037403610637197
18.15277777777698 -0.0001248192538147987 5.897192810383036e-05
18.15555555555476 -0.0001364345430860296 6.073635116254647e-06
18.15833333333253 -0.0001267941499347006 -4.662904136105509e-05
18.16111111111031 -9.783894383326978e-05 -9.10181991754601e-05
18.16388888888808 -5.444746452808879e-05 -0.0001204324440016001
18.16666666666586 -3.61959421818251e-06 -0.0001306640322461842
18.16944444444364 4.665000201308656e-05 -0.0001205553839783801
18.17222222222141 8.862773050463696e-05 -9.211134609310617e-05
18.17499999999919 0.0001160291756333158 -5.012036056464779e-05
18.17777777777697 0.0001249571920944145 -1.353865261683533e-06
18.18055555555474 0.0001144504113861029 4.652297568886571e-05
18.18333333333252 8.656597396392631e-05 8.615436753407106e-05
18.1861111111103 4.599408449961794e-05 0.0001116222264797893
18.18888888888807 -7.254961241046874e-07 0.0001193269729994167
18.19166666666585 -4.625487861712966e-05 0.0001084901836840072
18.19444444444363 -8.36087338314389e-05 8.120998796427503e-05
18.1972222222214 -0.0001072240673805046 4.207088580850874e-05
18.19999999999918 -0.0001137855611354219 -2.621424834000121e-06
18.20277777777696 -0.0001026845617024832 -4.585322748437001e-05
18.20555555555473 -7.604931506349667e-05 -8.100156779174322e-05
18.20833333333251 -3.835184308219247e-05 -0.0001028467842538747
18.21111111111028 4.337770943185158e-06 -0.0001083443268652314
18.21388888888806 4.532604981456958e-05 -9.704229911547537e-05
18.21666666666584 7.834363427296631e-05 -7.108867004612891e-05
18.21944444444361 9.85020062200442e-05 -3.483691934769316e-05
18.22222222222139 0.0001030137816563373 5.879220129018583e-06
18.22499999999917 9.15710354293798e-05 4.468179395850225e-05
18.22777777777694 6.633158560161189e-05 7.564563969873177e-05
18.23055555555472 3.152502389811256e-05 9.420084039511057e-05
18.2333333333325 -7.25121089180795e-06 9.780354367746339e-05
18.23611111111027 -4.3929239694323e-05 8.627729813460529e-05
18.23888888888805 -7.291815142169229e-05 6.178045047232357e-05
18.24166666666583 -8.995381380860679e-05 2.841407969958949e-05
18.2444444444436 -9.272231210809418e-05 -8.459849602889419e-06
18.24722222222138 -8.116651363292715e-05 -4.30774103854401e-05
18.24999999999915 -5.7436554922678e-05 -7.017152205181393e-05
18.25277777777693 -2.550109542583056e-05 -8.577082278310554e-05
18.25555555555471 9.51182438246995e-06 -8.777785008339851e-05
18.25833333333248 4.213548757482356e-05 -7.6243026463606e-05
18.26111111111026 6.741581935273433e-05 -5.330014274170133e-05
18.26388888888804 8.166109000643597e-05 -2.27822411534037e-05
18.26666666666581 8.297697609240371e-05 1.041431877495159e-05
18.26944444444359 7.15101262702662e-05 4.111272882121496e-05
18.27222222222137 4.937046894558923e-05 6.466076221181381e-05
18.27499999999914 2.025292676306673e-05 7.763312941580303e-05
18.27777777777692 -1.117492614100315e-05 7.832556355018621e-05
18.2805555555547 -4.001838949676436e-05 6.697008188364357e-05
18.28333333333247 -6.191566308430126e-05 4.564586232070939e-05
18.28611111111025 -7.369471891019971e-05 1.79078821007561e-05
18.28888888888802 -7.382854817650255e-05 -1.180156562620866e-05
18.2916666666658 -6.262418183709339e-05 -3.886164917952838e-05
18.29444444444358 -4.212379193373274e-05 -5.918937720760288e-05
18.29722222222135 -1.574123798787251e-05 -6.985288080542597e-05
18.29999999999913 1.230240050160258e-05 -6.948994273385944e-05
18.30277777777691 3.765154317706706e-05 -5.847278059011742e-05
18.30555555555468 5.64902587809603e-05 -3.880093673105936e-05
18.30833333333246 6.611386985323776e-05 -1.37466072073221e-05
18.31111111111024 6.531285861020363e-05 1.268575959244086e-05
18.31388888888801 5.451534970038555e-05 3.639689962656105e-05
18.31666666666579 3.567325736304798e-05 5.382612420405439e-05
18.31944444444357 1.19171646426155e-05 6.248316855981754e-05
18.32222222222134 -1.296006243519066e-05 6.129953367306543e-05
18.32499999999912 -3.510628251498921e-05 5.075053316890547e-05
18.32777777777689 -5.120422237398444e-05 3.273606938864868e-05
18.33055555555467 -5.896548946125432e-05 1.024572580597047e-05
18.33333333333245 -5.745136577626776e-05 -1.313374871484411e-05
18.33611111111022 -4.717620617255131e-05 -3.378794087179832e-05
18.338888888888 -2.998411704908866e-05 -4.863121194982223e-05
18.34166666666578 -8.724823058036722e-06 -5.556478394548202e-05
18.34444444444355 1.321521244852889e-05 -5.376895126521169e-05
18.34722222222133 3.244976428920559e-05 -4.378953640489831e-05
18.34999999999911 4.611314541111534e-05 -2.741164684075923e-05
18.35277777777688 5.228425715206774e-05 -7.346778892998418e-06
18.35555555555466 5.025212780334295e-05 1.321274129227831e-05
18.35833333333244 4.05870472585566e-05 3.109924483891321e-05
18.36111111111021 2.50124801679595e-05 4.365545966103986e-05
18.36388888888799 6.103775737586786e-06 4.912638843342256e-05
18.36666666666576 -1.313446126027125e-05 4.690002082972385e-05
18.36944444444354 -2.974344536583356e-05 3.756468210920174e-05
18.37222222222132 -4.126297285859021e-05 2.278008441190388e-05
18.37499999999909 -4.609295682320544e-05 4.987921794202015e-06
18.37777777777687 -4.371109295582542e-05 -1.298828705885599e-05
18.38055555555465 -3.471786899266936e-05 -2.838897406323614e-05
18.38333333333242 -2.070764181565682e-05 -3.893988710568611e-05
18.3861111111102 -3.991312533918584e-06 -4.318507093102422e-05
18.38888888888798 1.278187815394672e-05 -4.06831956177497e-05
18.39166666666575 2.704196515928932e-05 -3.204158500932556e-05
18.39444444444353 3.668979656649712e-05 -1.878811565111935e-05
18.39722222222131 4.040320266508047e-05 -3.106087529645155e-06
18.39999999999908 3.781362231663069e-05 1.252260061276755e-05
18.40277777777686 2.953041983625059e-05 2.570806548181451e-05
18.40555555555463 1.70143132024776e-05 3.451570055757744e-05
18.40833333333241 2.324482395070357e-06 3.77472241774183e-05
18.41111111111019 -1.221749468448127e-05 3.509916280605469e-05
18.41388888888796 -2.439242661007842e-05 2.71786377818393e-05
18.41666666666574 -3.242002111658389e-05 1.537894517359512e-05
18.41944444444352 -3.521644742811951e-05 1.638875672846538e-06
18.42222222222129 -3.253615761743039e-05 -1.187324801767382e-05
18.42499999999907 -2.498023787372318e-05 -2.309970227497616e-05
18.42777777777685 -1.387468119534133e-05 -3.040462453805064e-05
18.43055555555462 -1.041830588081437e-06 -3.28096657751344e-05
18.4333333333324 1.149617435071413e-05 -3.012055235314678e-05
18.43611111111018 2.183405062857937e-05 -2.292901153136909e-05
18.43888888888795 2.847084635151452e-05 -1.249420118257552e-05
18.44166666666573 3.052519701442125e-05 -5.261316513113658e-07
18.4444444444435 2.784795122152324e-05 1.109219745603688e-05
18.44722222222128 2.10185974371576e-05 2.059914097203668e-05
18.44999999999906 1.123024235612859e-05 2.661951921526997e-05
18.45277777777683 8.481615905905443e-08 2.836092731986744e-05
18.45555555555461 -1.066684007221684e-05 2.571366933566265e-05
18.45833333333239 -1.939816450895212e-05 1.924253328099177e-05
18.46111111111016 -2.485100320253025e-05 1.007564181318026e-05
18.46388888888794 -2.631435556316129e-05 -2.887993028038335e-07
18.46666666666572 -2.371278334921211e-05 -1.02252175184946e-05
18.46944444444349 -1.759430411709987e-05 -1.823384867486165e-05
18.47222222222127 -9.023374590830027e-06 -2.316521796871357e-05
18.47499999999905 6.010971954727003e-07 -2.438263752944832e-05
18.47777777777682 9.772035654161239e-06 -2.184018005513083e-05
18.4805555555546 1.710847458692691e-05 -1.606738713155814e-05
18.48333333333238 2.156167630653579e-05 -8.066587225363945e-06
18.48611111111015 2.256262958417706e-05 8.581420018570546e-07
18.48888888888793 2.009060262787357e-05 9.311592819966257e-06
18.4916666666657 1.465529267828973e-05 1.60238971570967e-05
18.49444444444348 7.198626863581213e-06 2.003951861876045e-05
18.49722222222126 -1.065667598127269e-06 2.085093138926515e-05
18.49999999999903 -8.847785382284293e-06 1.84586942429556e-05
18.50277777777681 -1.498156741826816e-05 1.335160149695727e-05
