16.5 -2.078390660288204e-07 6.087422736757538e-08
16.50277777777778 -2.09003240975872e-07 7.970350688147789e-08
16.50555555555555 -2.086612888636616e-07 9.914255804972294e-08
16.50833333333333 -2.067258057260044e-07 1.190838285375623e-07
16.51111111111111 -2.031161742627938e-07 1.394102025137114e-07
16.51388888888888 -1.977594823582801e-07 1.599953605910872e-07
16.51666666666666 -1.905914285914038e-07 1.807042214442878e-07
16.51944444444444 -1.815572078146609e-07 2.013934653070667e-07
16.52222222222221 -1.706123697682644e-07 2.219121389818885e-07
16.52499999999999 -1.5772364363398e-07 2.421023414082911e-07
16.52777777777776 -1.428697214189615e-07 2.617999882377299e-07
16.53055555555554 -1.260419930947834e-07 2.808356532584642e-07
16.53333333333332 -1.072452265028233e-07 2.990354839037562e-07
16.53611111111109 -8.649818517422644e-08 3.162221874690632e-07
16.53888888888887 -6.383417740146966e-08 3.322160840593099e-07
16.54166666666665 -3.93015301398282e-08 3.468362216939387e-07
16.54444444444442 -1.296398160841467e-08 3.599015484158551e-07
16.5472222222222 1.509901319598392e-08 3.712321356879046e-07
16.54999999999998 4.479206946695278e-08 3.806504468207587e-07
16.55277777777775 7.600375699157202e-08 3.879826436611884e-07
16.55555555555553 1.086065864560595e-07 3.930599242883127e-07
16.55833333333331 1.424571015877165e-07 3.95719884016345e-07
16.56111111111108 1.773960804967866e-07 3.958078915945526e-07
16.56388888888886 2.132488489671367e-07 3.931784721275208e-07
16.56666666666663 2.498257077998634e-07 3.876966879196129e-07
16.56944444444441 2.869224756319856e-07 3.792395081759648e-07
16.57222222222219 3.243211479470755e-07 3.676971582737276e-07
16.57499999999996 3.617906722601149e-07 3.529744391540253e-07
16.57777777777774 3.990878387095319e-07 3.349920072786796e-07
16.58055555555552 4.359582845198276e-07 3.136876055488705e-07
16.58333333333329 4.721376100219421e-07 2.890172355972993e-07
16.58611111111107 5.073526031335337e-07 2.609562619423415e-07
16.58888888888885 5.413225684180887e-07 2.29500438631715e-07
16.59166666666662 5.737607560597029e-07 1.946668492085219e-07
16.5944444444444 6.043758853223135e-07 1.564947510970663e-07
16.59722222222218 6.328737563028128e-07 1.150463158410878e-07
16.59999999999995 6.589589430545249e-07 7.040725701484198e-08
16.60277777777773 6.823365604434224e-07 2.268733808907771e-08
16.6055555555555 7.027140964209321e-07 -2.797924695720532e-08
16.60833333333328 7.198033007482072e-07 -8.143362691086738e-08
16.61111111111106 7.333221206035089e-07 -1.374921464917853e-07
16.61388888888883 7.429966729397853e-07 -1.95946404736295e-07
16.61666666666661 7.485632429487021e-07 -2.565634431932577e-07
16.61944444444439 7.497702975259987e-07 -3.190860877509341e-07
16.62222222222216 7.46380502231538e-07 -3.832334470974802e-07
16.62499999999994 7.381727298942819e-07 -4.487015699605676e-07
16.62777777777772 7.249440487341152e-07 -5.151642623872801e-07
16.63055555555549 7.065116776625974e-07 -5.822740654046634e-07
16.63333333333327 6.827148962784328e-07 -6.496633924688261e-07
16.63611111111105 6.534168970092122e-07 -7.169458251461565e-07
16.63888888888882 6.185065668459248e-07 -7.837175645101895e-07
16.6416666666666 5.779001862012112e-07 -8.495590347542382e-07
16.64444444444437 5.315430325685442e-07 -9.14036634550992e-07
16.64722222222215 4.794108768929427e-07 -9.767046307142205e-07
16.64999999999993 4.21511360863296e-07 -1.037107187762579e-06
16.6527777777777 3.578852437204419e-07 -1.09478052603817e-06
16.65555555555548 2.886075076224872e-07 -1.149255200118062e-06
16.65833333333326 2.137883111437654e-07 -1.200058488360303e-06
16.66111111111103 1.335737810691485e-07 -1.246716883574278e-06
16.66388888888881 4.814663332507974e-08 -1.288758673984755e-06
16.66666666666659 -4.22733853929893e-08 -1.325716602889949e-06
16.66944444444436 -1.374292429351642e-07 -1.357130594693033e-06
16.67222222222214 -2.370265607406739e-07 -1.382550534319839e-06
16.67499999999992 -3.407337524946515e-07 -1.401539086433672e-06
16.67777777777769 -4.481823673155653e-07 -1.413674540315368e-06
16.68055555555547 -5.589676413990457e-07 -1.418553665806542e-06
16.68333333333324 -6.726492609864635e-07 -1.415794565316108e-06
16.68611111111102 -7.887523384606369e-07 -1.405039506564107e-06
16.6888888888888 -9.067686022486885e-07 -1.385957720496646e-06
16.69166666666657 -1.0261578000937e-06 -1.358248148636699e-06
16.69444444444435 -1.146349314090797e-06 -1.321642124061971e-06
16.69722222222213 -1.266743984736624e-06 -1.275905970198943e-06
16.6999999999999 -1.38671614006119e-06 -1.220843501716111e-06
16.70277777777768 -1.505615824754276e-06 -1.156298411976075e-06
16.70555555555546 -1.622771223033644e-06 -1.082156531768111e-06
16.70833333333323 -1.737491267864719e-06 -9.9834794439048e-07
16.71111111111101 -1.849068428009709e-06 -9.048489425914807e-07
16.71388888888879 -1.956781663297754e-06 -8.016838133900128e-07
16.71666666666656 -2.059899537432851e-06 -6.889264374051692e-07
16.71944444444434 -2.157683476645111e-06 -5.667016899932351e-07
16.72222222222211 -2.249391161499544e-06 -4.351866322642107e-07
16.72499999999989 -2.334280038261881e-06 -2.946114808627145e-07
16.72777777777767 -2.411610935339295e-06 -1.452603463180302e-07
16.73055555555544 -2.480651769514829e-06 1.252826928156869e-08
16.73333333333322 -2.540681325944724e-06 1.78361223488711e-07
16.736111111111 -2.590993095225082e-06 3.517907406998107e-07
16.73888888888877 -2.630899150232989e-06 5.32314681335905e-07
16.74166666666655 -2.659734044939024e-06 7.193770778076125e-07
16.74444444444433 -2.676858716950626e-06 9.123689408300798e-07
16.7472222222221 -2.681664375205923e-06 1.110629338410517e-06
16.74999999999988 -2.673576353975007e-06 1.313446748528449e-06
16.75277777777766 -2.652057914166757e-06 1.520060685231562e-06
16.75555555555543 -2.616613972857046e-06 1.729663596535633e-06
16.75833333333321 -2.56679474198267e-06 1.941403031195472e-06
16.76111111111098 -2.502199257254923e-06 2.154384070062586e-06
16.76388888888876 -2.422478778556042e-06 2.367672016432711e-06
16.76666666666654 -2.327340043387252e-06 2.580295338451812e-06
16.76944444444431 -2.216548355326376e-06 2.791248855363396e-06
16.77222222222209 -2.089930489955679e-06 2.999497158090153e-06
16.77499999999987 -1.947377401278654e-06 3.20397825341382e-06
16.77777777777764 -1.788846712330041e-06 3.403607419799177e-06
16.78055555555542 -1.614364974423005e-06 3.597281261757874e-06
16.7833333333332 -1.42402968031503e-06 3.7838819485267e-06
16.78611111111097 -1.218011017486465e-06 3.962281621789861e-06
16.78888888888875 -9.965533487097051e-07 4.131346956174865e-06
16.79166666666653 -7.59976408149663e-07 4.289943855327127e-06
16.7944444444443 -5.086762023447525e-07 4.436942265518909e-06
16.79722222222208 -2.431256066180068e-07 4.571221087960766e-06
16.79999999999986 3.612535131641302e-08 4.691673170296181e-06
16.80277777777763 3.284495274778679e-07 4.797210357137242e-06
16.80555555555541 6.331430230946785e-07 4.886768578982476e-06
16.80833333333318 9.494258756684822e-07 4.959312958411543e-06
16.81111111111096 1.276443082478511e-06 5.013842912121888e-06
16.81388888888874 1.613265957950426e-06 5.049397227109489e-06
16.81666666666651 1.958893824882917e-06 5.065059089159745e-06
16.81944444444429 2.312256038064394e-06 5.059961041749288e-06
16.82222222222207 2.672214337386464e-06 5.033289853504244e-06
16.82499999999984 3.037565526067139e-06 4.984291272514371e-06
16.82777777777762 3.407044468209405e-06 4.912274646022527e-06
16.8305555555554 3.779327398443822e-06 4.816617384367296e-06
16.83333333333317 4.153035535052978e-06 4.696769248467672e-06
16.83611111111095 4.526738986557424e-06 4.552256440682073e-06
16.83888888888873 4.898960940443948e-06 4.382685479484947e-06
16.8416666666665 5.268182121397768e-06 4.187746839101027e-06
16.84444444444428 5.632845505168785e-06 3.967218336053081e-06
16.84722222222205 5.991361272997602e-06 3.7209682454255e-06
16.84999999999983 6.342111990406905e-06 3.448958130618682e-06
16.85277777777761 6.68345799307332e-06 3.151245371394766e-06
16.85555555555538 7.01374296152167e-06 2.827985376098047e-06
16.85833333333316 7.331299665423364e-06 2.479433465115871e-06
16.86111111111094 7.634455857463976e-06 2.105946413844154e-06
16.86388888888871 7.921540295945875e-06 1.707983644729357e-06
16.86666666666649 8.190888874634873e-06 1.286108059241683e-06
16.86944444444427 8.440850837739435e-06 8.409865020388294e-07
16.87222222222204 8.669795057425508e-06 3.733898509629934e-07
16.87499999999982 8.876116350841552e-06 -1.158072720383167e-07
16.8777777777776 9.058241813318376e-06 -6.256271725437463e-07
16.88055555555537 9.214637144177008e-06 -1.154990139796231e-06
16.88333333333315 9.343812941458122e-06 -1.702715887865677e-06
16.88611111111092 9.444330941843182e-06 -2.267525380815658e-06
16.8888888888887 9.514810182118617e-06 -2.848043039390971e-06
16.89166666666648 9.553933058677401e-06 -3.442799325238454e-06
16.89444444444425 9.560451261821667e-06 -4.050233697226065e-06
16.89722222222203 9.533191561982524e-06 -4.668697932924415e-06
16.89999999999981 9.471061425388581e-06 -5.29645980697901e-06
16.90277777777758 9.373054437292271e-06 -5.931707116592044e-06
16.90555555555536 9.23825551143735e-06 -6.5725520430892e-06
16.90833333333314 9.065845865176344e-06 -7.217035837161402e-06
16.91111111111091 8.85510774044258e-06 -7.863133814126752e-06
16.91388888888869 8.605428851608954e-06 -8.508760644381231e-06
16.91666666666647 8.316306542250969e-06 -9.15177592299064e-06
16.91944444444424 7.987351633775169e-06 -9.789990001368894e-06
16.92222222222202 7.618291950027082e-06 -1.042117006287602e-05
16.92499999999979 7.208975503024841e-06 -1.104304642331889e-05
16.92777777777757 6.759373326264786e-06 -1.165331903635749e-05
16.93055555555535 6.269581943164729e-06 -1.224966418312388e-05
16.93333333333312 5.739825459615578e-06 -1.282974132454997e-05
16.9361111111109 5.170457270808565e-06 -1.33912000943494e-05
16.93888888888868 4.561961374003483e-06 -1.393168740997159e-05
16.94166666666645 3.914953280130747e-06 -1.444885467845737e-05
16.94444444444423 3.230180518692349e-06 -1.494036507368267e-05
16.94722222222201 2.508522731714132e-06 -1.540390086124644e-05
16.94999999999978 1.750991354041209e-06 -1.583717074701947e-05
16.95277777777756 9.587288786436118e-07 -1.623791722530064e-05
16.95555555555534 1.330077070838071e-07 -1.660392390246994e-05
16.95833333333311 -7.247714132823154e-07 -1.693302277214435e-05
16.96111111111089 -1.613081362354475e-06 -1.722310141795316e-05
16.96388888888866 -2.530271026191187e-06 -1.747211012034353e-05
16.96666666666644 -3.474568075953939e-06 -1.767806884411138e-05
16.96944444444422 -4.44408213973308e-06 -1.783907408380715e-05
16.97222222222199 -5.436808358739363e-06 -1.795330554463052e-05
16.97499999999977 -6.450631318115337e-06 -1.801903263702092e-05
16.97777777777755 -7.483329341282723e-06 -1.803462076378432e-05
16.98055555555532 -8.532579135628158e-06 -1.799853737932857e-05
16.9833333333331 -9.595960776093579e-06 -1.790935780135264e-05
16.98611111111088 -1.067096301218958e-05 -1.776577075622727e-05
16.98888888888865 -1.175498888289154e-05 -1.756658364015076e-05
16.99166666666643 -1.284536162288989e-05 -1.731072747923035e-05
16.99444444444421 -1.393933084274746e-05 -1.699726157256796e-05
16.99722222222198 -1.503407896469851e-05 -1.662537780357693e-05
16.99999999999976 -1.612672789495899e-05 -1.619440460585785e-05
17.00277777777753 -1.721434591283521e-05 -1.570381057108207e-05
17.00555555555531 -1.829395475613105e-05 -1.515320768759491e-05
17.00833333333309 -1.936253688194672e-05 -1.454235419958961e-05
17.01111111111086 -2.041704288131542e-05 -1.387115707807123e-05
17.01388888888864 -2.145439902588136e-05 -1.313967409593371e-05
17.01666666666642 -2.247151492432608e-05 -1.234811550096337e-05
17.01944444444419 -2.346529126615028e-05 -1.14968452816799e-05
17.02222222222197 -2.443262763012078e-05 -1.058638202234669e-05
17.02499999999975 -2.537043033465772e-05 -9.617399344832899e-06
17.02777777777752 -2.62756203074138e-05 -8.590725936097641e-06
17.0305555555553 -2.714514095132874e-05 -7.507345161649452e-06
17.03333333333308 -2.797596598458703e-05 -6.368394266361774e-06
17.03611111111085 -2.876510723210843e-05 -5.175163165459423e-06
17.03888888888863 -2.95096223464896e-05 -3.929092829594275e-06
17.0416666666664 -3.020662243662206e-05 -2.631773269357019e-06
17.04444444444418 -3.085327958268845e-05 -1.284941125455935e-06
17.04722222222196 -3.144683421663967e-05 1.09523127765148e-07
17.04999999999973 -3.198460234788568e-05 1.54959835681232e-06
17.05277777777751 -3.246398261444501e-05 3.033126311814067e-06
17.05555555555529 -3.288246314054392e-05 4.557815526765091e-06
17.05833333333306 -3.323762818229104e-05 6.121245565445366e-06
17.06111111111084 -3.352716454388232e-05 7.720871600347812e-06
17.06388888888862 -3.374886774755312e-05 9.354029310926272e-06
17.06666666666639 -3.390064794141328e-05 1.101794008675132e-05
17.06944444444417 -3.398053553009149e-05 1.270971652038496e-05
17.07222222222195 -3.398668651418747e-05 1.442636817394223e-05
17.07499999999972 -3.391738752536863e-05 1.61648076027688e-05
17.0777777777775 -3.377106054503252e-05 1.792185661902186e-05
17.08055555555528 -3.354626729543241e-05 1.969425277732667e-05
17.08333333333305 -3.324171329320457e-05 2.147865606436874e-05
17.08611111111083 -3.285625155636788e-05 2.327165577360333e-05
17.0888888888886 -3.238888595676523e-05 2.506977754627357e-05
17.09166666666638 -3.183877421127778e-05 2.686949055918809e-05
17.09444444444416 -3.12052305059128e-05 2.86672148399449e-05
17.09722222222193 -3.048772774830588e-05 3.045932868967974e-05
17.09999999999971 -2.96858994448322e-05 3.224217619379785e-05
17.10277777777749 -2.87995412002003e-05 3.401207480052454e-05
17.10555555555526 -2.782861183777719e-05 3.576532294777723e-05
17.10833333333304 -2.67732341406866e-05 3.749820771831066e-05
17.11111111111082 -2.563369521415639e-05 3.920701250375938e-05
17.11388888888859 -2.441044647102811e-05 4.088802465801823e-05
17.11666666666637 -2.310410324319481e-05 4.253754312086708e-05
17.11944444444415 -2.171544402275991e-05 4.41518859929265e-05
17.12222222222192 -2.024540933761514e-05 4.572739804349438e-05
17.1249999999997 -1.869510026728938e-05 4.726045813306961e-05
17.12777777777747 -1.706577660539101e-05 4.874748653302363e-05
17.13055555555525 -1.535885467641532e-05 5.018495212513219e-05
17.13333333333303 -1.357590481500592e-05 5.156937946444634e-05
17.1361111111108 -1.171864851683588e-05 5.289735568939029e-05
17.13888888888858 -9.78895527099886e-06 5.416553726369756e-05
17.14166666666636 -7.788839084468747e-06 5.537065653535576e-05
17.14444444444413 -5.720454709765415e-06 5.650952809850887e-05
17.14722222222191 -3.586093588033837e-06 5.757905494487545e-05
17.14999999999969 -1.388179519464675e-06 5.857623439205463e-05
17.15277777777746 8.707359252841576e-07 5.949816377681681e-05
17.15555555555524 3.187978239775849e-06 6.034204590223574e-05
17.15833333333302 5.560755048212579e-06 6.110519422838333e-05
17.16111111111079 7.986161389402584e-06 6.178503779704636e-05
17.16388888888857 1.046118520368917e-05 6.237912588177875e-05
17.16666666666634 1.298271300758694e-05 6.288513235545944e-05
17.16944444444412 1.554753574105108e-05 6.330085976835138e-05
17.1722222222219 1.815235477189934e-05 6.362424313044559e-05
17.17499999999967 2.079378804168756e-05 6.385335339284904e-05
17.17777777777745 2.346837633732704e-05 6.398640062367836e-05
17.18055555555523 2.617258967267766e-05 6.402173687485678e-05
17.183333333333 2.890283376423472e-05 6.395785873698793e-05
17.18611111111078 3.165545658500189e-05 6.379340958043205e-05
17.18888888888856 3.442675498110437e-05 6.352718148120065e-05
17.19166666666633 3.721298133497427e-05 6.315811683168519e-05
17.19444444444411 4.001035026020707e-05 6.268530963620181e-05
17.19722222222189 4.281504531228394e-05 6.210800649293759e-05
17.19999999999966 4.562322570025898e-05 6.142560726406124e-05
17.20277777777744 4.843103298455634e-05 6.063766543675606e-05
17.20555555555521 5.123459774639079e-05 5.974388817841467e-05
17.20833333333299 5.40300462143405e-05 5.874413609040911e-05
17.21111111111077 5.68135068345504e-05 5.76384226647283e-05
17.21388888888854 5.958111677070824e-05 5.642691344933821e-05
17.21666666666632 6.232902832114069e-05 5.510992492766194e-05
17.2194444444441 6.505341523984993e-05 5.368792311951449e-05
17.22222222222187 6.775047894996497e-05 5.216152190963076e-05
17.22499999999965 7.041645463735478e-05 5.0531481112265e-05
17.22777777777743 7.30476172134932e-05 4.879870427950702e-05
17.2305555555552 7.564028713691598e-05 4.696423626194237e-05
17.23333333333298 7.81908360830702e-05 4.502926053062093e-05
17.23611111111076 8.069569245299384e-05 4.299509626984937e-05
17.23888888888853 8.315134671191325e-05 4.08631952501285e-05
17.24166666666631 8.555435654908865e-05 3.863513849202137e-05
17.24444444444408 8.790135185140169e-05 3.63126327302755e-05
17.24722222222186 9.018903948315123e-05 3.389750668958548e-05
17.24999999999964 9.241420786543388e-05 3.139170718264281e-05
17.25277777777741 9.457373134923336e-05 2.879729504096528e-05
17.25555555555519 9.666457437646083e-05 2.611644089047778e-05
17.25833333333297 9.86837954243475e-05 2.335142078230192e-05
17.26111111111074 0.000100628550728707 2.050461169079072e-05
17.26388888888852 0.000102496097782526 1.757848688989345e-05
17.2666666666663 0.0001042837986067265 1.457561121919054e-05
17.26944444444407 0.0001059891227905914 1.149863625176826e-05
17.27222222222185 0.0001076096502999517 8.350295374190186e-06
17.27499999999963 0.0001091430740516961 5.133398791359712e-06
17.2777777777774 0.0001105872022538631 1.850828466389765e-06
17.28055555555518 0.0001119399605109603 -1.494466992400975e-06
17.28333333333295 0.0001131993936948087 -4.899477487118957e-06
17.28611111111073 0.0001143636675816435 -8.361136616801944e-06
17.28888888888851 0.0001154310702567549 -1.187632688466932e-05
17.29166666666628 0.0001164000132884218 -1.544188491508487e-05
17.29444444444406 0.0001172690326732819 -1.905460667053162e-05
17.29722222222184 0.0001180367895559408 -2.271125265755468e-05
17.29999999999961 0.0001187020707256873 -2.640855311306183e-05
17.30277777777739 0.0001192637888941525 -3.014321315987674e-05
17.30555555555517 0.0001197209827574419 -3.391191792388319e-05
17.30833333333294 0.0001200728168472385 -3.771133760265353e-05
17.31111111111072 0.000120318581175497 -4.153813247723754e-05
17.3138888888885 0.000120457690677695 -4.538895785863182e-05
17.31666666666627 0.00012048968445953 -4.926046896188627e-05
17.31944444444405 0.0001204142248535693 -5.314932569797586e-05
17.32222222222182 0.0001202310962903128 -5.705219737925488e-05
17.3249999999996 0.0001199402039912417 -6.096576732832594e-05
17.32777777777738 0.0001195415724888313 -6.488673738654522e-05
17.33055555555515 0.0001190353439810629 -6.881183231392626e-05
17.33333333333293 0.0001184217765265135 -7.273780407591298e-05
17.33611111111071 0.0001177012420870601 -7.666143601112352e-05
17.33888888888848 0.0001168742244253873 -8.05795468749163e-05
17.34166666666626 0.0001159413168644402 -8.448899475408175e-05
17.34444444444404 0.0001149032199152802 -8.83866808494297e-05
17.34722222222181 0.0001137607387822929 -9.226955312027654e-05
17.34999999999959 0.0001125147807511522 -9.613460978985114e-05
17.35277777777737 0.0001111663524690003 -9.997890270604361e-05
17.35555555555514 0.0001097165571223436 -0.0001037995405570152
17.35833333333292 0.0001081665915218286 -0.0001075936919373746
17.3611111111107 0.0001065177431006471 -0.0001113585882638333
17.36388888888847 0.0001047713868332599 -0.000115091526539182
17.36666666666625 0.0001029289820838835 -0.0001187898719615757
17.36944444444402 0.0001009920693897329 -0.0001224510603801443
17.3722222222218 9.896226718793132e-05 -0.0001260726005949331
17.37499999999958 9.684126849334055e-05 -0.0001296520765008932
17.37777777777735 9.463083753255681e-05 -0.0001331871490772707
17.38055555555513 9.233280634391113e-05 -0.0001366755582206457
17.38333333333291 8.994907134802107e-05 -0.0001401151244239394
17.38611111111068 8.748158989631647e-05 -0.0001435037503016632
17.38888888888846 8.493237680517112e-05 -0.0001468394219620868
17.39166666666624 8.230350088096289e-05 -0.0001501202102283932
17.39444444444401 7.959708144175279e-05 -0.0001533442717107778
17.39722222222179 7.681528484409082e-05 -0.0001565098497301701
17.39999999999957 7.396032101833834e-05 -0.0001596152750970438
17.40277777777734 7.103444002006148e-05 -0.0001626589667468284
17.40555555555512 6.803992860150711e-05 -0.0001656394322351202
17.40833333333289 6.497910681035153e-05 -0.0001685552680947631
17.41111111111067 6.185432461925594e-05 -0.0001714051600583536
17.41388888888845 5.866795859179244e-05 -0.0001741878831490536
17.41666666666622 5.542240859026482e-05 -0.0001769023016427158
17.419444444444 5.212009452851493e-05 -0.0001795473689052467
17.42222222222178 4.876345317460064e-05 -0.0001821221271084605
17.42499999999955 4.535493500892475e-05 -0.0001846257068278294
17.42777777777733 4.18970011382114e-05 -0.0001870573265266632
17.43055555555511 3.839212027265586e-05 -0.0001894162919297625
17.43333333333288 3.484276576816543e-05 -0.0001917019952908593
17.43611111111066 3.125141273618682e-05 -0.0001939139145580391
17.43888888888844 2.762053522471941e-05 -0.0001960516124410093
17.44166666666621 2.395260347381323e-05 -0.0001981147353843793
17.44444444444399 2.02500812471975e-05 -0.0002001030124511906
17.44722222222176 1.651542324384637e-05 -0.0002020162541208732
17.44999999999954 1.275107258838538e-05 -0.0002038543510060036
17.45277777777732 8.959458406986085e-06 -0.0002056172724918973
17.45555555555509 5.142993485657687e-06 -0.0002073050653034853
17.45833333333287 1.304072015516805e-06 -0.0002089178520036194
17.46111111111065 -2.554932573694013e-06 -0.0002104558294270871
17.46388888888842 -6.431669694307632e-06 -0.0002119192670544865
17.4666666666662 -1.032381358824706e-05 -0.0002133085053303072
17.46944444444398 -1.422906522829257e-05 -0.0002146239539291117
17.47222222222175 -1.81451541260016e-05 -0.0002158660899741747
17.47499999999953 -2.206984005075929e-05 -0.0002170354562123727
17.47777777777731 -2.600091465609539e-05 -0.0002181326591495593
17.48055555555508 -2.993620301505126e-05 -0.0002191583671503066
17.48333333333286 -3.38735650664325e-05 -0.0002201133085054707
17.48611111111063 -3.78108969677189e-05 -0.0002209982694721188
17.48888888888841 -4.17461323603294e-05 -0.0002218140922886172
17.49166666666619 -4.567724354290857e-05 -0.0002225616731694221
17.49444444444396 -4.960224255684449e-05 -0.0002232419602824262
17.49722222222174 -5.351918218516774e-05 -0.0002238559517121423
17.49999999999952 -5.74261568611125e-05 -0.0002244046934131907
17.50277777777729 -6.132130349409694e-05 -0.0002248892771557398
17.50555555555507 -6.520280220933518e-05 -0.0002253108384671881
17.50833333333285 -6.906887700366053e-05 -0.0002256705545729467
17.51111111111062 -7.291779632120672e-05 -0.0002259696423384296
17.5138888888884 -7.674787354589866e-05 -0.0002262093562166097
17.51666666666618 -8.055746741834968e-05 -0.0002263909862017806
17.51944444444395 -8.43449823734256e-05 -0.0002265158557939532
17.52222222222173 -8.810886880252252e-05 -0.0002265853199756555
17.5249999999995 -9.184762324291625e-05 -0.0002266007632032214
17.52777777777728 -9.555978849741974e-05 -0.0002265635974141838
17.53055555555506 -9.924395367814612e-05 -0.0002264752600564371
17.53333333333283 -0.0001028987541913764 -0.0002263372121346929
17.53611111111061 -0.0001065228716490498 -0.0002261509362833404
17.53888888888839 -0.0001101150337203432 -0.0002259179348625678
17.54166666666616 -0.0001136740139229662 -0.0002256397280802837
17.54444444444394 -0.000117198631352104 -0.0002253178521436574
17.54722222222172 -0.0001206877503543338 -0.0002249538574391247
17.54999999999949 -0.0001241402801470888 -0.0002245493067429869
17.55277777777727 -0.000127555174382784 -0.0002241057734656046
17.55555555555505 -0.0001309314306666203 -0.000223624839926526
17.55833333333282 -0.0001342680900239751 -0.0002231080956650684
17.5611111111106 -0.0001375642363213617 -0.0002225571357864785
17.56388888888837 -0.0001408189956453706 -0.0002219735593430902
17.56666666666615 -0.0001440315356400183 -0.0002213589677523297
17.56944444444393 -0.0001472010648031935 -0.0002207149632532657
17.5722222222217 -0.000150326831750924 -0.0002200431473979032
17.57499999999948 -0.0001534081244414528 -0.0002193451195845412
17.57777777777726 -0.0001564442693695774 -0.0002186224756281276
17.58055555555503 -0.0001594346307336834 -0.0002178768063673558
17.58333333333281 -0.0001623786095686647 -0.0002171096963154108
17.58611111111059 -0.0001652756428578315 -0.0002163227223464403
17.58888888888836 -0.0001681252026196892 -0.0002155174524223636
17.59166666666614 -0.0001709267949730012 -0.000214695444358999
17.59444444444392 -0.0001736799591825843 -0.0002138582446311676
17.59722222222169 -0.0001763842666867598 -0.000213007387217468
17.59999999999947 -0.000179039320110131 -0.0002121443924831931
17.60277777777724 -0.0001816447522647626 -0.0002112707660999649
17.60555555555502 -0.0001842002251335213 -0.0002103879980089597
17.6083333333328 -0.0001867054288514764 -0.000209497561415088
17.61111111111057 -0.000189160080674959 -0.000208600911822323
17.61388888888835 -0.0001915639239441772 -0.0002076994861062335
17.61666666666613 -0.0001939167270446035 -0.0002067947016199477
17.6194444444439 -0.0001962182823629255 -0.0002058879553383938
17.62222222222168 -0.0001984684052429406 -0.0002049806230368775
17.62499999999946 -0.000200666932942748 -0.0002040740585034866
17.62777777777723 -0.0002028137235950239 -0.0002031695927844281
17.63055555555501 -0.0002049086551683523 -0.0002022685334651756
17.63333333333279 -0.0002069516244370083 -0.0002013721639808124
17.63611111111056 -0.0002089425459557866 -0.0002004817429596424
17.63888888888834 -0.0002108813510441092 -0.0001995985035964597
17.64166666666612 -0.0002127679867791917 -0.0001987236530562766
17.64444444444389 -0.0002146024149987147 -0.0001978583719087425
17.64722222222167 -0.0002163846113211897 -0.0001970038135848016
17.64999999999944 -0.0002181145641707285 -0.0001961611038707294
17.65277777777722 -0.0002197922738269421 -0.0001953313404171064
17.655555555555 -0.0002214177514823126 -0.0001945155922827557
17.65833333333277 -0.0002229910183185887 -0.0001937148995013051
17.66111111111055 -0.0002245121046059556 -0.000192930272666082
17.66388888888833 -0.0002259810488152503 -0.0001921626925450323
17.6666666666661 -0.0002273978967510862 -0.0001914131097169367
17.66944444444388 -0.0002287627007098267 -0.0001906824442243626
17.67222222222166 -0.0002300755186550187 -0.0001899715852524025
17.67499999999943 -0.0002313364134197857 -0.0001892813908219919
17.67777777777721 -0.0002325454519247163 -0.0001886126875120874
17.68055555555499 -0.0002337027044325437 -0.0001879662701845117
17.68333333333276 -0.0002348082438154234 -0.000187342901741634
17.68611111111054 -0.0002358621448558422 -0.0001867433128908523
17.68888888888831 -0.0002368644835720326 -0.000186168201927273
17.69166666666609 -0.000237815336567075 -0.0001856182345359324
17.69444444444387 -0.0002387147804129159 -0.0001850940435990609
17.69722222222164 -0.0002395628910520443 -0.0001845962290309006
17.69999999999942 -0.0002403597432401672 -0.0001841253576096509
17.7027777777772 -0.0002411054100097795 -0.0001836819628328485
17.70555555555497 -0.0002417999621623529 -0.000183266544786259
17.70833333333275 -0.0002424434677996333 -0.0001828795700121892
17.71111111111053 -0.0002430359918749383 -0.0001825214714027484
17.7138888888883 -0.000243577595783607 -0.0001821926480924549
17.71666666666608 -0.0002440683369789439 -0.0001818934653685155
17.71944444444386 -0.0002445082686253873 -0.0001816242545829241
17.72222222222163 -0.0002448974392771667 -0.0001813853130823191
17.72499999999941 -0.0002452358925915685 -0.0001811769041432209
17.72777777777718 -0.0002455236670808432 -0.0001809992569069751
17.73055555555496 -0.0002457607958848156 -0.0001808525663391142
17.73333333333274 -0.0002459473065873491 -0.0001807369931812505
17.73611111111051 -0.0002460832210577066 -0.0001806526639216249
17.73888888888829 -0.0002461685553281175 -0.0001805996707686916
17.74166666666607 -0.0002462033195087072 -0.000180578071626095
17.74444444444384 -0.0002461875177255684 -0.0001805878900887701
17.74722222222162 -0.0002461211481028468 -0.0001806291154312024
17.7499999999994 -0.000246004202770688 -0.0001807017026130391
17.75277777777717 -0.0002458366679063608 -0.000180805572291887
17.75555555555495 -0.0002456185238194705 -0.0001809406108281886
17.75833333333273 -0.0002453497450509551 -0.0001811066703241729
17.7611111111105 -0.0002450303005246382 -0.0001813035686431757
17.76388888888828 -0.0002446601537197628 -0.0001815310894530733
17.76666666666605 -0.000244239262879855 -0.000181788982272571
17.76944444444383 -0.0002437675812541855 -0.0001820769625255365
17.77222222222161 -0.0002432450573722999 -0.0001823947116027425
17.77499999999938 -0.0002426716353503922 -0.0001827418769327282
17.77777777777716 -0.0002420472552283527 -0.0001831180720633439
17.78055555555494 -0.0002413718533396739 -0.0001835228767510268
17.78333333333271 -0.0002406453627142065 -0.0001839558370578576
17.78611111111049 -0.0002398677135072236 -0.0001844164654651781
17.78888888888827 -0.0002390388334663623 -0.0001849042409882605
17.79166666666604 -0.0002381586484208901 -0.0001854186093128085
17.79444444444382 -0.0002372270828087854 -0.0001859589829326608
17.7972222222216 -0.0002362440602262365 -0.0001865247413090722
17.79999999999937 -0.0002352095040112466 -0.0001871152310361093
17.80277777777715 -0.0002341233378515373 -0.0001877297660249703
17.80555555555492 -0.0002329854864228203 -0.0001883676276992261
17.8083333333327 -0.0002317958760564407 -0.0001890280652023783
17.81111111111048 -0.0002305544354268931 -0.0001897102956295958
17.81388888888825 -0.000229261096274387 -0.0001904135042644047
17.81666666666603 -0.0002279157941410029 -0.000191136844847054
17.81944444444381 -0.0002265184691478952 -0.000191879439840415
17.82222222222158 -0.0002250690667756099 -0.0001926403807399172
17.82499999999936 -0.0002235675386888768 -0.0001934187283767782
17.82777777777714 -0.0002220138435648622 -0.0001942135132641227
17.83055555555491 -0.000220407947957164 -0.0001950237359468759
17.83333333333269 -0.0002187498271693407 -0.0001958483673864171
17.83611111111047 -0.0002170394661562246 -0.0001966863493581984
17.83888888888824 -0.0002152768604368962 -0.000197536594880786
17.84166666666602 -0.0002134620170309341 -0.0001983979886626316
17.84444444444379 -0.0002115949554035745 -0.0001992693875824047
17.84722222222157 -0.0002096757084354429 -0.0002001496211850313
17.84999999999935 -0.0002077043233973073 -0.0002010374922146491
17.85277777777712 -0.0002056808629438471 -0.0002019317771685797
17.8555555555549 -0.0002036054061158583 -0.0002028312268833451
17.85833333333268 -0.0002014780493498102 -0.0002037345671530644
17.86111111111045 -0.0001992989075059665 -0.0002046404993681261
17.86388888888823 -0.0001970681148911299 -0.0002055477011982239
17.86666666666601 -0.0001947858262973888 -0.000206454827296987
17.86944444444378 -0.0001924522180415096 -0.0002073605100433221
17.87222222222156 -0.0001900674890050262 -0.0002082633603182481
17.87499999999934 -0.0001876318616803329 -0.0002091619683113723
17.87777777777711 -0.0001851455832119776 -0.0002100549043664708
17.88055555555489 -0.0001826089264417734 -0.0002109407198571746
17.88333333333266 -0.0001800221909430511 -0.0002118179481053501
17.88611111111044 -0.0001773857040543996 -0.0002126851053314936
17.88888888888822 -0.0001746998219060389 -0.0002135406916425255
17.89166666666599 -0.0001719649304362426 -0.0002143831920579863
17.89444444444377 -0.00016918144639401 -0.0002152110775765865
17.89722222222155 -0.0001663498183350089 -0.0002160228062759618
17.89999999999932 -0.0001634705275978716 -0.0002168168244552598
17.9027777777771 -0.0001605440892663313 -0.0002175915678144795
17.90555555555488 -0.0001575710531096146 -0.0002183454626752661
17.90833333333265 -0.0001545520045075796 -0.0002190769272366324
17.91111111111043 -0.0001514875653453441 -0.0002197843728757869
17.91388888888821 -0.0001483783948895793 -0.0002204662054831221
17.91666666666598 -0.000145225190634362 -0.0002211208268389069
17.91944444444376 -0.0001420286891188888 -0.0002217466360281056
17.92222222222154 -0.0001387896667118347 -0.0002223420308952331
17.92499999999931 -0.0001355089403645861 -0.000222905409535837
17.92777777777709 -0.0001321873683268272 -0.0002234351718271976
17.93055555555486 -0.0001288258508243974 -0.0002239297209961933
17.93333333333264 -0.0001254253306966039 -0.0002243874652241765
17.93611111111042 -0.000121986793991311 -0.0002248068192877649
17.93888888888819 -0.0001185112705131007 -0.0002251862062362398
17.94166666666597 -0.0001149998343285228 -0.0002255240591009888
17.94444444444375 -0.0001114536042171572 -0.0002258188226412806
17.94722222222152 -0.0001078737440724922 -0.0002260689551215109
17.9499999999993 -0.0001042614632512011 -0.0002262729301185654
17.95277777777708 -0.000100618016862993 -0.0002264292383608622
17.95555555555485 -9.694470600359261e-05 -0.0002265363895951781
17.95833333333263 -9.324287792614595e-05 -0.0002265929144809642
17.96111111111041 -8.951392615174138e-05 -0.0002265973665092737
17.96388888888818 -8.575929051444776e-05 -0.0002265483239457093
17.96666666666596 -8.198045713732976e-05 -0.0002264443917961086
17.96944444444373 -7.817895834220816e-05 -0.000226284203790887
17.97222222222151 -7.435637248686566e-05 -0.0002260664243878773
17.97499999999929 -7.051432373194262e-05 -0.0002257897507897913
17.97777777777706 -6.665448172835807e-05 -0.0002254529149767268
17.98055555555484 -6.277856123370643e-05 -0.0002250546857475049
17.98333333333262 -5.888832164630282e-05 -0.0002245938707708101
17.98611111111039 -5.498556646119866e-05 -0.0002240693186412877
17.98888888888817 -5.107214264599476e-05 -0.0002234799209382661
17.99166666666595 -4.714993993033094e-05 -0.0002228246142854412
17.99444444444372 -4.322089001437487e-05 -0.0002221023824066784
17.9972222222215 -3.928696569132351e-05 -0.000221312258175943
17.99999999999928 -3.535017988083575e-05 -0.0002204533256585366
18.00277777777705 -3.141258457812485e-05 -0.0002195247221389815
18.00555555555483 -2.747626971293356e-05 -0.0002185256401333805
18.0083333333326 -2.354336191799035e-05 -0.000217455329382505
18.01111111111038 -1.961602320983392e-05 -0.000216313098821425
18.01388888888816 -1.569644957786243e-05 -0.0002150983185227543
18.01666666666593 -1.178686948201386e-05 -0.0002138104216094697
18.01944444444371 -7.889542260249292e-06 -0.0002124489061333818
18.02222222222149 -4.006756445082102e-06 -0.0002110133369154503
18.02499999999926 -1.408279881284404e-07 -0.0002095033473440935
18.02777777777704 3.705901605526459e-06 -0.0002079186411272702
18.03055555555482 7.531067233183319e-06 -0.0002062589939943687
18.03333333333259 1.133228223994382e-05 -0.0002045242553437263
18.03611111111037 1.510714055330878e-05 -0.0002027143498316718
18.03888888888815 1.885321890512439e-05 -0.0002008292788988005
18.04166666666592 2.256807914018314e-05 -0.0001988691222293571
18.0444444444437 2.624927061054515e-05 -0.0001968340391393486
18.04722222222147 2.989433265277266e-05 -0.0001947242698892575
18.04999999999925 3.350079714670416e-05 -0.0001925401369170566
18.05277777777703 3.706619115464649e-05 -0.0001902820459872424
18.0555555555548 4.058803963785567e-05 -0.0001879504872516298
18.05833333333258 4.406386824710854e-05 -0.0001855460362179449
18.06111111111036 4.749120618679487e-05 -0.0001830693546216651
18.06388888888813 5.086758914824433e-05 -0.0001805211911971993
18.06666666666591 5.419056230786818e-05 -0.0001779023823446559
18.06944444444369 5.745768339000657e-05 -0.0001752138526875878
18.07222222222146 6.066652578906299e-05 -0.0001724566155180428
18.07499999999924 6.381468174515223e-05 -0.0001696317731258234
18.07777777777702 6.689976557433973e-05 -0.0001667405170067485
18.08055555555479 6.991941694368911e-05 -0.000163784127947959
18.08333333333257 7.287130419061062e-05 -0.0001607639759856053
18.08611111111034 7.575312768001397e-05 -0.0001576815202321876
18.08888888888812 7.856262319474724e-05 -0.0001545383085702135
18.0916666666659 8.129756535412202e-05 -0.0001513359772093187
18.09444444444367 8.395577105626736e-05 -0.0001480762501034387
18.09722222222145 8.653510293707909e-05 -0.0001447609382262388
18.09999999999923 8.903347284055172e-05 -0.0001413919387021591
18.102777777777 9.144884529686745e-05 -0.0001379712337897204
18.10555555555478 9.377924099815292e-05 -0.0001345008897170761
18.10833333333256 9.602274026951055e-05 -0.0001309830553661106
18.11111111111033 9.817748652607705e-05 -0.0001274199608050566
18.11388888888811 0.000100241689711573 -0.0001238139156672701
18.11666666666589 0.000102213629710268 -0.0001201673073759377
18.11944444444366 0.0001040916597268314 -0.0001164825992131711
18.12222222222144 0.0001058742096248238 -0.0001127623282347049
18.12499999999921 0.0001075597892203571 -0.0001090091030274002
18.12777777777699 0.0001091469915196515 -0.0001052256013129013
18.13055555555477 0.0001106344958965922 -0.0001014145673952605
18.13333333333254 0.0001120210712008184 -9.757880945521659e-05
18.13611111111032 0.000113305578790386 -9.372119669091745e-05
18.1388888888881 0.000114486975480027 -8.984465630820512e-05
18.14166666666587 0.0001155643163990686 -8.595217036077171e-05
18.14444444444365 0.0001165367577506604 -8.204677244333688e-05
18.14722222222143 0.0001174035594648344 -7.813154424045725e-05
18.1499999999992 0.0001181640877384847 -7.420961193337314e-05
18.15277777777698 0.0001188178174539889 -7.028414246924439e-05
18.15555555555476 0.0001193643344701773 -6.635833969525392e-05
18.15833333333253 0.0001198033377774384 -6.243544036282049e-05
18.16111111111031 0.0001201346415102454 -5.851871000593111e-05
18.16388888888808 0.0001203581768099674 -5.461143869846912e-05
18.16666666666586 0.0001204739935310496 -5.071693669590849e-05
18.16944444444364 0.0001204822617837634 -4.683852996694449e-05
18.17222222222141 0.0001203832733068732 -4.297955562135581e-05
18.17499999999919 0.0001201774426638872 -3.914335724034467e-05
18.17777777777697 0.0001198653082569589 -3.533328011565589e-05
18.18055555555474 0.0001194475331518601 -3.155266640603079e-05
18.18333333333252 0.0001189249057092539 -2.78048502165368e-05
18.1861111111103 0.0001182983400160079 -2.409315261065565e-05
18.18888888888807 0.0001175688761122175 -2.042087656149144e-05
18.19166666666585 0.0001167376800085456 -1.679130185237074e-05
18.19444444444363 0.0001158060434900232 -1.320767993407408e-05
18.1972222222214 0.0001147753837017913 -9.673228749396104e-06
18.19999999999918 0.0001136472425135398 -6.191127533158169e-06
18.20277777777696 0.0001124232856590997 -2.764511598262261e-06
18.20555555555473 0.0001111053016485136 6.035328824149369e-07
18.20833333333251 0.0001096952004501296 3.909974088157352e-06
18.21111111111028 0.0001081950119408625 7.151839745987237e-06
18.21388888888806 0.0001066068841231119 1.032622229915764e-05
18.21666666666584 0.0001049330811074269 1.343028403742297e-05
18.21944444444361 0.0001031759808604505 1.646126217807257e-05
18.22222222222139 0.0001013380727182548 1.94164738872608e-05
18.22499999999917 9.942195466564392e-05 2.229332122904589e-05
18.22777777777694 9.74303303826245e-05 2.50892960321119e-05
18.23055555555472 9.536600605975165e-05 2.780198466176609e-05
18.2333333333325 9.323188698466774e-05 3.042907268625029e-05
18.23611111111027 9.103097390264589e-05 3.296834942584558e-05
18.23888888888805 8.876635915470761e-05 3.541771237301368e-05
18.24166666666583 8.644122259722157e-05 3.777517147261822e-05
18.2444444444436 8.405882730778748e-05 4.003885325048526e-05
18.24722222222138 8.162251508251845e-05 4.220700477934699e-05
18.24999999999915 7.913570173060176e-05 4.427799747119609e-05
18.25277777777693 7.66018721726502e-05 4.625033068479805e-05
18.25555555555471 7.40245753497545e-05 4.81226351381037e-05
18.25833333333248 7.140741895096142e-05 4.989367611491571e-05
18.26111111111026 6.875406396737271e-05 5.156235645562242e-05
18.26388888888804 6.606821908164065e-05 5.312771932232186e-05
18.26666666666581 6.335363490218757e-05 5.458895072875066e-05
18.26944444444359 6.061409805223212e-05 5.594538182576435e-05
18.27222222222137 5.785342512371506e-05 5.719649093410202e-05
18.27499999999914 5.50754565077259e-05 5.834190531536111e-05
18.27777777777692 5.228405011216325e-05 5.938140267440586e-05
18.2805555555547 4.948307497935315e-05 6.031491238495153e-05
18.28333333333247 4.667640481561708e-05 6.114251643217265e-05
18.28611111111025 4.386791144577675e-05 6.186445006603886e-05
18.28888888888802 4.106145820620264e-05 6.248110215945411e-05
18.2916666666658 3.82608932897696e-05 6.299301526667017e-05
18.29444444444358 3.547004305700089e-05 6.340088537737316e-05
18.29722222222135 3.269270532787273e-05 6.370556136282587e-05
18.29999999999913 2.993264266902565e-05 6.390804411109231e-05
18.30277777777691 2.71935756910925e-05 6.400948534934007e-05
18.30555555555468 2.447917637187505e-05 6.401118615134521e-05
18.30833333333246 2.17930614204173e-05 6.39145951298229e-05
18.31111111111024 1.913878569781681e-05 6.37213063134043e-05
18.31388888888801 1.651983571026595e-05 6.343305670931449e-05
18.31666666666579 1.393962319043231e-05 6.30517235532012e-05
18.31944444444357 1.140147878264383e-05 6.257932124881749e-05
18.32222222222134 8.908645848097755e-06 6.201799800068117e-05
18.32499999999912 6.464274405466452e-06 6.137003214404603e-05
18.32777777777689 4.071415222999032e-06 6.063782817701177e-05
18.33055555555467 1.733014077175655e-06 5.982391250081137e-05
18.33333333333245 -5.480938062208284e-07 5.893092887476629e-05
18.33611111111022 -2.76918911401663e-06 5.796163359362829e-05
18.338888888888 -4.927673595349644e-06 5.691889039554158e-05
18.34166666666578 -7.021074984805142e-06 5.580566510991414e-05
18.34444444444355 -9.047051685072666e-06 5.462502005517332e-05
18.34722222222133 -1.100339719504242e-05 5.338010819724e-05
18.34999999999911 -1.288804427052284e-05 5.207416708033089e-05
18.35277777777688 -1.469906880475186e-05 5.071051254246327e-05
18.35555555555466 -1.643469341652661e-05 4.929253222877647e-05
18.35833333333244 -1.80932907346158e-05 4.7823678916533e-05
18.36111111111021 -1.967338636748086e-05 4.630746366629319e-05
18.36388888888799 -2.117366154824468e-05 4.474744881450396e-05
18.36666666666576 -2.259295544556001e-05 4.314724082326745e-05
18.36944444444354 -2.393026713158207e-05 4.151048300377664e-05
18.37222222222132 -2.518475719957244e-05 3.984084813028964e-05
18.37499999999909 -2.635574902388018e-05 3.814203096219701e-05
18.37777777777687 -2.744272965651149e-05 3.641774069208139e-05
18.38055555555465 -2.844535035502682e-05 3.467169333815443e-05
18.38333333333242 -2.936342673767799e-05 3.290760409981461e-05
18.3861111111102 -3.019693856266103e-05 3.112917969532579e-05
18.38888888888798 -3.094602912919164e-05 2.93401107010463e-05
18.39166666666575 -3.161100429940388e-05 2.754406391165116e-05
18.39444444444353 -3.219233114086614e-05 2.574467474114987e-05
18.39722222222131 -3.269063619083736e-05 2.394553968436915e-05
18.39999999999908 -3.31067033441588e-05 2.215020885891466e-05
18.40277777777686 -3.344147136800947e-05 2.036217864731296e-05
18.40555555555463 -3.36960310477965e-05 1.858488445910519e-05
18.40833333333241 -3.387162196940627e-05 1.68216936325359e-05
18.41111111111019 -3.396962894427713e-05 1.507589849526023e-05
18.41388888888796 -3.399157808484842e-05 1.335070960309366e-05
18.41666666666574 -3.393913253892176e-05 1.164924917570619e-05
18.41944444444352 -3.381408789254211e-05 9.974544747706042e-06
18.42222222222129 -3.361836725224585e-05 8.329523052887995e-06
18.42499999999907 -3.335401601822977e-05 6.717004159296355e-06
18.42777777777685 -3.302319636130065e-05 5.139695871855573e-06
18.43055555555462 -3.262818141730282e-05 3.600188418661356e-06
18.4333333333324 -3.217134921362521e-05 2.100949436719079e-06
18.43611111111018 -3.165517634342371e-05 6.443192716127823e-07
18.43888888888795 -3.108223140398837e-05 -7.674933948502397e-07
18.44166666666573 -3.045516821649983e-05 -2.132415575923832e-06
18.4444444444435 -2.977671884526915e-05 -3.448513658062247e-06
18.44722222222128 -2.904968643522214e-05 -4.713996714720937e-06
18.44999999999906 -2.827693788712435e-05 -5.927219445678006e-06
18.45277777777683 -2.746139639060211e-05 -7.08668473278347e-06
18.45555555555461 -2.660603383566991e-05 -8.191045804122714e-06
18.45833333333239 -2.571386312386928e-05 -9.239107999875352e-06
18.46111111111016 -2.478793040067348e-05 -1.022983013402677e-05
18.46388888888794 -2.383130723108723e-05 -1.116232544765235e-05
18.46666666666572 -2.284708274074944e-05 -1.203586215044645e-05
18.46944444444349 -2.183835574502132e-05 -1.284986354856134e-05
18.47222222222127 -2.080822688872756e-05 -1.3603907758129e-05
18.47499999999905 -1.975979081931891e-05 -1.429772700493428e-05
18.47777777777682 -1.869612841618869e-05 -1.493120651227204e-05
18.4805555555546 -1.762029909883012e-05 -1.55043829801334e-05
18.48333333333238 -1.653533323639764e-05 -1.601744266022249e-05
18.48611111111015 -1.544422468095782e-05 -1.647071903264173e-05
18.48888888888793 -1.434992344647708e-05 -1.686469009131845e-05
18.4916666666657 -1.32553285551386e-05 -1.719997524657729e-05
18.49444444444348 -1.21632810722111e-05 -1.74773318544654e-05
18.49722222222126 -1.107655735008058e-05 -1.769765138372651e-05
18.49999999999903 -9.997862501473268e-06 -1.786195523249122e-05
18.50277777777681 -8.929824121268993e-06 -1.797139020790735e-05
