16.5 -1.032546916050307e-07 -1.903712625027255e-07
16.50277777777778 -1.789354969070241e-07 -1.342277605201718e-07
16.50555555555555 -2.2577797423751e-07 -4.891918474477416e-08
16.50833333333333 -2.329843774047448e-07 5.133027233078652e-08
16.51111111111111 -1.965554187481128e-07 1.485171780395172e-07
16.51388888888888 -1.205005734556854e-07 2.240244184684738e-07
16.51666666666666 -1.660775535532204e-08 2.621131258871943e-07
16.51944444444444 9.727920415803389e-08 2.530990004251779e-07
16.52222222222221 2.002464891036576e-07 1.955886544437552e-07
16.52499999999999 2.720755511886422e-07 9.728918707622142e-08
16.52777777777776 2.971235939588939e-07 -2.585654757614777e-08
16.53055555555554 2.675897389509967e-07 -1.521544602453416e-07
16.53333333333332 1.855063614190162e-07 -2.578975554639339e-07
16.53611111111109 6.299426889070911e-08 -3.217299022053734e-07
16.53888888888887 -7.937969940634788e-08 -3.288482811789999e-07
16.54166666666665 -2.159539797599117e-07 -2.742332101991196e-07
16.54444444444442 -3.205069099833044e-07 -1.642330966164477e-07
16.5472222222222 -3.711903125376713e-07 -1.609442900761415e-08
16.54999999999998 -3.549513197735605e-07 1.446051615364512e-07
16.55277777777775 -2.705703574988505e-07 2.882685978425379e-07
16.55555555555553 -1.296500670292074e-07 3.866294800225322e-07
16.55833333333331 4.476352424311969e-08 4.181919168229082e-07
16.56111111111108 2.218170536961567e-07 3.727337536549431e-07
16.56388888888886 3.681970015242619e-07 2.53959348319535e-07
16.56666666666663 4.542824036444852e-07 7.968126404952001e-08
16.56944444444441 4.599872419464674e-07 -1.206600548268441e-07
16.57222222222219 3.791650303421442e-07 -3.108364312205446e-07
16.57499999999996 2.216498750457953e-07 -4.542628953840584e-07
16.57777777777774 1.239851908311648e-08 -5.20900206057734e-07
16.58055555555552 -2.122857339040314e-07 -4.933500855348882e-07
16.58333333333329 -4.109139919312227e-07 -3.709374293660366e-07
16.58611111111107 -5.443388232092652e-07 -1.708803092823898e-07
16.58888888888885 -5.833060918931453e-07 7.38551120184075e-08
16.59166666666662 -5.146023258675006e-07 3.198140609584482e-07
16.5944444444444 -3.445461339355773e-07 5.206234526700755e-07
16.59722222222218 -9.899837165552144e-08 6.355817560432291e-07
16.59999999999995 1.80325248587644e-07 6.377043791551811e-07
16.60277777777773 4.427679557053986e-07 5.196676191834455e-07
16.6055555555555 6.377607337851622e-07 2.963970074254979e-07
16.60833333333328 7.243861065826806e-07 3.604989578031608e-09
16.61111111111106 6.796991771706779e-07 -3.076921374797367e-07
16.61388888888883 5.041555064292958e-07 -5.798847082530202e-07
16.61666666666661 2.229432531402415e-07 -7.592549209299231e-07
16.61944444444439 -1.172801644713535e-07 -8.063602132235901e-07
16.62222222222216 -4.559066856875853e-07 -7.043442503712096e-07
16.62499999999994 -7.289852694842291e-07 -4.634787534716781e-07
16.62777777777772 -8.810976812103403e-07 -1.208510124153012e-07
16.63055555555549 -8.76332501236623e-07 2.650343094636172e-07
16.63333333333327 -7.062285733384433e-07 6.240219189378864e-07
16.63611111111105 -3.930057700297906e-07 8.868547920685448e-07
16.63888888888882 1.280739761182561e-08 9.982983345271731e-07
16.6416666666666 4.402327025459514e-07 9.283934221832012e-07
16.64444444444437 8.100265338382719e-07 6.796013384708886e-07
16.64722222222215 1.049142229786568e-06 2.882486881502336e-07
16.64999999999993 1.104872058746565e-06 -1.80335465304972e-07
16.6527777777777 9.559788489617116e-07 -6.424411943540776e-07
16.65555555555548 6.185391044317716e-07 -1.010688470668985e-06
16.65833333333326 1.450861401462279e-07 -1.21028749865674e-06
16.66111111111103 -3.831742707385185e-07 -1.193868678298528e-06
16.66388888888881 -8.700076741775052e-07 -9.519998240250529e-07
16.66666666666659 -1.221417556141612e-06 -5.171563630467127e-07
16.66944444444436 -1.363485125056992e-06 3.998201613118042e-08
16.67222222222214 -1.257449094136852e-06 6.216505015674281e-07
16.67499999999992 -9.090223951111953e-07 1.11986141378151e-06
16.67777777777769 -3.698590624921907e-07 1.436157169045523e-06
16.68055555555547 2.695527770206524e-07 1.500693382175335e-06
16.68333333333324 8.947190031617227e-07 1.287015611741192e-06
16.68611111111102 1.387330704998514e-06 8.19499714094739e-07
16.6888888888888 1.647315482309088e-06 1.716385818313503e-07
16.69166666666657 1.612697580605154e-06 -5.450177772132251e-07
16.69444444444435 1.27340117895393e-06 -1.199710003063332e-06
16.69722222222213 6.760566263584113e-07 -1.665990337790892e-06
16.6999999999999 -8.159864726033495e-08 -1.84574704917926e-06
16.70277777777768 -8.662498924047307e-07 -1.689235375309695e-06
16.70555555555546 -1.532092843031976e-06 -1.207120839802168e-06
16.70833333333323 -1.947551284854733e-06 -4.718246674724855e-07
16.71111111111101 -2.020795251102018e-06 3.926731637058361e-07
16.71388888888879 -1.719190637482512e-06 1.231289960351481e-06
16.71666666666656 -1.078686547520161e-06 1.885269496032567e-06
16.71944444444434 -2.008227609409422e-07 2.221805349151131e-06
16.72222222222211 7.627560257820359e-07 2.160405343324934e-06
16.72499999999989 1.6360469666109e-06 1.690860592931091e-06
16.72777777777767 2.250412228475332e-06 8.789838869906501e-07
16.73055555555544 2.476637400942069e-06 -1.416239505986275e-07
16.73333333333322 2.251316469867495e-06 -1.1909863469209e-06
16.736111111111 1.592298548524435e-06 -2.074026826517235e-06
16.73888888888877 5.997062869715564e-07 -2.616360378088079e-06
16.74166666666655 -5.584377102884557e-07 -2.698117101537758e-06
16.74444444444433 -1.674097728887755e-06 -2.279339042099445e-06
16.7472222222221 -2.536106291208419e-06 -1.411731641736429e-06
16.74999999999988 -2.969591249116733e-06 -2.338390363552909e-07
16.75277777777766 -2.870680619967314e-06 1.050327779802693e-06
16.75555555555543 -2.229721280326627e-06 2.206070681594292e-06
16.75833333333321 -1.138049711473387e-06 3.010369384514165e-06
16.76111111111098 2.238180361849638e-07 3.294279485870139e-06
16.76388888888876 1.615332594506271e-06 2.977410757533893e-06
16.76666666666654 2.777829882828589e-06 2.087605531046139e-06
16.76944444444431 3.48202401696108e-06 7.613576881950761e-07
16.77222222222209 3.572457898596081e-06 -7.761038699785992e-07
16.77499999999987 3.000421093753475e-06 -2.24838356414529e-06
16.77777777777764 1.838571252418791e-06 -3.377006333737798e-06
16.78055555555542 2.735799554000434e-07 -3.933415914296557e-06
16.7833333333332 -1.422943528639635e-06 -3.784290533918732e-06
16.78611111111097 -2.940911832680463e-06 -2.921346278942664e-06
16.78888888888875 -3.987784966787325e-06 -1.469257400112336e-06
16.79166666666653 -4.344155652597262e-06 3.308989102585418e-07
16.7944444444443 -3.908465788749893e-06 2.160810802581205e-06
16.79722222222208 -2.721936483978587e-06 3.680520896937943e-06
16.79999999999986 -9.680524729819605e-07 4.590857935880641e-06
16.80277777777763 1.054576584451758e-06 4.691372350416381e-06
16.80555555555541 2.982229935004637e-06 3.922713582073781e-06
16.80833333333318 4.450748805375576e-06 2.384749375575009e-06
16.81111111111096 5.163502559968434e-06 3.258358535237577e-07
16.81388888888874 4.95010440558709e-06 -1.896181895813261e-06
16.81666666666651 3.804446084548726e-06 -3.875342382758721e-06
16.81944444444429 1.8939279536653e-06 -5.23094357032371e-06
16.82222222222207 -4.632505082263566e-07 -5.679800628626904e-06
16.82499999999984 -2.85005668504248e-06 -5.093833596267073e-06
16.82777777777762 -4.823565731352618e-06 -3.531516365760286e-06
16.8305555555554 -5.996274308461564e-06 -1.236047341205506e-06
16.83333333333317 -6.111012476404272e-06 1.401025353801878e-06
16.83611111111095 -5.095163953784449e-06 3.905599677156631e-06
16.83888888888873 -3.083083701279271e-06 5.805372098237093e-06
16.8416666666665 -4.010083636385024e-07 6.717898387509869e-06
16.84444444444428 2.484515460183874e-06 6.426114902421469e-06
16.84722222222205 5.046803086018503e-06 4.926641167975856e-06
16.84999999999983 6.794212440796851e-06 2.440568375388207e-06
16.85277777777761 7.363301456162039e-06 -6.17049269989508e-07
16.85555555555538 6.592506712925457e-06 -3.70525935094319e-06
16.85833333333316 4.561702061329068e-06 -6.251913258822404e-06
16.86111111111094 1.588672847013929e-06 -7.758611030507312e-06
16.86388888888871 -1.818845917435821e-06 -7.896822672416059e-06
16.86666666666649 -5.048701853476901e-06 -6.576879510175222e-06
16.86944444444427 -7.493246019807663e-06 -3.975737069804121e-06
16.87222222222204 -8.662450903773664e-06 -5.164403724272197e-07
16.87499999999982 -8.280371780290094e-06 3.199108622430502e-06
16.8777777777776 -6.346244507447345e-06 6.49371501986874e-06
16.88055555555537 -3.147241940802779e-06 8.737185364173356e-06
16.88333333333315 7.816831239075374e-07 9.465466347388737e-06
16.88611111111092 4.745803747213272e-06 8.474338032238047e-06
16.8888888888887 8.012280625870249e-06 5.869098834427286e-06
16.89166666666648 9.944390711383125e-06 2.059028281230819e-06
16.89444444444425 1.012395247607645e-05 -2.304822681673914e-06
16.89722222222203 8.438683488613517e-06 -6.439495533452065e-06
16.89999999999981 5.116707273503402e-06 -9.569367674392344e-06
16.90277777777758 6.994564645302e-07 -1.107023303529334e-05
16.90555555555536 -4.044725690797937e-06 -1.059169482849264e-05
16.90833333333314 -8.252870631645686e-06 -8.134205177110249e-06
16.91111111111091 -1.112303496626782e-05 -4.064467937245062e-06
16.91388888888869 -1.206547389543999e-05 9.363509501948987e-07
16.91666666666647 -1.082111382752146e-05 5.984935470089997e-06
16.91944444444424 -7.523942246065699e-06 1.015046715310885e-05
16.92222222222202 -2.693323390295824e-06 1.262478383302131e-05
16.92499999999979 2.845361406567915e-06 1.287719381607663e-05
16.92777777777757 8.100132118649358e-06 1.076461016420831e-05
16.93055555555535 1.208864359185824e-05 6.574695920754829e-06
16.93333333333312 1.402017959506993e-05 9.911724792897517e-07
16.9361111111109 1.344996778471052e-05 -5.015599161257768e-06
16.93888888888868 1.037608797162381e-05 -1.035568462595228e-05
16.94166666666645 5.25862212710572e-06 -1.401581799357783e-05
16.94444444444423 -1.045766993925249e-06 -1.524975232955188e-05
16.94722222222201 -7.425276981391672e-06 -1.372727612413513e-05
16.94999999999978 -1.270745526467504e-05 -9.612623403028901e-06
16.95277777777756 -1.58730010463695e-05 -3.554849456786226e-06
16.95555555555534 -1.625017829594695e-05 3.411698310092964e-06
16.95833333333311 -1.365312894833524e-05 1.004214238714035e-05
16.96111111111089 -8.436237300037717e-06 1.510189240301122e-05
16.96388888888866 -1.451069085880332e-06 1.759463844560029e-05
16.96666666666644 6.090144092705823e-06 1.695573313960974e-05
16.96944444444422 1.282308547789629e-05 1.31738722120271e-05
16.97222222222199 1.747644107923301e-05 6.815722435121315e-06
16.97499999999977 1.910976813577455e-05 -1.054961313608837e-06
16.97777777777755 1.729999710578473e-05 -9.053058282341033e-06
16.98055555555532 1.224013341521341e-05 -1.571405067061389e-05
16.9833333333331 4.728468744674609e-06 -1.976029208801915e-05
16.98611111111088 -3.954060390556727e-06 -2.034348712974666e-05
16.98888888888865 -1.226020514395624e-05 -1.721778133940099e-05
16.99166666666643 -1.865028788613181e-05 -1.08088557603198e-05
16.99444444444421 -2.187548012815949e-05 -2.162224426919094e-06
16.99722222222198 -2.121871089575227e-05 7.224474053586365e-06
16.99999999999976 -1.66472333539806e-05 1.565885419800549e-05
17.00277777777753 -8.845361420268929e-06 2.15569699402303e-05
17.00555555555531 8.832728798779768e-07 2.373833003524947e-05
17.00833333333309 1.083099430832387e-05 2.165819619599297e-05
17.01111111111086 1.918383327809904e-05 1.553206938756386e-05
17.01388888888864 2.435019232491533e-05 6.325377984652384e-06
17.01666666666642 2.526123762964135e-05 -4.394862095462585e-06
17.01944444444419 2.158678621537679e-05 -1.472440173751629e-05
17.02222222222197 1.382387209668863e-05 -2.275797305318731e-05
17.02499999999975 3.236957500864625e-06 -2.693835948348208e-05
17.02777777777752 -8.344788178888763e-06 -2.635475867652739e-05
17.0305555555553 -1.884128089737561e-05 -2.093382532624735e-05
17.03333333333308 -2.629296550228809e-05 -1.148438432821231e-05
17.03611111111085 -2.922394846157234e-05 4.177848479638923e-07
17.03888888888863 -2.692996636431652e-05 1.268985788386887e-05
17.0416666666664 -1.963568039646798e-05 2.310424906673455e-05
17.04444444444418 -8.487723979664058e-06 2.969064627704261e-05
17.04722222222196 4.621185221347764e-06 3.110562689794777e-05
17.04999999999973 1.737097844870456e-05 2.69010250762764e-05
17.05277777777751 2.742262776381696e-05 1.76382966564672e-05
17.05555555555529 3.284469701150536e-05 4.822441579496988e-06
17.05833333333306 3.248068820694896e-05 -9.338868671294113e-06
17.06111111111084 2.618791659229322e-05 -2.231312719402437e-05
17.06388888888862 1.489970925392434e-05 -3.169357352429701e-05
17.06666666666639 4.933414852207194e-07 -3.564274889485729e-05
17.06944444444417 -1.451897401886327e-05 -3.324775304257312e-05
17.07222222222195 -2.742578893254221e-05 -2.471924473626633e-05
17.07499999999972 -3.580366999471816e-05 -1.139242714656899e-05
17.0777777777775 -3.796885373413299e-05 4.477010288691056e-06
17.08055555555528 -3.330967328354127e-05 2.00918219098611e-05
17.08333333333305 -2.243503637401331e-05 3.260388492029373e-05
17.08611111111083 -7.10560424160534e-06 3.963096790569329e-05
17.0888888888886 1.00471635456482e-05 3.970627386732459e-05
17.09166666666638 2.597007091769481e-05 3.257656339635793e-05
17.09444444444416 3.772920218611849e-05 1.928945100322195e-05
17.09722222222193 4.30474434886198e-05 2.046913914861247e-06
17.09999999999971 4.07405282310763e-05 -1.615611064004788e-05
17.10277777777749 3.096887464525225e-05 -3.204939326703648e-05
17.10555555555526 1.525330832205352e-05 -4.267231593912903e-05
17.10833333333304 -3.755952641838408e-06 -4.592182997431469e-05
17.11111111111082 -2.272311566873478e-05 -4.096261922909117e-05
17.11388888888859 -3.820968653119612e-05 -2.842042069599542e-05
17.11666666666637 -4.729498092525544e-05 -1.031634337890883e-05
17.11944444444415 -4.812276157776469e-05 1.025423639124885e-05
17.12222222222192 -4.027235434582882e-05 2.96480860515442e-05
17.1249999999997 -2.488125909857171e-05 4.431682098956751e-05
17.12777777777747 -4.489102344155943e-06 5.145295068872265e-05
17.13055555555525 1.737757051179803e-05 4.95221554446143e-05
17.13333333333303 3.681251102576858e-05 3.858166821006871e-05
17.1361111111108 5.022490477994027e-05 2.032033222752384e-05
17.13888888888858 5.499916733004908e-05 -2.195601367253839e-06
17.14166666666636 4.999874500262661e-05 -2.503399923309107e-05
17.14444444444413 3.581784546366868e-05 -4.408097451671628e-05
17.14722222222191 1.472777368941232e-05 -5.577903116513031e-05
17.14999999999969 -9.681741062547601e-06 -5.778724918119018e-05
17.15277777777746 -3.311058869325528e-05 -4.944166856256544e-05
17.15555555555524 -5.130323169988568e-05 -3.19265426576799e-05
17.15833333333302 -6.081845481069961e-05 -8.116792028477901e-06
17.16111111111079 -5.967519045781133e-05 1.788969852020917e-05
17.16388888888857 -4.77540103091037e-05 4.147464576146134e-05
17.16666666666634 -2.687450869978037e-05 5.831681996256696e-05
17.16944444444412 -5.250526948631019e-07 6.51801276057309e-05
17.1722222222219 2.67164959164365e-05 6.052917597022102e-05
17.17499999999967 4.997554216501265e-05 4.48561873764115e-05
17.17777777777745 6.495015658835152e-05 2.065190818866133e-05
17.18055555555523 6.870250989749071e-05 -7.984508527952127e-06
17.183333333333 6.022740586993845e-05 -3.603666294208155e-05
17.18611111111078 4.06890767585134e-05 -5.8447121999646e-05
17.18888888888856 1.327416024937913e-05 -7.102605800090697e-05
17.19166666666633 -1.732349245386437e-05 -7.122956065260293e-05
17.19444444444411 -4.570374522559178e-05 -5.866382057525017e-05
17.19722222222189 -6.67106514641099e-05 -3.521677947873365e-05
17.19999999999966 -7.63655994928794e-05 -4.783217029218003e-06
17.20277777777744 -7.261480052644612e-05 2.737849831666417e-05
17.20555555555521 -5.575161473401588e-05 5.555244040957383e-05
17.20833333333299 -2.842892670682158e-05 7.457825115427716e-05
17.21111111111077 4.751779489642136e-06 8.079222065149086e-05
17.21388888888854 3.801225600249499e-05 7.272533554865636e-05
17.21666666666632 6.540132828136614e-05 5.142643149221099e-05
17.2194444444441 8.18567341611447e-05 2.034244320938177e-05
17.22222222222187 8.41359707333829e-05 -1.523450670779577e-05
17.22499999999965 7.144572642582338e-05 -4.906542410476282e-05
17.22777777777743 4.564913444944849e-05 -7.505614194683858e-05
17.2305555555552 1.100269733874178e-05 -8.83517582003589e-05
17.23333333333298 -2.654216205404044e-05 -8.62377804955644e-05
17.23611111111076 -6.035902871025733e-05 -6.86815895045835e-05
17.23888888888853 -8.431350886999523e-05 -3.840806436263308e-05
17.24166666666631 -9.387218763297354e-05 -4.839832911072415e-07
17.24444444444408 -8.695364280241132e-05 3.852686019517365e-05
17.24722222222186 -6.436282026678652e-05 7.169749765486407e-05
17.24999999999964 -2.972070062710147e-05 9.296507435306349e-05
17.25277777777741 1.111069995076096e-05 9.823455201504982e-05
17.25555555555519 5.101771106151768e-05 8.615858391484647e-05
17.25833333333297 8.287222586537015e-05 5.844633873927146e-05
17.26111111111074 0.0001008019063038581 1.963466342615224e-05
17.26388888888852 0.00010126748210951 -2.365058834751015e-05
17.2666666666663 8.375031079755706e-05 -6.38235421735106e-05
17.26944444444407 5.091826814884173e-05 -9.36655900226556e-05
17.27222222222185 8.228010663399252e-06 -0.0001076190694581453
17.27499999999963 -3.69788054919498e-05 -0.0001028160023585517
17.2777777777774 -7.673620881696894e-05 -7.96524269859202e-05
17.28055555555518 -0.0001038553157729518 -4.179547315783364e-05
17.28333333333295 -0.0001132202499922134 4.391196217408205e-06
17.28611111111073 -0.0001027455607536711 5.091470135101611e-05
17.28888888888851 -7.381712031731022e-05 8.953441723131476e-05
17.29166666666628 -3.112640158710486e-05 0.0001132190886181027
17.29444444444406 1.808606236209968e-05 0.0001174223079645863
17.29722222222184 6.525682957687718e-05 0.0001009456828176577
17.29999999999961 0.0001019879697799496 6.622723980550269e-05
17.30277777777739 0.0001215392908760458 1.899119307307163e-05
17.30555555555517 0.000120059635401092 -3.269274899791604e-05
17.30833333333294 9.733314584758245e-05 -7.978649665717268e-05
17.31111111111072 5.68976956577429e-05 -0.0001138623276357025
17.3138888888885 5.501038954218994e-06 -0.0001286077420271426
17.31666666666627 -4.802304466460396e-05 -0.000120988202088648
17.31944444444405 -9.427179892018288e-05 -9.185458234398584e-05
17.32222222222182 -0.0001249233763103916 -4.587613532310892e-05
17.3249999999996 -0.0001342303185313453 9.203200876099261e-06
17.32777777777738 -0.0001200891791210776 6.386756062195231e-05
17.33055555555515 -8.448843723450166e-05 0.0001084720487349693
17.33333333333293 -3.324286888750409e-05 0.0001349422727154453
17.33611111111071 2.495309711046513e-05 0.0001382313318488975
17.33888888888848 7.99994746991576e-05 0.000117272041670048
17.34166666666626 0.0001221424796461168 7.524622154443187e-05
17.34444444444404 0.0001437002495879596 1.911003837872404e-05
17.34722222222181 0.0001404575498166366 -4.155541866971939e-05
17.34999999999959 0.0001124770669254184 -9.617873207098199e-05
17.35277777777737 6.417302495599889e-05 -0.0001350391120215299
17.35555555555514 3.620046910967416e-06 -0.0001509932541108719
17.35833333333292 -5.879550244956085e-05 -0.0001407817564809748
17.3611111111107 -0.0001121565985378958 -0.0001056771601614023
17.36388888888847 -0.0001469236563235284 -5.13472705468318e-05
17.36666666666625 -0.0001566363023379539 1.305671564234425e-05
17.36944444444402 -0.0001391057585993474 7.6441142013594e-05
17.3722222222218 -9.687896083360887e-05 0.000127680452284385
17.37499999999958 -3.687971620866573e-05 0.0001575683304371821
17.37777777777735 3.072479429767427e-05 0.0001604674393975609
17.38055555555513 9.42468980063433e-05 0.0001353627628206858
17.38333333333291 0.0001424986940428504 8.612320085081336e-05
17.38611111111068 0.000166760470583006 2.091172810562973e-05
17.38888888888846 0.0001623512070628284 -4.916716421737117e-05
17.39166666666624 0.0001295190654766974 -0.000111958722100257
17.39444444444401 7.348430800741903e-05 -0.0001563656532529592
17.39722222222179 3.612871354999719e-06 -0.0001743068220374965
17.39999999999957 -6.814921077497141e-05 -0.0001621815347078364
17.40277777777734 -0.0001293187787350839 -0.0001215750163420757
17.40555555555512 -0.0001690463691945683 -5.906926829921656e-05
17.40833333333289 -0.0001800374058941593 1.482211871731859e-05
17.41111111111067 -0.0001598839863877154 8.742309343363995e-05
17.41388888888845 -0.0001115652379718228 0.000146070344962854
17.41666666666622 -4.301578082937556e-05 0.0001803211310414722
17.419444444444 3.417690544743896e-05 0.0001838088710277469
17.42222222222178 0.0001067323834907284 0.0001554173151949608
17.42499999999955 0.0001619626683798889 9.955810264667334e-05
17.42777777777733 0.0001899896691138538 2.548975758390728e-05
17.43055555555511 0.000185507255782823 -5.421756725801493e-05
17.43333333333288 0.0001487742955134027 -0.0001258168602348772
17.43611111111066 8.565448886057254e-05 -0.0001767556663738508
17.43888888888844 6.682236975272908e-06 -0.0001978749009243617
17.44166666666621 -7.469695883358668e-05 -0.0001850501011364485
17.44444444444399 -0.0001444173480741196 -0.0001399818236693538
17.44722222222176 -0.0001902243564949294 -6.998585807177471e-05
17.44999999999954 -0.0002038261494766469 1.319420576453031e-05
17.45277777777732 -0.0001823878755793252 9.535930727314594e-05
17.45555555555509 -0.0001291002971048537 0.0001622804787086676
17.45833333333287 -5.271170952392236e-05 0.0002021629173926155
17.46111111111065 3.390945688755094e-05 0.0002077217671643746
17.46388888888842 0.0001159449298815642 0.0001775046910893529
17.4666666666662 0.0001791632672437745 0.0001162223009744274
17.46944444444398 0.0002123882920214602 3.401648585088407e-05
17.47222222222175 0.0002094711159621578 -5.522016838586295e-05
17.47499999999953 0.0001704183087153817 -0.0001361949600674258
17.47777777777731 0.0001014706484152822 -0.0001948373990300464
17.48055555555508 1.410601452366513e-05 -0.0002207432592339007
17.48333333333286 -7.68742603908256e-05 -0.0002090158727965364
17.48611111111063 -0.0001558559709092327 -0.0001611794508338923
17.48888888888841 -0.0002090931346014117 -8.499583617698739e-05
17.49166666666619 -0.0002270989159204572 6.796420337497027e-06
17.49444444444396 -0.0002063306474370802 9.86155120942121e-05
17.49722222222174 -0.0001498704545471433 0.0001746843920690993
17.49999999999952 -6.697299042111311e-05 0.0002217427529182379
17.50277777777729 2.84542748158047e-05 0.0002313565289473218
17.50555555555507 0.0001201881329547522 0.0002014229183672698
17.50833333333285 0.0001924506245957736 0.000136603316447679
17.51111111111062 0.0002326234677335448 4.759838798235971e-05
17.5138888888884 0.0002334487337182106 -5.06221064270766e-05
17.51666666666618 0.0001943323093346043 -0.0001413412103349656
17.51944444444395 0.0001215171926847568 -0.0002089427693404492
17.52222222222173 2.708564605792727e-05 -0.0002415997677311695
17.5249999999995 -7.304999517701497e-05 -0.0002333400736785116
17.52777777777728 -0.0001618329368154369 -0.0001851292451575891
17.53055555555506 -0.0002239698977881307 -0.0001047754295819162
17.53333333333283 -0.0002485651476239887 -5.661677993932581e-06
17.53611111111061 -0.0002310268919588326 9.548792257680174e-05
17.53888888888839 -0.0001739130394491483 0.0001814345299367205
17.54166666666616 -8.656220878520836e-05 0.0002373648085536882
17.54444444444394 1.643748535151697e-05 0.0002534432140751772
17.54722222222172 0.0001176900121313813 0.0002265366021349472
17.54999999999949 0.0001999337685693844 0.0001608094788854114
17.55277777777727 0.0002489862281457623 6.707889687663128e-05
17.55555555555505 0.0002561881666324032 -3.897091025496339e-05
17.55833333333282 0.000219926379347767 -0.0001394185425865643
17.5611111111106 0.0001459679782294082 -0.0002171380831079143
17.56388888888837 4.654019260184753e-05 -0.0002587204302999556
17.56666666666615 -6.16969160503356e-05 -0.0002567846693497816
17.56944444444393 -0.0001604476550485752 -0.0002112813254229956
17.5722222222217 -0.0002328771507009519 -0.0001295583873875097
17.57499999999948 -0.0002664822637757553 -2.517016533814854e-05
17.57777777777726 -0.0002552471430115305 8.437708369458758e-05
17.58055555555503 -0.0002007121719070692 0.0001805666865132418
17.58333333333281 -0.0001117675362289465 0.0002470049613366781
17.58611111111059 -3.198276338610033e-06 0.0002722155935171724
17.58888888888836 0.0001067800364871011 0.0002516185205074353
17.59166666666614 0.0001995830749760823 0.0001883525928978467
17.59444444444392 0.0002594013352857759 9.279560480079302e-05
17.59722222222169 0.0002758931740902298 -1.914453013935052e-05
17.59999999999947 0.0002459685186675844 -0.000128684922318177
17.60277777777724 0.0001743562051134333 -0.0002173247946559145
17.60555555555502 7.285240598580158e-05 -0.0002699728867637228
17.6083333333328 -4.162958524256492e-05 -0.0002775159869881631
17.61111111111057 -0.0001498845379647992 -0.0002383914885501163
17.61388888888835 -0.0002336422935270088 -0.0001588933357983368
17.61666666666613 -0.0002786534422809285 -5.215366478746899e-05
17.6194444444439 -0.0002771120844404084 6.403403113949005e-05
17.62222222222168 -0.0002290039126616349 0.0001701880480113832
17.62499999999946 -0.0001421476398753567 0.0002484099189013992
17.62777777777723 -3.091737350360636e-05 0.0002854039346720847
17.63055555555501 8.614407117670402e-05 0.0002747349915721668
17.63333333333279 0.0001894232634821594 0.0002179416218513576
17.63611111111056 0.0002615268298400978 0.0001243126463575234
17.63888888888834 0.0002902118049407659 9.360295356323966e-06
17.64166666666612 0.0002704617259925673 -0.000107757882566535
17.64444444444389 0.0002053568066734845 -0.000207438457886979
17.64722222222167 0.0001055883106318639 -0.0002729174073625327
17.64999999999944 -1.230531899171093e-05 -0.0002930899535973251
17.65277777777722 -0.0001286881508940614 -0.000264390499077838
17.655555555555 -0.0002241037106941879 -0.0001914148979721539
17.65833333333277 -0.0002825311844815069 -8.617764405597673e-05
17.66111111111055 -0.0002940752909560372 3.387474685848385e-05
17.66388888888833 -0.00025663816636223 0.0001487641972923239
17.6666666666661 -0.0001762913894607432 0.0002393117799447538
17.66944444444388 -6.628348565633033e-05 0.0002903423277799467
17.67222222222166 5.515349573865163e-05 0.0002932269417967818
17.67499999999943 0.0001678336806024965 0.0002473374956225943
17.67777777777721 0.0002529785165211051 0.0001601686713442544
17.68055555555499 0.0002963487104010378 4.610547288341802e-05
17.68333333333276 0.0002906241638661726 -7.595965754100618e-05
17.68611111111054 0.0002366343205592857 -0.0001857638679046446
17.68888888888831 0.0001432329388240117 -0.000265042842239734
17.69166666666609 2.583725967918927e-05 -0.0003005706228343312
17.69444444444387 -9.612589065513105e-05 -0.0002863640419277454
17.69722222222164 -0.000202442477182091 -0.0002246846456125138
17.69999999999942 -0.0002754663222797127 -0.0001256712328858534
17.7027777777772 -0.000303049172699365 -5.664020863511438e-06
17.70555555555497 -0.0002805590195564732 0.0001155010159484307
17.70833333333275 -0.0002116517636085762 0.0002177781053456348
17.71111111111053 -0.0001076686633846437 0.0002842323693646164
17.7138888888883 1.423972764746732e-05 0.0003038444278626635
17.71666666666608 0.0001339512226204479 0.0002733343297464148
17.71944444444386 0.0002317002632048309 0.000197703442837497
17.72222222222163 0.0002913451225019816 8.940585641214923e-05
17.72499999999941 0.000303033358731711 -3.37119727379354e-05
17.72777777777718 0.000264825382834037 -0.0001513608889525549
17.73055555555496 0.000183009234080083 -0.0002441590460884115
17.73333333333274 7.10566595014819e-05 -0.0002968280469602921
17.73611111111051 -5.260470120746133e-05 -0.000300707635551526
17.73888888888829 -0.0001676330312160047 -0.0002551751664238239
17.74166666666607 -0.0002551244746127124 -0.0001677379412741588
17.74444444444384 -0.000300722304529618 -5.278612970266438e-05
17.74722222222162 -0.0002969713351264206 7.07850478431233e-05
17.7499999999994 -0.0002445317071639072 0.0001826894011693019
17.75277777777717 -0.000152055292197638 0.0002645855445291561
17.75555555555495 -3.474882117236785e-05 0.0003030849440623282
17.75833333333273 8.813610013069154e-05 0.0002919386087625787
17.7611111111105 0.0001964702585933153 0.0002330456385908586
17.76388888888828 0.0002725490276625268 0.000136121837984979
17.76666666666605 0.0003039869619299834 1.708738085169417e-05
17.76944444444383 0.0002857313595739563 -0.0001045573723324187
17.77222222222161 0.0002208679130374883 -0.0002089338501707313
17.77499999999938 0.0001200911027489595 -0.0002790380677059476
17.77777777777716 -6.854670054505008e-08 -0.0003035112804841447
17.78055555555494 -0.0001199649678006063 -0.0002784769727934451
17.78333333333271 -0.0002200556296032543 -0.0002081476890657794
17.78611111111049 -0.000284090615198766 -0.0001041079971656328
17.78888888888827 -0.0003017506900447436 1.660311109175244e-05
17.79166666666604 -0.0002703061376094299 0.0001342914534429984
17.79444444444382 -0.0001950304191731411 0.0002298272563219272
17.7972222222216 -8.830750292162957e-05 0.0002877577454046031
17.79999999999937 3.241475629802988e-05 0.0002988057965251888
17.80277777777715 0.0001474854742563675 0.0002613507934977614
17.80555555555492 0.0002382554114245563 0.0001816561558979706
17.8083333333327 0.0002901019012547418 7.281362838996151e-05
17.81111111111048 0.0002947830127122407 -4.741644629426579e-05
17.81388888888825 0.0002517422282024409 -0.0001595111388300339
17.81666666666603 0.0001681580880337946 -0.0002453604697293951
17.81944444444381 5.773863009584003e-05 -0.0002911951010804151
17.82222222222158 -6.153563729863387e-05 -0.0002897926266369025
17.82499999999936 -0.0001703472085806742 -0.0002416093486830851
17.82777777777714 -0.0002511750661356404 -0.0001546613126175818
17.83055555555491 -0.0002911171477559295 -4.31824893656788e-05
17.83333333333269 -0.0002839469755651386 7.471402118713723e-05
17.83611111111047 -0.0002310771405716358 0.0001799861244609447
17.83888888888824 -0.0001412818428258337 0.0002557425929414166
17.84166666666602 -2.923262924784028e-05 0.0002899538722065128
17.84444444444379 8.69070669867406e-05 0.0002773587490732345
17.84722222222157 0.0001884329049217383 0.0002202653261663567
17.84999999999935 0.0002591156625676483 0.0001281258469084865
17.85277777777712 0.0002877954402029071 1.596385323790788e-05
17.8555555555549 0.000270139439600086 -9.808338886456841e-05
17.85833333333268 0.00020928722583104 -0.0001957039481635419
17.86111111111045 0.0001152891090200135 -0.0002613545673143656
17.86388888888823 3.43848461252932e-06 -0.0002847347470861035
17.86666666666601 -0.0001082239697192567 -0.0002623979539150232
17.86944444444378 -0.0002018257703052223 -0.0001982488229352879
17.87222222222156 -0.0002625257645903481 -0.0001028566991205595
17.87499999999934 -0.0002808659206869021 8.293316719737996e-06
17.87777777777711 -0.0002542393942279768 0.0001173212694011699
17.88055555555489 -0.0001872480283121616 0.000206833709059447
17.88333333333266 -9.09028362234419e-05 0.0002627004125197203
17.88611111111044 1.919308418598288e-05 0.0002762829483557994
17.88888888888822 0.000125378245859149 0.0002457640132860234
17.89166666666599 0.0002107706200981398 0.0001763741365403635
17.89444444444377 0.0002619529771517483 7.94909270104483e-05
17.89722222222155 0.0002710784397925145 -2.923344610353389e-05
17.89999999999932 0.0002370663438084985 -0.000132407316237662
17.9027777777771 0.0001657074633583759 -0.0002136855904586256
17.90555555555488 6.867376026204078e-05 -0.0002603599287532948
17.90833333333265 -3.839742348257339e-05 -0.000265342533368956
17.91111111111043 -0.0001384292831512743 -0.0002282344991031969
17.91388888888821 -0.0002156326903388976 -0.0001553191510643271
17.91666666666598 -0.0002579985409539226 -5.849383661853433e-05
17.91944444444376 -0.0002591619499326063 4.667764807421648e-05
17.92222222222154 -0.0002193496386494893 0.0001434722492781704
17.92499999999931 -0.0001452711269148072 0.0002166697814739613
17.92777777777709 -4.898381283362821e-05 0.0002549458029364313
17.93055555555486 5.407552347904719e-05 0.0002526191947309822
17.93333333333264 0.0001475705409805311 0.0002104855899219632
17.93611111111042 0.0002168573971025289 0.0001356161982525554
17.93888888888819 0.0002512774514971958 4.016703980596651e-05
17.94166666666597 0.0002457919051335246 -6.060035065745461e-05
17.94444444444375 0.0002017086156851854 -0.0001507636591173584
17.94722222222152 0.0001263982673284528 -0.0002162577054033317
17.9499999999993 3.205817431439545e-05 -0.000247067126674818
17.95277777777708 -6.626843732583255e-05 -0.0002387523392901396
17.95555555555485 -0.0001530952725243048 -0.0001930773144718203
17.95833333333263 -0.0002149335652666967 -0.0001176526484983417
17.96111111111041 -0.000242385651839338 -2.466384532988964e-05
17.96388888888818 -0.0002315669987396571 7.110220873404108e-05
17.96666666666596 -0.0001846426408649648 0.0001546122669867003
17.96944444444373 -0.0001094064706232783 0.0002129476804252775
17.97222222222151 -1.798335707871931e-05 0.0002373004366475221
17.97499999999929 7.512933512561304e-05 0.0002242963762896597
17.97777777777706 0.0001553638598620539 0.0001764480315978145
17.98055555555484 0.0002103618553606105 0.0001016791479936964
17.98333333333262 0.0002318749991363775 1.200941254344698e-05
17.98611111111039 0.0002169948191942395 -7.838188896862047e-05
17.98888888888817 0.00016852962321417 -0.0001554007880170381
17.99166666666595 9.448290391676192e-05 -0.0002072363540365093
17.99444444444372 6.728842777573376e-06 -0.0002261686014442142
17.9972222222215 -8.089554280803297e-05 -0.0002097104967472067
17.99999999999928 -0.0001547745743559233 -0.0001609165471431046
18.00277777777705 -0.0002036293604287698 -8.782333215862996e-05
18.00555555555483 -0.000220235992213336 -2.123329189962688e-06
18.0083333333326 -0.0002024854608567492 8.270881639151373e-05
18.01111111111038 -0.0001536312884272333 0.0001535368760411796
18.01388888888816 -8.169998265974582e-05 0.0001995965380312592
18.01666666666593 1.829892178634061e-06 0.0002141272476253776
18.01944444444371 8.386237964326479e-05 0.0001953557879227428
18.02222222222149 0.0001517389155271585 0.0001466900949895576
18.02499999999926 0.0001951906840010267 7.610695934087413e-05
18.02777777777704 0.0002078877022315797 -5.15735356500479e-06
18.03055555555482 0.0001883517903821937 -8.439841608147586e-05
18.03333333333259 0.000140103425145655 -0.0001494309937968939
18.03611111111037 7.103351922853541e-05 -0.0001904614724015966
18.03888888888815 -7.888712932254317e-06 -0.0002015579602356832
18.04166666666592 -8.436004947476398e-05 -0.0001814982865620718
18.0444444444437 -0.0001466620836768673 -0.0001338764220580152
18.04722222222147 -0.0001854552800371331 -6.646466365677012e-05
18.04999999999925 -0.0001951739776410844 1.005615161286995e-05
18.05277777777703 -0.0001748149179503594 8.379083490342426e-05
18.0555555555548 -0.0001280094048982908 0.0001434794998505175
18.05833333333258 -6.238171374101604e-05 0.0001802150876919671
18.06111111111036 1.169381620337951e-05 0.0001887672056509583
18.06388888888813 8.27343139476076e-05 0.0001683165036252508
18.06666666666591 0.0001399286411472223 0.0001224983676374464
18.06944444444369 0.0001747804491178184 5.87628637861333e-05
18.07222222222146 0.0001823647858793807 -1.283730728855218e-05
18.07499999999924 0.000162013422325015 -8.123363248422549e-05
18.07777777777702 0.0001173354775452566 -0.0001360527998785986
18.08055555555479 5.558370764634459e-05 -0.0001691875198639206
18.08333333333257 -1.352321626001615e-05 -0.0001759897882580851
18.08611111111034 -7.933121852285614e-05 -0.0001559120134682287
18.08888888888812 -0.0001318930323949634 -0.0001125095666361021
18.0916666666659 -0.0001634691379776833 -5.281773432513285e-05
18.09444444444367 -0.0001696614829776296 1.378871031605337e-05
18.09722222222145 -0.0001500149893055791 7.70685166596502e-05
18.09999999999923 -0.0001080066104255067 0.0001274880846212587
18.102777777777 -5.043679028553903e-05 0.0001576549486863024
18.10555555555478 1.367116474655749e-05 0.0001633956383486022
18.10833333333256 7.448577505505155e-05 0.0001443218512781614
18.11111111111033 0.0001228743660924424 0.0001038101894301356
18.11388888888811 0.0001517715653937386 4.841150696918338e-05
18.11666666666589 0.0001572048370864068 -1.320784074582947e-05
18.11944444444366 0.0001388293045472811 -7.162188033737294e-05
18.12222222222144 9.9901929824784e-05 -0.0001180859659310809
18.12499999999921 4.671169294533077e-05 -0.0001458427596493811
18.12777777777699 -1.24356063267326e-05 -0.0001510988041803742
18.13055555555477 -6.85142355080744e-05 -0.0001335316655142331
18.13333333333254 -0.0001131547042469642 -9.626192058367814e-05
18.13611111111032 -0.0001398896731513803 -4.530669089441395e-05
18.1388888888881 -0.000145084740186387 1.13906973777901e-05
18.14166666666587 -0.0001284212579758177 6.519867571062802e-05
18.14444444444365 -9.286910522883879e-05 0.0001081102126045438
18.14722222222143 -4.41657002736075e-05 0.0001339310453171829
18.1499999999992 1.01085155127252e-05 0.0001391676544621599
18.15277777777698 6.170941667514984e-05 0.0001234887943125983
18.15555555555476 0.000102980037450585 8.970164701551014e-05
18.15833333333253 0.000127983450460277 4.325806704183786e-05
18.16111111111031 0.000133350693528052 -8.623459116908584e-06
18.16388888888808 0.0001187237388056905 -5.80790306886591e-05
18.16666666666586 8.673726698049948e-05 -9.778976072109858e-05
18.16944444444364 4.255354221012232e-05 -0.0001220615391487711
18.17222222222141 -6.968783852835191e-06 -0.0001276354603748465
18.17499999999919 -5.433844508460846e-05 -0.0001141146507993787
18.17777777777697 -9.256313223139874e-05 -8.39535547715508e-05
18.18055555555474 -0.0001161782788639817 -4.202251127191079e-05
18.18333333333252 -0.0001220223211406622 5.176488864479769e-06
18.1861111111103 -0.0001096495059734773 5.051695846976272e-05
18.18888888888807 -8.132825257627307e-05 8.732220887448707e-05
18.19166666666585 -4.163619674082931e-05 0.0001103451896216322
18.19444444444363 3.277224988403534e-06 0.000116510696137434
18.1972222222214 4.66422702055536e-05 0.0001053159944567001
18.19999999999918 8.20874961171377e-05 7.883951276030345e-05
18.20277777777696 0.0001045725707525619 4.136683610049105e-05
18.20555555555473 0.0001110993327189015 -1.300221428132362e-06
18.20833333333251 0.0001011017949163273 -4.274051899381961e-05
18.21111111111028 7.646613004774518e-05 -7.687808775039199e-05
18.21388888888806 4.118783747195217e-05 -9.886971555433083e-05
18.21666666666584 7.267724322783211e-07 -0.0001057865579450214
18.21944444444361 -3.883632682001679e-05 -9.699482407912367e-05
18.22222222222139 -7.171180034438186e-05 -7.418774920317033e-05
18.22499999999917 -9.324511102128763e-05 -4.107391522105636e-05
18.22777777777694 -0.0001005705094129763 -2.777533126490857e-06
18.23055555555472 -9.29834614074293e-05 3.495284491446682e-05
18.2333333333325 -7.198504924719821e-05 6.660529933980787e-05
18.23611111111027 -4.100120758935117e-05 8.770662033018821e-05
18.23888888888805 -4.82739984720908e-06 9.544934299425657e-05
18.24166666666583 3.111179884240343e-05 8.905674885531104e-05
18.2444444444436 6.157421419709964e-05 6.983990524037118e-05
18.24722222222138 8.226164620245032e-05 4.094737824211295e-05
18.24999999999915 9.042141654459068e-05 6.853304204807692e-06
18.25277777777693 8.520456578894566e-05 -2.73335302792275e-05
18.25555555555471 6.773552863172156e-05 -5.663324049820709e-05
18.25833333333248 4.089170339900192e-05 -7.691727368170487e-05
18.26111111111026 8.833795008611995e-06 -8.548544894326792e-05
18.26388888888804 -2.363703349579913e-05 -8.141777926552373e-05
18.26666666666581 -5.179622736263968e-05 -6.565658708753741e-05
18.26944444444359 -7.168039125996403e-05 -4.081514595263193e-05
18.27222222222137 -8.064065407569049e-05 -1.074905967817383e-05
18.27499999999914 -7.768836994983992e-05 2.003998502738406e-05
18.27777777777692 -6.358930460992296e-05 4.707624898967168e-05
18.2805555555547 -4.070041771010155e-05 6.655778965410372e-05
18.28333333333247 -1.258094349927822e-05 7.588684960411674e-05
18.28611111111025 1.655876546189845e-05 7.400953400046353e-05
18.28888888888802 4.248565957290014e-05 6.152154263130523e-05
18.2916666666658 6.155623788611889e-05 4.053203060575201e-05
18.29444444444358 7.122454058171755e-05 1.43129675477721e-05
18.29722222222135 7.037576130130137e-05 -1.320847271527415e-05
18.29999999999913 5.944286263702362e-05 -3.803613125401737e-05
18.30277777777691 4.029633745845929e-05 -5.668253664920555e-05
18.30555555555468 1.593034571759626e-05 -6.665497816116509e-05
18.30833333333246 -1.000292658973042e-05 -6.678289044600964e-05
18.31111111111024 -3.373867517822756e-05 -5.734457074119316e-05
18.31388888888801 -5.194354926107549e-05 -3.998156257005861e-05
18.31666666666579 -6.218019383517013e-05 -1.742000092827827e-05
18.31944444444357 -6.322814091626725e-05 6.954664813377372e-06
18.32222222222134 -5.521974451707049e-05 2.960364609855997e-05
18.32499999999912 -3.95778222168793e-05 4.734621080423973e-05
18.32777777777689 -1.87705802431186e-05 5.780300982889658e-05
18.33055555555467 4.074931138595453e-06 5.971012293499427e-05
18.33333333333245 2.564073133344299e-05 5.306324228267036e-05
18.33611111111022 4.28975163470732e-05 3.907713485458977e-05
18.338888888888 5.352702644658436e-05 1.997246831787801e-05
18.34166666666578 5.622882552859088e-05 -1.373656426269439e-06
18.34444444444355 5.087169496264423e-05 -2.185892522170615e-05
18.34722222222133 3.847342066768312e-05 -3.860448941649676e-05
18.34999999999911 2.101779832330712e-05 -4.935658736045232e-05
18.35277777777688 1.140566038209793e-06 -5.27855834026549e-05
18.35555555555466 -1.826649053376553e-05 -4.864348059915166e-05
18.35833333333244 -3.447413216605478e-05 -3.776248993533615e-05
18.36111111111021 -4.529672402134201e-05 -2.19004592486921e-05
18.36388888888799 -4.938302332778344e-05 -3.46050946738534e-06
18.36666666666576 -4.63786815702485e-05 1.487090858796426e-05
18.36944444444354 -3.694201957691866e-05 3.051335893955737e-05
18.37222222222132 -2.261609830110116e-05 4.135308056937413e-05
18.37499999999909 -5.58034496422318e-06 4.602499084857296e-05
18.37777777777687 1.167882008146313e-05 4.407902459924526e-05
18.38055555555465 2.67289151808689e-05 3.60115171717211e-05
18.38333333333242 3.753182082799326e-05 2.316211697372522e-05
18.3861111111102 4.271645827036879e-05 7.49567341183231e-06
18.38888888888798 4.174780370344995e-05 -8.695958874824543e-06
18.39166666666575 3.497227173507566e-05 -2.312728387152462e-05
18.39444444444353 2.353765926674821e-05 -3.383951917585772e-05
18.39722222222131 9.203555741624418e-06 -3.946341504543412e-05
18.39999999999908 -5.927081165753956e-06 -3.938978633689502e-05
18.40277777777686 -1.971458189575457e-05 -3.382729056838681e-05
18.40555555555463 -3.028303730610903e-05 -2.37435905087913e-05
18.40833333333241 -3.627274187084074e-05 -1.070253935646215e-05
18.41111111111019 -3.701110313039401e-05 3.375892640858022e-06
18.41388888888796 -3.258122159225596e-05 1.64964489257779e-05
18.41666666666574 -2.378246525277457e-05 2.686938909526526e-05
18.41944444444352 -1.199267844090172e-05 3.315207002197124e-05
18.42222222222129 1.044976308547742e-06 3.461912181887407e-05
18.42499999999907 1.347793159003993e-05 3.12402607139335e-05
18.42777777777685 2.360559601447878e-05 2.365848279948258e-05
18.43055555555462 3.010962767344931e-05 1.307554590128241e-05
18.4333333333324 3.22223061696395e-05 1.064276219167616e-06
18.43611111111018 2.981204397500936e-05 -1.066336582365682e-05
18.43888888888795 2.337742904724824e-05 -2.049853571119395e-05
18.44166666666573 1.395423474832167e-05 -2.715407519825479e-05
18.4444444444435 2.951727215676748e-06 -2.98300609802307e-05
18.44722222222128 -8.056260399126358e-06 -2.830552446771826e-05
18.44999999999906 -1.755478657112798e-05 -2.294660356287301e-05
18.45277777777683 -2.42943316783478e-05 -1.463334686686772e-05
18.45555555555461 -2.745256449461711e-05 -4.618546362107527e-06
18.45833333333239 -2.673083429278973e-05 5.659184693740055e-06
18.46111111111016 -2.23747310273287e-05 1.478047122301482e-05
18.46388888888794 -1.511896730969296e-05 2.153939509898579e-05
18.46666666666572 -6.067252666745154e-06 2.510058988440459e-05
18.46944444444349 3.47366375473295e-06 2.509913215594925e-05
18.47222222222127 1.218110207014107e-05 2.167185651718033e-05
18.47499999999905 1.889815892419599e-05 1.541862250678374e-05
18.47777777777682 2.278531774878291e-05 7.301742309458197e-06
18.4805555555546 2.342243755225232e-05 -1.500083676907414e-06
18.48333333333238 2.084922443824337e-05 -9.761432012567974e-06
18.48611111111015 1.554122109305079e-05 -1.637922795448695e-05
18.48888888888793 8.327300166682378e-06 -2.05181418927236e-05
18.4916666666657 2.623898016573385e-07 -2.17134528617521e-05
18.49444444444348 -7.525313553295578e-06 -1.991914132479876e-05
18.49722222222126 -1.399073653729906e-05 -1.549697642682037e-05
18.49999999999903 -1.831047093723014e-05 -9.150593061804039e-06
18.50277777777681 -1.998537506436465e-05 -1.815876751967768e-06
