16.5 1.266962991893495e-07 1.756439486491193e-07
16.50277777777778 1.670524547963209e-07 1.487564489161643e-07
16.50555555555555 2.01711132610218e-07 1.126117190526375e-07
16.50833333333333 2.285517042909647e-07 6.841516964770841e-08
16.51111111111111 2.457081519191193e-07 1.785746041738872e-08
16.51388888888888 2.516800046827817e-07 -3.693918672848499e-08
16.51666666666666 2.454319758397701e-07 -9.350001890740389e-08
16.51944444444444 2.264765129233836e-07 -1.490997540974132e-07
16.52222222222221 1.949339717469924e-07 -2.008838589942026e-07
16.52499999999999 1.515659237864471e-07 -2.460041914750974e-07
16.52777777777776 9.77781852630642e-08 -2.817630522731274e-07
16.53055555555554 3.559147729906826e-08 -3.057588836126985e-07
16.53333333333332 -3.242086228885187e-08 -3.160263389808559e-07
16.53611111111109 -1.0322705883495e-07 -3.111632725924445e-07
16.53888888888887 -1.734602300919227e-07 -2.90437389618971e-07
16.54166666666665 -2.39566470773204e-07 -2.538658721284341e-07
16.54444444444442 -2.979717661542942e-07 -2.022622454788933e-07
16.5472222222222 -3.452604818850363e-07 -1.372460506368319e-07
16.54999999999998 -3.783571363118705e-07 -6.121249507948715e-08
16.55277777777775 -3.947024772497487e-07 2.2738894257863e-08
16.55555555555553 -3.924146141721385e-07 1.109155772977958e-07
16.55833333333331 -3.704261384586468e-07 1.991801404389954e-07
16.56111111111108 -3.285888172628848e-07 2.831300859921566e-07
16.56388888888886 -2.677385664293837e-07 3.583021665810558e-07
16.56666666666663 -1.897149663395796e-07 4.203924804849779e-07
16.56944444444441 -9.733152917725431e-08 4.654822069771866e-07
16.57222222222219 5.704818407614424e-09 4.902579548107502e-07
16.57499999999996 1.149241025276048e-07 4.922152942450581e-07
16.57777777777774 2.252700108865222e-07 4.698341943086204e-07
16.58055555555552 3.313168828059734e-07 4.227158181144723e-07
16.58333333333329 4.275185201662574e-07 3.516714378285359e-07
16.58611111111107 5.084782420920294e-07 2.587560856719942e-07
16.58888888888885 5.69227896566439e-07 1.472418968278167e-07
16.59166666666662 6.055023506546431e-07 2.152883477285743e-08
16.5944444444444 6.13995398873903e-07 -1.130064955732182e-07
16.59722222222218 5.925831221074269e-07 -2.502200823252476e-07
16.59999999999995 5.405015326376042e-07 -3.834607720331918e-07
16.60277777777773 4.584668557075377e-07 -5.058715639813847e-07
16.6055555555555 3.48728989867809e-07 -6.107192736394986e-07
16.60833333333328 2.150514862605018e-07 -6.917377289240639e-07
16.61111111111106 6.261468509700551e-08 -7.434681056531938e-07
16.61388888888883 -1.021576913625001e-07 -7.615791853931897e-07
16.61666666666661 -2.718443296946651e-07 -7.431503141962032e-07
16.61944444444439 -4.383364639729678e-07 -6.869007022853425e-07
16.62222222222216 -5.932006281307547e-07 -5.933504393449944e-07
16.62499999999994 -7.280789651530802e-07 -4.64901170730161e-07
16.62777777777772 -8.351092777129161e-07 -3.058277052751323e-07
16.63055555555549 -9.073449820053923e-07 -1.221757813403562e-07
16.63333333333327 -9.391539833709329e-07 7.843435875357714e-08
16.63611111111105 -9.265753366552e-07 2.8709424061439e-07
16.63888888888882 -8.676134502491485e-07 4.939741846494446e-07
16.6416666666666 -7.624515551196027e-07 6.887574354151448e-07
16.64444444444437 -6.135691506720494e-07 8.611236044361158e-07
16.64722222222215 -4.257520658334873e-07 1.001260157491738e-06
16.64999999999993 -2.059884918321781e-07 1.10037806570212e-06
16.6527777777777 3.675033960057886e-08 1.151206176323118e-06
16.65555555555548 2.918404757821531e-07 1.148438481221226e-06
16.65833333333326 5.474364192246425e-07 1.089109353726163e-06
16.66111111111103 7.909874181126541e-07 9.728740140253244e-07
16.66388888888881 1.009818001885501e-06 8.021749317570686e-07
16.66666666666659 1.191747523037997e-06 5.822794789647397e-07
16.66944444444436 1.325720114603964e-06 3.211797403324948e-07
16.67222222222214 1.402414362983762e-06 2.935174511803189e-08
16.67499999999992 1.414801301665768e-06 -2.80621769817074e-07
16.67777777777769 1.358620165163885e-06 -5.945539396207123e-07
16.68055555555547 1.232743745955584e-06 -8.972637202694565e-07
16.68333333333324 1.039409135656209e-06 -1.173268907027999e-06
16.68611111111102 7.842949917028325e-07 -1.407532462298077e-06
16.6888888888888 4.764330617245826e-07 -1.586228116862149e-06
16.69166666666657 1.27949256968213e-07 -1.697488395132481e-06
16.69444444444435 -2.463622314061398e-07 -1.732097083003163e-06
16.69722222222213 -6.29619808267016e-07 -1.684088852968729e-06
16.6999999999999 -1.003570045961647e-06 -1.551221348369471e-06
16.70277777777768 -1.349409884656974e-06 -1.335289478906706e-06
16.70555555555546 -1.648680603792617e-06 -1.042257870314494e-06
16.70833333333323 -1.884193284565473e-06 -6.821951263188706e-07
16.71111111111101 -2.040941772020009e-06 -2.69002497376964e-07
16.71388888888879 -2.106957419796286e-06 1.800606720948602e-07
16.71666666666656 -2.074060350916893e-06 6.450421701147532e-07
16.71944444444434 -1.938464685847387e-06 1.104130179168703e-06
16.72222222222211 -1.701200157719814e-06 1.53462243750957e-06
16.72499999999989 -1.368319624533243e-06 1.913990759330153e-06
16.72777777777767 -9.508709574750389e-07 2.220993537561739e-06
16.73055555555544 -4.646222854043706e-07 2.436784005822811e-06
16.73333333333322 7.045883373979271e-08 2.545959520258847e-06
16.736111111111 6.309595819688665e-07 2.537497182396041e-06
16.73888888888877 1.190984498279774e-06 2.405523889617329e-06
16.74166666666655 1.723290096121222e-06 2.149874371793206e-06
16.74444444444433 2.200544685901454e-06 1.776398817849423e-06
16.7472222222221 2.596658040282623e-06 1.29699204717005e-06
16.74999999999988 2.888119267756493e-06 7.293284424509621e-07
16.75277777777766 3.055277708516023e-06 9.630052298016123e-08
16.75555555555543 3.083501148063313e-06 -5.748265042806795e-07
16.75833333333321 2.964148336230856e-06 -1.253517298574175e-06
16.76111111111098 2.69529872968492e-06 -1.907285139171744e-06
16.76388888888876 2.282191413302325e-06 -2.503173298635564e-06
16.76666666666654 1.737337008425733e-06 -3.009334782031446e-06
16.76944444444431 1.080280598820557e-06 -3.396638133784556e-06
16.77222222222209 3.370097140740817e-07 -3.640222123285472e-06
16.77499999999987 -4.609814956485549e-07 -3.720920780133474e-06
16.77777777777764 -1.277943368823849e-06 -3.626482700138685e-06
16.78055555555542 -2.075391755275996e-06 -3.352514848434013e-06
16.7833333333332 -2.81383813631691e-06 -2.903091123856246e-06
16.78611111111097 -3.454654808704036e-06 -2.290979406670907e-06
16.78888888888875 -3.961990866562378e-06 -1.537457193679271e-06
16.79166666666653 -4.304648115428613e-06 -6.717045668595175e-07
16.7944444444443 -4.457823583478605e-06 2.702166629982972e-07
16.79722222222208 -4.404627275906341e-06 1.246768164476647e-06
16.79999999999986 -4.13729036468775e-06 2.212674991079048e-06
16.80277777777763 -3.657990013716703e-06 3.120931809936598e-06
16.80555555555541 -2.979232180571453e-06 3.924990808456925e-06
16.80833333333318 -2.123752464442309e-06 4.581033724240931e-06
16.81111111111096 -1.123916636659274e-06 5.050221686627493e-06
16.81388888888874 -2.062597344630672e-08 5.300812577090618e-06
16.81666666666651 1.138243149694292e-06 5.310036829064201e-06
16.81944444444429 2.299811896385453e-06 5.065629178180114e-06
16.82222222222207 3.408507771956998e-06 4.566925769358563e-06
16.82499999999984 4.408613612667176e-06 3.825452891961961e-06
16.82777777777762 5.24694462430684e-06 2.864954854054357e-06
16.8305555555554 5.875529883649803e-06 1.720833286043574e-06
16.83333333333317 6.254168752142374e-06 4.389974356306354e-07
16.83611111111095 6.352732713642794e-06 -9.258464360589251e-07
16.83888888888873 6.153089508444887e-06 -2.31240995698191e-06
16.8416666666665 5.650539069799579e-06 -3.655458202918512e-06
16.84444444444428 4.854669345120858e-06 -4.888758059114787e-06
16.84722222222205 3.789563965260691e-06 -5.948211457256546e-06
16.84999999999983 2.493321987742641e-06 -6.775030785986349e-06
16.85277777777761 1.016881405141484e-06 -7.318805253850526e-06
16.85555555555538 -5.778286092204174e-07 -7.540305412653096e-06
16.85833333333316 -2.220348185599098e-06 -7.413878811181096e-06
16.86111111111094 -3.834669217565771e-06 -6.929302889137017e-06
16.86388888888871 -5.342619781810265e-06 -6.092981426031666e-06
16.86666666666649 -6.667505753515732e-06 -4.928397459976048e-06
16.86944444444427 -7.737846012622532e-06 -3.475767576596513e-06
16.87222222222204 -8.49102587644326e-06 -1.79087852299727e-06
16.87499999999982 -8.876689591673135e-06 5.687434408891028e-08
16.8777777777776 -8.859697402892503e-06 1.987187972174327e-06
16.88055555555537 -8.422486024322537e-06 3.912194919986054e-06
16.88333333333315 -7.566693003780438e-06 5.740316948243423e-06
16.88611111111092 -6.313934792581623e-06 7.380466497906958e-06
16.8888888888887 -4.705664232009308e-06 8.746409897298418e-06
16.89166666666648 -2.802074181151005e-06 9.761090326745173e-06
16.89444444444425 -6.800583783608268e-07 1.036070180701261e-05
16.89722222222203 1.569713650289443e-06 1.049830847338953e-05
16.89999999999981 3.846505896498053e-06 1.014681641691784e-05
16.90277777777758 6.043865719072055e-06 9.301128209593642e-06
16.90555555555536 8.054433776641876e-06 7.979342190394461e-06
16.90833333333314 9.775003919090293e-06 6.222898513375935e-06
16.91111111111091 1.111160209866651e-05 4.095620255177438e-06
16.91388888888869 1.19843427633849e-05 1.681648581951225e-06
16.91666666666647 1.233182174260323e-05 -9.176761727187008e-07
16.91944444444424 1.211481675739695e-05 -3.587883120053907e-06
16.92222222222202 1.131909027566734e-05 -6.206235013800554e-06
16.92499999999979 9.957123816561072e-06 -8.647189567279104e-06
16.92777777777757 8.068656776783801e-06 -1.078822275193707e-05
16.93055555555535 5.719954679152057e-06 -1.251575202733786e-05
16.93333333333312 3.001789261229813e-06 -1.373088198160926e-05
16.9361111111109 2.61734994185031e-08 -1.435469203097331e-05
16.93888888888868 -3.07804427963775e-06 -1.433279627566268e-05
16.94166666666645 -6.170564521840628e-06 -1.36389293636483e-05
16.94444444444423 -9.105783028298793e-06 -1.227734866165339e-05
16.94722222222201 -1.173943931221183e-05 -1.028389093065124e-05
16.94999999999978 -1.393547178529949e-05 -7.725579208920091e-06
16.95277777777756 -1.557276327555026e-05 -4.698740346319809e-06
16.95555555555534 -1.655145305268705e-05 -1.325662797944117e-06
16.95833333333311 -1.679849934167654e-05 2.250105257796486e-06
16.96111111111089 -1.62721994476651e-05 5.869648973327376e-06
16.96388888888866 -1.496541258386045e-05 9.365539478226798e-06
16.96666666666644 -1.290728204322947e-05 1.256936003255956e-05
16.96944444444422 -1.016331654680679e-05 1.531957659341986e-05
16.97222222222199 -6.833762868058503e-06 1.746939467101434e-05
16.97499999999977 -3.050280076859421e-06 1.889423121031893e-05
16.97777777777755 1.028993528655877e-06 1.949843420486906e-05
16.98055555555532 5.225810274988556e-06 1.922090428337514e-05
16.9833333333331 9.349374852191447e-06 1.803931123813787e-05
16.98611111111088 1.320478747923412e-05 1.597265318594878e-05
16.98888888888865 1.660200472210578e-05 1.308197476035226e-05
16.99166666666643 1.936491610628318e-05 9.469140683272564e-06
16.99444444444421 2.134011417148643e-05 5.27364887509497e-06
16.99722222222198 2.240493432999854e-05 6.67559058744164e-07
16.99999999999976 2.247435956632198e-05 -4.151295607391753e-06
17.00277777777753 2.150642349536391e-05 -8.967559316627594e-06
17.00555555555531 1.950580246943012e-05 -1.355773409778821e-05
17.00833333333309 1.652536125762772e-05 -1.770029196018995e-05
17.01111111111086 1.266550441862282e-05 -2.118607175773376e-05
17.01388888888864 8.071283199183545e-06 -2.382848422429903e-05
17.01666666666642 2.927311359700953e-06 -2.547304040790395e-05
17.01944444444419 -2.549351928587118e-06 -2.600573302909117e-05
17.02222222222197 -8.118092951552111e-06 -2.53598372247372e-05
17.02499999999975 -1.352505652352614e-05 -2.35207557607985e-05
17.02777777777752 -1.851445057320062e-05 -2.052861209680354e-05
17.0305555555553 -2.284034988904603e-05 -1.647838965401659e-05
17.03333333333308 -2.627846596491056e-05 -1.151752338107624e-05
17.03611111111085 -2.863733278082429e-05 -5.840965593474345e-06
17.03888888888863 -2.976836645448255e-05 3.161330853384248e-07
17.0416666666664 -2.957429048167979e-05 6.687870518720122e-06
17.04444444444418 -2.80154770299235e-05 1.298880215759935e-05
17.04722222222196 -2.51138365400809e-05 1.892645217156221e-05
17.04999999999973 -2.095398965945922e-05 2.421458981215842e-05
17.05277777777751 -1.568157316911192e-05 2.858668020873001e-05
17.05555555555529 -9.498660089399747e-06 3.180889059793338e-05
17.05833333333306 -2.656407889773958e-06 3.369203276117157e-05
17.06111111111084 4.554818401668119e-06 3.410185112203503e-05
17.06388888888862 1.181747564106083e-05 3.296712313903706e-05
17.06666666666639 1.880053949790996e-05 3.028512257182423e-05
17.06944444444417 2.517429020566449e-05 2.612410384264583e-05
17.07222222222195 3.062553877693138e-05 2.062259279349854e-05
17.07499999999972 3.487260355862927e-05 1.3985410341611e-05
17.0777777777775 3.767933600275182e-05 6.476504720971093e-06
17.08055555555528 3.886751578404452e-05 -1.591181539261921e-06
17.08333333333305 3.832698893740947e-05 -9.868438984497481e-06
17.08611111111083 3.602300703300718e-05 -1.798460989513887e-05
17.0888888888886 3.200033759260896e-05 -2.556388221102271e-05
17.09166666666638 2.638385162007541e-05 -3.224235475080673e-05
17.09444444444416 1.937544768766893e-05 -3.768511170885809e-05
17.09722222222193 1.124733689899576e-05 -4.160251987754174e-05
17.09999999999971 2.331881923069981e-06 -4.376497318926921e-05
17.10277777777749 -6.991651559842348e-06 -4.401535657068185e-05
17.10555555555526 -1.631291901984111e-05 -4.227858364974611e-05
17.10833333333304 -2.520825020822688e-05 -3.856767778693746e-05
17.11111111111082 -3.325957575722046e-05 -3.298600885605777e-05
17.11388888888859 -4.007369449726546e-05 -2.572546339115141e-05
17.11666666666637 -4.530100761884526e-05 -1.706050615161093e-05
17.11944444444415 -4.865284378207396e-05 -7.338278936856075e-06
17.12222222222192 -4.99165375972443e-05 3.03493086884415e-06
17.1249999999997 -4.896750196788951e-05 1.361034268401666e-05
17.12777777777747 -4.577765015412982e-05 2.391578810740991e-05
17.13055555555525 -4.041967182732959e-05 3.347646884221861e-05
17.13333333333303 -3.306684294648679e-05 4.183646719605442e-05
17.1361111111108 -2.398824466957013e-05 4.858004816448673e-05
17.13888888888858 -1.353947327241915e-05 5.335177350255634e-05
17.14166666666636 -2.14913197916949e-06 5.587447405726692e-05
17.14444444444413 9.698402853564158e-06 5.59641970378618e-05
17.14722222222191 2.148326409286664e-05 5.354135784123588e-05
17.14999999999969 3.267258879788981e-05 4.863747751657346e-05
17.15277777777746 4.274426490974713e-05 4.139707104602761e-05
17.15555555555524 5.121088434041331e-05 3.207446077485357e-05
17.15833333333302 5.764281822770904e-05 2.102551462299953e-05
17.16111111111079 6.168933975310984e-05 8.694540249226079e-06
17.16388888888857 6.30967789637069e-05 -4.403206336954787e-06
17.16666666666634 6.172280111684666e-05 -1.770272664566709e-05
17.16944444444412 5.754605155373747e-05 -3.061334130091549e-05
17.1722222222219 5.067060024801536e-05 -4.254459505263593e-05
17.17499999999967 4.132484028416235e-05 -5.293288142660635e-05
17.17777777777745 2.985473729746332e-05 -6.126760003120516e-05
17.18055555555523 1.671158081648976e-05 -6.71156487658555e-05
17.183333333333 2.434642179344569e-06 -7.014309667588141e-05
17.18611111111078 -1.237061434765635e-05 -7.013298038842538e-05
17.18888888888856 -2.705790177675612e-05 -6.699831488115067e-05
17.19166666666633 -4.096801130565e-05 -6.078960232821129e-05
17.19444444444411 -5.34580511211e-05 -5.169635328013774e-05
17.19722222222189 -6.393073866189256e-05 -4.00423929075736e-05
17.19999999999966 -7.186242623838746e-05 -2.627500040319283e-05
17.20277777777744 -7.682856323152657e-05 -1.094820977833676e-05
17.20555555555521 -7.852538079886793e-05 5.299127409505557e-06
17.20833333333299 -7.678672480055713e-05 2.176966497987004e-05
17.21111111111077 -7.159515456029013e-05 3.773719875143804e-05
17.21388888888854 -6.308666164820308e-05 5.247836848787335e-05
17.21666666666632 -5.154863445161524e-05 6.530505250869828e-05
17.2194444444441 -3.74109894064275e-05 7.559601705703421e-05
17.22222222222187 -2.123069558411979e-05 8.282638064586048e-05
17.22499999999965 -3.670222260503688e-06 8.659351670680861e-05
17.22777777777743 1.452927463944814e-05 8.663814459220197e-05
17.2305555555552 3.257895506825673e-05 8.285954508976711e-05
17.23333333333298 4.967620022668014e-05 7.532407505135974e-05
17.23611111111076 6.503997360530523e-05 6.42664369414003e-05
17.23888888888853 7.794609087883649e-05 5.008347135296326e-05
17.24166666666631 8.776081948804055e-05 3.332057042749751e-05
17.24444444444408 9.397126665601919e-05 1.465114316942982e-05
17.24722222222186 9.621112262785696e-05 -5.15011508137173e-06
17.24999999999964 9.428050077142598e-05 -2.523910199522869e-05
17.25277777777741 8.815885143849889e-05 -4.473803500421147e-05
17.25555555555519 7.801021288879398e-05 -6.277352235786351e-05
17.25833333333297 6.418038835641174e-05 -7.851533660582981e-05
17.26111111111074 4.71859896945273e-05 -9.121418036083002e-05
17.26388888888852 2.769564973440579e-05 -0.0001002367410073393
17.2666666666663 6.504061523513011e-06 -0.000105096414201245
17.26944444444407 -1.550016313206097e-05 -0.0001054782334344345
17.27222222222185 -3.737152633780353e-05 -0.0001012567691055614
17.27499999999963 -5.81480327497393e-05 -9.250604674258005e-05
17.2777777777774 -7.689321652559103e-05 -7.950086867888544e-05
17.28055555555518 -9.273797933452414e-05 -6.270929261071363e-05
17.28333333333295 -0.000104920381767116 -4.277640824521996e-05
17.28611111111073 -0.0001128215822274887 -2.049994273005394e-05
17.28888888888851 -0.0001159962506070477 3.201400630724352e-06
17.29166666666628 -0.0001141959943995155 2.732562472078793e-05
17.29444444444406 -0.000107384614552872 5.082960374454075e-05
17.29722222222184 -9.574434614661641e-05 7.267396278520692e-05
17.29999999999961 -7.967262100548776e-05 9.186874732033403e-05
17.30277777777739 -5.976929944813818e-05 0.0001075178844865799
17.30555555555517 -3.681473880411705e-05 0.0001188604513556487
17.30833333333294 -1.173947860799096e-05 0.0001253068672157448
17.31111111111072 1.441329198561432e-05 0.0001264683139759467
17.3138888888885 4.053097765114868e-05 0.0001221779545971285
17.31666666666627 6.547874316017883e-05 0.0001125028535534339
17.31944444444405 8.814860710530198e-05 9.774589216243603e-05
17.32222222222182 0.0001075083447377853 7.843739894153441e-05
17.3249999999996 0.0001226480499099154 5.531666270381064e-05
17.32777777777738 0.0001328222687730942 2.930394443997129e-05
17.33055555555515 0.0001374857737715234 1.464033310880803e-06
17.33333333333293 0.0001363212903152194 -2.70372170216365e-05
17.33611111111071 0.00012925781106383 -5.498160091441077e-05
17.33888888888848 0.0001164785211048436 -8.115048878984731e-05
17.34166666666626 9.841779543959228e-05 -0.000104377759755737
17.34444444444404 7.574719960710685e-05 -0.0001236014443692277
17.34722222222181 4.935090480078626e-05 -0.000137911799047987
17.34999999999959 2.029139947787136e-05 -0.0001465936499107523
17.35277777777737 -1.023318066645247e-05 -0.0001491610569854421
17.35555555555514 -4.093839324316234e-05 -0.0001453826519406498
17.35833333333292 -7.050746843634097e-05 -0.0001352963819208155
17.3611111111107 -9.764765826907007e-05 -0.0001192128332434739
17.36388888888847 -0.0001211465456937751 -9.770679324668209e-05
17.36666666666625 -0.0001399258650679324 -7.159721585692231e-05
17.36944444444402 -0.0001530904537553396 -4.191626458579766e-05
17.3722222222218 -0.0001599701278751569 -9.868593382594582e-06
17.37499999999958 -0.0001601525475868274 2.321753057156823e-05
17.37777777777735 -0.0001535054983198345 5.594527752208914e-05
17.38055555555513 -0.000140187449544299 8.690819485256787e-05
17.38333333333291 -0.0001206457440887707 0.000114750546673967
17.38611111111068 -9.560229798794005e-05 0.000138226464690574
17.38888888888846 -6.602723087543996e-05 0.0001562553335245127
17.39166666666624 -3.310137664639905e-05 0.0001679709577289861
17.39444444444401 1.830879756924745e-06 0.000172762290213662
17.39722222222179 3.731655312469646e-05 0.0001703038341057856
17.39999999999957 7.185454517603196e-05 0.0001605742490780705
17.40277777777734 0.0001039591447269913 0.0001438621818260172
17.40555555555512 0.0001322238507061673 0.0001207588783473262
17.40833333333289 0.0001553827754961959 9.213770022888195e-05
17.41111111111067 0.0001723669517243571 5.912123410406174e-05
17.41388888888845 0.0001823530480073116 2.303722821260698e-05
17.41666666666622 0.0001848022918431105 -1.463491134139439e-05
17.419444444444 0.0001794877895491106 -5.232490169347935e-05
17.42222222222178 0.0001665089081260822 -8.843713621935999e-05
17.42499999999955 0.0001462919226441979 -0.0001214182651844581
17.42777777777733 0.0001195767126581806 -0.0001498239363437662
17.43055555555511 8.738988767667399e-05 -0.0001723818264183014
17.43333333333288 5.100530925376392e-05 -0.0001880482165637308
17.43611111111066 1.189353034816349e-05 -0.0001960556068902068
17.43888888888844 -2.833783305893851e-05 -0.0001959492177181205
17.44166666666621 -6.801036948628055e-05 -0.0001876106746215043
17.44444444444399 -0.0001054450358681753 -0.0001712677021312503
17.44722222222176 -0.0001390332750862778 -0.0001474892353791829
17.44999999999954 -0.0001673060682702606 -0.0001171659754202561
17.45277777777732 -0.0001889979555416423 -8.147703629264535e-05
17.45555555555509 -0.0002031032390727888 -4.184393337889509e-05
17.45833333333287 -0.0002089218838281242 1.262827605774759e-07
17.46111111111065 -0.0002060930424320198 4.270645948112536e-05
17.46388888888842 -0.0001946146347581792 8.412066370344438e-05
17.4666666666662 -0.0001748479893640039 0.0001226184333149782
17.46944444444398 -0.0001475071788115498 0.0001565488425268419
17.47222222222175 -0.0001136333279325698 0.000184431239766922
17.47499999999953 -7.455481572935759e-05 0.0002050196247795327
17.47777777777731 -3.183490036731998e-05 0.0002173578700420442
17.48055555555508 1.279115371523933e-05 0.0002208233514137037
17.48333333333286 5.748690118192218e-05 0.0002151570198344322
17.48611111111063 0.0001003905857437513 0.0002004785009251645
17.48888888888841 0.0001396929044573292 0.0001772854296019411
17.49166666666619 0.0001737134054516414 0.0001464368864324987
17.49444444444396 0.0002009722848569307 0.0001091214736740349
17.49722222222174 0.0002202545128379372 6.681122325808061e-05
17.49999999999952 0.0002306635143165792 2.120313846652008e-05
17.50277777777729 0.0002316620456991632 -2.58492905961673e-05
17.50555555555507 0.0002230984279806171 -7.241181381041648e-05
17.50833333333285 0.0002052168977435957 -0.0001165492764984094
17.51111111111062 0.0001786514959229954 -0.0001564062891426517
17.5138888888884 0.0001444036022791819 -0.0001902853346491686
17.51666666666618 0.000103803912385692 -0.0002167190161561669
17.51944444444395 5.846031442848947e-05 -0.0002345333678062945
17.52222222222173 1.019372710103952e-05 -0.0002428995016831444
17.5249999999995 -3.903551855357448e-05 -0.0002413713323303094
17.52777777777728 -8.720775393923315e-05 -0.000229907686917602
17.53055555555506 -0.0001323272116247839 -0.0002088777509044716
17.53333333333283 -0.0001725049783773764 -0.0001790494893767173
17.53611111111061 -0.0002060381998854494 -0.000141561394292918
17.53888888888839 -0.0002314822067985461 -9.787860787462653e-05
17.54166666666616 -0.000247712504521706 -4.973513278444969e-05
17.54444444444394 -0.000253973971892728 9.355674584035027e-07
17.54722222222172 -0.0002499151302208744 5.207877445769473e-05
17.54999999999949 -0.0002356059531043302 0.0001016023384354607
17.55277777777727 -0.0002115383638790398 0.0001474626760228441
17.55555555555505 -0.0001786092834515974 0.0001877493873052035
17.55833333333282 -0.0001380868168120929 0.0002207649731562574
17.5611111111106 -9.15608713557939e-05 0.0002450963170688786
17.56388888888837 -4.088015466712454e-05 0.0002596749189590771
17.56666666666615 1.192192397991101e-05 0.0002638233188931866
17.56944444444393 6.470944990372326e-05 0.0002572857080683689
17.5722222222217 0.0001153309469333158 0.0002402413697524026
17.57499999999948 0.0001617075049304979 0.0002133002976541616
17.57777777777726 0.00020191846021891 0.0001774810741774361
17.58055555555503 0.0002342810820868584 0.0001341718256797416
17.58333333333281 0.0002574209499738425 8.507577560144359e-05
17.58611111111059 0.0002703300758178761 3.214355975535349e-05
17.58888888888836 0.0002724103194059091 -2.250497579887429e-05
17.59166666666614 0.0002635002412858601 -7.666632840135204e-05
17.59444444444392 0.0002438842133870839 -0.0001281427621013057
17.59722222222169 0.0002142833341215032 -0.000174831945769675
17.59999999999947 0.0001758284423916489 -0.000214813128680925
17.60277777777724 0.0001300162626737439 -0.0002464263055644528
17.60555555555502 7.865041058667745e-05 -0.0002683410992747943
17.6083333333328 2.376961615830053e-05 -0.0002796125010602519
17.61111111111057 -3.243394575469382e-05 -0.0002797211391669267
17.61388888888835 -8.770291391324053e-05 -0.0002685963744669885
17.61666666666613 -0.0001398060045582575 -0.0002466212211778032
17.6194444444439 -0.0001866285645438644 -0.0002146188327784349
17.62222222222168 -0.0002262587173711587 -0.0001738210473844313
17.62499999999946 -0.0002570655773449923 -0.0001258202220432772
17.62777777777723 -0.000277766323597312 -7.25062713556728e-05
17.63055555555501 -0.0002874793742581668 -1.599143424425993e-05
17.63333333333279 -0.0002857614632737298 4.147420151236792e-05
17.63611111111056 -0.0002726270752188613 9.759300501691454e-05
17.63888888888834 -0.0002485494101676615 0.0001501122831797661
17.64166666666612 -0.0002144428018680555 0.0001969151878578176
17.64444444444389 -0.0001716272673186547 0.0002361063594450388
17.64722222222167 -0.0001217765934301597 0.0002660888270411276
17.64999999999944 -6.685203699112089e-05 0.0002856290372586578
17.65277777777722 -9.024300208520334e-06 0.0002939073632777979
17.655555555555 4.941307823290661e-05 0.0002905520332266546
17.65833333333277 0.0001061354268382801 0.0002756550883067787
17.66111111111055 0.0001588800421441801 0.0002497697087996618
17.66388888888833 0.0002055369317564782 0.0002138890004510049
17.6666666666661 0.0002442335397275353 0.0001694070839442204
17.66944444444388 0.0002734100380174379 0.000118064045681715
17.67222222222166 0.0002918821497291079 6.18769598251346e-05
17.67499999999943 0.0002988889743643771 3.059753069837936e-06
17.67777777777721 0.0002941238917724235 -5.606486769846686e-05
17.68055555555499 0.000277747304949951 -0.0001131578869509354
17.68333333333276 0.0002503807144915112 -0.0001659571390672279
17.68611111111054 0.0002130823694641641 -0.0002123674177198247
17.68888888888831 0.0001673054802672436 -0.0002505439268057132
17.69166666666609 0.0001148406786614036 -0.0002789657359306619
17.69444444444387 5.774504040316144e-05 -0.000296496309711057
17.69722222222164 -1.739478479293562e-06 -0.0003024287035918754
17.69999999999942 -6.127492117955531e-05 -0.0002965136379996715
17.7027777777772 -0.0001185199678171298 -0.0002789693521423784
17.70555555555497 -0.0001712226306024444 -0.0002504728706051577
17.70833333333275 -0.0002173093115636913 -0.0002121330603990561
17.71111111111053 -0.0002549666820389867 -0.0001654465832820058
17.7138888888883 -0.0002827131388017072 -0.0001122385287481531
17.71666666666608 -0.0002994570163942063 -5.459011990932654e-05
17.71944444444386 -0.0003045392714727446 5.243606567751031e-06
17.72222222222163 -0.0002977589806600654 6.49228542407319e-05
17.72499999999941 -0.0002793806830960174 0.0001221153042124854
17.72777777777718 -0.0002501233245936205 0.0001745878706896222
17.73055555555496 -0.0002111312928232222 0.0002202943411351651
17.73333333333274 -0.000163928742865513 0.0002574554438816616
17.73611111111051 -0.0001103590715252202 0.0002846281995871227
17.73888888888829 -5.251198086056292e-05 0.0003007618502739204
17.74166666666607 7.358946380512781e-06 0.0003052382027162957
17.74444444444384 6.692487301668679e-05 0.0002978948494054422
17.74722222222162 0.000123873017713196 0.0002790304147714874
17.7499999999994 0.0001759970411548514 0.0002493916891414598
17.75277777777717 0.0002212829532133926 0.0002101432294323532
17.75555555555495 0.0002579871800772314 0.0001628206952630161
17.75833333333273 0.0002847037562485228 0.00010926982479376
17.7611111111105 0.0003004180505958878 5.157351116718614e-05
17.76388888888828 0.0003045449797536876 -8.030103549997051e-06
17.76666666666605 0.0002969502839529222 -6.723526208821435e-05
17.76944444444383 0.0002779541145811015 -0.0001237584911853625
17.77222222222161 0.0002483168823682833 -0.0001754272347373613
17.77499999999938 0.0002092080121914145 -0.0002202637596688277
17.77777777777716 0.0001621589175202662 -0.0002565610795667005
17.78055555555494 0.0001090021183489024 -0.0002829479741419852
17.78333333333271 5.179895736047497e-05 -0.0002984406282661205
17.78611111111049 -7.241200265639996e-06 -0.0003024789542043638
17.78888888888827 -6.58470838159627e-05 -0.0002949462727232497
17.79166666666604 -0.0001217735648672594 -0.0002761716882605465
17.79444444444382 -0.0001728881980026361 -0.0002469151739823158
17.7972222222216 -0.0002172528994610304 -0.0002083360573409446
17.79999999999937 -0.0002531976225590858 -0.0001619462392071516
17.80277777777715 -0.0002793832236797098 -0.0001095500648327897
17.80555555555492 -0.0002948511546070815 -5.317327031115671e-05
17.8083333333327 -0.0002990581476521625 5.016165246950975e-06
17.81111111111048 -0.0002918946577920043 6.279213896158316e-05
17.81388888888825 -0.0002736864668944509 0.0001179562237019176
17.81666666666603 -0.0002451795135342053 0.0001684218181238442
17.81944444444381 -0.0002075086620095506 0.0002122934089640644
17.82222222222158 -0.0001621517406513776 0.0002479379239136131
17.82499999999936 -0.0001108707385650912 0.0002740454855901179
17.82777777777714 -5.564253044436214e-05 0.0002896773105967827
17.83055555555491 1.418117040976725e-06 0.0002942990146932585
17.83333333333269 5.814023035182511e-05 0.0002877981645340674
17.83611111111047 0.0001123798253921058 0.0002704855351734618
17.83888888888824 0.0001621014060170265 0.0002430801660439736
17.84166666666602 0.0002054546515265688 0.0002066789316461372
17.84444444444379 0.0002408433950901106 0.0001627119326330315
17.84722222222157 0.0002669843199748213 0.0001128855458240719
17.84999999999935 0.0002829532212414832 5.911542796052964e-05
17.85277777777712 0.0002882171799257794 3.452130851725411e-06
17.8555555555549 0.0002826515543334908 -5.199775794655299e-05
17.85833333333268 0.0002665412867568509 -0.0001051518933583852
17.86111111111045 0.0002405666302638877 -0.0001540307921104924
17.86388888888823 0.0002057739956885418 -0.0001968318116387437
17.86666666666601 0.0001635331806826989 -0.0002319957168923276
17.86944444444378 0.0001154827494781285 -0.0002582633770543073
17.87222222222156 6.346576497660943e-05 -0.0002747205385544698
17.87499999999934 9.4584182130761e-06 -0.0002808290989737738
17.87777777777711 -4.450565793016382e-05 -0.0002764438392214841
17.88055555555489 -9.641247166561769e-05 -0.0002618141375430412
17.88333333333266 -0.0001443432138029623 -0.0002375707663003372
17.88611111111044 -0.0001865454132380014 -0.0002046984387644587
17.88888888888822 -0.0002214970627297412 -0.0001644953068122825
17.89166666666599 -0.0002479613704275126 -0.0001185210914252103
17.89444444444377 -0.0002650301772275725 -6.853593856048303e-05
17.89722222222155 -0.0002721545342487459 -1.643241854628577e-05
17.89999999999932 -0.0002691614401645111 3.583668355966756e-05
17.9027777777771 -0.0002562562748408759 8.633201368551804e-05
17.90555555555488 -0.0002340110127445369 0.0001331999390511317
17.90833333333265 -0.0002033388359260629 0.0001747407792960455
17.91111111111043 -0.0001654562717822468 0.000209470463651996
17.91388888888821 -0.0001218344364539973 0.0002361733810658412
17.91666666666598 -7.414135407662465e-05 0.0002539445523581738
17.91944444444376 -2.417763132566453e-05 0.0002622196813095679
17.92222222222154 2.619201469498775e-05 0.0002607921177007015
17.92499999999931 7.510875613422743e-05 0.0002498162710294134
17.92777777777709 0.0001207885421162605 0.0002297975292470525
17.93055555555486 0.0001615873143878475 0.0002015692427305957
17.93333333333264 0.0001960601654204106 0.000166257810840287
17.93611111111042 0.000223012315288506 0.00012523733922525
17.93888888888819 0.0002415401212740308 8.00757050086116e-05
17.94166666666597 0.0002510607336595161 3.247416116421707e-05
17.94444444444375 0.0002513294564639678 -1.579717903979618e-05
17.94722222222152 0.0002424443454463759 -6.296551827014223e-05
17.9499999999993 0.0002248380592122832 -0.0001073207284422567
17.95277777777708 0.0001992574543825378 -0.0001472774666237595
17.95555555555485 0.0001667318647886614 -0.0001814317973703531
17.95833333333263 0.0001285314111324485 -0.0002086103054243228
17.96111111111041 8.611703697100387e-05 -0.0002279099941366597
17.96388888888818 4.108424715535852e-05 -0.000238727634822257
17.96666666666596 -4.897273321004784e-06 -0.0002407776456450525
17.96944444444373 -5.014586490178574e-05 -0.0002340980193124244
17.97222222222151 -9.302959856355219e-05 -0.00021904426985436
17.97499999999929 -0.0001320252128031685 -0.0001962718130485561
17.97777777777706 -0.0001657721554478518 -0.000166707616155209
17.98055555555484 -0.0001931198203325585 -0.0001315123352473172
17.98333333333262 -0.0002131663529764449 -9.203448904000869e-05
17.98611111111039 -0.0002252877387045923 -4.975848535477295e-05
17.98888888888817 -0.000229156267471165 -6.24851147957478e-06
17.99166666666595 -0.0002247478770417113 3.690958320183686e-05
17.99444444444372 -0.0002123382945281593 7.816624771107913e-05
17.9972222222215 -0.0001924883097970835 0.0001160639129257173
17.99999999999928 -0.000166018907759842 0.0001492883996757461
18.00277777777705 -0.000133977345794151 0.0001767142464942467
18.00555555555483 -9.759557493303437e-05 0.0001974424081764909
18.0083333333326 -5.824265834655161e-05 0.0002108290846064226
18.01111111111038 -1.73730297619575e-05 0.0002165047873031598
18.01388888888816 2.352744782117313e-05 0.0002143831251747409
18.01666666666593 6.299561938843026e-05 0.0002046591767277325
18.01944444444371 9.964339842220348e-05 0.0001877976989880886
18.02222222222149 0.0001322064806904598 0.0001645117895983344
18.02499999999926 0.0001595877105286435 0.0001357329548382707
18.02777777777704 0.0001808936268768615 0.0001025738309231708
18.03055555555482 0.0001954629935981614 6.628504892420954e-05
18.03333333333259 0.0002028864338788469 2.820791719705292e-05
18.03611111111037 0.0002030166294117649 -1.027528615956505e-05
18.03888888888815 0.000195968898550996 -4.779156752823842e-05
18.04166666666592 0.0001821123204775828 -8.302619287082069e-05
18.0444444444437 0.0001620519117416328 -0.0001147686415027133
18.04722222222147 0.0001366026752337155 -0.0001419539415713811
18.04999999999925 0.0001067566187989186 -0.0001636979904462052
18.05277777777703 7.364407204275918e-05 -0.0001793257098264627
18.0555555555548 3.849080797038274e-05 -0.000188391168374625
18.05833333333258 2.572595673837581e-06 -0.0001906891129367076
18.06111111111036 -3.283113169349311e-05 -0.0001862576711397255
18.06388888888813 -6.648281364630286e-05 -0.0001753723113455523
18.06666666666591 -9.722988868925451e-05 -0.0001585314588106167
18.06944444444369 -0.0001240440169128985 -0.0001364344583391106
18.07222222222146 -0.0001460550785170597 -0.0001099528336452891
18.07499999999924 -0.0001625788445678077 -8.009601337796104e-05
18.07777777777702 -0.0001731374677639428 -4.797286630866516e-05
18.08055555555479 -0.0001774722173618238 -1.475050840128557e-05
18.08333333333257 -0.0001755481730736359 1.838809070158099e-05
18.08611111111034 -0.0001675508868961463 5.028616585456754e-05
18.08888888888812 -0.0001538753087313088 7.985339029638474e-05
18.0916666666659 -0.0001351075411663258 0.0001061028955797002
18.09444444444367 -0.0001120002316058799 0.0001281838346226925
18.09722222222145 -8.544261801006176e-05 0.0001454084327130255
18.09999999999923 -5.642641116983894e-05 0.0001572726922847595
18.102777777777 -2.600881680037084e-05 0.000163470162746089
18.10555555555478 4.725928431031219e-06 0.0001638984471474318
18.10833333333256 3.47051127490973e-05 0.0001586583832987715
18.11111111111033 6.290483295609733e-05 0.0001480460984386475
18.11388888888811 8.838471991950595e-05 0.0001325383844546313
18.11666666666589 0.0001103189416625066 0.0001127720664481916
18.11944444444366 0.0001280224800279735 8.951823362661834e-05
18.12222222222144 0.0001409718686959793 6.365236184900003e-05
18.12499999999921 0.0001488197960872479 3.612147688724732e-05
18.12777777777699 0.000151403208092059 7.909583357246122e-06
18.13055555555477 0.0001487447839367487 -1.999738517583879e-05
18.13333333333254 0.0001410478952007516 -4.664585412567866e-05
18.13611111111032 0.0001286853846382188 -7.114695126789101e-05
18.1388888888881 0.0001121827102680222 -9.27058214926376e-05
18.14166666666587 9.219618424696119e-05 -0.0001106469630166664
18.14444444444365 6.94871894797111e-05 -0.0001244347992870786
18.14722222222143 4.489337514756996e-05 -0.0001336888882752452
18.1499999999992 1.929791214511741e-05 -0.0001381933743752191
18.15277777777698 -6.402070969800852e-06 -0.0001379005000515375
18.15555555555476 -3.132675174780383e-05 -0.000132928206997426
18.15833333333253 -5.464349773447803e-05 -0.0001235520623512874
18.16111111111031 -7.559436779685239e-05 -0.0001101919374044565
18.16388888888808 -9.352033818973628e-05 -9.339403785367337e-05
18.16666666666586 -0.0001078814988578327 -7.380903054046714e-05
18.16944444444364 -0.0001182726262287223 -5.216712737880616e-05
18.17222222222141 -0.0001244337157710761 -2.925106960248803e-05
18.17499999999919 -0.0001262552441937339 -5.868002629325351e-06
18.17777777777697 -0.0001237781205184615 1.717875688705138e-05
18.18055555555474 -0.0001171884706583754 3.911708422347001e-05
18.18333333333252 -0.0001068075751981089 5.92316197129479e-05
18.1861111111103 -9.307743898296298e-05 7.68867193059775e-05
18.18888888888807 -7.654260880806157e-05 9.154606417910968e-05
18.19166666666585 -5.782896777369005e-05 0.0001027883468001336
18.19444444444363 -3.762031859232828e-05 0.0001103186029057013
18.1972222222214 -1.663362122268153e-05 0.0001139749213790118
18.19999999999918 4.406228240255745e-06 0.0001137304310365432
18.20277777777696 2.479120028472429e-05 0.0001096906289124424
18.20555555555473 4.385367900502501e-05 0.0001020862730442815
18.20833333333251 6.098798369432904e-05 9.12622087397868e-05
18.21111111111028 7.566918738219755e-05 7.766262615668832e-05
18.21388888888806 8.746866739178776e-05 6.181335482009561e-05
18.21666666666584 9.606595173346813e-05 4.430188435683811e-05
18.21944444444361 0.0001012565649844603 2.575585810178096e-05
18.22222222222139 0.0001029557230424391 6.820816173564194e-06
18.22499999999917 0.0001011978725704404 -1.186203305406343e-05
18.22777777777694 9.613221298852897e-05 -2.967725862983996e-05
18.23055555555472 8.801447176663018e-05 -4.605516499332863e-05
18.2333333333325 7.719532324103593e-05 -6.048962956556222e-05
18.23611111111027 6.410594353866897e-05 -7.255327888211419e-05
18.23888888888805 4.924127647997873e-05 -8.190956939175279e-05
18.24166666666583 3.314164536887225e-05 -8.832145767667123e-05
18.2444444444436 1.637338203073446e-05 -9.16564704690834e-05
18.24722222222138 -4.908431512385465e-07 -9.188811290825737e-05
18.24999999999915 -1.689131775507772e-05 -8.909367953424647e-05
18.25277777777693 -3.229957178332161e-05 -8.344865230440974e-05
18.25555555555471 -4.623506591136205e-05 -7.521797955621077e-05
18.25833333333248 -5.827977189269492e-05 -6.474462592087224e-05
18.26111111111026 -6.809022101815218e-05 -5.24358628896811e-05
18.26388888888804 -7.540669555636305e-05 -3.874783088485152e-05
18.26666666666581 -8.005934488121174e-05 -2.416894482961232e-05
18.26944444444359 -8.197111861649989e-05 -9.202735630011417e-06
18.27222222222137 -8.11575197108868e-05 5.649280316742898e-06
18.27499999999914 -7.772328714051838e-05 1.990413176788925e-05
18.27777777777692 -7.185621742977088e-05 3.311279052566581e-05
18.2805555555547 -6.381842326137325e-05 4.487395923972922e-05
18.28333333333247 -5.393540345871879e-05 5.484584155535485e-05
18.28611111111025 -4.258335944931098e-05 6.275556815613021e-05
18.28888888888802 -3.017523743060159e-05 6.840604156861211e-05
18.2916666666658 -1.714600196053464e-05 7.168005681141316e-05
18.29444444444358 -3.937655303835843e-06 7.254165073809997e-05
18.29722222222135 9.015492068091544e-06 7.103472695082362e-05
18.29999999999913 2.130081998121485e-05 6.727909234959086e-05
18.30277777777691 3.254022694482056e-05 6.146412290055178e-05
18.30555555555468 4.240140327622593e-05 5.384034758946483e-05
18.30833333333246 5.060722875837744e-05 4.470929874288476e-05
18.31111111111024 5.694304795713468e-05 3.441202239952072e-05
18.31388888888801 6.126165527848265e-05 2.331667317439701e-05
18.31666666666579 6.348590358097821e-05 1.180563358008724e-05
18.31944444444357 6.360893183062261e-05 2.625980978307949e-07
18.32222222222134 6.169208617280658e-05 -1.093995203400502e-05
18.32499999999912 5.786068236254141e-05 -2.145248529871308e-05
18.32777777777689 5.229782348506194e-05 -3.095900978177713e-05
18.33055555555467 4.523654339561207e-05 -3.918620913425194e-05
18.33333333333245 3.695059178108617e-05 -4.591087618299947e-05
18.33611111111022 2.774421010139692e-05 -5.096546068702561e-05
18.338888888888 1.794126824679017e-05 -5.42416163533011e-05
18.34166666666578 7.874139354098159e-06 -5.569170209047652e-05
18.34444444444355 -2.127314904963867e-06 -5.532826123705301e-05
18.34722222222133 -1.174629346008272e-05 -5.322156791123815e-05
18.34999999999911 -2.068881255673272e-05 -4.949538965622507e-05
18.35277777777688 -2.869238115033615e-05 -4.432116841837529e-05
18.35555555555466 -3.553335209224033e-05 -3.791086612449088e-05
18.35833333333244 -4.103275846043952e-05 -3.050875559320973e-05
18.36111111111021 -4.506050089794514e-05 -2.238246146418062e-05
18.36388888888799 -4.753781056741145e-05 -1.381356888074807e-05
18.36666666666576 -4.843797129543203e-05 -5.088119810794531e-06
18.36944444444354 -4.778534171258521e-05 3.512691504697158e-06
18.37222222222132 -4.565277188506247e-05 1.17213307330127e-05
18.37499999999909 -4.215755745815156e-05 1.929197713282923e-05
18.37777777777687 -3.745611630432779e-05 2.600758734509463e-05
18.38055555555465 -3.173760697534451e-05 3.168577881690477e-05
18.38333333333242 -2.52167340824943e-05 3.618338789530202e-05
18.3861111111102 -1.812600256768335e-05 3.939960606373299e-05
18.38888888888798 -1.070769049224748e-05 4.127764745157677e-05
18.39166666666575 -3.205808581737803e-06 4.180494995719181e-05
18.39444444444353 4.141695264852755e-06 4.101195950139271e-05
18.39722222222131 1.111024628409897e-05 3.896959061683929e-05
18.39999999999908 1.749525280098475e-05 3.578549550084939e-05
18.40277777777686 2.311783164148337e-05 3.159930674427076e-05
18.40555555555463 2.782950050657097e-05 2.657704536413183e-05
18.40833333333241 3.151572784156528e-05 2.090490492974439e-05
18.41111111111019 3.409827170513066e-05 1.478263416223058e-05
18.41388888888796 3.553628064729948e-05 8.416744344510714e-06
18.41666666666574 3.582617027840737e-05 2.013764394051514e-06
18.41944444444352 3.500032777188348e-05 -4.226244052261367e-06
18.42222222222129 3.312473183688335e-05 -1.011571607598965e-05
18.42499999999907 3.029560672180776e-05 -1.548498442937187e-05
18.42777777777685 2.663525474719786e-05 -2.018690605625497e-05
18.43055555555462 2.228723209806901e-05 -2.410059884436672e-05
18.4333333333324 1.741104672353149e-05 -2.713420628564021e-05
18.43611111111018 1.217656500424994e-05 -2.922664197875458e-05
18.43888888888795 6.758315375539253e-06 -3.03483002563071e-05
18.44166666666573 1.329872556827046e-06 -3.050075255245913e-05
18.4444444444435 -3.941504153800831e-06 -2.971548042091226e-05
18.44722222222128 -8.899820339067122e-06 -2.805172445578802e-05
18.44999999999906 -1.340474514666904e-05 -2.559355298082634e-05
18.45277777777683 -1.733534387764776e-05 -2.24462746322712e-05
18.45555555555461 -2.059305502561091e-05 -1.873233441251276e-05
18.45833333333239 -2.31038499001449e-05 -1.458684315326726e-05
18.46111111111016 -2.481954131749967e-05 -1.015289549382845e-05
18.46388888888794 -2.571823601980657e-05 -5.576831517205915e-06
18.46666666666572 -2.580395260265461e-05 -1.003592321191701e-06
18.46944444444349 -2.510545197573792e-05 3.427689594561939e-06
18.47222222222127 -2.367435003565214e-05 7.587737669019953e-06
18.47499999999905 -2.15826016921317e-05 1.136070574082705e-05
18.47777777777682 -1.891946118655888e-05 1.464718860659019e-05
18.4805555555546 -1.578803544026358e-05 1.736659923139429e-05
18.48333333333238 -1.230155477842064e-05 1.945886596504915e-05
18.48611111111015 -8.579488743336084e-06 2.088542636268416e-05
18.48888888888793 -4.743633925935241e-06 2.162951714608266e-05
18.4916666666657 -9.142960205628654e-07 2.169578176453494e-05
18.49444444444348 2.793320024322418e-06 2.11092372774205e-05
18.49722222222126 6.272409400971631e-06 1.991366032491626e-05
18.49999999999903 9.427468210701307e-06 1.816946731365843e-05
18.50277777777681 1.217672372414197e-05 1.59511762634479e-05
