16.5 -2.155576905863508e-07 -2.09196308382978e-08
16.50277777777778 -2.236779284538248e-07 -1.785516796292498e-09
16.50555555555555 -2.30266461435087e-07 1.860475812932512e-08
16.50833333333333 -2.351703668988368e-07 4.0142440196079e-08
16.51111111111111 -2.382431661569743e-07 6.270230132593189e-08
16.51388888888888 -2.393464678607198e-07 8.614288476644092e-08
16.51666666666666 -2.383516199500377e-07 1.103069062547363e-07
16.51944444444444 -2.35141355980478e-07 1.3502181410982e-07
16.52222222222221 -2.29611421120966e-07 1.601005104185191e-07
16.52499999999999 -2.216721626967265e-07 1.853422341559297e-07
16.52777777777776 -2.112500698494107e-07 2.105336056980603e-07
16.53055555555554 -1.98289246708482e-07 2.354498307584794e-07
16.53333333333332 -1.827528034195634e-07 2.598560603170262e-07
16.53611111111109 -1.646241494615795e-07 2.835089016242799e-07
16.53888888888887 -1.439081739085365e-07 3.061580738679533e-07
16.54166666666665 -1.206322976568872e-07 3.275482005938654e-07
16.54444444444442 -9.484738314534781e-08 3.474207294934385e-07
16.5472222222222 -6.662848774314257e-08 3.655159687181358e-07
16.54999999999998 -3.607544777158839e-08 3.815752274716677e-07
16.55277777777775 -3.313281052875624e-09 3.953430472739128e-07
16.55555555555553 3.150760305871356e-08 4.065695090051223e-07
16.55833333333331 6.821139601226118e-08 4.150125996313136e-07
16.56111111111108 1.065970932975573e-07 4.204406214017139e-07
16.56388888888886 1.464389156825941e-07 4.226346253018632e-07
16.56666666666663 1.874869540107826e-07 4.213908496601451e-07
16.56944444444441 2.294680414745568e-07 4.165231440462415e-07
16.57222222222219 2.720868555571565e-07 4.078653579814086e-07
16.57499999999996 3.150272500281185e-07 3.952736735101971e-07
16.57777777777774 3.579538155145752e-07 3.786288603698901e-07
16.58055555555552 4.005136652520268e-07 3.578384323446018e-07
16.58333333333329 4.423384406696215e-07 3.328386834121059e-07
16.58611111111107 4.830465294928441e-07 3.035965824877018e-07
16.58888888888885 5.222454870730274e-07 2.70111505942939e-07
16.59166666666662 5.595346496877088e-07 2.324167876333987e-07
16.5944444444444 5.945079266236151e-07 1.905810669026521e-07
16.59722222222218 6.267567559595824e-07 1.4470941594955e-07
16.59999999999995 6.55873207140692e-07 9.494422903406721e-08
16.60277777777773 6.814532116793851e-07 4.14658572705243e-08
16.6055555555555 7.030999016636347e-07 -1.550702581304455e-08
16.60833333333328 7.204270342000586e-07 -7.571734116818932e-08
16.61111111111106 7.330624784988189e-07 -1.388698150445748e-07
16.61388888888883 7.406517410194144e-07 -2.046314933082896e-07
16.61666666666661 7.428615029671356e-07 -2.726325668119379e-07
16.61944444444439 7.393831434632947e-07 -3.424675132195148e-07
16.62222222222216 7.299362209266595e-07 -4.136965584397903e-07
16.62499999999994 7.142718846050626e-07 -4.858474584757923e-07
16.62777777777772 6.921761877968032e-07 -5.584176000835991e-07
16.63055555555549 6.634732741109655e-07 -6.308764161521397e-07
16.63333333333327 6.280284081329934e-07 -7.026681092041345e-07
16.63611111111105 5.857508221080586e-07 -7.732146738722591e-07
16.63888888888882 5.365963507097925e-07 -8.419192066690536e-07
16.6416666666666 4.805698266559867e-07 -9.081694888355272e-07
16.64444444444437 4.1772721083791e-07 -9.713418255686557e-07
16.64722222222215 3.481774317696406e-07 -1.03080512248832e-06
16.64999999999993 2.720839105134518e-07 -1.085925177848521e-06
16.6527777777777 1.896657488119769e-07 -1.136069166729229e-06
16.65555555555548 1.011985599286576e-07 -1.180610291299731e-06
16.65833333333326 7.014923684509217e-09 -1.218932569223179e-06
16.66111111111103 -9.249555066535394e-08 -1.250435730409757e-06
16.66388888888881 -1.968865677138384e-07 -1.274540190627721e-06
16.66666666666659 -3.056559068432708e-07 -1.290692068970159e-06
16.66944444444436 -4.182466096607433e-07 -1.298368214865448e-06
16.67222222222214 -5.340485999688173e-07 -1.297081209221678e-06
16.67499999999992 -6.524007394108013e-07 -1.286384303428278e-06
16.67777777777769 -7.725933189129823e-07 -1.265876259307945e-06
16.68055555555547 -8.938709829752974e-07 -1.235206052729327e-06
16.68333333333324 -1.015436080708515e-06 -1.194077403470811e-06
16.68611111111102 -1.136452434352478e-06 -1.142253094059e-06
16.6888888888888 -1.256049512809361e-06 -1.079559040719713e-06
16.69166666666657 -1.37332699455877e-06 -1.005888080247668e-06
16.69444444444435 -1.487359701161349e-06 -9.212034375601843e-07
16.69722222222213 -1.597202879479122e-06 -8.255418399083867e-07
16.6999999999999 -1.701897807716061e-06 -7.190162452128086e-07
16.70277777777768 -1.800477697480794e-06 -6.018181537334586e-07
16.70555555555546 -1.891973861278087e-06 -4.74219474289046e-07
16.70833333333323 -1.975422112200886e-06 -3.365739184824603e-07
16.71111111111101 -2.049869360114117e-06 -1.893178988805787e-07
16.71388888888879 -2.114380366343193e-06 -3.297090978879095e-08
16.71666666666656 -2.168044616792575e-06 1.318646278142466e-07
16.71944444444434 -2.209983271574785e-06 3.04504072531272e-07
16.72222222222211 -2.239356147613111e-06 4.841818320436001e-07
16.72499999999989 -2.25536868933363e-06 6.700532044976108e-07
16.72777777777767 -2.257278881478422e-06 8.611967968426429e-07
16.73055555555544 -2.244404057277749e-06 1.056617521529633e-06
16.73333333333322 -2.216127554717411e-06 1.255250169197702e-06
16.736111111111 -2.171905173439126e-06 1.455963551169648e-06
16.73888888888877 -2.111271384925117e-06 1.657565201691561e-06
16.74166666666655 -2.033845249042951e-06 1.858806625991026e-06
16.74444444444433 -1.939335990773385e-06 2.058389076340275e-06
16.7472222222221 -1.827548192001214e-06 2.254969834498867e-06
16.74999999999988 -1.698386554629636e-06 2.447168975123607e-06
16.75277777777766 -1.551860192964471e-06 2.633576581072487e-06
16.75555555555543 -1.388086415309271e-06 2.812760377949955e-06
16.75833333333321 -1.207293956999848e-06 2.983273751836479e-06
16.76111111111098 -1.009825629692334e-06 3.143664110868559e-06
16.76388888888876 -7.961403545594169e-07 3.292481548284655e-06
16.76666666666654 -5.66814550173209e-07 3.42828776168248e-06
16.76944444444431 -3.225428491950456e-07 3.549665180619247e-06
16.77222222222209 -6.413812159201575e-08 3.655226252312699e-06
16.77499999999987 2.074692141340935e-07 3.743622833105128e-06
16.77777777777764 4.91232606228278e-07 3.813555631547046e-06
16.78055555555542 7.859915218788367e-07 3.863783647459146e-06
16.7833333333332 1.090474342450189e-06 3.893133550144686e-06
16.78611111111097 1.40330200349935e-06 3.900508938083186e-06
16.78888888888875 1.722992376845927e-06 3.884899421922101e-06
16.79166666666653 2.047965387434508e-06 3.845389472429714e-06
16.7944444444443 2.376548853179937e-06 3.781166975264262e-06
16.79722222222208 2.706985031397711e-06 3.691531434973745e-06
16.79999999999986 3.03743785090759e-06 3.575901771547792e-06
16.80277777777763 3.36600080438342e-06 3.433823654123115e-06
16.80555555555541 3.690705471142723e-06 3.264976318061288e-06
16.80833333333318 4.009530636249537e-06 3.069178813597197e-06
16.81111111111096 4.320411967665759e-06 2.846395636571385e-06
16.81388888888874 4.621252209170874e-06 2.596741694403973e-06
16.81666666666651 4.909931842986362e-06 2.32048656343292e-06
16.81944444444429 5.184320172431318e-06 2.018057997012847e-06
16.82222222222207 5.442286771609599e-06 1.690044647305427e-06
16.82499999999984 5.681713246018344e-06 1.337197967555351e-06
16.82777777777762 5.900505245189365e-06 9.604332656696437e-07
16.8305555555554 6.096604665953524e-06 5.60829884270735e-07
16.83333333333317 6.268001982761925e-06 1.396304868462589e-07
16.83611111111095 6.412748639637214e-06 -3.017605656499905e-07
16.83888888888873 6.528969436862443e-06 -7.617797585915168e-07
16.8416666666665 6.614874844366127e-06 -1.238707893729566e-06
16.84444444444428 6.668773173039415e-06 -1.730674486310401e-06
16.84722222222205 6.689082534825449e-06 -2.23566308493331e-06
16.84999999999983 6.674342522461611e-06 -2.751517504666205e-06
16.85277777777761 6.623225540152036e-06 -3.275948958727892e-06
16.85555555555538 6.534547717253163e-06 -3.806544068924022e-06
16.85833333333316 6.407279338243208e-06 -4.340773729866014e-06
16.86111111111094 6.240554723823337e-06 -4.876002797016763e-06
16.86388888888871 6.033681499963545e-06 -5.409500563633849e-06
16.86666666666649 5.786149194017893e-06 -5.938451986943218e-06
16.86944444444427 5.497637099740828e-06 -6.459969619211166e-06
16.87222222222204 5.168021356068408e-06 -6.971106194986759e-06
16.87499999999982 4.797381187907299e-06 -7.46886782155414e-06
16.8777777777776 4.386004260847564e-06 -7.950227715694784e-06
16.88055555555537 3.934391105739895e-06 -8.412140426131029e-06
16.88333333333315 3.443258573303877e-06 -8.851556477655206e-06
16.88611111111092 2.913542283497033e-06 -9.265437369815558e-06
16.8888888888887 2.346398039104854e-06 -9.650770860302112e-06
16.89166666666648 1.743202177997525e-06 -1.00045864607277e-05
16.89444444444425 1.105550843621169e-06 -1.032397107047388e-05
16.89722222222203 4.352581586462051e-07 -1.060608467256789e-05
16.89999999999981 -2.656467079679189e-07 -1.0848176014288e-05
16.90277777777758 -9.949235845857074e-07 -1.104759819428223e-05
16.90555555555536 -1.750126449802651e-06 -1.120182407750719e-05
16.90833333333314 -2.528609687552334e-06 -1.130846145919168e-05
16.91111111111091 -3.327535431697393e-06 -1.136526789937255e-05
16.91388888888869 -4.143881981810702e-06 -1.137016515026494e-05
16.91666666666647 -4.974453266206938e-06 -1.132125309988433e-05
16.91944444444424 -5.81588932290288e-06 -1.121682315685765e-05
16.92222222222202 -6.664677763697606e-06 -1.105537100333161e-05
16.92499999999979 -7.517166181458624e-06 -1.083560864516263e-05
16.92777777777757 -8.369575455502801e-06 -1.055647569132789e-05
16.93055555555535 -9.218013905226634e-06 -1.021714979749312e-05
16.93333333333312 -1.005849223736624e-05 -9.817056212152374e-06
16.9361111111109 -1.088693922798716e-05 -9.355876367410738e-06
16.93888888888868 -1.169921807605372e-05 -8.833555460628443e-06
16.94166666666645 -1.249114336170734e-05 -8.250308977369308e-06
16.94444444444423 -1.325849853874191e-05 -7.606628110827762e-06
16.94722222222201 -1.399705388765956e-05 -6.903284037658436e-06
16.94999999999978 -1.470258485276699e-05 -6.141331015290007e-06
16.95277777777756 -1.537089068434254e-05 -5.322108271019287e-06
16.95555555555534 -1.599781330473259e-05 -4.447240658664372e-06
16.95833333333311 -1.657925631556637e-05 -3.518638064112779e-06
16.96111111111089 -1.711120406188232e-05 -2.538493546830022e-06
16.96388888888866 -1.758974066809117e-05 -1.509280210131025e-06
16.96666666666644 -1.801106896011516e-05 -4.337467988997076e-07
16.96944444444422 -1.837152918797521e-05 6.850879707228887e-07
16.97222222222199 -1.866761746335127e-05 1.843942339256304e-06
16.97499999999977 -1.889600382737646e-05 3.039279673220243e-06
16.97777777777755 -1.905354986499673e-05 4.267317853840591e-06
16.98055555555532 -1.913732578375908e-05 5.524039857487859e-06
16.9833333333331 -1.914462687675556e-05 6.805205494546485e-06
16.98611111111088 -1.907298929176441e-05 8.106364268066059e-06
16.98888888888865 -1.892020503121164e-05 9.422869308243107e-06
16.99166666666643 -1.868433611064891e-05 1.074989233375362e-05
16.99444444444421 -1.836372780670612e-05 1.208243958607179e-05
16.99722222222198 -1.795702092919236e-05 1.341536867838547e-05
16.99999999999976 -1.746316305597589e-05 1.474340629626265e-05
17.00277777777753 -1.688141867348876e-05 1.606116668332534e-05
17.00555555555531 -1.621137817028263e-05 1.736317084126166e-05
17.00833333333309 -1.545296563573783e-05 1.864386637025095e-05
17.01111111111086 -1.46064454211174e-05 1.989764787259833e-05
17.01388888888864 -1.367242742517583e-05 2.111887783979987e-05
17.01666666666642 -1.265187107205942e-05 2.230190794069709e-05
17.01944444444419 -1.154608795453167e-05 2.344110062651438e-05
17.02222222222197 -1.03567431212873e-05 2.453085096679026e-05
17.02499999999975 -9.085854992814507e-06 2.55656086290403e-05
17.02777777777752 -7.735793895883601e-06 2.65398999140714e-05
17.0305555555553 -6.309279212737165e-06 2.744834975839839e-05
17.03333333333308 -4.809375146688556e-06 2.828570361509529e-05
17.03611111111085 -3.239485111742456e-06 2.904684912472648e-05
17.03888888888863 -1.603344759482512e-06 2.97268374886776e-05
17.0416666666664 9.498633765021147e-08 3.032090445823807e-05
17.04444444444418 1.851134322276292e-06 3.082449085425936e-05
17.04722222222196 3.660421977023368e-06 3.123326253394703e-05
17.04999999999973 5.517880903179312e-06 3.154312972357276e-05
17.05277777777751 7.418264912526851e-06 3.175026563829002e-05
17.05555555555529 9.356064586879529e-06 3.185112431314457e-05
17.05833333333306 1.132552295501215e-05 3.184245757243314e-05
17.06111111111084 1.332065223228423e-05 3.172133106803934e-05
17.06388888888862 1.533525156378001e-05 3.148513932106829e-05
17.06666666666639 1.736292570794099e-05 3.113161970510709e-05
17.06944444444417 1.939710459384421e-05 3.065886531357325e-05
17.07222222222195 2.143106368182e-05 3.006533665817766e-05
17.07499999999972 2.345794505398486e-05 2.934987215005868e-05
17.0777777777775 2.547077915848423e-05 2.851169732002561e-05
17.08055555555528 2.746250712862056e-05 2.755043273932921e-05
17.08333333333305 2.942600359608322e-05 2.646610060742525e-05
17.08611111111083 3.135409991542063e-05 2.525912997856876e-05
17.0888888888886 3.323960771574004e-05 2.393036060413009e-05
17.09166666666638 3.507534269415444e-05 2.248104537326171e-05
17.09444444444416 3.685414856507083e-05 2.091285133955664e-05
17.09722222222193 3.85689210786902e-05 1.922785932719851e-05
17.09999999999971 4.021263202233454e-05 1.74285621150142e-05
17.10277777777749 4.177835311816082e-05 1.55178612029098e-05
17.10555555555526 4.325927973180042e-05 1.349906216973293e-05
17.10833333333304 4.464875430710178e-05 1.137586863767598e-05
17.11111111111082 4.594028944371776e-05 9.152374862823452e-06
17.11388888888859 4.712759053568158e-05 6.833056976988468e-06
17.11666666666637 4.820457789119129e-05 4.422762910659302e-06
17.11944444444415 4.916540825592846e-05 1.926701031784478e-06
17.12222222222192 5.000449566483425e-05 -6.49572460422791e-07
17.1249999999997 5.071653154999072e-05 -3.300167342791045e-06
17.12777777777747 5.129650403530772e-05 -6.018874328983002e-06
17.13055555555525 5.173971635201157e-05 -8.799181131584991e-06
17.13333333333303 5.204180431243364e-05 -1.163428957008221e-05
17.1361111111108 5.219875278328106e-05 -1.451713366546294e-05
17.13888888888858 5.220691110355764e-05 -1.744039865908615e-05
17.14166666666636 5.206300739630254e-05 -2.039654089037234e-05
17.14444444444413 5.176416172757609e-05 -2.33778084653799e-05
17.14722222222191 5.13078980706198e-05 -2.637626264545479e-05
17.14999999999969 5.069215503728892e-05 -2.938379988372247e-05
17.15277777777746 4.991529534393807e-05 -3.239217443445145e-05
17.15555555555524 4.897611398304462e-05 -3.539302145966957e-05
17.15833333333302 4.787384507707966e-05 -3.837788055547685e-05
17.16111111111079 4.660816739559823e-05 -4.133821961991017e-05
17.16388888888857 4.517920852132522e-05 -4.426545898358334e-05
17.16666666666634 4.358754765601458e-05 -4.715099572369258e-05
17.16944444444412 4.183421706137647e-05 -4.998622808227668e-05
17.1722222222219 3.992070213519098e-05 -5.276257990963205e-05
17.17499999999967 3.784894012747375e-05 -5.547152505440609e-05
17.17777777777745 3.562131750607264e-05 -5.810461162262287e-05
17.18055555555523 3.324066598559411e-05 -6.065348602909742e-05
17.183333333333 3.071025723801675e-05 -6.310991676589606e-05
17.18611111111078 2.803379630772807e-05 -6.546581781417315e-05
17.18888888888856 2.521541375747075e-05 -6.771327162760601e-05
17.19166666666633 2.225965657650537e-05 -6.984455161755983e-05
17.19444444444411 1.917147788504764e-05 -7.185214407263069e-05
17.19722222222189 1.595622547378671e-05 -7.372876944754596e-05
17.19999999999966 1.261962922011637e-05 -7.546740295917337e-05
17.20277777777744 9.167787426216191e-06 -7.70612944303355e-05
17.20555555555521 5.607152127121543e-06 -7.850398732505697e-05
17.20833333333299 1.94451342018128e-06 -7.978933692224175e-05
17.21111111111077 -1.813017130734335e-06 -8.091152757797268e-05
17.21388888888854 -5.658023959598641e-06 -8.186508903028496e-05
17.21666666666632 -9.582805773268093e-06 -8.264491170363673e-05
17.2194444444441 -1.357939457606355e-05 -8.324626097430931e-05
17.22222222222187 -1.763957538260848e-05 -8.366479036129721e-05
17.22499999999965 -2.175490655448623e-05 -8.38965536115722e-05
17.22777777777743 -2.591674069617311e-05 -8.393801565211755e-05
17.2305555555552 -3.011624604429523e-05 -8.378606238523275e-05
17.23333333333298 -3.434442828338728e-05 -8.343800930745748e-05
17.23611111111076 -3.859215272086364e-05 -8.289160893655833e-05
17.23888888888853 -4.285016675380753e-05 -8.21450570346495e-05
17.24166666666631 -4.710912255945096e-05 -8.119699762001603e-05
17.24444444444408 -5.135959994250641e-05 -8.004652676321122e-05
17.24722222222186 -5.55921292716721e-05 -7.869319516772465e-05
17.24999999999964 -5.979721443882843e-05 -7.713700953882759e-05
17.25277777777741 -6.3965355775611e-05 -7.537843274765586e-05
17.25555555555519 -6.808707286196787e-05 -7.341838280197422e-05
17.25833333333297 -7.215292716380436e-05 -7.125823063759958e-05
17.26111111111074 -7.615354443706959e-05 -6.889979674876648e-05
17.26388888888852 -8.007963683802246e-05 -6.634534667837476e-05
17.2666666666663 -8.392202468080715e-05 -6.359758539233456e-05
17.26944444444407 -8.767165778517469e-05 -6.06596505658314e-05
17.27222222222185 -9.13196363599551e-05 -5.753510481088645e-05
17.27499999999963 -9.485723136900551e-05 -5.422792687916549e-05
17.2777777777774 -9.827590432984147e-05 -5.074250187466774e-05
17.28055555555518 -0.0001015673264965868 -4.708361051493885e-05
17.28333333333295 -0.0001047233973822859 -4.325641748031063e-05
17.28611111111073 -0.0001077362625774979 -3.926645889409831e-05
17.28888888888851 -0.0001105983308254695 -3.511962897741671e-05
17.29166666666628 -0.0001133022903165376 -3.082216592490771e-05
17.29444444444406 -0.0001158411241676467 -2.638063704825518e-05
17.29722222222184 -0.0001182081250553867 -2.180192323715533e-05
17.29999999999961 -0.0001203969089743875 -1.709320278661989e-05
17.30277777777739 -0.0001224014280954314 -1.226193464301934e-05
17.30555555555517 -0.0001242159827011081 -7.315841119235837e-06
17.30833333333294 -0.0001258352321794665 -2.262890132452088e-06
17.31111111111072 -0.0001272542050594397 2.888722982785304e-06
17.3138888888885 -0.0001284683080746767 8.130594032779418e-06
17.31666666666627 -0.0001294733342453695 1.34541288416944e-05
17.31944444444405 -0.0001302654699709229 1.885056239187747e-05
17.32222222222182 -0.0001308413011286432 2.431097817726874e-05
17.3249999999996 -0.0001311978181773296 2.982632771396115e-05
17.32777777777738 -0.0001313324202665379 3.538745015830439e-05
17.33055555555515 -0.0001312429183559062 4.098509197885043e-05
17.33333333333293 -0.0001309275373509634 4.660992663256915e-05
17.33611111111071 -0.0001303849172647419 5.225257419487315e-05
17.33888888888848 -0.0001296141134171076 5.790362089455017e-05
17.34166666666626 -0.0001286145956860678 6.355363850579361e-05
17.34444444444404 -0.0001273862468270574 6.919320355204107e-05
17.34722222222181 -0.0001259293598800966 7.481291627451602e-05
17.34999999999959 -0.000124244634684355 8.040341932454085e-05
17.35277777777737 -0.0001223331735244809 8.595541613531863e-05
17.35555555555514 -0.0001201964759320701 9.145968893528579e-05
17.35833333333292 -0.0001178364326701362 9.690711636273799e-05
17.3611111111107 -0.0001152553189283228 0.0001022886906461315
17.36388888888847 -0.0001124557867580364 0.0001075955343158575
17.36666666666625 -0.0001094408567803523 0.0001128189164132255
17.36944444444402 -0.000106213909197336 0.0001179502681678276
17.3722222222218 -0.0001027786741417369 0.0001229811981134177
17.37499999999958 -9.913922139991845e-05 0.0001279035066157715
17.37777777777735 -9.529994954201626e-05 0.0001327091997893645
17.38055555555513 -9.126557449826846e-05 0.000137390502778643
17.38333333333291 -8.704111761658347e-05 0.000141939872385329
17.38611111111068 -8.263189323963353e-05 0.000146350009023106
17.38888888888846 -7.804349584042586e-05 0.0001506138679834655
17.39166666666624 -7.328178675385657e-05 0.0001547246699994604
17.39444444444401 -6.835288054220008e-05 0.0001586759110959745
17.39722222222179 -6.326313103543654e-05 0.0001624613717159634
17.39999999999957 -5.801911708276695e-05 0.0001660751251162461
17.40277777777734 -5.262762805541838e-05 0.0001695115450267919
17.40555555555512 -4.709564913766437e-05 0.0001727653125704727
17.40833333333289 -4.14303464455934e-05 0.0001758314224414016
17.41111111111067 -3.563905200971593e-05 0.0001787051883426524
17.41388888888845 -2.972924865884594e-05 0.000181382247685536
17.41666666666622 -2.370855484242302e-05 0.000183858565554397
17.419444444444 -1.758470942550411e-05 0.000186130437943069
17.42222222222178 -1.136555649193913e-05 0.0001881944942702901
17.42499999999955 -5.059030190995491e-06 0.0001900476991832997
17.42777777777733 1.326860342530736e-06 0.0001916873536603535
17.43055555555511 7.784045959363636e-06 0.0001931110954242495
17.43333333333288 1.430441232815789e-05 0.0001943168986805263
17.43611111111066 2.087981460006803e-05 0.0001953030731952183
17.43888888888844 2.750209187599084e-05 0.0001960682627282249
17.44166666666621 3.416308144849474e-05 0.0001966114428397795
17.44444444444399 4.085463279275411e-05 0.0001969319180882791
17.44722222222176 4.756862128022918e-05 0.0001970293186392592
17.44999999999954 5.429696159393026e-05 0.0001969035963051473
17.45277777777732 6.103162081882941e-05 0.0001965550200381061
17.45555555555509 6.776463119030561e-05 0.0001959841708968295
17.45833333333287 7.448810247832729e-05 0.0001951919365107229
17.46111111111065 8.119423398893535e-05 0.0001941795050648995
17.46388888888842 8.787532616911088e-05 0.0001929483588285732
17.4666666666662 9.452379179394089e-05 0.0001915002672534696
17.46944444444398 0.0001011321667283035 0.0001898372796641247
17.47222222222175 0.0001076931202447613 0.0001879617175675467
17.47499999999953 0.0001141994648902556 0.0001858761666055068
17.47777777777731 0.00012064416588848 0.0001835834681764245
17.48055555555508 0.0001270203500708274 0.0001810867107515938
17.48333333333286 0.0001333213143295843 0.0001783892209102515
17.48611111111063 0.0001395405335840947 0.0001754945541213198
17.48888888888841 0.0001456716682588553 0.0001724064852943511
17.49166666666619 0.0001517085712665788 0.0001691289991276015
17.49444444444396 0.0001576452944963653 0.0001656662802762308
17.49722222222174 0.0001634760948060826 0.0001620227033649014
17.49999999999952 0.0001691954395158263 0.0001582028228722596
17.50277777777729 0.0001747980114082195 0.0001542113629068177
17.50555555555507 0.0001802787132343748 0.0001500532069010692
17.50833333333285 0.0001856326717299477 0.0001457333872460583
17.51111111111062 0.0001908552411467649 0.0001412570748872743
17.5138888888884 0.000195942006302849 0.0001366295689071899
17.51666666666618 0.0002008887851604178 0.0001318562861112235
17.51944444444395 0.0002056916309359225 0.0001269427506420148
17.52222222222173 0.0002103468337515134 0.0001218945836403059
17.5249999999995 0.0002148509218368127 0.0001167174929713919
17.52777777777728 0.0002192006622910857 0.000111417263034403
17.53055555555506 0.0002233930614122741 0.0001059997446796584
17.53333333333283 0.0002274253646105202 0.000100470845237881
17.53611111111061 0.0002312950559101781 9.483651869242659e-05
17.53888888888839 0.0002349998570574456 8.910275599991218e-05
17.54166666666616 0.0002385377262446323 8.327557557617905e-05
17.54444444444394 0.0002419068564626814 7.736101396556992e-05
17.54722222222172 0.0002451056734970741 7.136511670191364e-05
17.54999999999949 0.0002481328335801913 6.529392937493358e-05
17.55277777777727 0.0002509872207133195 5.91534889169079e-05
17.55555555555505 0.0002536679436744813 5.294981511329912e-05
17.55833333333282 0.0002561743327247746 4.668890235372909e-05
17.5611111111106 0.000258505936028669 4.03767116306193e-05
17.56388888888837 0.0002606625158034281 3.401916279156322e-05
17.56666666666615 0.0002626440442122686 2.762212705464123e-05
17.56944444444393 0.000264450699016179 2.119141979525338e-05
17.5722222222217 0.0002660828590001524 1.473279360308003e-05
17.57499999999948 0.0002675410991878562 8.251931625662683e-06
17.57777777777726 0.0002688261858607701 1.754441193891464e-06
17.58055555555503 0.0002699390713962003 -4.754152267372851e-06
17.58333333333281 0.0002708808889391647 -1.126841103042779e-05
17.58611111111059 0.0002716529469229297 -1.778299056774506e-05
17.58888888888836 0.000272256723452664 -2.429264475838214e-05
17.59166666666614 0.0002726938605666037 -3.079223079824134e-05
17.59444444444392 0.0002729661583888702 -3.727671381453424e-05
17.59722222222169 0.0002730755691879875 -4.374117118339466e-05
17.59999999999947 0.0002730241913545424 -5.018079655365438e-05
17.60277777777724 0.0002728142633108361 -5.659090357962855e-05
17.60555555555502 0.0002724481573676521 -6.296692935525023e-05
17.6083333333328 0.0002719283735374912 -6.930443756886692e-05
17.61111111111057 0.0002712575333194706 -7.559912136723475e-05
17.61388888888835 0.0002704383734672143 -8.184680593701564e-05
17.61666666666613 0.0002694737397500304 -8.804345081212657e-05
17.6194444444439 0.0002683665807206374 -9.418515190408093e-05
17.62222222222168 0.0002671199414991505 -0.0001002681432647129
17.62499999999946 0.0002657369575837345 -0.0001062887985860894
17.62777777777723 0.0002642208486977737 -0.0001122436324434366
17.63055555555501 0.0002625749126850261 -0.0001181293012825628
17.63333333333279 0.0002608025194590613 -0.0001239426041651445
17.63611111111056 0.0002589071050181466 -0.0001296804832723279
17.63888888888834 0.0002568921655324384 -0.0001353400241768451
17.64166666666612 0.0002547612515122704 -0.0001409184558885151
17.64444444444389 0.0002525179620657429 -0.0001464131506792433
17.64722222222167 0.0002501659392477843 -0.0001518216237031191
17.64999999999944 0.0002477088625174239 -0.0001571415324015071
17.65277777777722 0.0002451504432955766 -0.0001623706757242306
17.655555555555 0.0002424944196426197 -0.0001675069931518783
17.65833333333277 0.0002397445510537069 -0.0001725485635397131
17.66111111111055 0.0002369046133739871 -0.0001774936037938437
17.66388888888833 0.0002339783938469889 -0.0001823404673751289
17.6666666666661 0.000230969686295006 -0.0001870876426467345
17.66944444444388 0.0002278822864319626 -0.000191733751076778
17.67222222222166 0.0002247199873196204 -0.000196277545294301
17.67499999999943 0.0002214865749619274 -0.0002007179070164697
17.67777777777721 0.0002181858240521209 -0.0002050538448410559
17.68055555555499 0.0002148214938541736 -0.0002092844919348374
17.68333333333276 0.0002113973242454976 -0.0002134091035980022
17.68611111111054 0.0002079170319016753 -0.0002174270547347932
17.68888888888831 0.000204384306634275 -0.0002213378372269556
17.69166666666609 0.0002008028078844235 -0.0002251410572163124
17.69444444444387 0.0001971761613605879 -0.0002288364323147457
17.69722222222164 0.0001935079558411041 -0.000232423788730499
17.69999999999942 0.0001898017401148818 -0.0002359030583411835
17.7027777777772 0.0001860610200837672 -0.000239274275699457
17.70555555555497 0.0001822892560180025 -0.0002425375749858408
17.70833333333275 0.0001784898599508514 -0.0002456931869248321
17.71111111111053 0.0001746661932357131 -0.0002487414356519717
17.7138888888883 0.0001708215642406072 -0.0002516827355562067
17.71666666666608 0.0001669592261963809 -0.0002545175880903721
17.71944444444386 0.0001630823751817841 -0.000257246578566276
17.72222222222163 0.0001591941482594471 -0.0002598703729293389
17.72499999999941 0.000155297621748819 -0.0002623897145264385
17.72777777777718 0.0001513958096281305 -0.0002648054208749224
17.73055555555496 0.0001474916620879286 -0.000267118380423216
17.73333333333274 0.0001435880642017978 -0.0002693295493267519
17.73611111111051 0.0001396878347379518 -0.0002714399482285876
17.73888888888829 0.0001357937250932478 -0.0002734506590582507
17.74166666666607 0.0001319084183446065 -0.0002753628218535137
17.74444444444384 0.0001280345284356757 -0.0002771776315990252
17.74722222222162 0.000124174599464994 -0.0002788963351007511
17.7499999999994 0.0001203311050990211 -0.000280520227886941
17.75277777777717 0.0001165064480958777 -0.0002820506511447575
17.75555555555495 0.0001127029599198777 -0.0002834889887022638
17.75833333333273 0.0001089229004886961 -0.0002848366640403002
17.7611111111105 0.0001051684579912361 -0.0002860951373611423
17.76388888888828 0.0001014417488199576 -0.0002872659026973899
17.76666666666605 9.774481759063264e-05 -0.0002883504850732282
17.76944444444383 9.407963725141847e-05 -0.0002893504377181466
17.77222222222161 9.044810927635707e-05 -0.0002902673393357118
17.77499999999938 8.685206394137971e-05 -0.0002911027914288226
17.77777777777716 8.329326068045195e-05 -0.0002918584156830048
17.78055555555494 7.977338851453647e-05 -0.0002925358514105757
17.78333333333271 7.629406654917281e-05 -0.0002931367530571685
17.78611111111049 7.285684454679168e-05 -0.0002936627877694709
17.78888888888827 6.946320355157819e-05 -0.0002941156330302013
17.79166666666604 6.611455658702262e-05 -0.0002944969743553615
17.79444444444382 6.281224939777425e-05 -0.0002948085030607288
17.7972222222216 5.955756125572439e-05 -0.0002950519140928671
17.79999999999937 5.635170580785599e-05 -0.0002952289039295747
17.80277777777715 5.319583197707144e-05 -0.0002953411685471606
17.80555555555492 5.009102490226348e-05 -0.0002953904014570434
17.8083333333327 4.703830691532064e-05 -0.0002953782918114793
17.81111111111048 4.403863856524803e-05 -0.0002953065225764604
17.81388888888825 4.109291966227687e-05 -0.0002951767687756166
17.81666666666603 3.820199037048076e-05 -0.000294990695800299
17.81944444444381 3.536663230323664e-05 -0.0002947499577915238
17.82222222222158 3.258756967481492e-05 -0.0002944561960861976
17.82499999999936 2.98654704417921e-05 -0.0002941110377350411
17.82777777777714 2.720094749185312e-05 -0.0002937160940847167
17.83055555555491 2.459455982781966e-05 -0.0002932729594289942
17.83333333333269 2.20468137818779e-05 -0.0002927832097245479
17.83611111111047 1.955816422923633e-05 -0.0002922484013732435
17.83888888888824 1.712901582093264e-05 -0.0002916700700683375
17.84166666666602 1.475972421512088e-05 -0.0002910497297050558
17.84444444444379 1.245059732375871e-05 -0.0002903888713535505
17.84722222222157 1.020189654844154e-05 -0.000289688962294443
17.84999999999935 8.013838029696624e-06 -0.0002889514451147841
17.85277777777712 5.886593886048856e-06 -0.000288177736864261
17.8555555555549 3.820293454256334e-06 -0.0002873692282700602
17.85833333333268 1.815024528502699e-06 -0.0002865272830095103
17.86111111111045 -1.291654206762274e-07 -0.0002856532370392499
17.86388888888823 -2.012268017809349e-06 -0.0002847483979797646
17.86666666666601 -3.834312777713729e-06 -0.0002838140445540141
17.86944444444378 -5.595365906449935e-06 -0.0002828514260789512
17.87222222222156 -7.295529111939538e-06 -0.0002818617620087922
17.87499999999934 -8.934938434585097e-06 -0.0002808462415285013
17.87777777777711 -1.051376308692409e-05 -0.0002798060231965398
17.88055555555489 -1.203220431697059e-05 -0.0002787422346350741
17.88333333333266 -1.349049427918037e-05 -0.0002776559722671214
17.88611111111044 -1.488889493012334e-05 -0.0002765483010985663
17.88888888888822 -1.622769694278994e-05 -0.0002754202545440382
17.89166666666599 -1.750721863959296e-05 -0.0002742728342953759
17.89444444444377 -1.87278049423326e-05 -0.0002731070102316796
17.89722222222155 -1.988982635121248e-05 -0.0002719237203686922
17.89999999999932 -2.099367793948149e-05 -0.0002707238708473318
17.9027777777771 -2.203977837380956e-05 -0.0002695083359593026
17.90555555555488 -2.30285689538465e-05 -0.0002682779582091808
17.90833333333265 -2.396051268204155e-05 -0.0002670335484106245
17.91111111111043 -2.483609334773015e-05 -0.0002657758858171405
17.91388888888821 -2.565581464349238e-05 -0.0002645057182843367
17.91666666666598 -2.642019930164979e-05 -0.0002632237624637445
17.91944444444376 -2.71297882566619e-05 -0.000261930704026389
17.92222222222154 -2.778513982986861e-05 -0.0002606271979154011
17.92499999999931 -2.83868289419623e-05 -0.0002593138686258256
17.92777777777709 -2.893544634807434e-05 -0.0002579913105111474
17.93055555555486 -2.943159789810033e-05 -0.0002566600881150543
17.93333333333264 -2.987590382141207e-05 -0.0002553207365274846
17.93611111111042 -3.026899803665519e-05 -0.000253973761763725
17.93888888888819 -3.061152748356602e-05 -0.0002526196411659682
17.94166666666597 -3.090415148384041e-05 -0.0002512588238252298
17.94444444444375 -3.114754112050967e-05 -0.0002498917310241278
17.94722222222152 -3.13423786428028e-05 -0.0002485187566984843
17.9499999999993 -3.148935689684751e-05 -0.0002471402679167151
17.95277777777708 -3.158917877584979e-05 -0.0002457566053769239
17.95555555555485 -3.164255669449133e-05 -0.0002443680839200922
17.95833333333263 -3.165021208457282e-05 -0.000242974993058811
17.96111111111041 -3.161287491430429e-05 -0.0002415775975203207
17.96388888888818 -3.153128322829563e-05 -0.000240176137803339
17.96666666666596 -3.140618270607017e-05 -0.0002387708307482051
17.96944444444373 -3.123832624385592e-05 -0.0002373618701186667
17.97222222222151 -3.102847355436766e-05 -0.0002359494271953447
17.97499999999929 -3.077739078853972e-05 -0.0002345336513793677
17.97777777777706 -3.048585017092027e-05 -0.0002331146708067414
17.98055555555484 -3.015462965889508e-05 -0.0002316925929709824
17.98333333333262 -2.978451261503776e-05 -0.0002302675053550075
17.98611111111039 -2.937628749829652e-05 -0.0002288394760705575
17.98888888888817 -2.893074757255247e-05 -0.0002274085545047058
17.99166666666595 -2.84486906273056e-05 -0.0002259747719735133
17.99444444444372 -2.793091871653616e-05 -0.0002245381423812163
17.9972222222215 -2.737823791134289e-05 -0.0002230986628849138
17.99999999999928 -2.679145806369224e-05 -0.0002216563145645475
18.00277777777705 -2.617139258648337e-05 -0.0002202110630966552
18.00555555555483 -2.551885824423056e-05 -0.0002187628594321998
18.0083333333326 -2.483467495411548e-05 -0.00021731164047786
18.01111111111038 -2.411966560031957e-05 -0.0002158573297797068
18.01388888888816 -2.337465585712212e-05 -0.0002143998382094253
18.01666666666593 -2.260047402101887e-05 -0.00021293906465238
18.01944444444371 -2.17979508523747e-05 -0.0002114748966969464
18.02222222222149 -2.096791942532493e-05 -0.0002100072113246987
18.02499999999926 -2.011121498398852e-05 -0.0002085358756012259
18.02777777777704 -1.922867480585276e-05 -0.0002070607473668807
18.03055555555482 -1.83211380711124e-05 -0.0002055816759271579
18.03333333333259 -1.73894457373107e-05 -0.0002040985027422314
18.03611111111037 -1.643444041808323e-05 -0.0002026110621153724
18.03888888888815 -1.545696626623021e-05 -0.0002011191818796541
18.04166666666592 -1.445786885982933e-05 -0.0001996226840827077
18.0444444444437 -1.343799509030832e-05 -0.0001981213856691122
18.04722222222147 -1.239819305295211e-05 -0.0001966150991599597
18.04999999999925 -1.133931193881649e-05 -0.0001951036333292072
18.05277777777703 -1.026220192638835e-05 -0.0001935867938766119
18.0555555555548 -9.167714073361663e-06 -0.0001920643840966833
18.05833333333258 -8.056700208551553e-06 -0.0001905362055433008
18.06111111111036 -6.930012821290954e-06 -0.0001890020586897571
18.06388888888813 -5.788504949021618e-06 -0.0001874617435837657
18.06666666666591 -4.633030063940321e-06 -0.0001859150604969208
18.06944444444369 -3.464441954718025e-06 -0.0001843618105685566
18.07222222222146 -2.283594604713295e-06 -0.0001828017964434004
18.07499999999924 -1.091342068153468e-06 -0.0001812348229025983
18.07777777777702 1.114616614866784e-07 -0.0001796606974880077
18.08055555555479 1.323962785640007e-06 -0.0001780792311190754
18.08333333333257 2.545307841921391e-06 -0.0001764902387021182
18.08611111111034 3.774643851118838e-06 -0.0001748935397315621
18.08888888888812 5.011118470622368e-06 -0.0001732889588827163
18.0916666666659 6.25388015471732e-06 -0.0001716763265957704
18.09444444444367 7.502078323156989e-06 -0.0001700554796505592
18.09722222222145 8.754863536622728e-06 -0.0001684262617317351
18.09999999999923 1.001138767977213e-05 -0.0001667885239839051
18.102777777777 1.127080415494881e-05 -0.0001651421255564094
18.10555555555478 1.253226808212602e-05 -0.0001634869341372345
18.10833333333256 1.379493650990801e-05 -0.0001618228264757327
18.11111111111033 1.505796863444546e-05 -0.0001601496888936855
18.11388888888811 1.632052602895349e-05 -0.0001584674177843238
18.11666666666589 1.758177288237207e-05 -0.0001567759200988582
18.11944444444366 1.884087624900059e-05 -0.0001550751138200857
18.12222222222144 2.009700630636854e-05 -0.0001533649284227468
18.12499999999921 2.134933662609053e-05 -0.0001516453053199863
18.12777777777699 2.259704445256561e-05 -0.0001499161982957856
18.13055555555477 2.383931099392964e-05 -0.0001481775739226271
18.13333333333254 2.507532172259033e-05 -0.0001464294119642119
18.13611111111032 2.630426668726671e-05 -0.0001446717057625545
18.1388888888881 2.752534083443012e-05 -0.000142904462609298
18.14166666666587 2.873774434124278e-05 -0.0001411277041005363
18.14444444444365 2.994068295876739e-05 -0.0001393414664748702
18.14722222222143 3.113336836527346e-05 -0.0001375458009342474
18.1499999999992 3.231501853043317e-05 -0.0001357407739470639
18.15277777777698 3.348485808882676e-05 -0.000133926467533261
18.15555555555476 3.464211872434941e-05 -0.0001321029795307704
18.15833333333253 3.57860395637624e-05 -0.0001302704238430779
18.16111111111031 3.691586757991838e-05 -0.0001284289306674138
18.16388888888808 3.803085800426941e-05 -0.0001265786467031273
18.16666666666586 3.913027474839264e-05 -0.000124719735339887
18.16944444444364 4.021339083416784e-05 -0.0001228523768252536
18.17222222222141 4.127948883208296e-05 -0.0001209767684113296
18.17499999999919 4.232786130737228e-05 -0.0001190931244800513
18.17777777777697 4.335781127420425e-05 -0.0001172016766466149
18.18055555555474 4.436865265582871e-05 -0.0001153026738410753
18.18333333333252 4.535971075247478e-05 -0.0001133963823672113
18.1861111111103 4.633032271419667e-05 -0.0001114830859389071
18.18888888888807 4.727983802021277e-05 -0.0001095630856931844
18.19166666666585 4.820761896226405e-05 -0.000107636700180116
18.19444444444363 4.911304113317206e-05 -0.0001057042653288194
18.1972222222214 4.999549391830916e-05 -0.0001037661343897703
18.19999999999918 5.085438099082587e-05 -0.000101822677852741
18.20277777777696 5.168912080897276e-05 -9.987428334040688e-05
18.20555555555473 5.249914711515909e-05 -9.79213554773842e-05
18.20833333333251 5.328390943602188e-05 -9.59643157344332e-05
18.21111111111028 5.404287358276789e-05 -9.400360224774699e-05
18.21388888888806 5.477552215105928e-05 -9.203966961310241e-05
18.21666666666584 5.548135501949006e-05 -9.007298865489585e-05
18.21944444444361 5.615988984576127e-05 -8.810404616998734e-05
18.22222222222139 5.681066256048978e-05 -8.613334464597988e-05
18.22499999999917 5.743322785645041e-05 -8.416140195450544e-05
18.22777777777694 5.802715967376122e-05 -8.218875101892064e-05
18.23055555555472 5.859205167911856e-05 -8.021593945690074e-05
18.2333333333325 5.912751773872317e-05 -7.824352919778056e-05
18.23611111111027 5.963319238388635e-05 -7.627209607474577e-05
18.23888888888805 6.010873126815301e-05 -7.430222939221297e-05
18.24166666666583 6.055381161536214e-05 -7.233453146830601e-05
18.2444444444436 6.096813265737107e-05 -7.036961715291294e-05
18.24722222222138 6.13514160606279e-05 -6.84081133214146e-05
18.24999999999915 6.170340634080195e-05 -6.645065834433767e-05
18.25277777777693 6.202387126409067e-05 -6.449790153348961e-05
18.25555555555471 6.231260223463264e-05 -6.255050256468759e-05
18.25833333333248 6.25694146668772e-05 -6.060913087763763e-05
18.26111111111026 6.279414834185471e-05 -5.867446505344035e-05
18.26388888888804 6.298666774658518e-05 -5.674719217011855e-05
18.26666666666581 6.314686239552739e-05 -5.482800713673601e-05
18.26944444444359 6.32746471330421e-05 -5.291761200682796e-05
18.27222222222137 6.336996241628025e-05 -5.101671527136324e-05
18.27499999999914 6.343277457686037e-05 -4.912603113261017e-05
18.27777777777692 6.346307606133216e-05 -4.72462787586991e-05
18.2805555555547 6.346088564863129e-05 -4.537818152050619e-05
18.28333333333247 6.342624864418707e-05 -4.352246621109173e-05
18.28611111111025 6.335923704974275e-05 -4.167986224860193e-05
18.28888888888802 6.325994970768157e-05 -3.985110086385903e-05
18.2916666666658 6.31285124195034e-05 -3.803691427309372e-05
18.29444444444358 6.296507803735324e-05 -3.623803483703727e-05
18.29722222222135 6.276982652787912e-05 -3.44551942073739e-05
18.29999999999913 6.254296500762681e-05 -3.268912246163338e-05
18.30277777777691 6.228472774952698e-05 -3.09405472272528e-05
18.30555555555468 6.199537615934956e-05 -2.921019279649288e-05
18.30833333333246 6.167519872188908e-05 -2.749877923288146e-05
18.31111111111024 6.132451091598092e-05 -2.580702147070433e-05
18.31388888888801 6.094365509804614e-05 -2.413562840846868e-05
18.31666666666579 6.053300035336704e-05 -2.248530199796773e-05
18.31944444444357 6.009294231489732e-05 -2.08567363298336e-05
18.32222222222134 5.962390294891905e-05 -1.925061671732114e-05
18.32499999999912 5.912633030741169e-05 -1.766761877926002e-05
18.32777777777689 5.860069824655298e-05 -1.610840752400162e-05
18.33055555555467 5.804750611136835e-05 -1.4573636435258e-05
18.33333333333245 5.746727838598834e-05 -1.306394656183567e-05
18.33611111111022 5.686056430965374e-05 -1.157996561216562e-05
18.338888888888 5.622793745813337e-05 -1.012230705551967e-05
18.34166666666578 5.556999529063053e-05 -8.691569231240418e-06
18.34444444444355 5.488735866219856e-05 -7.288334467327987e-06
18.34722222222133 5.418067130165316e-05 -5.91316821028575e-06
18.34999999999911 5.345059925522344e-05 -4.56661816738383e-06
18.35277777777688 5.2697830296113e-05 -3.249213463013495e-06
18.35555555555466 5.192307330021298e-05 -1.961463810754456e-06
18.35833333333244 5.112705758838348e-05 -7.0385870250732e-07
18.36111111111021 5.03105322356284e-05 5.231333836031023e-07
18.36388888888799 4.947426534771231e-05 1.719065755118414e-06
18.36666666666576 4.861904330573297e-05 2.883514255445897e-06
18.36944444444354 4.774566997926322e-05 4.016077990650833e-06
18.37222222222132 4.685496590878583e-05 5.116380031695804e-06
18.37499999999909 4.594776745812366e-05 6.184068090274311e-06
18.37777777777687 4.502492593774902e-05 7.218815167066696e-06
18.38055555555465 4.408730669982766e-05 8.220320170807107e-06
18.38333333333242 4.313578820599437e-05 9.188308506831644e-06
18.3861111111102 4.217126106887063e-05 1.012253263379103e-05
18.38888888888798 4.119462706845272e-05 1.102277258703686e-05
18.39166666666575 4.020679814452043e-05 1.188883646753721e-05
18.39444444444353 3.920869536632831e-05 1.272056089491517e-05
18.39722222222131 3.820124788084492e-05 1.351781142358574e-05
18.39999999999908 3.718539184096139e-05 1.428048292061018e-05
18.40277777777686 3.616206931504461e-05 1.50084999042674e-05
18.40555555555463 3.513222717935416e-05 1.570181684234675e-05
18.40833333333241 3.409681599485993e-05 1.636041840901168e-05
18.41111111111019 3.305678887008955e-05 1.698431969934576e-05
18.41388888888796 3.201310031161267e-05 1.757356640079382e-05
18.41666666666574 3.09667050639147e-05 1.812823492060683e-05
18.41944444444352 2.991855694042714e-05 1.864843246846693e-05
18.42222222222129 2.886960764745495e-05 1.913429709389607e-05
18.42499999999907 2.782080560292655e-05 1.958599767753748e-05
18.42777777777685 2.677309475183278e-05 2.000373387599359e-05
18.43055555555462 2.572741338019936e-05 2.038773601983867e-05
18.4333333333324 2.468469292970546e-05 2.073826496423514e-05
18.43611111111018 2.3645856814792e-05 2.105561189211509e-05
18.43888888888795 2.261181924433502e-05 2.134009806968422e-05
18.44166666666573 2.158348404993378e-05 2.159207455410429e-05
18.4444444444435 2.056174352283554e-05 2.18119218534539e-05
18.44722222222128 1.954747726157154e-05 2.200004953902313e-05
18.44999999999906 1.854155103238256e-05 2.215689581017758e-05
18.45277777777683 1.754481564450966e-05 2.228292701203793e-05
18.45555555555461 1.655810584246885e-05 2.23786371063934e-05
18.45833333333239 1.558223921728862e-05 2.24445470963804e-05
18.46111111111016 1.461801513892033e-05 2.248120440541323e-05
18.46388888888794 1.36662137117429e-05 2.248918221115983e-05
18.46666666666572 1.272759475528256e-05 2.24690787352865e-05
18.46944444444349 1.180289681213712e-05 2.242151648985399e-05
18.47222222222127 1.089283618504083e-05 2.23471414814135e-05
18.47499999999905 9.998106005132467e-06 2.224662237376724e-05
18.47777777777682 9.119375333232063e-06 2.212064961067762e-05
18.4805555555546 8.257288296039249e-06 2.196993449974252e-05
18.48333333333238 7.412463259095907e-06 2.179520825880737e-05
18.48611111111015 6.585492038243286e-06 2.159722102638132e-05
18.48888888888793 5.77693915132774e-06 2.137674083759787e-05
18.4916666666657 4.987341111760455e-06 2.113455256735965e-05
18.49444444444348 4.217205765562005e-06 2.087145684238718e-05
18.49722222222126 3.467011673366373e-06 2.058826892398394e-05
18.49999999999903 2.737207538822631e-06 2.028581756339385e-05
18.50277777777681 2.028211684800795e-06 1.996494383170919e-05
