16.5 -1.815360241072814e-07 -1.1809919930572e-07
16.50277777777778 -1.983135809908762e-07 -1.03473317054202e-07
16.50555555555555 -2.141002841470857e-07 -8.677470031653391e-08
16.50833333333333 -2.286618393171671e-07 -6.804616236290856e-08
16.51111111111111 -2.417620026732121e-07 -4.735524126752432e-08
16.51388888888888 -2.531650330069585e-07 -2.479504659952243e-08
16.51666666666666 -2.626382934635059e-07 -4.848782070850301e-10
16.51944444444444 -2.699549832646241e-07 2.542940401270116e-08
16.52222222222221 -2.748969772016468e-07 5.277527897469783e-08
16.52499999999999 -2.77257748104684e-07 8.135374971367362e-08
16.52777777777776 -2.768453450439178e-07 1.109398308414132e-07
16.53055555555554 -2.734853977281317e-07 1.412833514392245e-07
16.53333333333332 -2.670241154689116e-07 1.721100839557081e-07
16.53611111111109 -2.573312472131095e-07 2.031232066847599e-07
16.53888888888887 -2.443029675458867e-07 2.340051041334316e-07
16.54166666666665 -2.278646522648755e-07 2.644195060854366e-07
16.54444444444442 -2.07973506157056e-07 2.940139624371849e-07
16.5472222222222 -1.84621005003081e-07 3.224226469690795e-07
16.54999999999998 -1.578351136166169e-07 3.492694791441205e-07
16.55277777777775 -1.276822419281573e-07 3.741715488320273e-07
16.55555555555553 -9.426890175853536e-08 3.967428245909575e-07
16.55833333333331 -5.774302802528202e-08 4.165981218310448e-07
16.56111111111108 -1.829492968725647e-08 4.333573028943735e-07
16.56388888888886 2.384216221623434e-08 4.466496768511034e-07
16.56666666666663 6.839197954813269e-08 4.561185626950828e-07
16.56944444444441 1.150355621740169e-07 4.614259756663498e-07
16.57222222222219 1.634120867837443e-07 4.622573926950931e-07
16.57499999999996 2.131201990725592e-07 4.583265495013325e-07
16.57777777777774 2.637198645125929e-07 4.493802187545686e-07
16.58055555555552 3.14734748105206e-07 4.352029159502579e-07
16.58333333333329 3.656551282773981e-07 4.156214773492533e-07
16.58611111111107 4.159413444939783e-07 3.905094525025412e-07
16.58888888888885 4.650277722540194e-07 3.597912525942923e-07
16.59166666666662 5.123273129653165e-07 3.234459951285747e-07
16.5944444444444 5.572363798083924e-07 2.81510985395064e-07
16.59722222222218 5.991403541589532e-07 2.3408477571966e-07
16.59999999999995 6.374194805129372e-07 1.813297447593964e-07
16.60277777777773 6.7145516120918e-07 1.234741410696281e-07
16.6055555555555 7.006366056532576e-07 6.08135378650263e-08
16.60833333333328 7.243677822803843e-07 -6.288350663724869e-09
16.61111111111106 7.420746152471037e-07 -7.739953694440565e-08
16.61388888888883 7.532123618767236e-07 -1.520203520741808e-07
16.61666666666661 7.572731013001268e-07 -2.295847972413357e-07
16.61944444444439 7.537932596029333e-07 -3.09462683090557e-07
16.62222222222216 7.423610922018925e-07 -3.909625786062308e-07
16.62499999999994 7.226240402038814e-07 -4.73335583454354e-07
16.62777777777772 6.942958742308802e-07 -5.557799295242853e-07
16.63055555555549 6.571635366966471e-07 -6.374464086908378e-07
16.63333333333327 6.110935918660063e-07 -7.174446146531996e-07
16.63611111111105 5.560381922796683e-07 -7.948499771768313e-07
16.63888888888882 4.920404703422399e-07 -8.687115572494144e-07
16.6416666666666 4.19239265101649e-07 -9.380605616595215e-07
16.64444444444437 3.378730965293769e-07 -1.001919525418643e-06
16.64722222222215 2.482833029811161e-07 -1.059312100375829e-06
16.64999999999993 1.509162619893657e-07 -1.109273378438693e-06
16.6527777777777 4.632462013231055e-08 -1.150860668124013e-06
16.65555555555548 -6.483253557997883e-08 -1.183164633846339e-06
16.65833333333326 -1.817906245567919e-07 -1.205320698524078e-06
16.66111111111103 -3.03681688605714e-07 -1.216520601873989e-06
16.66388888888881 -4.2953771803337e-07 -1.216023999293669e-06
16.66666666666659 -5.582952179927533e-07 -1.203169979619287e-06
16.66944444444436 -6.88801033436341e-07 -1.177388374412889e-06
16.67222222222214 -8.198194384351533e-07 -1.138210726890453e-06
16.67499999999992 -9.500404823194826e-07 -1.085280785255402e-06
16.67777777777769 -1.078089571153765e-06 -1.018364383154647e-06
16.68055555555547 -1.202538248642571e-06 -9.373585693084835e-07
16.68333333333324 -1.321916125771507e-06 -8.422998491686392e-07
16.68611111111102 -1.434723893485703e-06 -7.333714037881867e-07
16.6888888888888 -1.539447337637551e-06 -6.109091550050276e-07
16.69166666666657 -1.634572260467324e-06 -4.75406551573392e-07
16.69444444444435 -1.718600198172213e-06 -3.27517958063232e-07
16.69722222222213 -1.790064809860885e-06 -1.680605371687211e-07
16.6999999999999 -1.84754879954057e-06 1.985473459777171e-09
16.70277777777768 -1.889701219948074e-06 1.814781766925501e-07
16.70555555555546 -1.915254995164318e-06 3.691171969071934e-07
16.70833333333323 -1.923044488252937e-06 5.634486845976708e-07
16.71111111111101 -1.912022930789633e-06 7.628721862185308e-07
16.71388888888879 -1.881279523281497e-06 9.656494031229039e-07
16.71666666666656 -1.830056009268056e-06 1.169914844513792e-06
16.71944444444434 -1.757762521501166e-06 1.373688359430327e-06
16.72222222222211 -1.663992496158603e-06 1.574889512017142e-06
16.72499999999989 -1.548536450668667e-06 1.771353742941962e-06
16.72777777777767 -1.411394422534431e-06 1.960850237957811e-06
16.73055555555544 -1.252786870607516e-06 2.141101402540682e-06
16.73333333333322 -1.073163846670819e-06 2.309803819428681e-06
16.736111111111 -8.732122539514152e-07 2.464650544051888e-06
16.73888888888877 -6.53861020369288e-07 2.603354571452771e-06
16.74166666666655 -4.1628402786713e-07 2.723673287680709e-06
16.74444444444433 -1.619006551023627e-07 2.823433698988411e-06
16.7472222222221 1.076261910278065e-07 2.9005582137912e-06
16.74999999999988 3.903946591057562e-07 2.95309073546614e-06
16.75277777777766 6.84271233742878e-07 2.97922280898109e-06
16.75555555555543 9.869007700348462e-07 2.977319551246716e-06
16.75833333333321 1.29571931278303e-06 2.945945084261742e-06
16.76111111111098 1.607969703463006e-06 2.883887181755142e-06
16.76388888888876 1.920719948756171e-06 2.790180834355186e-06
16.76666666666654 2.230884294132165e-06 2.664130435505055e-06
16.76944444444431 2.535246914846717e-06 2.505330290566043e-06
16.77222222222209 2.830488105040795e-06 2.313683154941458e-06
16.77499999999987 3.113212813719501e-06 2.089416513731092e-06
16.77777777777764 3.379981344609066e-06 1.833096325461567e-06
16.78055555555542 3.627342005556931e-06 1.545637965876981e-06
16.7833333333332 3.851865462600664e-06 1.228314124655625e-06
16.78611111111097 4.050180524504789e-06 8.8275942816501e-07
16.78888888888875 4.219011055740315e-06 5.109715849837835e-07
16.79166666666653 4.355213689994392e-06 1.153088777522018e-07
16.7944444444443 4.455815992675882e-06 -3.015161451627481e-07
16.79722222222208 4.518054699881259e-06 -7.364468918336573e-07
16.79999999999986 4.539413643268383e-06 -1.18609694089211e-06
16.80277777777763 4.517660955550816e-06 -1.646768287712921e-06
16.80555555555541 4.450885140200117e-06 -2.114473622670583e-06
16.80833333333318 4.33752958169191e-06 -2.58496259949832e-06
16.81111111111096 4.176425069509058e-06 -3.053752008434607e-06
16.81388888888874 3.966819910341277e-06 -3.516159724350235e-06
16.81666666666651 3.708407208657497e-06 -3.967342255039422e-06
16.81944444444429 3.401348906243725e-06 -4.402335669571371e-06
16.82222222222207 3.046296186447724e-06 -4.816099641697273e-06
16.82499999999984 2.644405868842786e-06 -5.203564299136151e-06
16.82777777777762 2.197352444771539e-06 -5.559679526714521e-06
16.8305555555554 1.707335433750259e-06 -5.879466330261464e-06
16.83333333333317 1.177081774833504e-06 -6.158069829428631e-06
16.83611111111095 6.098430056881406e-07 -6.390813411652981e-06
16.83888888888873 9.387024957441392e-09 -6.573253546900963e-06
16.8416666666665 -6.200157195710242e-07 -6.701234733994964e-06
16.84444444444428 -1.273611724028996e-06 -6.770944024833749e-06
16.84722222222205 -1.946189655886857e-06 -6.778964552965252e-06
16.84999999999983 -2.632111312254012e-06 -6.722327478301558e-06
16.85277777777761 -3.325348246450427e-06 -6.598561750543952e-06
16.85555555555538 -4.019523939370655e-06 -6.405741090501972e-06
16.85833333333316 -4.707961329862599e-06 -6.142527591203121e-06
16.86111111111094 -5.383735455484859e-06 -5.808211349710367e-06
16.86388888888871 -6.039730891939237e-06 -5.402745556095725e-06
16.86666666666649 -6.668703617104448e-06 -4.926776488118963e-06
16.86944444444427 -7.263346864406893e-06 -4.381667888930946e-06
16.87222222222204 -7.81636047111666e-06 -3.769519240450546e-06
16.87499999999982 -8.320523170578731e-06 -3.093177486953532e-06
16.8777777777776 -8.768767224240263e-06 -2.356241811585601e-06
16.88055555555537 -9.154254740185315e-06 -1.563061122818882e-06
16.88333333333315 -9.470454980502971e-06 -7.187239678882172e-07
16.88611111111092 -9.711221920762653e-06 1.709593442860103e-07
16.8888888888887 -9.870871291877397e-06 1.099482557916275e-06
16.89166666666648 -9.944256308165657e-06 2.059677295369061e-06
16.89444444444425 -9.92684126613195e-06 3.043754886457331e-06
16.89722222222203 -9.814772186761571e-06 4.043356114457265e-06
16.89999999999981 -9.604943670449888e-06 5.049608707406186e-06
16.90277777777758 -9.29506113839351e-06 6.053192317694835e-06
16.90555555555536 -8.883697647625617e-06 7.044410646696406e-06
16.90833333333314 -8.370344489120043e-06 8.013270284937651e-06
16.91111111111091 -7.755454809585117e-06 8.949565753163263e-06
16.91388888888869 -7.040479537770291e-06 9.842970146338579e-06
16.91666666666647 -6.227894945264861e-06 1.06831307021894e-05
16.91944444444424 -5.321221229653642e-06 1.145976853926628e-05
16.92222222222202 -4.32503157432648e-06 1.216278173759234e-05
16.92499999999979 -3.244951213765868e-06 1.278235086872003e-05
16.92777777777757 -2.08764611540753e-06 1.330904602230286e-05
16.93055555555535 -8.608009784889174e-07 1.373393432403104e-05
16.93333333333312 4.269136538291533e-07 1.404868689571701e-05
16.9361111111109 1.765885271257418e-06 1.424568417328268e-05
16.93888888888868 3.145614257796427e-06 1.431811847304696e-05
16.94166666666645 4.554779623069554e-06 1.426009268167835e-05
16.94444444444423 5.981315375412328e-06 1.406671394100671e-05
16.94722222222201 7.412497193210983e-06 1.373418120600113e-05
16.94999999999978 8.835038934741205e-06 1.325986557299068e-05
16.95277777777756 1.023519841096285e-05 1.264238230582686e-05
16.95555555555534 1.159889173128431e-05 1.188165353034252e-05
16.95833333333311 1.291181542089649e-05 1.097896062203386e-05
16.96111111111089 1.415957540052799e-05 9.936985378445421e-06
16.96388888888866 1.532782181733222e-05 8.759839145755351e-06
16.96666666666644 1.640238861961987e-05 7.453079158478333e-06
16.96944444444422 1.736943668014076e-05 6.023711451159921e-06
16.97222222222199 1.821559919322394e-05 4.480179811161474e-06
16.97499999999977 1.892812800188908e-05 2.832340360969702e-06
16.97777777777755 1.949503945270543e-05 1.091421486448744e-06
16.98055555555532 1.99052583300314e-05 -7.300310373950849e-07
16.9833333333331 2.014875838789359e-05 -2.618223729837626e-06
16.98611111111088 2.02166979782304e-05 -4.55819975728933e-06
16.98888888888865 2.010154926893592e-05 -6.533937665134106e-06
16.99166666666643 1.979721955490402e-05 -8.528464045648501e-06
16.99444444444421 1.929916319028369e-05 -1.052397954505163e-05
16.99722222222198 1.860448271082336e-05 -1.250199746005145e-05
16.99999999999976 1.771201777158779e-05 -1.444349402309693e-05
17.00277777777753 1.662242059737095e-05 -1.632906932875457e-05
17.00555555555531 1.533821673076661e-05 -1.813911771180689e-05
17.00833333333309 1.386384996547531e-05 -1.985400625329454e-05
17.01111111111086 1.220571046979408e-05 -2.145425996462142e-05
17.01388888888864 1.037214523637212e-05 -2.292075208418549e-05
17.01666666666642 8.373450138563394e-06 -2.423489781691547e-05
17.01944444444419 6.221843029883431e-06 -2.537884975619748e-05
17.02222222222197 3.931417490239329e-06 -2.633569315117123e-05
17.02499999999975 1.518076998934324e-06 -2.708963912179376e-05
17.02777777777752 -1.000550500678703e-06 -2.762621388001094e-05
17.0305555555553 -3.605217489357791e-06 -2.793244198952313e-05
17.03333333333308 -6.275180861359882e-06 -2.799702168909798e-05
17.03611111111085 -8.988344465059122e-06 -2.781049031644832e-05
17.03888888888863 -1.172141944508277e-05 -2.736537790143676e-05
17.0416666666664 -1.445010143755608e-05 -2.66563470493292e-05
17.04444444444418 -1.71492634744253e-05 -2.568031730699936e-05
17.04722222222196 -1.9793163262039e-05 -2.443657229741119e-05
17.04999999999973 -2.235566331587885e-05 -2.292684801988442e-05
17.05277777777751 -2.481046225858894e-05 -2.115540084539975e-05
17.05555555555529 -2.713133542562965e-05 -1.912905388635894e-05
17.05833333333306 -2.929238277248471e-05 -1.685722058842895e-05
17.06111111111084 -3.126828194268291e-05 -1.435190457655382e-05
17.06388888888862 -3.303454423750892e-05 -1.162767498735515e-05
17.06666666666639 -3.456777112897833e-05 -8.701616733542257e-06
17.06944444444417 -3.584590887792005e-05 -5.593255371982376e-06
17.07222222222195 -3.684849876133946e-05 -2.324456482567423e-06
17.07499999999972 -3.755692037777188e-05 1.080700290675406e-06
17.0777777777775 -3.795462548803108e-05 4.596072135240293e-06
17.08055555555528 -3.802735986171192e-05 8.193628247711667e-06
17.08333333333305 -3.776337063814983e-05 1.184364838404033e-05
17.08611111111083 -3.71535967742385e-05 1.551494361954646e-05
17.0888888888886 -3.619184024092945e-05 1.917509790626964e-05
17.09166666666638 -3.487491574512475e-05 2.279072877196942e-05
17.09444444444416 -3.320277689362202e-05 2.632776527088973e-05
17.09722222222193 -3.117861688019475e-05 2.975174107373891e-05
17.09999999999971 -2.880894196477837e-05 3.302810037575013e-05
17.10277777777749 -2.610361622393033e-05 3.612251410979409e-05
17.10555555555526 -2.307587628284443e-05 3.900120377828525e-05
17.10833333333304 -1.974231498942701e-05 4.163127006585129e-05
17.11111111111082 -1.612283325842951e-05 4.398102326598471e-05
17.11388888888859 -1.224055959636732e-05 4.602031245132322e-05
17.11666666666637 -8.121737113049666e-06 4.77208502407317e-05
17.11944444444415 -3.795578131378977e-06 4.90565299678503e-05
17.12222222222192 7.059131802257748e-07 5.000373203729648e-05
17.1249999999997 5.348149410671318e-06 5.054161626652599e-05
17.12777777777747 1.009419868305231e-05 5.065239705462611e-05
17.13055555555525 1.490505222661581e-05 5.032159829432e-05
17.13333333333303 1.973991905189104e-05 4.953828505024119e-05
17.1361111111108 2.455654573159129e-05 4.829526916503598e-05
17.13888888888858 2.931155899607019e-05 4.658928612441407e-05
17.14166666666636 3.396082857153421e-05 4.442114071222112e-05
17.14444444444413 3.84598474269412e-05 4.179581921555128e-05
17.14722222222191 4.27641263527525e-05 3.872256619663709e-05
17.14999999999969 4.682959957538049e-05 3.521492413083845e-05
17.15277777777746 5.061303791810464e-05 3.129073451622698e-05
17.15555555555524 5.407246585385005e-05 2.697209938823877e-05
17.15833333333302 5.716757866160395e-05 2.228530251901456e-05
17.16111111111079 5.986015579654557e-05 1.726068994372253e-05
17.16388888888857 6.211446651765993e-05 1.193250983101152e-05
17.16666666666634 6.389766378610646e-05 6.338712099371436e-06
17.16944444444412 6.518016245465624e-05 5.207085714396694e-07
17.1722222222219 6.593599781363098e-05 -5.476905148694738e-06
17.17499999999967 6.614316064290334e-05 -1.160666449940627e-05
17.17777777777745 6.578390504215677e-05 -1.781858552435579e-05
17.18055555555523 6.48450254731696e-05 -2.406054683567551e-05
17.183333333333 6.331809964724028e-05 -3.027870127475151e-05
17.18611111111078 6.119969412723946e-05 -3.64179142213558e-05
17.18888888888856 5.849152978578856e-05 -4.242222517493168e-05
17.19166666666633 5.520060456659718e-05 -4.823532893060965e-05
17.19444444444411 5.133927133361858e-05 -5.38010723969703e-05
17.19722222222189 4.692526895872683e-05 -5.906396286036735e-05
17.19999999999966 4.198170519168725e-05 -6.396968329024089e-05
17.20277777777744 3.653699027159e-05 -6.846561010803075e-05
17.20555555555521 3.062472067475333e-05 -7.250132870853282e-05
17.20833333333299 2.428351284464366e-05 -7.602914193160609e-05
17.21111111111077 1.755678721341134e-05 -7.900456663295081e-05
17.21388888888854 1.049250329450561e-05 -8.138681349996857e-05
17.21666666666632 3.142847101153021e-06 -8.313924530021226e-05
17.2194444444441 -4.436127382653651e-06 -8.422980883927084e-05
17.22222222222187 -1.218490048287771e-05 -8.463143603945819e-05
17.22499999999965 -2.004093021651879e-05 -8.432240973282526e-05
17.22777777777743 -2.793913367780226e-05 -8.328668998862723e-05
17.2305555555552 -3.58124029120873e-05 -8.151419706704447e-05
17.23333333333298 -4.359215136008644e-05 -7.900104740510347e-05
17.23611111111076 -5.120888658467223e-05 -7.574973939545903e-05
17.23888888888853 -5.859280465256361e-05 -7.176928611182816e-05
17.24166666666631 -6.567440124180283e-05 -6.707529256258931e-05
17.24444444444408 -7.238509428141437e-05 -6.168997551449138e-05
17.24722222222186 -7.86578527113121e-05 -5.564212441585455e-05
17.24999999999964 -8.44278257756604e-05 -4.896700246115892e-05
17.25277777777741 -8.963296713833276e-05 -4.170618737036423e-05
17.25555555555519 -9.42146480346958e-05 -3.390735200316501e-05
17.25833333333297 -9.811825365222163e-05 -2.562398548518333e-05
17.26111111111074 -0.0001012937569645202 -1.691505608512073e-05
17.26388888888852 -0.0001036962643300704 -7.844617643420275e-06
17.2666666666663 -0.000105286527308162 1.518638090178737e-06
17.26944444444407 -0.0001060314153408725 1.110188030835018e-05
17.27222222222185 -0.0001059043441991168 2.082868575472565e-05
17.27499999999963 -0.0001048856553933378 3.061962915051634e-05
17.2777777777774 -0.0001029629421016462 4.039291301852181e-05
17.28055555555518 -0.0001001313175691965 5.00650320347791e-05
17.28333333333295 -9.639362237850639e-05 5.955146662567594e-05
17.28611111111073 -9.176056747849414e-05 6.876740015642736e-05
17.28888888888851 -8.625081038593534e-05 7.762845373096668e-05
17.29166666666628 -7.989096253308921e-05 8.605143234608036e-05
17.29444444444406 -7.271552632424682e-05 9.395507591867338e-05
17.29722222222184 -6.476676107728867e-05 0.0001012608085366997
17.29999999999961 -5.609447765855729e-05 0.0001078934791741609
17.30277777777739 -4.675576226461243e-05 0.0001137820870613903
17.30555555555517 -3.681463045756892e-05 0.0001188604849138541
17.30833333333294 -2.634161321507519e-05 0.0001230680532983242
17.31111111111072 -1.541327740534577e-05 0.000126350339553984
17.3138888888885 -4.111683737337894e-06 0.0001286596548873811
17.31666666666627 7.476214142178416e-06 0.0001299556235243491
17.31944444444405 1.925922513410522e-05 0.0001302056781268364
17.32222222222182 3.114262591341566e-05 0.0001293854960657838
17.3249999999996 4.302891052078621e-05 0.0001274793715813913
17.32777777777738 5.481857844756667e-05 0.0001244805193544796
17.33055555555515 6.641095489347633e-05 0.0001203913055549549
17.33333333333293 7.770503647720163e-05 0.0001152234030202119
17.33611111111071 8.860035533568308e-05 0.0001089978678438941
17.33888888888848 9.899785426375677e-05 0.0001017451353174912
17.34166666666626 0.0001088007653224439 9.35049338594829e-05
17.34444444444404 0.0001179154841879394 8.43261162819799e-05
17.34722222222181 0.0001262524324248193 7.426640847735309e-05
17.34999999999959 0.0001337268998475322 6.339207635103052e-05
17.35277777777737 0.000140259859187357 5.177751257360019e-05
17.35555555555514 0.0001457787454053282 3.950474547034109e-05
17.35833333333292 0.0001502181921878266 2.666287310073666e-05
17.3611111111107 0.0001535207184277627 1.33474262984672e-05
17.36388888888847 0.0001556373578298778 -3.403348621738548e-07
17.36666666666625 0.0001565282251824943 -1.42941860450435e-05
17.36944444444402 0.0001561630133048283 -2.84037593180621e-05
17.3722222222218 0.0001545214152084015 -4.255541316610409e-05
17.37499999999958 0.0001515934665964472 -5.663314497416306e-05
17.37777777777735 0.0001473798044635871 -7.051953862383914e-05
17.38055555555513 0.0001418918382436375 -8.409673942614368e-05
17.38333333333291 0.0001351518306804134 -9.724744825670378e-05
17.38611111111068 0.0001271928863593807 -0.0001098559264718981
17.38888888888846 0.0001180588466291472 -0.00012180900296994
17.39166666666624 0.0001078040904561871 -0.0001329970746189323
17.39444444444401 9.649324158439333e-05 -0.0001433150912119508
17.39722222222179 8.42007832073639e-05 -0.0001526635161245337
17.39999999999957 7.101058219788498e-05 -0.0001609492539447078
17.40277777777734 5.701532576698017e-05 -0.0001680865365215033
17.40555555555512 4.231587423911831e-05 -0.0001739977591311172
17.40833333333289 2.702053441928741e-05 -0.0001786142587926973
17.41111111111067 1.124425878902552e-05 -0.0001818770271722615
17.41388888888845 -4.892223510446224e-06 -0.0001837373509942942
17.41666666666622 -2.126333727127086e-05 -0.0001841573734296969
17.419444444444 -3.773964612568153e-05 -0.0001831105705435009
17.42222222222178 -5.418888393454149e-05 -0.0001805821375605863
17.42499999999955 -7.047702432165424e-05 -0.0001765692804371824
17.42777777777733 -8.64693795792242e-05 -0.0001710814090041991
17.43055555555511 -0.0001020317198089421 -0.0001641402287688201
17.43333333333288 -0.0001170314028751168 -0.0001557797293166027
17.43611111111066 -0.0001313385055428243 -0.0001460460681395001
17.43888888888844 -0.0001448269460514873 -0.0001349973496192398
17.44166666666621 -0.000157375588339462 -0.0001227032998105779
17.44444444444399 -0.0001688693181845858 -0.000109244838589439
17.44722222222176 -0.0001792000816648276 -9.471355164532541e-05
17.44999999999954 -0.0001882678765658926 -7.921106570172506e-05
17.45277777777732 -0.0001959816876745697 -6.284833122829176e-05
17.45555555555509 -0.0002022603572879005 -4.574481776383674e-05
17.45833333333287 -0.0002070333827441356 -2.80276277831021e-05
17.46111111111065 -0.0002102416333315527 -9.830535813489181e-06
17.46388888888842 -0.0002118379795559586 8.707039773467275e-06
17.4666666666662 -0.0002117878284399897 2.744112421035349e-05
17.46944444444398 -0.0002100695592814456 4.622432434049897e-05
17.47222222222175 -0.0002066748551090587 6.490700797790951e-05
17.47499999999953 -0.0002016089259336805 8.333851496785018e-05
17.47777777777731 -0.0001948906207951677 0.0001013683899284462
17.48055555555508 -0.0001865524265412021 0.0001188476263731688
17.48333333333286 -0.0001766403522371711 0.0001356299117195852
17.48611111111063 -0.0001652136990859023 0.0001515728625893422
17.48888888888841 -0.0001523447167261919 0.0001665392397919652
17.49166666666619 -0.0001381181477679144 0.0001803981324704095
17.49444444444396 -0.000122630663403953 0.0001930261010602317
17.49722222222174 -0.000105990193902331 0.0002043082689840635
17.49999999999952 -8.831515872083382e-05 0.0002141393533608877
17.50277777777729 -6.97336018895998e-05 0.000222424625456241
17.50555555555507 -5.038223916874928e-05 0.0002290807921303747
17.50833333333285 -3.040542429731584e-05 0.0002340367901529764
17.51111111111062 -9.954042403436956e-06 0.0002372344859389743
17.5138888888884 1.08156606694631e-05 0.0002386292740173202
17.51666666666618 3.174330374858105e-05 0.00023819056836365
17.51944444444395 5.266564052213315e-05 0.0002359021816050753
17.52222222222173 7.341786417133817e-05 0.0002317625880306165
17.5249999999995 9.38349357134367e-05 0.0002257850673080714
17.52777777777728 0.0001137529250501691 0.0002179977268080073
17.53055555555506 0.0001330103535331568 0.0002084434014601697
17.53333333333283 0.0001514495267719297 0.0001971794311067989
17.53611111111061 0.0001689178464219917 0.0001842773163640817
17.53888888888839 0.0001852690897994995 0.0001698222550452818
17.54166666666616 0.0002003646463750373 0.000153912562230993
17.54444444444394 0.0002140747005028043 0.0001366589780807397
17.54722222222172 0.0002262793501359774 0.0001181838684608512
17.54999999999949 0.0002368696517674355 9.862032440287131e-05
17.55277777777727 0.0002457485824074641 7.811116730123263e-05
17.55555555555505 0.0002528319100664249 5.680786759539253e-05
17.55833333333282 0.0002580489649422901 3.486938545762371e-05
17.5611111111106 0.0002613433043162075 1.246094271099332e-05
17.56388888888837 0.0002626732650253467 -1.02472641683157e-05
17.56666666666615 0.000262012398305819 -3.308139956579389e-05
17.56944444444393 0.0002593497827696674 -5.586536190172543e-05
17.5722222222217 0.0002546902122916029 -7.842218323857187e-05
17.57499999999948 0.0002480542566247066 -0.000100575443824848
17.57777777777726 0.0002394781936293527 -0.0001221506899054377
17.58055555555503 0.0002290138130788938 -0.0001429768430519073
17.58333333333281 0.0002167280930881431 -0.0001628875892939665
17.58611111111059 0.0002027027512878348 -0.0001817227364580083
17.58888888888836 0.0001870336739300643 -0.0001993295283463032
17.59166666666614 0.0001698302271482816 -0.0002155639047127638
17.59444444444392 0.0001512144555989561 -0.0002302916964119632
17.59722222222169 0.0001313201746757061 -0.0002433897456076989
17.59999999999947 0.0001102919633971599 -0.0002547469415273922
17.60277777777724 8.828406592457793e-05 -0.0002642651629284832
17.60555555555502 6.545921045166064e-05 -0.0002718601192019586
17.6083333333328 4.198735492370185e-05 -0.0002774620828653771
17.61111111111057 1.804436967820598e-05 -0.0002810165070898466
17.61388888888835 -6.189332349558062e-06 -0.0002824845228516966
17.61666666666613 -3.053020675382965e-05 -0.0002818433112943127
17.6194444444439 -5.479301864640389e-05 -0.0002790863479185179
17.62222222222168 -7.879230176592314e-05 -0.0002742235162831414
17.62499999999946 -0.0001023438237957482 -0.0002672810899813129
17.62777777777723 -0.0001252660459095361 -0.0002583015827532985
17.63055555555501 -0.0001473815645927804 -0.0002473434676947011
17.63333333333279 -0.0001685185239236885 -0.0002344807676079489
17.63611111111056 -0.0001885119867264906 -0.0002198025196194383
17.63888888888834 -0.0002072052533431183 -0.0002034121182308196
17.64166666666612 -0.0002244511171928758 -0.0001854265419862312
17.64444444444389 -0.0002401130468077665 -0.0001659754699054958
17.64722222222167 -0.0002540662846353377 -0.0001452002947489196
17.64999999999944 -0.0002661988535844513 -0.000123253041039537
17.65277777777722 -0.0002764124630538393 -0.0001002951965533291
17.655555555555 -0.0002846233070102457 -7.649646671020659e-05
17.65833333333277 -0.000290762747578069 -5.203346192993498e-05
17.66111111111055 -0.0002947778785473035 -2.708832857072252e-05
17.66388888888833 -0.0002966319641996281 -1.847334530519903e-06
17.6666666666661 -0.0002963047498826783 2.350057904157126e-05
17.66944444444388 -0.0002937926418210881 4.876526820613971e-05
17.67222222222166 -0.0002891087547312065 7.375686697154249e-05
17.67499999999943 -0.0002822828268947895 9.828726634576825e-05
17.67777777777721 -0.0002733610034376499 0.0001221715797596315
17.68055555555499 -0.0002624054896382931 0.0001452295830533484
17.68333333333276 -0.0002494940771593077 0.0001672871174331255
17.68611111111054 -0.0002347195471279557 0.0001881774441358381
17.68888888888831 -0.0002181889549980174 0.0002077425399468119
17.69166666666609 -0.0002000228030828723 0.0002258343232230612
17.69444444444387 -0.0001803541075561898 0.0002423158006632008
17.69722222222164 -0.0001593273675687324 0.0002570621257308443
17.69999999999942 -0.0001370974449064446 0.0002699615603849654
17.7027777777772 -0.000113828363331681 0.0002809163325749192
17.70555555555497 -8.969203737822894e-05 0.0002898433828303685
17.70833333333275 -6.486694091631792e-05 0.0002966749941985572
17.71111111111053 -3.953672627454875e-05 0.0003013593007443952
17.7138888888883 -1.388880506481765e-05 0.0003038606708353926
17.71666666666608 1.188709785669917e-05 0.0003041599624605117
17.71944444444386 3.760040568697341e-05 0.0003022546488826307
17.72222222222163 6.306115453353701e-05 0.000298158813982384
17.72499999999941 8.808145015385092e-05 0.000291903017711191
17.72777777777718 0.0001124769050042294 0.0002835340331219014
17.73055555555496 0.0001360680442252769 0.0002731144574827371
17.73333333333274 0.0001586816694975901 0.0002607222009864686
17.73611111111051 0.0001801521700776748 0.0002464498575459522
17.73888888888829 0.0002003227708035654 0.0002304039630988895
17.74166666666607 0.0002190467074124367 0.0002127041477288961
17.74444444444384 0.0002361883201379717 0.0001934821887435476
17.74722222222162 0.0002516240572671984 0.0001728809726063448
17.7499999999994 0.0002652433810914611 0.0001510533743259742
17.75277777777717 0.0002769495695180149 0.000128161063521201
17.75555555555495 0.0002866604074810162 0.0001043732469215724
17.75833333333273 0.0002943087632031127 7.986535753586427e-05
17.7611111111105 0.0002998430453205175 5.481770107240296e-05
17.76388888888828 0.0003032275378535376 2.941407050170148e-05
17.76666666666605 0.0003044426110086814 3.84033982984794e-06
17.76944444444383 0.0003034848068028717 -2.171695173971672e-05
17.77222222222161 0.0003003667995101054 -4.70720140716039e-05
17.77499999999938 0.0002951172319329594 -7.204120768530984e-05
17.77777777777716 0.0002877804294887702 -9.644442173103767e-05
17.78055555555494 0.0002784159950641398 -0.0001201064176805157
17.78333333333271 0.0002670982885239675 -0.0001428581284039395
17.78611111111049 0.0002539157956578248 -0.000164537902725501
17.78888888888827 0.0002389703921916143 -0.0001849926860613416
17.79166666666604 0.0002223765092953682 -0.0002040791283075467
17.79444444444382 0.0002042602077491792 -0.0002216646108010436
17.7972222222216 0.0001847581686122374 -0.0002376281848679698
17.79999999999937 0.0001640166088375627 -0.0002518614152432626
17.80277777777715 0.000142190130814708 -0.0002642691224442073
17.80555555555492 0.0001194405152717952 -0.0002747700190346837
17.8083333333327 9.593546734682844e-05 -0.0002832972355951836
17.81111111111048 7.184732593320899e-05 -0.0002897987331220226
17.81388888888825 4.735174660457553e-05 -0.0002942375995087648
17.81666666666603 2.262636856092676e-05 -0.000296592228695824
17.81944444444381 -2.150523942637479e-06 -0.0002968563820188974
17.82222222222158 -2.68013352431097e-05 -0.0002950391322181698
17.82499999999936 -5.115047671412139e-05 -0.0002911646914964285
17.82777777777714 -7.502565990627042e-05 -0.0002852721259157041
17.83055555555491 -9.82591546027406e-05 -0.0002774149592976547
17.83333333333269 -0.0001206890023522225 -0.0002676606706368469
17.83611111111047 -0.0001421601764971535 -0.0002560900898346759
17.83888888888824 -0.000162525680208439 -0.0002427966973198912
17.84166666666602 -0.0001816475746167383 -0.0002278858338206853
17.84444444444379 -0.0001993979297482278 -0.0002114738272028671
17.84722222222157 -0.0002156596916606833 -0.0001936870438651884
17.84999999999935 -0.0002303274598884758 -0.0001746608727082597
17.85277777777712 -0.0002433081700786676 -0.00015453865013244
17.8555555555549 -0.0002545216774890739 -0.0001334705349009829
17.85833333333268 -0.0002639012378433724 -0.0001116123420038611
17.86111111111045 -0.0002713938828813491 -8.912434487440762e-05
17.86388888888823 -0.000276960688786581 -6.6170055474365e-05
17.86666666666601 -0.0002805769365404152 -4.291499181149946e-05
17.86944444444378 -0.0002822321640974192 -1.952544246389574e-05
17.87222222222156 -0.000281930111126955 3.832762406800328e-06
17.87499999999934 -0.0002796885578934963 2.699546422959802e-05
17.87777777777711 -0.0002755390606547371 4.980136428669029e-05
17.88055555555489 -0.000269526586734489 7.209317827184502e-05
17.88333333333266 -0.0002617090531718405 9.371874870801389e-05
17.88611111111044 -0.0002521567735494955 0.0001145321072269782
17.88888888888822 -0.0002409518182631936 0.0001343944791902955
17.89166666666599 -0.0002281872941015861 0.0001531752236737699
17.89444444444377 -0.0002139665495608717 0.0001707527024227138
17.89722222222155 -0.0001984023128098462 0.0001870150720213108
17.89999999999932 -0.0001816157696617621 0.0002018609941770703
17.9027777777771 -0.0001637355892741154 0.0002152002597288794
17.90555555555488 -0.0001448969056072438 0.0002269543227047999
17.90833333333265 -0.0001252402629035122 0.0002370567415042542
17.91111111111043 -0.0001049105336277115 0.0002454535250278791
17.91388888888821 -8.405581739711128e-05 0.0002521033823490626
17.91666666666598 -6.28263294726614e-05 0.0002569778752766496
17.91944444444376 -4.13732873393998e-05 0.0002600614739198073
17.92222222222154 -1.984780380636791e-05 0.0002613515161093635
17.92499999999931 1.600205115784638e-06 0.0002608580722589576
17.92777777777709 2.282308952515569e-05 0.0002586037179530648
17.93055555555486 4.367650438617039e-05 0.0002546232172262924
17.93333333333264 6.402041033612309e-05 0.0002489631201412729
17.93611111111042 8.372002954261993e-05 0.000241681278877664
17.93888888888819 0.0001026467500575013 0.0002328462871087545
17.94166666666597 0.0001206789726095707 0.0002225368479575293
17.94444444444375 0.0001377028943006058 0.0002108410762952159
17.94722222222152 0.0001536132242435841 0.0001978557415579331
17.9499999999993 0.0001683138267730053 0.0001836854576191308
17.95277777777708 0.0001817182884765307 0.0001684418265612258
17.95555555555485 0.0001937504059392863 0.0001522425434341633
17.95833333333263 0.0002043445917437821 0.0001352104692765865
17.96111111111041 0.0002134461969305447 0.0001174726798022615
17.96388888888818 0.0002210117487888386 9.915949722266033e-05
17.96666666666596 0.000227009103509001 8.040351268691408e-05
17.96944444444373 0.0002314175138849961 6.133860676634264e-05
17.97222222222151 0.0002342276128955928 4.209897531006767e-05
17.97499999999929 0.0002354413146197796 2.281816783177856e-05
17.97777777777706 0.0002350716345437596 3.628145380822305e-06
17.98055555555484 0.0002331424318952362 -1.53416354231725e-05
17.98333333333262 0.0002296880771857061 -3.396510581268486e-05
17.98611111111039 0.0002247530486546115 -5.212042973621445e-05
17.98888888888817 0.0002183914617832384 -6.969080453838107e-05
17.99166666666595 0.0002106665364811339 -8.656521226181207e-05
17.99444444444372 0.0002016500069373966 -0.000102639116843945
17.9972222222215 0.0001914214794749566 -0.0001178151029698029
17.99999999999928 0.0001800677440447703 -0.0001320034528568981
18.00277777777705 0.0001676820452429329 -0.0001451226577872039
18.00555555555483 0.0001543633189359845 -0.0001570998617443984
18.0083333333326 0.0001402154007269855 -0.0001678712350768473
18.01111111111038 0.000125346212591139 -0.000177382276672032
18.01388888888816 0.0001098669340607333 -0.000185588043690215
18.01666666666593 9.389116433421224e-05 -0.0001924533084697978
18.01944444444371 7.753408163397304e-05 -0.0001979526427697371
18.02222222222149 6.091160603860006e-05 -0.0002020704300564582
18.02499999999926 4.413957187247793e-05 -0.0002048008070682743
18.02777777777704 2.733291554552947e-05 -0.0002061475363973612
18.03055555555482 1.060488450855195e-05 -0.0002061238123114359
18.03333333333259 -5.933727279548582e-06 -0.0002047520024938546
18.03611111111037 -2.217531227837255e-05 -0.0002020633288074101
18.03888888888815 -3.801614593089156e-05 -0.0001980974905814254
18.04166666666592 -5.335704247418459e-05 -0.0001929022342814116
18.0444444444437 -6.81039659970475e-05 -0.0001865328737433947
18.04722222222147 -8.216859315882477e-05 -0.0001790517654393796
18.04999999999925 -9.546882441694e-05 -0.0001705277434846043
18.05277777777703 -0.0001079292410565188 -0.0001610355193016984
18.0555555555548 -0.0001194815057765162 -0.0001506550510176991
18.05833333333258 -0.0001300647050510719 -0.0001394708877904888
18.06111111111036 -0.0001396256319543387 -0.0001275714943395319
18.06388888888813 -0.0001481190086069654 -0.0001150485609918702
18.06666666666591 -0.0001555076478683995 -0.0001019963045486695
18.06944444444369 -0.0001617625543552595 -8.851076523584959e-05
18.07222222222146 -0.0001668629653161803 -7.468910491594009e-05
18.07499999999924 -0.0001707963323261278 -6.062891161804585e-05
18.07777777777702 -0.0001735582451790601 -4.64275152893695e-05
18.08055555555479 -0.0001751522997568414 -3.218131947742987e-05
18.08333333333257 -0.0001755899120253023 -1.798515343519156e-05
18.08611111111034 -0.0001748900806593931 -3.931648889366434e-06
18.08888888888812 -0.0001730791011222686 9.889354563867327e-06
18.0916666666659 -0.0001701902343177344 2.339137176998916e-05
18.09444444444367 -0.0001662633331999715 3.649179868934654e-05
18.09722222222145 -0.0001613444309571247 4.911240042589485e-05
18.09999999999923 -0.0001554852945851933 6.117975795767791e-05
18.102777777777 -0.0001487429478367738 7.262567127686247e-05
18.10555555555478 -0.0001411791676600806 8.338751702552101e-05
18.10833333333256 -0.0001328599583452535 9.34085590853695e-05
18.11111111111033 -0.0001238550076576057 0.0001026382109658709
18.11388888888811 -0.0001142371292711625 0.0001110322492115551
18.11666666666589 -0.000104081695812421 0.0001185529774292554
18.11944444444366 -9.346606679245764e-05 0.0001251693409045944
18.12222222222144 -8.246901563797256e-05 0.0001308569921414071
18.12499999999921 -7.11701599414629e-05 0.0001355983080051982
18.12777777777699 -5.96493989224175e-05 0.0001393823594923218
18.13055555555477 -4.798636194640278e-05 0.0001422048354642336
18.13333333333254 -3.625987177132159e-05 0.0001440679219909957
18.13611111111032 -2.454742599404006e-05 0.0001449801392304102
18.1388888888881 -1.292469995092891e-05 0.0001449561380310687
18.14166666666587 -1.465074090378431e-06 0.0001440164586858768
18.14444444444365 9.760811419156437e-06 0.0001421872544774828
18.14722222222143 2.068547234951115e-05 0.0001394999828461962
18.1499999999992 3.124496412325193e-05 0.0001359910671746745
18.15277777777698 4.137923164619056e-05 0.0001317015323203848
18.15555555555476 5.103242362620261e-05 0.0001266766171377136
18.15833333333253 6.015317004469933e-05 0.0001209653673143177
18.16111111111031 6.869482174631926e-05 0.0001146202119034635
18.16388888888808 7.661565141450599e-05 0.0001076965269638112
18.16666666666586 8.387901549823917e-05 0.0001002521897226306
18.16944444444364 9.045347694948355e-05 9.234712665667994e-05
18.17222222222141 9.631288891699445e-05 8.404285883969696e-05
18.17499999999919 0.0001014364398203204 7.540204783595515e-05
18.17777777777697 0.0001058086604944883 6.648804532868525e-05
18.18055555555474 0.0001094193943517704 5.736444955795118e-05
18.18333333333252 0.00011226373174596 4.809467151348578e-05
18.1861111111103 0.000114341909951959 3.874151367462883e-05
18.18888888888807 0.0001156591803805763 2.936676392663883e-05
18.19166666666585 0.0001162256448408073 2.003080709840536e-05
18.19444444444363 0.0001160560628333235 1.079225637583554e-05
18.1972222222214 0.0001151696320125397 1.707606637298218e-06
18.19999999999918 0.0001135897440872492 -7.169088453658371e-06
18.20277777777696 0.0001113437185426208 -1.578651398713816e-05
18.20555555555473 0.0001084625166582329 -2.409636459115575e-05
18.20833333333251 0.0001049804383679245 -3.205358730692358e-05
18.21111111111028 0.0001009348045579889 -3.961659563208633e-05
18.21388888888806 9.636562743012718e-05 -4.674745404199197e-05
18.21666666666584 9.131527156578806e-05 -5.341203252910403e-05
18.21944444444361 8.582810831876621e-05 -5.958013092830057e-05
18.22222222222139 7.99501661354253e-05 -6.522557301689942e-05
18.22499999999917 7.372877935392471e-05 -7.032627059598045e-05
18.22777777777694 6.721223797215256e-05 -7.486425796485959e-05
18.23055555555472 6.044944079241405e-05 -7.882569740133031e-05
18.2333333333325 5.348955425729979e-05 -8.220085644701241e-05
18.23611111111027 4.638167918151053e-05 -8.498405797461243e-05
18.23888888888805 3.917452746302496e-05 -8.717360417792058e-05
18.24166666666583 3.191611072400036e-05 -8.877167577635036e-05
18.2444444444436 2.465344268865319e-05 -8.978420786291778e-05
18.24722222222138 1.743225695323811e-05 -9.022074394703279e-05
18.24999999999915 1.029674164497257e-05 -9.009426985081072e-05
18.25277777777693 3.289292300417617e-06 -8.94210292099718e-05
18.25555555555471 -3.54971587453198e-06 -8.822032240678239e-05
18.25833333333248 -1.018213537406848e-05 -8.6514290823669e-05
18.26111111111026 -1.65722325769441e-05 -8.432768835146567e-05
18.26388888888804 -2.268685210562454e-05 -8.16876421164707e-05
18.26666666666581 -2.8495558894467e-05 -7.862340440528894e-05
18.26944444444359 -3.397075767235115e-05 -7.516609776676298e-05
18.27222222222137 -3.908778973361313e-05 -7.134845525630508e-05
18.27499999999914 -4.382500703557067e-05 -6.720455775982123e-05
18.27777777777692 -4.816382381797671e-05 -6.276957029438732e-05
18.2805555555547 -5.208874609305969e-05 -5.807947912877167e-05
18.28333333333247 -5.558737949790555e-05 -5.31708315030496e-05
18.28611111111025 -5.865041613755295e-05 -4.808047965109953e-05
18.28888888888802 -6.127160117467036e-05 -4.284533074410793e-05
18.2916666666658 -6.344768003840259e-05 -3.750210428046092e-05
18.29444444444358 -6.517832723321881e-05 -3.208709834465799e-05
18.29722222222135 -6.646605782496591e-05 -2.663596604998922e-05
18.29999999999913 -6.731612276742889e-05 -2.118350336505598e-05
18.30277777777691 -6.773638930726988e-05 -1.576344940577834e-05
18.30555555555468 -6.773720776887607e-05 -1.040830015053609e-05
18.30833333333246 -6.733126607225789e-05 -5.149136412067126e-06
18.31111111111024 -6.653343337790895e-05 -1.546677108843573e-08
18.31388888888801 -6.536059428165034e-05 4.964913949987796e-06
18.31666666666579 -6.383147500054944e-05 9.766050223850882e-06
18.31944444444357 -6.196646299828095e-05 1.436393504150086e-05
18.32222222222134 -5.97874214947755e-05 1.873660262335141e-05
18.32499999999912 -5.73175002916981e-05 2.286420454032025e-05
18.32777777777689 -5.458094432171734e-05 2.672906928593775e-05
18.33055555555467 -5.160290129762555e-05 3.031574545288205e-05
18.33333333333245 -4.840922979555547e-05 3.361102877723748e-05
18.33611111111022 -4.502630905830037e-05 3.660397341515842e-05
18.338888888888 -4.148085174743164e-05 3.928588791448629e-05
18.34166666666578 -3.77997208103124e-05 4.165031643294659e-05
18.34444444444355 -3.4009751558631e-05 4.369300583778438e-05
18.34722222222133 -3.013757998043158e-05 4.541185939712232e-05
18.34999999999911 -2.620947822884149e-05 4.680687784077311e-05
18.35277777777688 -2.225119814759909e-05 4.788008862818068e-05
18.35555555555466 -1.828782360732345e-05 4.863546431286138e-05
18.35833333333244 -1.434363233857987e-05 4.907883093610343e-05
18.36111111111021 -1.044196785711879e-05 4.921776741828243e-05
18.36388888888799 -6.60512198641238e-06 4.906149694323318e-05
18.36666666666576 -2.854228391026994e-06 4.86207713505036e-05
18.36944444444354 7.908325563426443e-07 4.790774956166837e-05
18.37222222222132 4.311517340598968e-06 4.693587107068466e-05
18.37499999999909 7.690691157871986e-06 4.571972552460465e-05
18.37777777777687 1.091268799711928e-05 4.427491941035675e-05
18.38055555555465 1.396335897345428e-05 4.261794084577176e-05
18.38333333333242 1.683010901618723e-05 4.076602344934285e-05
18.3861111111102 1.950192209078901e-05 3.873701023344218e-05
18.38888888888798 2.196937520587449e-05 3.654921843046629e-05
18.39166666666575 2.422464152361692e-05 3.422130612116243e-05
18.39444444444353 2.626148295475091e-05 3.177214148948899e-05
18.39722222222131 2.807523267677541e-05 2.922067547956935e-05
18.39999999999908 2.966276806642041e-05 2.658581857775732e-05
18.40277777777686 3.102247458430152e-05 2.388632238727535e-05
18.40555555555463 3.215420119083603e-05 2.114066660518524e-05
18.40833333333241 3.305920790850165e-05 1.836695195092877e-05
18.41111111111019 3.374010617526971e-05 1.5582799534512e-05
18.41388888888796 3.420079265852169e-05 1.280525708969926e-05
18.41666666666574 3.444637721749735e-05 1.005071243455255e-05
18.41944444444352 3.448310571557472e-05 7.334814458256682e-06
18.42222222222129 3.431827839141988e-05 4.672401871037263e-06
18.42499999999907 3.396016450076165e-05 2.07743989119792e-06
18.42777777777685 3.341791393798369e-05 -4.37035016566682e-07
18.43055555555462 3.270146653951244e-05 -2.858962296959461e-06
18.4333333333324 3.18214597590779e-05 -5.17729635640645e-06
18.43611111111018 3.078913538875027e-05 -7.38203756900692e-06
18.43888888888795 2.961624597950481e-05 -9.46425534543975e-06
18.44166666666573 2.831496159105024e-05 -1.141610342372097e-05
18.4444444444435 2.689777747346287e-05 -1.323082758666753e-05
18.44722222222128 2.537742325268597e-05 -1.490276605416464e-05
18.44999999999906 2.376677415898177e-05 -1.642734283764322e-05
18.45277777777683 2.207876480176648e-05 -1.780105438034272e-05
18.45555555555461 2.032630595697755e-05 -1.902144983888945e-05
18.45833333333239 1.852220479376761e-05 -2.008710539037861e-05
18.46111111111016 1.667908892686873e-05 -2.099759297370248e-05
18.46388888888794 1.480933463949543e-05 -2.175344389463926e-05
18.46666666666572 1.29249995794654e-05 -2.235610774124198e-05
18.46944444444349 1.103776018864646e-05 -2.280790706927495e-05
18.47222222222127 9.158854083554861e-06 -2.311198832685318e-05
18.47499999999905 7.299027562325922e-06 -2.327226949343947e-05
18.47777777777682 5.468488372008286e-06 -2.329338491056942e-05
18.4805555555546 3.676863828998567e-06 -2.318062778075447e-05
18.48333333333238 1.933164345836982e-06 -2.293989080671955e-05
18.48611111111015 2.457523790827259e-07 -2.257760543583638e-05
18.48888888888793 -1.377683223863001e-06 -2.210068016443508e-05
18.4916666666657 -2.930147536367956e-06 -2.151643834380265e-05
18.49444444444348 -4.405354613189377e-06 -2.083255591435605e-05
18.49722222222126 -5.797737421978111e-06 -2.00569994768743e-05
18.49999999999903 -7.102452796610677e-06 -1.91979650900246e-05
18.50277777777681 -8.315381590036339e-06 -1.826381816197671e-05
