16.5 2.221874506530477e-08 2.154276590715654e-07
16.50277777777778 9.308512397604997e-08 2.033965669375657e-07
16.50555555555555 1.584239083746036e-07 1.681387687066915e-07
16.50833333333333 2.106513265521158e-07 1.119934622826848e-07
16.51111111111111 2.431255536988039e-07 3.97661910511638e-08
16.51388888888888 2.50945424335782e-07 -4.163799080432653e-08
16.51666666666666 2.316096906849139e-07 -1.238388447989438e-07
16.51944444444444 1.854542218008261e-07 -1.978107155694418e-07
16.52222222222221 1.158036869555091e-07 -2.548393302317568e-07
16.52499999999999 2.880177574369623e-08 -2.875078245727676e-07
16.52777777777776 -6.708262977961803e-08 -2.906043907470393e-07
16.53055555555554 -1.61840028790439e-07 -2.618454758927939e-07
16.53333333333332 -2.449277443900859e-07 -2.023219198929772e-07
16.53611111111109 -3.064030430164742e-07 -1.166000991268824e-07
16.53888888888887 -3.380643055497286e-07 -1.244403573622683e-08
16.54166666666665 -3.344739476895974e-07 9.98356312505476e-08
16.54444444444442 -2.937416148446339e-07 2.083579925986526e-07
16.5472222222222 -2.17964865625186e-07 3.008863508368066e-07
16.54999999999998 -1.132559378276533e-07 3.661614189107781e-07
16.55277777777775 1.0675405252036e-08 3.95212776339358e-07
16.55555555555553 1.413654861106989e-07 3.825013647555489e-07
16.55833333333331 2.648006979702595e-07 3.267550194765888e-07
16.56111111111108 3.668713539982218e-07 2.313842389612111e-07
16.56388888888886 4.349298981459392e-07 1.044048189936807e-07
16.56666666666663 4.592869365619619e-07 -4.215585374617343e-08
16.56944444444441 4.344747217712674e-07 -1.933360486978949e-07
16.57222222222219 3.601226498768625e-07 -3.327117134306368e-07
16.57499999999996 2.413225591145536e-07 -4.441248334566841e-07
16.57777777777774 8.841061466315988e-08 -5.134922698165245e-07
16.58055555555552 -8.384712941103277e-08 -5.304990090527826e-07
16.58333333333329 -2.576127963813584e-07 -4.899801347096768e-07
16.58611111111107 -4.137617753114954e-07 -3.928180594682129e-07
16.58888888888885 -5.339232559594106e-07 -2.462245543332503e-07
16.59166666666662 -6.025653174912773e-07 -6.333739441760643e-08
16.5944444444444 -6.088954021688957e-07 1.378666279330923e-07
16.59722222222218 -5.483531452634058e-07 3.362642923136048e-07
16.59999999999995 -4.235039460841684e-07 5.097337325732213e-07
16.60277777777773 -2.441964351143317e-07 6.375468595364426e-07
16.6055555555555 -2.692046676602973e-08 7.027554539369141e-07
16.60833333333328 2.066125920369096e-07 6.943050224301001e-07
16.61111111111106 4.315574862165723e-07 6.086243168028852e-07
16.61388888888883 6.224995753868564e-07 4.504812184451795e-07
16.61666666666661 7.562402179979901e-07 2.329645075100705e-07
16.61944444444439 8.145066292459587e-07 -2.346020807256679e-08
16.62222222222216 7.86279984680572e-07 -2.927721209000943e-07
16.62499999999994 6.694592976669447e-07 -5.45945351488531e-07
16.62777777777772 4.716353445478875e-07 -7.539881914255934e-07
16.63055555555549 2.098343297221054e-07 -8.91162943566757e-07
16.63333333333327 -9.080271825186553e-08 -9.380389221522993e-07
16.63611111111105 -3.993222566479368e-07 -8.840286719542811e-07
16.63888888888882 -6.820452435018192e-07 -7.290938759651321e-07
16.6416666666666 -9.06142475615956e-07 -4.843810407401741e-07
16.64444444444437 -1.043329568822539e-06 -1.71651902389814e-07
16.64722222222215 -1.07327740366553e-06 1.785002502038626e-07
16.64999999999993 -9.863413549980764e-07 5.295223108294805e-07
16.6527777777777 -7.852648585168665e-07 8.426062840044208e-07
16.65555555555548 -4.856066842661725e-07 1.080864448786472e-06
16.65833333333326 -1.14768684128467e-07 1.213537789527273e-06
16.66111111111103 2.90350484462251e-07 1.219771101047572e-06
16.66388888888881 6.868954448363847e-07 1.09150889411608e-06
16.66666666666659 1.03046404144264e-06 8.351379584142681e-07
16.66944444444436 1.279947128436433e-06 4.716201822154409e-07
16.67222222222214 1.402284455164768e-06 3.501252986965306e-08
16.67499999999992 1.37660219299387e-06 -4.305551104503182e-07
16.67777777777769 1.197235413882736e-06 -8.751974086190417e-07
16.68055555555547 8.752342668476511e-07 -1.248480798827136e-06
16.68333333333324 4.38098397899232e-07 -1.5049920508901e-06
16.68611111111102 -7.233305088239934e-08 -1.609668970994681e-06
16.6888888888888 -6.037070413604615e-07 -1.542285936277738e-06
16.69166666666657 -1.098370285384174e-06 -1.300546262211864e-06
16.69444444444435 -1.499469791763388e-06 -9.013573085078636e-07
16.69722222222213 -1.757311577825846e-06 -3.800426108937796e-07
16.6999999999999 -1.835284129381292e-06 2.125386393807328e-07
16.70277777777768 -1.714662260345558e-06 8.1476276438946e-07
16.70555555555546 -1.397693034290814e-06 1.360479100702921e-06
16.70833333333323 -9.085231262099093e-07 1.786101971645689e-06
16.71111111111101 -2.917428557434689e-07 2.037815439752546e-06
16.71388888888879 3.914247366823298e-07 2.07809482218282e-06
16.71666666666656 1.068997178074636e-06 1.890780466828532e-06
16.71944444444434 1.665629247275039e-06 1.484057950839694e-06
16.72222222222211 2.110794113866371e-06 8.908962965468041e-07
16.72499999999989 2.346881380689796e-06 1.66754330245321e-07
16.72777777777767 2.336305600353338e-06 -6.153405670180844e-07
16.73055555555544 2.066779029693451e-06 -1.371938264481185e-06
16.73333333333322 1.554060417363299e-06 -2.017862865814533e-06
16.736111111111 8.417352280077574e-07 -2.475577458024067e-06
16.73888888888877 -2.110631461308965e-09 -2.684210275648546e-06
16.74166666666655 -8.911226297295715e-07 -2.60721863844722e-06
16.74444444444433 -1.729279036863185e-06 -2.237763099028021e-06
16.7472222222221 -2.421032621497652e-06 -1.601069140990157e-06
16.74999999999988 -2.881946543658931e-06 -7.533505168555925e-07
16.75277777777766 -3.048666695744264e-06 2.227712843724065e-07
16.75555555555543 -2.887084323243471e-06 1.226029751112554e-06
16.75833333333321 -2.397682953242631e-06 2.146764410161149e-06
16.76111111111098 -1.617323725057896e-06 2.878651735224561e-06
16.76388888888876 -6.170805115803404e-07 3.330688495218468e-06
16.76666666666654 5.038440041573626e-07 3.438106590939932e-06
16.76944444444431 1.627651478572148e-06 3.17094740548774e-06
16.77222222222209 2.630050977634347e-06 2.539217302493409e-06
16.77499999999987 3.393719678265688e-06 1.593870175613973e-06
16.77777777777764 3.821693713630833e-06 4.232885393210831e-07
16.78055555555542 3.849194538883455e-06 -8.545806858734278e-07
16.7833333333332 3.45249241523018e-06 -2.103786884069397e-06
16.78611111111097 2.653665997506432e-06 -3.18453815533278e-06
16.78888888888875 1.520515212369694e-06 -3.968523621962227e-06
16.79166666666653 1.613864500954165e-07 -4.353749744361594e-06
16.7944444444443 -1.284776157928705e-06 -4.27721385605138e-06
16.79722222222208 -2.662291220234544e-06 -3.723892822608171e-06
16.79999999999986 -3.815169786321296e-06 -2.730857315830666e-06
16.80277777777763 -4.604416550978876e-06 -1.385804649940622e-06
16.80555555555541 -4.92432100247803e-06 1.801107902865576e-07
16.80833333333318 -4.715873764741738e-06 1.804641002492766e-06
16.81111111111096 -3.975669200438129e-06 3.310888415354675e-06
16.81388888888874 -2.759075550785902e-06 4.526206083827621e-06
16.81666666666651 -1.177031372418598e-06 5.301573892929021e-06
16.81944444444429 6.134948083070427e-07 5.529318027547891e-06
16.82222222222207 2.42463659364787e-06 5.15711873075133e-06
16.82499999999984 4.056948113716522e-06 4.196562380928756e-06
16.82777777777762 5.320966735720027e-06 2.725015083201014e-06
16.8305555555554 6.058731576512547e-06 8.802785330718865e-07
16.83333333333317 6.162860991719797e-06 -1.151733443771964e-06
16.83611111111095 5.590946000363629e-06 -3.155269778508375e-06
16.83888888888873 4.373428260145968e-06 -4.907226870793753e-06
16.8416666666665 2.613767436117164e-06 -6.201547084599876e-06
16.84444444444428 4.805035394119748e-07 -6.872909584712178e-06
16.84722222222205 -1.80829636315604e-06 -6.817043263031049e-06
16.84999999999983 -4.006845446399662e-06 -6.005238234599028e-06
16.85277777777761 -5.867574196729241e-06 -4.491161451316328e-06
16.85555555555538 -7.168510523062437e-06 -2.408847960843997e-06
16.85833333333316 -7.73912629162778e-06 3.833189805994392e-08
16.86111111111094 -7.481701896133857e-06 2.596933436754996e-06
16.86388888888871 -6.385618921897228e-06 4.989176262196528e-06
16.86666666666649 -4.532655379592994e-06 6.942605397580252e-06
16.86944444444427 -2.092268742702393e-06 8.220561578741963e-06
16.87222222222204 6.930808942515311e-07 8.650110126038014e-06
16.87499999999982 3.531403580439391e-06 8.144202941356113e-06
16.8777777777776 6.111250080057171e-06 6.715338901840749e-06
16.88055555555537 8.135344572956911e-06 4.478806604569311e-06
16.88333333333315 9.35420557645627e-06 1.644664012236221e-06
16.88611111111092 9.596016349004113e-06 -1.501175713014811e-06
16.8888888888887 8.789250382169518e-06 -4.62515293536381e-06
16.89166666666648 6.975202804833448e-06 -7.380856990552985e-06
16.89444444444425 4.308571110440702e-06 -9.446842663985084e-06
16.89722222222203 1.045473772821072e-06 -1.056340221409233e-05
16.89999999999981 -2.480334353733555e-06 -1.056415791741665e-05
16.90277777777758 -5.890942670203104e-06 -9.398728278754171e-06
16.90555555555536 -8.804179566821093e-06 -7.143544456982721e-06
16.90833333333314 -1.087577706838259e-05 -3.999079979801657e-06
16.91111111111091 -1.183922182546354e-05 -2.731904851516365e-07
16.91388888888869 -1.153876047506241e-05 3.648207795974927e-06
16.91666666666647 -9.951586256870745e-06 7.34042832683344e-06
16.91944444444424 -7.196260269579021e-06 1.038535163010633e-05
16.92222222222202 -3.525821231494894e-06 1.241804100326499e-05
16.92499999999979 6.94327532100302e-07 1.316951447050937e-05
16.92777777777757 5.021967896538883e-06 1.250075240827866e-05
16.93055555555535 8.983694464696978e-06 1.042377878249238e-05
16.93333333333312 1.21259927086067e-05 7.106909285514605e-06
16.9361111111109 1.406633244352329e-05 2.862893631353545e-06
16.93888888888868 1.453860322790487e-05 -1.879473822274429e-06
16.94166666666645 1.342760156316526e-05 -6.617837786291521e-06
16.94444444444423 1.078826865086131e-05 -1.082875035426986e-05
16.94722222222201 6.846887853956849e-06 -1.402472726130436e-05
16.94999999999978 1.983336960509943e-06 -1.580975403013126e-05
16.95277777777756 -3.304442271535839e-06 -1.592701410034371e-05
16.95555555555534 -8.450568690821543e-06 -1.429321058443005e-05
16.95833333333311 -1.288099457408857e-05 -1.101510474692689e-05
16.96111111111089 -1.607669961474491e-05 -6.385685823146667e-06
16.96388888888866 -1.763343675671592e-05 -8.595415465777085e-07
16.96666666666644 -1.731125570938155e-05 4.99070807961998e-06
16.96944444444422 -1.506788284412538e-05 1.053286935397789e-05
16.97222222222199 -1.107158336238413e-05 1.514265851686216e-05
16.97499999999977 -5.691229662380565e-06 1.8273097342988e-05
16.97777777777755 5.362621609746559e-07 1.951820142887993e-05
16.98055555555532 6.95844528724416e-06 1.866366238671484e-05
16.9833333333331 1.287479661786248e-05 1.571837053011138e-05
16.98611111111088 1.761224093376115e-05 1.09225011541078e-05
16.98888888888865 2.060069742787366e-05 4.730316047423881e-06
16.99166666666643 2.144027277215291e-05 -2.231435533165135e-06
16.99444444444421 1.995231429803326e-05 -9.225887462047428e-06
16.99722222222198 1.620801561540171e-05 -1.548311813684029e-05
16.99999999999976 1.053050618378879e-05 -2.028394765940458e-05
17.00277777777753 3.469137181680907e-06 -2.304145088473932e-05
17.00555555555531 -4.252289400737872e-06 -2.337106156543017e-05
17.00833333333309 -1.180864080946604e-05 -2.114104780762017e-05
17.01111111111086 -1.83606605898714e-05 -1.649699310194259e-05
17.01388888888864 -2.314715247322002e-05 -9.856551389334655e-06
17.01666666666642 -2.557212254160962e-05 -1.873896511614993e-06
17.01944444444419 -2.527703022773768e-05 6.623374404500294e-06
17.02222222222197 -2.218956836092422e-05 1.471896168862048e-05
17.02499999999975 -1.654266410834628e-05 2.150565901622511e-05
17.02777777777752 -8.860452324045862e-06 2.618589657166291e-05
17.0305555555553 8.848942252589977e-08 2.816400323579279e-05
17.03333333333308 9.366714042813927e-06 2.711965682568186e-05
17.03611111111085 1.79650131813524e-05 2.305367669717044e-05
17.03888888888863 2.491112492928784e-05 1.630004405679389e-05
17.0416666666664 2.937844525728319e-05 7.501548095877023e-06
17.04444444444418 3.078271176396444e-05 -2.449610409863918e-06
17.04722222222196 2.885551144904428e-05 -1.250099342366073e-05
17.04999999999973 2.36856171910837e-05 -2.155011788128432e-05
17.05277777777751 1.572238842983015e-05 -2.856425256287918e-05
17.05555555555529 5.739461206989754e-06 -3.269692110304439e-05
17.05833333333306 -5.238713973653093e-06 -3.338810342560601e-05
17.06111111111084 -1.604071969065357e-05 -3.043645729101032e-05
17.06388888888862 -2.547202632882216e-05 -2.403455456827293e-05
17.06666666666639 -3.244588386771232e-05 -1.476189536088831e-05
17.06944444444417 -3.610703294339791e-05 -3.534948509488599e-06
17.07222222222195 -3.5934300884253e-05 8.481802807408334e-06
17.07499999999972 -3.180998655540548e-05 1.999537288288181e-05
17.0777777777775 -2.404718217194902e-05 2.972222240341606e-05
17.08055555555528 -1.337052075764221e-05 3.653005360772546e-05
17.08333333333305 -8.508318546524971e-07 3.956791950752739e-05
17.08611111111083 1.220069556157292e-05 3.836986130538168e-05
17.0888888888886 2.436856848352736e-05 3.291969850717991e-05
17.09166666666638 3.428528838432528e-05 2.366846143268876e-05
17.09444444444416 4.078363601755909e-05 1.150089782555971e-05
17.09722222222193 4.30321252926894e-05 -2.347006662761904e-06
17.09999999999971 4.063809130436544e-05 -1.641207137136113e-05
17.10277777777749 3.370592362003929e-05 -2.915725498908615e-05
17.10555555555526 2.284248828294011e-05 -3.913835320271176e-05
17.10833333333304 9.107348868549888e-06 -4.516611390217364e-05
17.11111111111082 -6.088583551527671e-06 -4.644572434722355e-05
17.11388888888859 -2.112652125320966e-05 -4.267751816925764e-05
17.11666666666637 -3.435097137079434e-05 -3.410649391706364e-05
17.11944444444415 -4.425064753532908e-05 -2.151347806706466e-05
17.12222222222192 -4.96294897342704e-05 -6.146973221978097e-06
17.1249999999997 -4.974860498683985e-05 1.039874890623873e-05
17.12777777777747 -4.442252215364298e-05 2.634763177102507e-05
17.13055555555525 -3.405765533522952e-05 3.993119018811945e-05
17.13333333333303 -1.962685614413266e-05 4.958318876183422e-05
17.1361111111108 -2.580791261685233e-06 5.41183562061397e-05
17.13888888888858 1.529612255403141e-05 5.287492512689428e-05
17.14166666666636 3.207112805019583e-05 4.580413043632665e-05
17.14444444444413 4.587077225627637e-05 3.349511338412615e-05
17.14722222222191 5.508861736761784e-05 1.713043700818275e-05
17.14999999999969 5.857014081825688e-05 -1.62507921675973e-06
17.15277777777746 5.575374392887154e-05 -2.079205886338137e-05
17.15555555555524 4.675096871497203e-05 -3.828410418354484e-05
17.15833333333302 3.235519864705995e-05 -5.213355808789539e-05
17.16111111111079 1.397567050900349e-05 -6.071120409894537e-05
17.16388888888857 -6.498241189139301e-06 -6.291553546691356e-05
17.16666666666634 -2.688966952894711e-05 -5.830983091233443e-05
17.16944444444412 -4.496436922470737e-05 -4.719036146562068e-05
17.1722222222219 -5.867411976941692e-05 -3.057613394415763e-05
17.17499999999967 -6.638704406764e-05 -1.011892981475414e-05
17.17777777777745 -6.707911768718071e-05 1.20588607668236e-05
17.18055555555523 -6.046464868532907e-05 3.358293468426312e-05
17.183333333333 -4.704956680656583e-05 5.207993622440401e-05
17.18611111111078 -2.809938040670862e-05 6.543769447543808e-05
17.18888888888856 -5.52281227577229e-06 7.20444500988173e-05
17.19166666666633 1.831856528944638e-05 7.098016530903706e-05
17.19444444444411 4.085593285168091e-05 6.213750013437851e-05
17.19722222222189 5.958868008278987e-05 4.62571268196656e-05
17.19999999999966 7.236031747663919e-05 2.4871035477749e-05
17.20277777777744 7.760455298527694e-05 1.57421493094727e-07
17.20555555555521 7.453366091620061e-05 -2.527942980642998e-05
17.20833333333299 6.32468254501917e-05 -4.868221943795556e-05
17.21111111111077 4.474430928651745e-05 -6.743818734656083e-05
17.21388888888854 2.084325212839743e-05 -7.936916830719554e-05
17.21666666666632 -5.998403183810241e-06 -8.298211106156885e-05
17.2194444444441 -3.293308476920766e-05 -7.765147681042145e-05
17.22222222222187 -5.7024381671824e-05 -6.371162892929894e-05
17.22499999999965 -7.556581749424759e-05 -4.244661227377165e-05
17.22777777777743 -8.63831388031836e-05 -1.597564554056337e-05
17.2305555555552 -8.808652577590381e-05 1.295594468009457e-05
17.23333333333298 -8.024372535391464e-05 4.125997688595584e-05
17.23611111111076 -6.345301027384219e-05 6.583379505170166e-05
17.23888888888853 -3.930529904504607e-05 8.389899077482655e-05
17.24166666666631 -1.023665129781407e-05 9.331362612734124e-05
17.24444444444408 2.071558883945266e-05 9.282305388287188e-05
17.24722222222186 5.022881315241601e-05 8.222025378192153e-05
17.24999999999964 7.505060254349563e-05 6.239577031413796e-05
17.25277777777741 9.235571239681127e-05 3.526892755203719e-05
17.25555555555519 0.0001000655477986637 3.604797903003973e-06
17.25833333333297 9.709420069383368e-05 -2.926596185899481e-05
17.26111111111074 8.349225705124184e-05 -5.979621505446163e-05
17.26388888888852 6.047005689104589e-05 -8.460393301482485e-05
17.2666666666663 3.029483644366425e-05 -0.0001008453369229977
17.26944444444407 -3.930143711675442e-06 -0.0001065385693351245
17.27222222222185 -3.858325660962584e-05 -0.0001008012727097723
17.27499999999963 -6.990660587967775e-05 -8.397397722502232e-05
17.2777777777774 -9.441236980784216e-05 -5.761301324888385e-05
17.28055555555518 -0.0001092695702878679 -2.435054824621856e-05
17.28333333333295 -0.0001126285285881984 1.236617000434931e-05
17.28611111111073 -0.0001038460621397454 4.863077673981386e-05
17.28888888888851 -8.358445349707875e-05 8.049234904316114e-05
17.29166666666628 -5.377038886198348e-05 0.0001043846740901488
17.29444444444406 -1.741505023803269e-05 0.0001175237000979067
17.29722222222184 2.168824809935788e-05 0.0001182290344218773
17.29999999999961 5.935872317201291e-05 0.0001061326304935471
17.30277777777739 9.147414945835402e-05 8.224928341244964e-05
17.30555555555517 0.0001144207608484895 4.889807129669501e-05
17.30833333333294 0.0001254980380254675 9.479914618291739e-06
17.31111111111072 0.0001232332112900406 -3.186774326690567e-05
17.3138888888885 0.0001075691538411917 -7.070424231109424e-05
17.31666666666627 7.990235332337743e-05 -0.0001027617234036498
17.31944444444405 4.296349759129795e-05 -0.0001244129183162183
17.32222222222182 5.502218965125582e-07 -0.0001330795513850138
17.3249999999996 -4.286209685040362e-05 -0.0001275355557206651
17.32777777777738 -8.259174912651571e-05 -0.0001080697886460212
17.33055555555515 -0.0001142547352577827 -7.648749475740368e-05
17.33333333333293 -0.0001342472544732034 -3.594690478870722e-05
17.33611111111071 -0.0001401536546280615 9.354745027116569e-06
17.33888888888848 -0.0001310338659399677 5.461477534906826e-05
17.34166666666626 -0.0001075565144748381 9.493353140402874e-05
17.34444444444404 -7.196002327975711e-05 0.0001258439921015501
17.34722222222181 -2.784238170260128e-05 0.0001438053472664882
17.34999999999959 2.020106390729715e-05 0.0001466061257381153
17.35277777777737 6.705550494877461e-05 0.0001336312020586188
17.35555555555514 0.0001076306340975978 0.0001059609085010928
17.35833333333292 0.000137412879760425 6.628811765400931e-05
17.3611111111107 0.0001529660686187417 1.865868770025969e-05
17.36388888888847 0.0001523251075725695 -3.194001538961683e-05
17.36666666666625 0.0001352378315683693 -8.010079866117025e-05
17.36944444444402 0.0001032258066435737 -0.0001205740150721784
17.3722222222218 5.945399966176036e-05 -0.0001488390166319451
17.37499999999958 8.419809183099377e-06 -0.0001616075463513784
17.37777777777735 -4.450821984024013e-05 -0.0001572031502804481
17.38055555555513 -9.365477561699157e-05 -0.0001357731134886368
17.38333333333291 -0.0001336459558616297 -9.93068074732983e-05
17.38611111111068 -0.0001599960948580349 -5.145487879305617e-05
17.38888888888846 -0.000169609223078431 2.834769596699116e-06
17.39166666666624 -0.0001611392481920856 5.782807681714014e-05
17.39444444444401 -0.0001351672744563021 0.0001076102641786952
17.39722222222179 -9.417357768388118e-05 0.0001467217036244374
17.39999999999957 -4.230363108103074e-05 0.0001707558723054662
17.40277777777734 1.505009787955879e-05 0.0001768539671195567
17.40555555555512 7.180850738702285e-05 0.0001640408231572831
17.40833333333289 0.0001218501726648611 0.0001333630314064286
17.41111111111067 0.0001596713135299858 8.781092189667012e-05
17.41388888888845 0.0001809902736342078 3.202918748721541e-05
17.41666666666622 0.0001832301877035589 -2.815610084076332e-05
17.419444444444 0.0001658256062869002 -8.634599141847905e-05
17.42222222222178 0.0001303170182409458 -0.0001362491038679181
17.42499999999955 8.021958477912749e-05 -0.0001723616545789804
17.42777777777733 2.06766142884845e-05 -0.0001905735546534283
17.43055555555511 -4.206823404316274e-05 -0.0001886339053085122
17.43333333333288 -0.000101325883932056 -0.0001664233714664482
17.43611111111066 -0.0001506751824496461 -0.000126000977976347
17.43888888888844 -0.0001846585365898097 -7.141675973698035e-05
17.44166666666621 -0.0001993844813590965 -8.306875631696454e-06
17.44444444444399 -0.0001929707279901116 5.668844257453045e-05
17.44722222222176 -0.0001657774768365835 0.0001166239868451109
17.44999999999954 -0.0001204026871803427 0.0001649920579785152
17.45277777777732 -6.143628561958575e-05 0.0001964289119534656
17.45555555555509 5.003723396918881e-06 0.0002073084736199727
17.45833333333287 7.190640937001191e-05 0.0001961576860108727
17.46111111111065 0.0001321083452424827 0.0001638461746199536
17.46388888888842 0.0001790610410349234 0.000113526585905932
17.4666666666662 0.0002075431029319075 5.032852072781615e-05
17.46944444444398 0.0002142396635108118 -1.916440649252032e-05
17.47222222222175 0.0001981248799761124 -8.760106936245623e-05
17.47499999999953 0.0001606036550793219 -0.0001476412309226019
17.47777777777731 0.0001053940936183585 -0.0001927433256457303
17.48055555555508 3.815989169125778e-05 -0.0002178770038555204
17.48333333333286 -3.407109366996949e-05 -0.0002200828197921558
17.48611111111063 -0.0001036423588461195 -0.0001988169019273434
17.48888888888841 -0.0001630812705810912 -0.0001560407968786568
17.49166666666619 -0.0002059022484803996 -9.604359953878571e-05
17.49444444444396 -0.0002273142076286049 -2.501212321231283e-05
17.49722222222174 -0.0002247550929741501 4.960784374369916e-05
17.49999999999952 -0.0001981939943157434 0.0001198931630030513
17.50277777777729 -0.0001501656034627881 0.0001782856718261536
17.50555555555507 -8.553012417611231e-05 0.0002184055338244794
17.50833333333285 -1.098116299916851e-05 0.000235748007480432
17.51111111111062 6.564854156706594e-05 0.0002281875396883362
17.5138888888884 0.0001362114191517258 0.0001962329183048122
17.51666666666618 0.0001931124973854242 0.0001430033130519634
17.51944444444395 0.0002301274734237182 7.392465727520401e-05
17.52222222222173 0.0002430832278647006 -3.824175860020944e-06
17.5249999999995 0.0002303263905918299 -8.205879341420346e-05
17.52777777777728 0.0001929275102278951 -0.0001524523291005859
17.53055555555506 0.00013459617820475 -0.0002074229364655125
17.53333333333283 6.131318574921236e-05 -0.0002409509918309631
17.53611111111061 -1.92838255329143e-05 -0.0002492378427105473
17.53888888888839 -9.869798850065354e-05 -0.0002311340325649267
17.54166666666616 -0.0001684706311819067 -0.000188288912999871
17.54444444444394 -0.0002210835223101478 -0.0001250029193594126
17.54722222222172 -0.0002507695508617533 -4.779543307604357e-05
17.54999999999949 -0.0002541443447252152 3.526829111177197e-05
17.55277777777727 -0.0002305896833206375 0.000115421480490104
17.55555555555505 -0.0001823454776207216 0.0001841228811414901
17.55833333333282 -0.0001142978650633397 0.0002339682465462827
17.5611111111106 -3.348333889820977e-05 0.0002594888510521948
17.56388888888837 5.164065400004864e-05 0.0002577508359568569
17.56666666666615 0.0001320828400329051 0.0002286897444837456
17.56944444444393 0.0001992696911585159 0.0001751423383099417
17.5722222222217 0.0002459605238639731 0.0001025697994616635
17.57499999999948 0.0002670282934704598 1.849931394552134e-05
17.57777777777726 0.0002600218171271006 -6.825870557132493e-05
17.58055555555503 0.0002254478274571845 -0.0001485361280122106
17.58333333333281 0.0001667406730360293 -0.0002137778777963583
17.58611111111059 8.992054480803533e-05 -0.0002569549648223803
17.58888888888836 2.974310687310913e-06 -0.0002733221716774412
17.59166666666614 -8.497716289284004e-05 -0.0002609386610966918
17.59444444444392 -0.0001646381392572071 -0.0002208944547070228
17.59722222222169 -0.0002275224726027589 -0.0001572166689780864
17.59999999999947 -0.0002668589199627238 -7.646331305854869e-05
17.60277777777724 -0.0002783205708345072 1.295424579614914e-05
17.60555555555502 -0.0002604997639752748 0.0001016499169418454
17.6083333333328 -0.0002150764472057576 0.0001802505679847674
17.61111111111057 -0.0001466602195449692 0.0002403885532571861
17.61388888888835 -6.232086583796294e-05 0.0002755937647460309
17.61666666666613 2.914461951211049e-05 0.0002819899586851786
17.6194444444439 0.0001181322638119445 0.0002587203755670325
17.62222222222168 0.0001952420490857035 0.0002080560164212474
17.62499999999946 0.0002522728584444019 0.0001351733857792449
17.62777777777723 0.000283095901905468 4.76235260664177e-05
17.63055555555501 0.0002843134611300639 -4.545296924623526e-05
17.63333333333279 0.0002556321187971893 -0.0001342830708715414
17.63611111111056 0.0001999095861959888 -0.0002094900334564168
17.63888888888834 0.0001228686600989804 -0.000263085155836691
17.64166666666612 3.250708724777722e-05 -0.0002893174653572907
17.64444444444389 -6.173554973420423e-05 -0.0002852908231203282
17.64722222222167 -0.000149966832605103 -0.0002512822152520361
17.64999999999944 -0.0002228824607233775 -0.0001907263759343789
17.65277777777722 -0.0002727493394561336 -0.0001098670742734317
17.655555555555 -0.0002942267176207485 -1.711066774601869e-05
17.65833333333277 -0.0002849380633616805 7.785086118506893e-05
17.66111111111055 -0.000245732440764953 0.0001650555748264902
17.66388888888833 -0.0001806067815393924 0.0002353191987318063
17.6666666666661 -9.629619617897156e-05 0.0002812042400458904
17.66944444444388 -1.574557369278829e-06 0.0002978081404873308
17.67222222222166 9.366170271414739e-05 0.00028328683861481
17.67499999999943 0.0001794305709386713 0.0002390578409047905
17.67777777777721 0.0002467132258560055 0.0001696605943910562
17.68055555555499 0.0002884041396509625 8.228806121394453e-05
17.68333333333276 0.0003000622262261902 -1.396189775215134e-05
17.68611111111054 0.0002803835399922245 -0.0001090370890425717
17.68888888888831 0.0002313452411191054 -0.0001929838397333378
17.69166666666609 0.0001580051012648009 -0.0002569915393024595
17.69444444444387 6.797708427591723e-05 -0.0002943189891542552
17.69722222222164 -2.936232855701566e-05 -0.000301004983685241
17.69999999999942 -0.0001238539946176694 -0.0002762881494067512
17.7027777777772 -0.0002056194006661966 -0.0002226915900427897
17.70555555555497 -0.0002660957798859371 -0.0001457631094155998
17.70833333333275 -0.0002989343348104418 -5.349799695309785e-05
17.71111111111053 -0.0003006671800508982 4.449525491443068e-05
17.7138888888883 -0.0002710728890807291 0.0001379988948944522
17.71666666666608 -0.000213202177035758 0.0002172542693864678
17.71944444444386 -0.0001330609411139579 0.0002739825710311793
17.72222222222163 -3.898385217844992e-05 0.0003022509666416524
17.72499999999941 5.923584074021886e-05 0.0002990933445964731
17.72777777777718 0.0001513690806877358 0.0002648207006815208
17.73055555555496 0.0002278191833201737 0.0002029887663313189
17.73333333333274 0.0002806235767650452 0.0001200264407760379
17.73611111111051 0.0003042843077342842 2.456413513199794e-05
17.73888888888829 0.0002963405653495961 -7.346746247403694e-05
17.74166666666607 0.0002576235931379858 -0.0001638737280590736
17.74444444444384 0.0001921676902915015 -0.0002372590540709043
17.74722222222162 0.0001067870355610056 -0.0002860052900227802
17.7499999999994 1.036301483777717e-05 -0.0003050635688369966
17.75277777777717 -8.708306691254365e-05 -0.000292477113149396
17.75555555555495 -0.000175434712893962 -0.0002495808995134582
17.75833333333273 -0.0002455331501215263 -0.000180857943214771
17.7611111111105 -0.0002901285685113712 -9.346788706014404e-05
17.76388888888828 -0.0003046306970942849 3.502234150900507e-06
17.76666666666605 -0.0002875809299958898 9.998630061408986e-05
17.76944444444383 -0.00024079748346528 0.0001859871659814991
17.77222222222161 -0.0001691793150435068 0.0002526150195813997
17.77499999999938 -8.019016760431408e-05 0.0002930079405205977
17.77777777777716 1.692261615739716e-05 0.0003030391511705455
17.78055555555494 0.0001120923994608104 0.0002817380199027454
17.78333333333271 0.0001954797707965118 0.0002313819348887295
17.78611111111049 0.0002584921683893071 0.0001572506012683156
17.78888888888827 0.0002946707073289805 6.706948995364679e-05
17.79166666666604 0.0003003525373840788 -2.979858694815264e-05
17.79444444444382 0.0002750407806722646 -0.000123328833281221
17.7972222222216 0.000221444792401503 -0.00020387481215405
17.79999999999937 0.0001451879215003734 -0.0002631655142934092
17.80277777777715 5.421451389616119e-05 -0.0002951558721447671
17.80555555555492 -4.204100254896731e-05 -0.0002966431427715634
17.8083333333327 -0.0001336357064721822 -0.000267586314199004
17.81111111111048 -0.0002111479892889669 -0.0002110968275036562
17.81388888888825 -0.0002666486410082761 -0.0001331031747165472
17.81666666666603 -0.0002945129278226468 -4.172574771460946e-05
17.81944444444381 -0.0002919904012685967 5.357183836290565e-05
17.82222222222158 -0.0002594747511238418 0.0001429659212542785
17.82499999999936 -0.0002004474216815064 0.0002172880115964263
17.82777777777714 -0.0001211026542704129 0.0002689668801125847
17.83055555555491 -2.969455684217739e-05 0.0002928005368835778
17.83333333333269 6.432467835518548e-05 0.0002864793284846977
17.83611111111047 0.0001512851152637801 0.0002508076230756533
17.83888888888824 0.0002222959991589976 0.0001896030635685131
17.84166666666602 0.0002701562504795343 0.0001092858405610332
17.84444444444379 0.0002900851376896737 1.820238641690409e-05
17.84722222222157 0.0002801989589535594 -7.424497942459076e-05
17.84999999999935 0.0002416863124365259 -0.0001585713896474465
17.85277777777712 0.000178665988695429 -0.0002261847132218961
17.8555555555549 9.774438396732491e-05 -0.0002702622863099008
17.85833333333268 7.320199046859926e-06 -0.0002864395100344318
17.86111111111045 -8.32901208849029e-05 -0.0002732408173712084
17.86388888888823 -0.0001648148475265338 -0.000232210605721236
17.86666666666601 -0.0002289776439237445 -0.0001677329795350817
17.86944444444378 -0.0002693387852247821 -8.6561285388805e-05
17.87222222222156 -0.0002819413319850994 2.891875895013092e-06
17.87499999999934 -0.0002656974523079022 9.142925321036547e-05
17.87777777777711 -0.0002224773724262585 0.0001700169655934913
17.88055555555489 -0.0001568943385938989 0.0002307079838827929
17.88333333333266 -7.581027671668836e-05 0.0002674465073909851
17.88611111111044 1.238468968119776e-05 0.0002766717576736809
17.88888888888822 9.86429636826837e-05 0.0002576610573545536
17.89166666666599 0.0001741898236969226 0.0002125793867178759
17.89444444444377 0.0002314175166614108 0.0001462330424285512
17.89722222222155 0.0002646518554126556 6.555539884762363e-05
17.89999999999932 0.0002707140429845822 -2.112003056179709e-05
17.9027777777771 0.0002492222007529082 -0.0001049227793865379
17.90555555555488 0.0002026043047586937 -0.0001773552185366852
17.90833333333265 0.0001358240797652274 -0.0002311554487800034
17.91111111111043 5.585077058031694e-05 -0.0002610255628099434
17.91388888888821 -2.907040454022923e-05 -0.0002641522428638485
17.91666666666598 -0.0001102705299795987 -0.0002404686804445167
17.91944444444376 -0.0001795436880975184 -0.0001926338059296762
17.92222222222154 -0.0002299772128853966 -0.0001257339725056993
17.92499999999931 -0.0002566414164253717 -4.674053801841692e-05
17.92777777777709 -0.0002570700004100965 3.621865877934435e-05
17.93055555555486 -0.0002314845172379013 0.0001146975939817338
17.93333333333264 -0.0001827429018679239 0.0001807934731868764
17.93611111111042 -0.0001160204744295999 0.0002279432679850206
17.93888888888819 -3.825899094864948e-05 0.0002515750351869017
17.94166666666597 4.255746777331187e-05 0.0002495494441302115
17.94444444444375 0.0001182240528210375 0.0002223490946387176
17.94722222222152 0.0001811494415825866 0.0001729994131327222
17.9499999999993 0.0002251179204608205 0.0001067324388886454
17.95277777777708 0.0002459027244242745 3.043083013723078e-05
17.95555555555485 0.0002416702058831609 -4.808870367697538e-05
17.95833333333263 0.0002131364498459136 -0.0001208777767995758
17.96111111111041 0.0001634636096361163 -0.0001806619987954547
17.96388888888818 9.790984383142051e-05 -0.000221568186960715
17.96666666666596 2.327156760944986e-05 -0.0002397004215043309
17.96944444444373 -5.282271280361371e-05 -0.0002335085682042853
17.97222222222151 -0.0001226934664002557 -0.0002039147166528564
17.97499999999929 -0.0001793860075496674 -0.0001541880076675224
17.97777777777706 -0.0002173627173603904 -8.958396010272288e-05
17.98055555555484 -0.0002330427450414152 -1.678804071487744e-05
17.98333333333262 -0.0002251367460117633 5.677752028196131e-05
17.98611111111039 -0.0001947457175579215 0.0001237116711077823
17.98888888888817 -0.0001452173135954556 0.000177379735734231
17.99166666666595 -8.177764713758748e-05 0.0002125707929032813
17.99444444444372 -1.0979020129181e-05 0.0002260021564528979
17.9972222222215 5.997798430908727e-05 0.0002166223042310865
17.99999999999928 0.0001239778062378172 0.0001856846993480467
18.00277777777705 0.0001747038500233013 0.00013658850203114
18.00555555555483 0.0002072614114548786 7.45057589369646e-05
18.0083333333326 0.000218648239264884 5.83589184454902e-06
18.01111111111038 0.0002080277097080268 -6.245492039806992e-05
18.01388888888816 0.000176780203814576 -0.0001235411862495404
18.01666666666593 0.000128331014520414 -0.0001714204695862384
18.01944444444371 6.777564250484034e-05 -0.0002015024686632965
18.02222222222149 1.343393612528765e-06 -0.0002110470984093489
18.02499999999926 -6.424421458150713e-05 -0.0001994100129725371
18.02777777777704 -0.0001224540907247486 -0.0001680740631379377
18.03055555555482 -0.0001675922914819505 -0.0001204670636027488
18.03333333333259 -0.0001953600407687173 -6.158771075073871e-05
18.03611111111037 -0.0002032608788586337 2.519612865237628e-06
18.03888888888815 -0.0001908206530044423 6.538594277866603e-05
18.04166666666592 -0.0001596015078145118 0.0001207708767695543
18.0444444444437 -0.000113012026340906 0.0001632817965169989
18.04722222222147 -5.593607212079498e-05 0.0001888977719412176
18.04999999999925 5.779351474007692e-06 0.00019534740036674
18.05277777777703 6.592351154435544e-05 0.0001823053761617168
18.0555555555548 0.0001185471490762519 0.000151391373815228
18.05833333333258 0.0001585505415974657 0.0001059749111829765
18.06111111111036 0.0001821763663954853 5.080919989143247e-05
18.06388888888813 0.00018735990286564 -8.466338948347977e-06
18.06666666666591 0.00017390425886646 -6.590283328700168e-05
18.06944444444369 0.0001434663949237965 -0.000115838996377486
18.07222222222146 9.935888214412609e-05 -0.0001534585420441715
18.07499999999924 4.619062506947151e-05 -0.0001752531831828952
18.07777777777702 -1.061460412146771e-05 -0.0001793468952196383
18.08055555555479 -6.537154682508212e-05 -0.0001656518225046586
18.08333333333257 -0.0001127023005836882 -0.0001358435658847514
18.08611111111034 -0.0001480637449522641 -9.316182483586917e-05
18.08888888888812 -0.000168181929533705 -4.205963810236918e-05
18.0916666666659 -0.0001713520985786542 1.226093157546939e-05
18.09444444444367 -0.0001575772282587272 6.437829193637804e-05
18.09722222222145 -0.0001285345620430358 0.0001091921225953447
18.09999999999923 -8.737693967265438e-05 0.0001424215925674394
18.102777777777 -3.839198608699756e-05 0.0001610124469222298
18.10555555555478 1.344414016789283e-05 0.0001634144744874846
18.10833333333256 6.297204439945099e-05 0.0001497045392299814
18.11111111111033 0.0001053621666516816 0.0001215462015474094
18.11388888888811 0.0001365846727981285 8.199334866756773e-05
18.11666666666589 0.0001537905826746769 3.516055376575089e-05
18.11944444444366 0.0001555683271873944 -1.420440495967778e-05
18.12222222222144 0.0001420530371907235 -6.120151597373532e-05
18.12499999999921 0.0001148809368573969 -0.0001012643231682945
18.12777777777699 7.699670348152818e-05 -0.0001306024524365073
18.13055555555477 3.233601828858618e-05 -0.000146558138919342
18.13333333333254 -1.458262917273294e-05 -0.0001478434691627833
18.13611111111032 -5.911462186575102e-05 -0.0001346375815880219
18.1388888888881 -9.694828835472745e-05 -0.0001085373631833408
18.14166666666587 -0.0001245210874110212 -7.236978378085701e-05
18.14444444444365 -0.0001393528899837188 -2.988746942433202e-05
18.14722222222143 -0.0001402654389118643 1.461987097321629e-05
18.1499999999992 -0.0001274689989562192 5.675801652162915e-05
18.15277777777698 -0.0001025107325691052 9.246125748286072e-05
18.15555555555476 -6.809307642250931e-05 0.0001183833034424085
18.15833333333253 -2.77829885914698e-05 0.0001322086589480454
18.16111111111031 1.435682820167872e-05 0.0001328557601142718
18.16388888888808 5.417669707526824e-05 0.0001205544916448601
18.16666666666586 8.784768753502917e-05 9.679346351838044e-05
18.16944444444364 0.0001122283398070199 6.414532748498306e-05
18.17222222222141 0.0001251554439479075 2.599018167864009e-05
18.17499999999919 0.0001256322317978953 -1.383338262165236e-05
18.17777777777697 0.0001138980556788099 -5.141367249918946e-05
18.18055555555474 9.137563734226045e-05 -8.314912407049556e-05
18.18333333333252 6.050406064329789e-05 -0.0001060919485125572
18.1861111111103 2.447666214650858e-05 -0.0001182195849401826
18.18888888888807 -1.308820389791189e-05 -0.0001186092397267443
18.19166666666585 -4.850969544439299e-05 -0.0001075008985988827
18.19444444444363 -7.840408650543425e-05 -8.624547372066821e-05
18.1972222222214 -0.0001000064410337127 -5.714605682024007e-05
18.19999999999918 -0.0001114239619794681 -2.321048228411438e-05
18.20277777777696 -0.000111798080001068 1.215841234862747e-05
18.20555555555473 -0.0001013618492386247 4.550305292256408e-05
18.20833333333251 -8.13897792734906e-05 7.364800560080798e-05
18.21111111111028 -5.404779139822104e-05 9.400077481388137e-05
18.21388888888806 -2.216051172603483e-05 0.0001047882165582109
18.21666666666584 1.107929851717313e-05 0.0001052072867456958
18.21944444444361 4.242941136050436e-05 9.547775254273849e-05
18.22222222222139 6.891320675023477e-05 7.67943642194164e-05
18.22499999999917 8.810067198235787e-05 5.118582652664468e-05
18.22777777777694 9.832898820465631e-05 2.129676342787483e-05
18.23055555555472 9.884295671789798e-05 -9.884096832053559e-06
18.2333333333325 8.984384368767727e-05 -3.932171113635791e-05
18.23611111111027 7.244442340885157e-05 -6.422893265879398e-05
18.23888888888805 4.853715719455379e-05 -8.232876313167378e-05
18.24166666666583 2.059066821241388e-05 -9.206015927888896e-05
18.2444444444436 -8.603809997523373e-06 -9.270906466738219e-05
18.24722222222138 -3.621010547462174e-05 -8.445409689503845e-05
18.24999999999915 -5.962139915600967e-05 -6.832487915198813e-05
18.25277777777693 -7.670474952132862e-05 -4.607951073610104e-05
18.25555555555471 -8.599310172145292e-05 -2.00152997646897e-05
18.25833333333248 -8.680776428954884e-05 7.267080331767581e-06
18.26111111111026 -7.930154541712746e-05 3.31219384961315e-05
18.26388888888804 -6.442068429872249e-05 5.511387817506047e-05
18.26666666666581 -4.379160030949898e-05 7.124557768253927e-05
18.26944444444359 -1.954555255699936e-05 8.013692036482155e-05
18.27222222222137 5.900103976611647e-06 8.113967061052991e-05
18.27499999999914 3.008175728964127e-05 7.437857019147437e-05
18.27777777777692 5.072680232790064e-05 6.071708495388451e-05
18.2805555555547 6.596562107455968e-05 4.165333362006301e-05
18.28333333333247 7.449868828570028e-05 1.915827564996207e-05
18.28611111111025 7.570412060121451e-05 -4.526583765346291e-06
18.28888888888802 6.967715560294919e-05 -2.711135304927205e-05
18.2916666666658 5.719984302746976e-05 -4.647788598194733e-05
18.29444444444358 3.964597876123176e-05 -6.087686415350472e-05
18.29722222222135 1.883236563877224e-05 -6.908367053548529e-05
18.29999999999913 -3.167716508427776e-06 -7.0499409723622e-05
18.30277777777691 -2.422982659799625e-05 -6.518911164132852e-05
18.30555555555468 -4.23822582770179e-05 -5.38554195201159e-05
18.30833333333246 -5.59890849378175e-05 -3.775228952671771e-05
18.31111111111024 -6.389553341443336e-05 -1.85488222256478e-05
18.31388888888801 -6.552300295107503e-05 1.842210534846688e-06
18.31666666666579 -6.090626249672187e-05 2.145367396044223e-05
18.31944444444357 -5.067112003318307e-05 3.845260408576422e-05
18.32222222222134 -3.595659290690718e-05 5.131003287259007e-05
18.32499999999912 -1.82907700026514e-05 5.893653723846117e-05
18.32777777777689 5.663294836942415e-07 6.077171956476769e-05
18.33055555555467 1.879688804204383e-05 5.682060229028986e-05
18.33333333333245 3.469930949898508e-05 4.763520447270931e-05
18.33611111111022 4.68455994835578e-05 3.424484174612721e-05
18.338888888888 5.420771127290778e-05 1.804345004357671e-05
18.34166666666578 5.624189170679538e-05 6.460414408110038e-07
18.34444444444355 5.292441919489872e-05 -1.627107289342345e-05
18.34722222222133 4.473696329784657e-05 -3.113060898646291e-05
18.34999999999911 3.260463570014819e-05 -4.259997996583796e-05
18.35277777777688 1.77941848535801e-05 -4.970901016357873e-05
18.35555555555466 1.783310273862943e-06 -5.192949726010569e-05
18.35833333333244 -1.388556747080437e-05 -4.921038966247592e-05
18.36111111111021 -2.775273193548504e-05 -4.196676294981964e-05
18.36388888888799 -3.857582445039392e-05 -3.102521372591424e-05
18.36666666666576 -4.543945178002123e-05 -1.753232010765328e-05
18.36944444444354 -4.783026812854788e-05 -2.836077387329758e-06
18.37222222222132 -4.56716448440443e-05 1.164757623635497e-05
18.37499999999909 -3.931606330250721e-05 2.457004678310976e-05
18.37777777777687 -2.949742135445072e-05 3.477437823389587e-05
18.38055555555465 -1.724914646018746e-05 4.13972368902835e-05
18.38333333333242 -3.797021808281256e-06 4.393977540630533e-05
18.3861111111102 9.562304352839391e-06 4.230181157497486e-05
18.38888888888798 2.158520143205829e-05 3.677741010391973e-05
18.39166666666575 3.119561073260794e-05 2.801365596643271e-05
18.39444444444353 3.757985151362509e-05 1.693780452197597e-05
18.39722222222131 4.025349325869501e-05 4.660777382538127e-06
18.39999999999908 3.909503050434505e-05 -7.633095615542042e-06
18.40277777777686 3.434440544418735e-05 -1.87992590600736e-05
18.40555555555463 2.656779321395711e-05 -2.783833332785513e-05
18.40833333333241 1.65931759013127e-05 -3.398415314544943e-05
18.41111111111019 5.4238011109483e-06 -3.676684358984513e-05
18.41388888888796 -5.861571616889291e-06 -3.604595408342749e-05
18.41666666666574 -1.621182879919184e-05 -3.201165929529245e-05
18.41944444444352 -2.470030660767984e-05 -2.515509762285094e-05
18.42222222222129 -3.060644232023144e-05 -1.621176299770678e-05
18.42499999999907 -3.347522375243546e-05 -6.084235707524281e-06
18.42777777777685 -3.314972720145138e-05 4.247770949750427e-06
18.43055555555462 -2.977472513214965e-05 1.382119106861722e-05
18.4333333333324 -2.377212027582733e-05 2.177833777753189e-05
18.43611111111018 -1.579156002574117e-05 2.744252117809946e-05
18.43888888888795 -6.641768173431491e-06 3.03740196663631e-05
18.44166666666573 2.790287526287713e-06 3.040195327284724e-05
18.4444444444435 1.162441759343637e-05 2.763002257062878e-05
18.44722222222128 1.906836921237092e-05 2.241658632780275e-05
18.44999999999906 2.448774083091694e-05 1.533191754567429e-05
18.45277777777683 2.745860676322096e-05 7.097485952535401e-06
18.45555555555461 2.779864854881171e-05 -1.486407309487309e-06
18.45833333333239 2.557474985253736e-05 -9.617486333059458e-06
18.46111111111016 2.108727494331562e-05 -1.656555925964133e-05
18.46388888888794 1.483340258310143e-05 -2.173703939246137e-05
18.46666666666572 7.453732036017235e-06 -2.472434116821822e-05
18.46944444444349 -3.322429351579156e-07 -2.533618735119373e-05
18.47222222222127 -7.795391677372294e-06 -2.360678887821895e-05
18.47499999999905 -1.426435648013786e-05 -1.978389407923566e-05
18.47777777777682 -1.918497254798843e-05 -1.429765624148461e-05
18.4805555555546 -2.216654347691002e-05 -7.713960215942349e-06
18.48333333333238 -2.301124081693021e-05 -6.771341650491681e-07
18.48611111111015 -2.172460533641744e-05 6.152250354548028e-06
18.48888888888793 -1.850695236780772e-05 1.215856853629011e-05
18.4916666666657 -1.372725054581575e-05 1.682573849909553e-05
18.49444444444348 -7.882591548412171e-06 1.978047738740451e-05
18.49722222222126 -1.547564433981761e-06 2.082071160052451e-05
18.49999999999903 4.681403529545519e-06 1.992714631650615e-05
18.50277777777681 1.024142691267979e-05 1.725763018591786e-05
