16.5 1.769677023708888e-07 -1.248406233679573e-07
16.50277777777778 1.462822933751915e-07 -1.692232087880343e-07
16.50555555555555 1.044692931450821e-07 -2.060459829180224e-07
16.50833333333333 5.33956718966093e-08 -2.32519717862677e-07
16.51111111111111 -4.37259254945797e-09 -2.463174075181534e-07
16.51388888888888 -6.568524647845993e-08 -2.457494184496697e-07
16.51666666666666 -1.269663743008283e-07 -2.299100869844565e-07
16.51944444444444 -1.844097694466391e-07 -1.987847693121433e-07
16.52222222222221 -2.342011829423591e-07 -1.533081343368955e-07
16.52499999999999 -2.727552640839204e-07 -9.536696173762877e-08
16.52777777777776 -2.969533213371308e-07 -2.774375761237048e-08
16.53055555555554 -3.043671098043864e-07 4.599902861733496e-08
16.53333333333332 -2.934537994139391e-07 1.216907015787119e-07
16.53611111111109 -2.637081523197119e-07 1.947727349663648e-07
16.53888888888887 -2.157597409723842e-07 2.6055721614984e-07
16.54166666666665 -1.514057138664255e-07 3.145095940648822e-07
16.54444444444442 -7.357304981762049e-08 3.525396370790203e-07
16.5472222222222 1.379173500048231e-08 3.712830009744208e-07
16.54999999999998 1.059030661024618e-07 3.683553077425018e-07
16.55277777777775 1.973800965585755e-07 3.425612359005117e-07
16.55555555555553 2.825425563511444e-07 2.940428515603331e-07
16.55833333333331 3.557434938385117e-07 2.243542265932409e-07
16.56111111111108 4.117205175672161e-07 1.364531855191777e-07
16.56388888888886 4.459448774596358e-07 3.460561800995108e-08
16.56666666666663 4.54946604950988e-07 -7.57970497124395e-08
16.56944444444441 4.365941003945964e-07 -1.885012018130605e-07
16.57222222222219 3.903080792365732e-07 -2.967237949523774e-07
16.57499999999996 3.17192651624179e-07 -3.935381391760483e-07
16.57777777777774 2.20070414364596e-07 -4.72292029011542e-07
16.58055555555552 1.034135973997966e-07 -5.270343134837499e-07
16.58333333333329 -2.683072955896394e-08 -5.529240429036072e-07
16.58611111111107 -1.635169445849279e-07 -5.465958684319728e-07
16.58888888888885 -2.986676653153206e-07 -5.064565135389233e-07
16.59166666666662 -4.239138066711536e-07 -4.328899073535293e-07
16.5944444444444 -5.309851189858119e-07 -3.283528914075315e-07
16.59722222222218 -6.12223959660487e-07 -1.973491054529353e-07
16.59999999999995 -6.610920155862581e-07 -4.627545137531423e-08
16.60277777777773 -6.726383536308504e-07 1.168569306977874e-07
16.6055555555555 -6.438977132323059e-07 2.828173871302581e-07
16.60833333333328 -5.741904431796284e-07 4.416486865383554e-07
16.61111111111106 -4.652998818999204e-07 5.8323360912868e-07
16.61388888888883 -3.215091242117245e-07 6.979046729871352e-07
16.61666666666661 -1.494867273890157e-07 7.770620614928898e-07
16.61944444444439 4.198040119645863e-08 8.137622972120335e-07
16.62222222222216 2.42399398898284e-07 8.032398524098331e-07
16.62499999999994 4.401122304120003e-07 7.433258388394884e-07
16.62777777777772 6.229391132533297e-07 6.347321893642996e-07
16.63055555555549 7.788910733480468e-07 4.811761982634011e-07
16.63333333333327 8.969119717529731e-07 2.893286505701936e-07
16.63611111111105 9.676062878462349e-07 6.857863524509399e-08
16.63888888888882 9.839073451748023e-07 -1.693810209686671e-07
16.6416666666666 9.416417583100941e-07 -4.111325549632649e-07
16.64444444444437 8.399497444465103e-07 -6.422502561912378e-07
16.64722222222215 6.815274977634109e-07 -8.481196816099756e-07
16.64999999999993 4.726668134019394e-07 -1.014814874622012e-06
16.6527777777777 2.23078153378474e-07 -1.129983356227207e-06
16.65555555555548 -5.450419570366922e-08 -1.18368538941104e-06
16.65833333333326 -3.449229979427056e-07 -1.169133843046867e-06
16.66111111111103 -6.31379876506279e-07 -1.083284078310572e-06
16.66388888888881 -8.963605407336192e-07 -9.272296366527643e-07
16.66666666666659 -1.122655116971737e-06 -7.063689111419236e-07
16.66944444444436 -1.29441682882411e-06 -4.303200217541953e-07
16.67222222222214 -1.398196837257746e-06 -1.125751958783967e-07
16.67499999999992 -1.423891112996743e-06 2.300986727891161e-07
16.67777777777769 -1.36553707800255e-06 5.784908200729805e-07
16.68055555555547 -1.221903508537234e-06 9.119710207724736e-07
16.68333333333324 -9.968266950105653e-07 1.209656074923189e-06
16.68611111111102 -6.99258722844915e-07 1.451655436030993e-06
16.6888888888888 -3.430093678060685e-07 1.620324867002164e-06
16.69166666666657 5.381931755901737e-08 1.701452716071077e-06
16.69444444444435 4.696880798258126e-07 1.685303462786753e-06
16.69722222222213 8.807290774222754e-07 1.567447817261753e-06
16.6999999999999 1.262054644393985e-06 1.349317821475813e-06
16.70277777777768 1.589197889715946e-06 1.038438778460857e-06
16.70555555555546 1.839605244558267e-06 6.483068299410498e-07
16.70833333333323 1.99409373116687e-06 1.979007713371495e-07
16.71111111111101 2.038183284636869e-06 -2.891618207822043e-07
16.71388888888879 1.963217312415483e-06 -7.857920836340908e-07
16.71666666666656 1.76719292414398e-06 -1.26286773231693e-06
16.71944444444434 1.455235682575134e-06 -1.690868977475371e-06
16.72222222222211 1.039671766070818e-06 -2.041624505429174e-06
16.72499999999989 5.396722382981469e-07 -2.290068360746962e-06
16.72777777777767 -1.953143597610232e-08 -2.41590281151151e-06
16.73055555555544 -6.078357519281564e-07 -2.405062547587106e-06
16.73333333333322 -1.191806980719112e-06 -2.250882148571494e-06
16.736111111111 -1.736502218041152e-06 -1.954881579913304e-06
16.73888888888877 -2.20747490784058e-06 -1.527103071150285e-06
16.74166666666655 -2.572854214843661e-06 -9.85956266293759e-07
16.74444444444433 -2.805377602985379e-06 -3.57555840917145e-07
16.7472222222221 -2.884252705199896e-06 3.254346034671697e-07
16.74999999999988 -2.796728572209762e-06 1.02540829679684e-06
16.75277777777766 -2.539267780843141e-06 1.701797521461683e-06
16.75555555555543 -2.118229343312706e-06 2.313332939561519e-06
16.75833333333321 -1.549997124420684e-06 2.820459163202414e-06
16.76111111111098 -8.605183644738083e-07 3.187770378924718e-06
16.76388888888876 -8.425037775352466e-08 3.386321910835015e-06
16.76666666666654 7.374512831908662e-07 3.395673911922355e-06
16.76944444444431 1.558434963827542e-06 3.205532287715626e-06
16.77222222222209 2.330244549576197e-06 2.816869360372914e-06
16.77499999999987 3.004871701030298e-06 2.242432039484534e-06
16.77777777777764 3.537617989596524e-06 1.506577242629483e-06
16.78055555555542 3.889902399569883e-06 6.444114125762954e-07
16.7833333333332 4.031844963459931e-06 -2.99748763845867e-07
16.78611111111097 3.944462452121047e-06 -1.274536171671611e-06
16.78888888888875 3.621327205794524e-06 -2.224215708444726e-06
16.79166666666653 3.069564931981149e-06 -3.091755739245034e-06
16.7944444444443 2.310100584527959e-06 -3.822125512819213e-06
16.79722222222208 1.377101691625041e-06 -4.36563434411702e-06
16.79999999999986 3.166136465382903e-07 -4.681117171862982e-06
16.80277777777763 -8.155709443931031e-07 -4.738770973299617e-06
16.80555555555541 -1.956719462312685e-06 -4.522457979686559e-06
16.80833333333318 -3.040509434065636e-06 -4.031314536750436e-06
16.81111111111096 -4.0007497290582e-06 -3.280537958274965e-06
16.81388888888874 -4.775270956959585e-06 -2.301266324405105e-06
16.81666666666651 -5.309763875276555e-06 -1.139515766741413e-06
16.81944444444429 -5.561337452775484e-06 1.458062616710533e-07
16.82222222222207 -5.501574236315281e-06 1.485737909805929e-06
16.82499999999984 -5.118880071281127e-06 2.804822744890555e-06
16.82777777777762 -4.419957482544284e-06 4.025216771655019e-06
16.8305555555554 -3.430275801022856e-06 5.0711267525999e-06
16.83333333333317 -2.193464347145596e-06 5.873334630903088e-06
16.83611111111095 -7.696149338048024e-07 6.373546689859186e-06
16.83888888888873 7.674566121559522e-07 6.528304577494968e-06
16.8416666666665 2.333876875410088e-06 6.312209215721685e-06
16.84444444444428 3.840136692219931e-06 5.720237756954e-06
16.84722222222205 5.196043882734355e-06 4.768977097422389e-06
16.84999999999983 6.315941257850416e-06 3.49665307301234e-06
16.85277777777761 7.12389697074628e-06 1.961899611627609e-06
16.85555555555538 7.55856295527964e-06 2.412833786100647e-07
16.85833333333316 7.577403202607904e-06 -1.574327093484937e-06
16.86111111111094 7.160017364762828e-06 -3.384387370536041e-06
16.86388888888871 6.310326003999156e-06 -5.084072630697685e-06
16.86666666666649 5.05744006367333e-06 -6.570162440839319e-06
16.86944444444427 3.455106178267077e-06 -7.747093807259512e-06
16.87222222222204 1.579697764548571e-06 -8.532837821688759e-06
16.87499999999982 -4.731947494387166e-07 -8.864250646672698e-06
16.8777777777776 -2.593437360393975e-06 -8.701565190544009e-06
16.88055555555537 -4.662073008904537e-06 -8.031725541968983e-06
16.88333333333315 -6.557802492701415e-06 -6.870320818307514e-06
16.88611111111092 -8.163882731325086e-06 -5.261946126754985e-06
16.8888888888887 -9.375060594528716e-06 -3.278902378065921e-06
16.89166666666648 -1.01041423524264e-05 -1.018239365500216e-06
16.89444444444425 -1.028780314339885e-05 1.402757218653973e-06
16.89722222222203 -9.891268350782654e-06 3.852439767102512e-06
16.89999999999981 -8.911548773416139e-06 6.191751728667181e-06
16.90277777777758 -7.378981972172584e-06 8.281903395707114e-06
16.90555555555536 -5.356919905426594e-06 9.992357798866239e-06
16.90833333333314 -2.939503529154351e-06 1.120867907150955e-05
16.91111111111091 -2.475731097395128e-07 1.1839785218873e-05
16.91388888888869 2.577127388249598e-06 1.182416288149857e-05
16.91666666666647 5.379188612310186e-06 1.113464354716889e-05
16.91944444444424 7.997859749282648e-06 9.781407351668691e-06
16.92222222222202 1.027602401064122e-05 7.812969233777634e-06
16.92499999999979 1.206933662923787e-05 5.315008508076478e-06
16.92777777777757 1.325500736068759e-05 2.407021436354362e-06
16.93055555555535 1.373970923513607e-05 -7.630992565073224e-07
16.93333333333312 1.346612489652232e-05 -4.026330715797985e-06
16.9361111111109 1.241770074079894e-05 -7.201289930847255e-06
16.93888888888868 1.062126495236511e-05 -1.010406534414349e-05
16.94166666666645 8.147274524342047e-06 -1.255858983046238e-05
16.94444444444423 5.107583038212921e-06 -1.440698338397099e-05
16.94722222222201 1.65075875378359e-06 -1.551927329405093e-05
16.94999999999978 -2.044876081722873e-06 -1.580191221980979e-05
16.95277777777756 -5.780176844723225e-06 -1.520456091185095e-05
16.95555555555534 -9.345646688493674e-06 -1.372468097927977e-05
16.95833333333311 -1.253290838838646e-05 -1.140959075216034e-05
16.96111111111089 -1.514656333601064e-05 -8.355768848100923e-06
16.96388888888866 -1.701577767043895e-05 -4.705338860654443e-06
16.96666666666644 -1.800492607840872e-05 -6.398267598475911e-07
16.96944444444422 -1.802265221525561e-05 3.628558578856937e-06
16.97222222222199 -1.702877074983147e-05 7.867720880801709e-06
16.97499999999977 -1.503853731312103e-05 1.18380140673232e-05
16.97777777777755 -1.212394462099577e-05 1.530548042207925e-05
16.98055555555532 -8.411859319060732e-06 1.805527283917847e-05
16.9833333333331 -4.078986618707765e-06 1.990450773663092e-05
16.98611111111088 6.561706967441323e-07 2.071379980078673e-05
16.98888888888865 5.544015794742372e-06 2.039677703194706e-05
16.99166666666643 1.031671736593361e-05 1.892696340870445e-05
16.99444444444421 1.470257828817696e-05 1.63415432866634e-05
16.99722222222198 1.844115763641476e-05 1.274168051935694e-05
16.99999999999976 2.129832048016521e-05 8.289248329037643e-06
17.00277777777753 2.308036439380921e-05 3.200023610562776e-06
17.00555555555531 2.364639336201691e-05 -2.266399084785803e-06
17.00833333333309 2.291817918961658e-05 -7.819524461480606e-06
17.01111111111086 2.08868653210332e-05 -1.315307932626497e-05
17.01388888888864 1.761602318839232e-05 -1.796157008546622e-05
17.01666666666642 1.324075942945948e-05 -2.195739577341816e-05
17.01944444444419 7.962784020234012e-06 -2.488757554048325e-05
17.02222222222197 2.041573380789478e-06 -2.654913850515791e-05
17.02499999999975 -4.21801340074505e-06 -2.680226610708221e-05
17.02777777777752 -1.048109556197067e-05 -2.558037197675898e-05
17.0305555555553 -1.640035260794844e-05 -2.289644826121739e-05
17.03333333333308 -2.163492057245517e-05 -1.884519382033935e-05
17.03611111111085 -2.586959151909821e-05 -1.360065963469517e-05
17.03888888888863 -2.883325403443974e-05 -7.409388860187596e-06
17.0416666666664 -3.031551919169622e-05 -5.792803361406043e-07
17.04444444444418 -3.018054258059942e-05 6.535348823441159e-06
17.04722222222196 -2.837717670679074e-05 1.355179765624869e-05
17.04999999999973 -2.494476426731821e-05 2.007921258584944e-05
17.05277777777751 -2.001410330098641e-05 2.573996292677695e-05
17.05555555555529 -1.380336904375372e-05 3.019100971493322e-05
17.05833333333306 -6.609051329789658e-06 3.31440796368962e-05
17.06111111111084 1.207754131735275e-06 3.438348368881335e-05
17.06388888888862 9.239092760804233e-06 3.378051366614713e-05
17.06666666666639 1.70510843839973e-05 3.130350548952455e-05
17.06944444444417 2.420698637718944e-05 2.702286993409328e-05
17.07222222222195 3.029117826253882e-05 2.111064845927005e-05
17.07499999999972 3.493276981960598e-05 1.383444159013975e-05
17.0777777777775 3.782751461084407e-05 5.545864529125193e-06
17.08055555555528 3.875676325341002e-05 -3.336007199177555e-06
17.08333333333305 3.760231506620562e-05 -1.234544736576458e-05
17.08611111111083 3.435621812501825e-05 -2.099413024934777e-05
17.0888888888886 2.912481763823299e-05 -2.879719912213094e-05
17.09166666666638 2.21266487706776e-05 -3.52999784754339e-05
17.09444444444416 1.368409752648181e-05 -4.010387877116679e-05
17.09722222222193 4.209094814066417e-06 -4.289004276434062e-05
17.09999999999971 -5.816554154542535e-06 -4.343936290195642e-05
17.10277777777749 -1.586528922209908e-05 -4.16476578390389e-05
17.10555555555526 -2.539117504227804e-05 -3.753502620684939e-05
17.10833333333304 -3.38591379755819e-05 -3.124868675621597e-05
17.11111111111082 -4.077451303855082e-05 -2.305895154319159e-05
17.11388888888859 -4.571129102020546e-05 -1.334834561343538e-05
17.11666666666637 -4.83374798633441e-05 -2.594263265868345e-06
17.11944444444415 -4.843610628882522e-05 8.654083048805582e-06
17.12222222222192 -4.592057971261384e-05 1.980333027380108e-05
17.1249999999997 -4.084341231098495e-05 3.024687335488598e-05
17.12777777777747 -3.339762377018981e-05 3.939742251641957e-05
17.13055555555525 -2.391054014205983e-05 4.671948102117574e-05
17.13333333333303 -1.283010365634447e-05 5.175997034448162e-05
17.1361111111108 -7.042226723166244e-07 5.417528063996352e-05
17.13888888888858 1.184591429909451e-05 5.375317094629053e-05
17.14166666666636 2.415728150946787e-05 5.042818031133392e-05
17.14444444444413 3.555964196379148e-05 4.428952733332792e-05
17.14722222222191 4.541156568656121e-05 3.558085633402126e-05
17.14999999999969 5.313592436408479e-05 2.469161436410034e-05
17.15277777777746 5.825292245266095e-05 1.214029240128777e-05
17.15555555555524 6.040880585784134e-05 -1.449787485958603e-06
17.15833333333302 5.939857363241636e-05 -1.53810340624122e-05
17.16111111111079 5.5181298412061e-05 -2.891701877578506e-05
17.16388888888857 4.788702469124513e-05 -4.132099475884824e-05
17.16666666666634 3.781464286211454e-05 -5.189550552419495e-05
17.16944444444412 2.542060951712671e-05 -6.00209740574869e-05
17.1722222222219 1.12988762583082e-05 -6.519116269086163e-05
17.17499999999967 -3.847126076955745e-06 -6.704350812407346e-05
17.17777777777745 -1.923914975400811e-05 -6.538256089682575e-05
17.18055555555523 -3.406374877190593e-05 -6.019508503401442e-05
17.183333333333 -4.751485282008933e-05 -5.165578627132431e-05
17.18611111111078 -5.883708526666821e-05 -4.012311596604275e-05
17.18888888888856 -6.736751772891975e-05 -2.612511819146625e-05
17.19166666666633 -7.257357973622711e-05 -1.033582245549071e-05
17.19444444444411 -7.408499156936296e-05 6.456794583875806e-06
17.19722222222189 -7.171785640320541e-05 2.338977658185117e-05
17.19999999999966 -6.548942270561138e-05 3.956917316221321e-05
17.20277777777744 -5.562249174057554e-05 5.411681659281844e-05
17.20555555555521 -4.253897505664613e-05 6.621745828736879e-05
17.20833333333299 -2.684267599719915e-05 7.516375565551303e-05
17.21111111111077 -9.29194782538357e-06 8.039665435655715e-05
17.21388888888854 9.236561881551113e-06 8.153889845755921e-05
17.21666666666632 2.779136574810523e-05 7.841971427418705e-05
17.2194444444441 4.539465022502297e-05 7.108913879210424e-05
17.22222222222187 6.109338828997407e-05 5.982098020869431e-05
17.22499999999965 7.401039520332404e-05 4.510398063299545e-05
17.22777777777743 8.33926127559068e-05 2.762136958355209e-05
17.2305555555552 8.86539924889058e-05 8.219619309899649e-06
17.23333333333298 8.941057554065744e-05 -1.213219406342e-05
17.23611111111076 8.550572699769489e-05 -3.239048833095065e-05
17.23888888888853 7.702395949416997e-05 -5.149035686315831e-05
17.24166666666631 6.429235134178332e-05 -6.840113602690346e-05
17.24444444444408 4.786920023048662e-05 -8.218147371762916e-05
17.24722222222186 2.85202220088297e-05 -9.20309770633289e-05
17.24999999999964 7.183270329187928e-06 -9.73356343926222e-05
17.25277777777741 -1.507681845820524e-05 -9.770447486257573e-05
17.25555555555519 -3.712109402968704e-05 -9.299533752940132e-05
17.25833333333297 -5.779445941808334e-05 -8.332815126041205e-05
17.26111111111074 -7.598579706810546e-05 -6.908475205336384e-05
17.26388888888852 -9.068713767486509e-05 -5.089495380018891e-05
17.2666666666663 -0.0001010487408654965 -2.96093070462487e-05
17.26944444444407 -0.0001064271068004919 -6.259690379422334e-06
17.27222222222185 -0.0001064232480616775 1.799045698465643e-05
17.27499999999963 -0.0001009090084496166 4.190387106605261e-05
17.2777777777774 -9.003979818122313e-05 6.423230971896794e-05
17.28055555555518 -7.425279508151448e-05 8.378132616143856e-05
17.28333333333295 -5.425040465852703e-05 9.947362065846982e-05
17.28611111111073 -3.096954044920715e-05 0.0001104076294130727
17.28888888888851 -5.53803972720025e-06 0.0001159081931395333
17.29166666666628 2.077977135107088e-05 0.0001155665003617948
17.29444444444406 4.66457425580342e-05 0.0001092670067344462
17.29722222222184 7.071569321224198e-05 9.719966779501265e-05
17.29999999999961 9.170890634966211e-05 7.985655745297551e-05
17.30277777777739 0.000108475741414607 5.801274140688465e-05
17.30555555555517 0.0001200598140621645 3.269209288256684e-05
17.30833333333294 0.0001257514083001396 5.119535129615571e-06
17.31111111111072 0.0001251291807078584 -2.333807106770663e-05
17.3138888888885 0.0001180877712582782 -5.123954545220385e-05
17.31666666666627 0.0001048496240674845 -7.714216873026868e-05
17.31944444444405 8.596011048766658e-05 -9.967595384135346e-05
17.32222222222182 6.226589685651778e-05 -0.0001176155934798843
17.3249999999996 3.487736662213825e-05 -0.0001299463220599076
17.32777777777738 5.116746598644338e-06 -0.0001359201793186658
17.33055555555515 -2.554564437717269e-05 -0.0001350995982097833
17.33333333333293 -5.556395021599621e-05 -0.0001273858419679193
17.33611111111071 -8.339455416123125e-05 -0.0001130305555873003
17.33888888888848 -0.0001075751652646348 -9.262953917562766e-05
17.34166666666626 -0.0001268011695046183 -6.709875261938062e-05
17.34444444444404 -0.0001399952739020467 -3.763347689981778e-05
17.34722222222181 -0.0001463667518365217 -5.65244001601874e-06
17.34999999999959 -0.0001454570724762237 2.727048135940033e-05
17.35277777777737 -0.0001371693451616442 5.948369234918312e-05
17.35555555555514 -0.0001217797998003602 8.934062842409455e-05
17.35833333333292 -9.993041812230189e-05 0.0001152836744733039
17.3611111111107 -7.260278340536362e-05 0.0001359249815786755
17.36388888888847 -4.10741797578833e-05 0.0001501200011234376
17.36666666666625 -6.857896774234879e-06 0.000157029864310283
17.36944444444402 2.836946673709408e-05 0.000156169246732176
17.3722222222218 6.285019949560322e-05 0.0001474370488415578
17.37499999999958 9.483313693816336e-05 0.0001311280609284691
17.37777777777735 0.0001226624063299572 0.0001079247245295941
17.38055555555513 0.0001448627618290166 7.886910407464322e-05
17.38333333333291 0.0001602171221451193 4.531619247292678e-05
17.38611111111068 0.0001678322574947267 8.870640656296431e-06
17.38888888888846 0.0001671891178651522 -2.869012616576658e-05
17.39166666666624 0.0001581750259618565 -6.550270939621995e-05
17.39444444444401 0.0001410958406056427 -9.97102041134254e-05
17.39722222222179 0.0001166671866044167 -0.0001295557355660083
17.39999999999957 8.598489607978447e-05 -0.0001534723518279083
17.40277777777734 5.047586115033018e-05 -0.0001701646807455711
17.40555555555512 1.183150514246931e-05 -0.0001786781152836991
17.40833333333289 -2.807301267436735e-05 -0.0001784518665740242
17.41111111111067 -6.726998271758428e-05 -0.0001693529916886915
17.41388888888845 -0.0001037962709007586 -0.000151689426620226
17.41666666666622 -0.0001357915786142189 -0.0001262010890519376
17.419444444444 -0.0001615929137618225 -9.40292090598569e-05
17.42222222222178 -0.0001798204798808393 -5.666514416681904e-05
17.42499999999955 -0.0001894505638462063 -1.588098264257942e-05
17.42777777777733 -0.0001898716031590174 2.635481788027787e-05
17.43055555555511 -0.0001809204133906367 6.797271927775295e-05
17.43333333333288 -0.000162896516679413 0.0001069036864592874
17.43611111111066 -0.0001365535864640367 0.0001411820635953408
17.43888888888844 -0.000103068158886073 0.0001690446193484279
17.44166666666621 -6.398690094522749e-05 0.0001890207716020173
17.44444444444399 -2.115481226071458e-05 0.0002000093880315956
17.44722222222176 2.337228395550887e-05 0.0002013381793814965
17.44999999999954 6.742678452538262e-05 0.0001928025285228407
17.45277777777732 0.0001088350885803616 0.0001746815907176783
17.45555555555509 0.0001455249364585101 0.0001477306107454457
17.45833333333287 0.0001756289922490964 0.0001131495760981661
17.46111111111065 0.0001975794899531846 7.252950413548102e-05
17.46388888888842 0.0002101891556952356 2.777878600823791e-05
17.4666666666662 0.0002127142529765641 -1.896697534866443e-05
17.46944444444398 0.0002048964449332581 -6.544734334676058e-05
17.47222222222175 0.0001869811864257084 -0.0001093867055077046
17.47499999999953 0.0001597115001307195 -0.0001486058673780212
17.47777777777731 0.0001242971987551857 -0.0001811300939441738
17.48055555555508 8.236083044986678e-05 -0.0002052882357821686
17.48333333333286 3.586278613483846e-05 -0.0002197979698772971
17.48611111111063 -1.299094233983954e-05 -0.0002238328270301246
17.48888888888841 -6.185397838675541e-05 -0.0002170675389426068
17.49166666666619 -0.0001083526999455141 -0.0001996992773050726
17.49444444444396 -0.0001502018184148349 -0.0001724435242109293
17.49722222222174 -0.0001853167491203393 -0.0001365045511116291
17.49999999999952 -0.0002119172377336135 -9.352173153369392e-05
17.50277777777729 -0.0002286170931050127 -4.549410931164866e-05
17.50555555555507 -0.0002344955191598865 5.313270242735879e-06
17.50833333333285 -0.0002291464067220823 5.64768382451264e-05
17.51111111111062 -0.0002127029989169522 0.0001055306520904416
17.5138888888884 -0.000185836530400065 0.0001500856185735861
17.51666666666618 -0.0001497287034281398 0.0001879460017132619
17.51944444444395 -0.0001060191410836504 0.0002172175193245828
17.52222222222173 -5.673018713040655e-05 0.0002364017044318408
17.5249999999995 -4.172542457091557e-06 0.0002444718422827032
17.52777777777728 4.916381562107157e-05 0.0002409266612156181
17.53055555555506 0.0001007282404128197 0.0002258190145728168
17.53333333333283 0.0001480318631744969 0.0001997579903186086
17.53611111111061 0.0001887679739053636 0.0001638841670017436
17.53888888888839 0.0002209244946473787 0.0001198190369206834
17.54166666666616 0.0002428830546984685 6.959087634053642e-05
17.54444444444394 0.0002534997961438308 1.55404967897954e-05
17.54722222222172 0.0002521638966005377 -3.978869580126244e-05
17.54999999999949 0.0002388308531726396 -9.377112501502149e-05
17.55277777777727 0.0002140287766153669 -0.0001438242086471144
17.55555555555505 0.0001788372395637049 -0.0001875322647274501
17.55833333333282 0.0001348395448183888 -0.0002227631915356514
17.5611111111106 8.40505650482865e-05 -0.000247772275122186
17.56388888888837 2.882349146235295e-05 -0.0002612880726744544
17.56666666666615 -2.826014169811307e-05 -0.0002625761608646174
17.56944444444393 -8.451196779849132e-05 -0.0002514775850486702
17.5722222222217 -0.0001372640697079366 -0.0002284200477809701
17.57499999999948 -0.0001839959699520444 -0.0001944011758493434
17.57777777777726 -0.0002224552577413686 -0.0001509445413772004
17.58055555555503 -0.0002507660648445313 -0.0001000304201351398
17.58333333333281 -0.0002675201642677167 -4.400448601900265e-05
17.58611111111059 -0.0002718462797627523 1.453129397527992e-05
17.58888888888836 -0.0002634542215797413 7.284043647830437e-05
17.59166666666614 -0.0002426516555521684 0.0001281806425558955
17.59444444444392 -0.0002103326115742235 0.0001779333288812282
17.59722222222169 -0.0001679381816351467 0.000219727840049728
17.59999999999947 -0.0001173911824668508 0.0002515544308625781
17.60277777777724 -6.100780011813212e-05 0.0002718606278197324
17.60555555555502 -1.390333932011095e-06 0.0002796263571572169
17.6083333333328 5.869393715279753e-05 0.0002744142254748936
17.61111111111057 0.0001164420756085062 0.0002563925107370426
17.61388888888835 0.0001691469056852891 0.0002263297103404144
17.61666666666613 0.0002143243364312533 0.0001855608376222671
17.6194444444439 0.0002498305758350934 0.0001359269946139724
17.62222222222168 0.0002739636948068158 7.969101347115909e-05
17.62499999999946 0.0002855447325279263 1.943309178409021e-05
17.62777777777723 0.0002839744951610349 -4.206870581209332e-05
17.63055555555501 0.0002692633422716266 -0.000101967490416154
17.63333333333279 0.0002420325252928555 -0.0001574800939287089
17.63611111111056 0.0002034869796941038 -0.0002060169067469791
17.63888888888834 0.0001553608138634354 -0.0002453029236919644
17.64166666666612 9.983801969576149e-05 -0.0002734843255203676
17.64444444444389 3.945209205817304e-05 -0.0002892156017401071
17.64722222222167 -2.303076793359598e-05 -0.0002917231329736578
17.64999999999944 -8.473942375298758e-05 -0.0002808422543656519
17.65277777777722 -0.000142830595538258 -0.0002570260631946642
17.655555555555 -0.0001946204894743361 -0.0002213255552107895
17.65833333333277 -0.0002377091395233266 -0.0001753420130106916
17.66111111111055 -0.0002700916820035362 -0.0001211538630754503
17.66388888888833 -0.000290251398533469 -6.122140540009258e-05
17.6666666666661 -0.0002972302178602398 1.726154419540691e-06
17.66944444444388 -0.0002906734213368935 6.481612376358022e-05
17.67222222222166 -0.0002708465003764148 0.0001251643748098295
17.67499999999943 -0.0002386234103696263 0.0001800079140177082
17.67777777777721 -0.0001954467934752062 0.0002268318408461717
17.68055555555499 -0.0001432620403093263 0.0002634848393979637
17.68333333333276 -8.442826755867152e-05 0.000288277889949438
17.68611111111054 -2.1610349013869e-05 0.0003000616754951352
17.68888888888831 4.234299720357364e-05 0.000298279153771258
17.69166666666609 0.0001045294318118491 0.0002829909206738611
17.69444444444387 0.0001621255267742516 0.0002548722521805957
17.69722222222164 0.0002125155167674526 0.0002151820198685404
17.69999999999942 0.0002534103721577876 0.0001657049690510594
17.7027777777772 0.0002829517598310984 0.0001086700686233162
17.70555555555497 0.000299796170687763 4.664873182159228e-05
17.70833333333275 0.0003031754194017758 -1.756238244408672e-05
17.71111111111053 0.0002929308192492517 -8.106858826710654e-05
17.7138888888883 0.0002695195509415536 -0.0001410085736646061
17.71666666666608 0.0002339930227156194 -0.000194683977717331
17.71944444444386 0.0001879483002636374 -0.0002396812460477394
17.72222222222163 0.0001334549104822704 -0.0002739802446065294
17.72499999999941 7.296043650276223e-05 -0.0002960447403948119
17.72777777777718 9.179272632486993e-06 -0.0003048907067321671
17.73055555555496 -5.503034588296782e-05 -0.0003001294397045758
17.73333333333274 -0.0001167954149024608 -0.0002819836331767022
17.73611111111051 -0.0001733574627984822 -0.0002512757981982914
17.73888888888829 -0.0002221962288617927 -0.0002093896716499887
17.74166666666607 -0.0002611421526653392 -0.0001582064808742624
17.74444444444384 -0.0002884726460093668 -0.0001000190603582402
17.74722222222162 -0.0003029878817591755 -3.742780239354104e-05
17.7499999999994 -0.0003040627851009729 2.677677771376798e-05
17.75277777777717 -0.0002916730078694794 8.973950489873292e-05
17.75555555555495 -0.0002663938546586552 0.000148668349322366
17.75833333333273 -0.000229372355781551 0.0002009588162676594
17.7611111111105 -0.0001822738907919495 0.0002443093549447293
17.76388888888828 -0.0001272059026289175 0.0002768226609086764
17.76666666666605 -6.662225558034936e-05 0.0002970884155755297
17.76944444444383 -3.212635438441771e-06 0.0003042438708118558
17.77222222222161 6.021796933870109e-05 0.0002980097060926445
17.77499999999938 0.0001208742580333417 0.0002786997128333993
17.77777777777716 0.0001760944718107568 0.0002472040434084077
17.78055555555494 0.0002234675965173445 0.0002049469472384572
17.78333333333271 0.0002609387384435031 0.0001538210498047069
17.78611111111049 0.0002868980657883778 9.610126203510713e-05
17.78888888888827 0.0003002494783252355 3.434229179638307e-05
17.79166666666604 0.0003004561022844804 -2.873557198280439e-05
17.79444444444382 0.0002875607632798793 -9.036724834368487e-05
17.7972222222216 0.0002621807186108381 -0.0001478648230692429
17.79999999999937 0.0002254770802739334 -0.0001987352679673524
17.80277777777715 0.0001791004798402625 -0.0002407887466214376
17.80555555555492 0.0001251155662937417 -0.0002722327958195132
17.8083333333327 6.590784243090386e-05 -0.0002917483400073264
17.81111111111048 4.077095080621777e-06 -0.0002985443371738705
17.81388888888825 -5.767777241068576e-05 -0.0002923888291999634
17.81666666666603 -0.000116677362606309 -0.0002736152330047556
17.81944444444381 -0.0001703786154693231 -0.0002431038125767137
17.82222222222158 -0.0002164847331160513 -0.0002022393666884276
17.82499999999936 -0.0002530434369612316 -0.000152847204269949
17.82777777777714 -0.000278529357503035 -9.71104138482751e-05
17.83055555555491 -0.0002919070973252071 -3.747222486771686e-05
17.83333333333269 -0.000292672392264214 2.347212604097597e-05
17.83611111111047 -0.0002808697834524786 8.30891968705439e-05
17.83888888888824 -0.0002570862591074619 0.0001388217862397456
17.84166666666602 -0.0002224213826853446 0.0001882990258727643
17.84444444444379 -0.0001784354465879517 0.0002294373670104011
17.84722222222157 -0.000127078133434789 0.0002605281588833466
17.84999999999935 -7.060098961462065e-05 0.0002803081509684022
17.85277777777712 -1.145768378133276e-05 0.0002880100371413356
17.8555555555549 4.780349102280167e-05 0.000283391062393717
17.85833333333268 0.0001046501277642712 0.0002667386904477354
17.86111111111045 0.0001566744099227412 0.000238853339499511
17.86388888888823 0.0002016953280206694 0.0002010091889174534
17.86666666666601 0.0002378500646048423 0.0001548949986541128
17.86944444444378 0.0002636707269623709 0.0001025377252412904
17.87222222222156 0.0002781432888156942 4.62124281391218e-05
17.87499999999934 0.0002807464112079953 -1.165749112572275e-05
17.87777777777711 0.0002714687117354121 -6.860530868691042e-05
17.88055555555489 0.0002508039998105192 -0.000122226678712649
17.88333333333266 0.0002197249517988413 -0.0001702814667792533
17.88611111111044 0.0001796366220519409 -0.0002107873953786414
17.88888888888822 0.000132312034607998 -0.0002421015907817662
17.89166666666599 7.981284000616187e-05 -0.000262986693403039
17.89444444444377 2.43986219493123e-05 -0.0002726589022251416
17.89722222222155 -3.157112434883606e-05 -0.0002708161350414382
17.89999999999932 -8.573806261783384e-05 -0.0002576453635882662
17.9027777777771 -0.0001358447853771504 -0.0002338090872232192
17.90555555555488 -0.0001798290515612598 -0.0002004118012082292
17.90833333333265 -0.0002159085577653226 -0.0001589481576755578
17.91111111111043 -0.0002426527702601002 -0.0001112352736309931
17.91388888888821 -0.0002590389476683092 -5.933227975587259e-05
17.91666666666598 -0.0002644902000386653 -5.450700892129868e-06
17.91944444444376 -0.0002588942265158806 4.81404050601473e-05
17.92222222222154 -0.0002426022153452608 9.921046012478043e-05
17.92499999999931 -0.0002164082398282566 0.0001456604553525353
17.92777777777709 -0.0001815103055897811 0.0001856092274627688
17.93055555555486 -0.0001394549635404866 0.0002174693838911226
17.93333333333264 -9.206806795234963e-05 0.0002400098310353244
17.93611111111042 -4.137480344230363e-05 0.0002524024753180346
17.93888888888819 1.048749261989635e-05 0.0002542513740695363
17.94166666666597 6.135993929476334e-05 0.0002456033814480512
17.94444444444375 0.0001091522972144501 0.0002269401299129293
17.94722222222152 0.0001519289558089205 0.000199151975929842
17.9499999999993 0.0001879871883239322 0.0001634952863228331
17.95277777777708 0.0002159245246985642 0.000121535118117443
17.95555555555485 0.0002346926025373554 7.507592255300145e-05
17.95833333333263 0.0002436354684239314 2.608336064964088e-05
17.96111111111041 0.0002425109879238964 -2.339936367111905e-05
17.96388888888818 0.00023149475245458 -7.133707716289069e-05
17.96666666666596 0.0002111666131787648 -0.0001157865251528216
17.96944444444373 0.0001824806947454628 -0.0001549751156088021
17.97222222222151 0.0001467204150704864 -0.0001873713376332398
17.97499999999929 0.0001054406341235911 -0.0002117440768680538
17.97777777777706 6.039955139273539e-05 -0.0002272085627733593
17.98055555555484 1.348334949263555e-05 -0.000233257279873409
17.98333333333262 -3.337317304830995e-05 -0.0002297748300724458
17.98611111111039 -7.826663109356971e-05 -0.0002170364175263978
17.98888888888817 -0.0001194024312021257 -0.0001956903120750952
17.99166666666595 -0.0001551663584148763 -0.000166725303368012
17.99444444444372 -0.0001841875304769155 -0.0001314247587830103
17.9972222222215 -0.000205390289631085 -9.130942020090524e-05
17.99999999999928 -0.0002180331055760618 -4.807149762982358e-05
18.00277777777705 -0.0002217331360189834 -3.502926099974688e-06
18.00555555555483 -0.0002164757081811068 4.057916411817607e-05
18.0083333333326 -0.0002026086191400355 8.240666003074785e-05
18.01111111111038 -0.0001808217783234305 0.0001203313324626985
18.01388888888816 -0.0001521133061531613 0.0001528895262986359
18.01666666666593 -0.000117743735132102 0.0001788581547432115
18.01944444444371 -7.918041289805715e-05 0.0001972998854729519
18.02222222222149 -3.803456403004853e-05 0.0002075958920413593
18.02499999999926 4.006283859306946e-06 0.000209465085564494
18.02777777777704 4.52476717542192e-05 0.0002029693159956521
18.03055555555482 8.405652719125596e-05 0.0001885046148341876
18.03333333333259 0.0001189256806079892 0.0001667791178073504
18.03611111111037 0.0001485320455197777 0.0001387788340385
18.03888888888815 0.0001717862399337933 0.0001057228967419355
18.04166666666592 0.0001878718218839493 6.901032179578792e-05
18.0444444444437 0.0001962727728218942 3.016060046320972e-05
18.04722222222147 0.0001967883684358212 -9.249349005553414e-06
18.04999999999925 0.0001895351055843251 -4.764925481728202e-05
18.05277777777703 0.0001749358843046307 -8.353799096435511e-05
18.0555555555548 0.0001536971536712982 -0.0001155420251385206
18.05833333333258 0.0001267751994113983 -0.0001424675572026475
18.06111111111036 9.533316157749341e-05 -0.0001633443955889187
18.06388888888813 6.069070703811254e-05 -0.0001774599959884603
18.06666666666591 2.426853227081532e-05 -0.0001843825182292711
18.06944444444369 -1.246997105212365e-05 -0.0001839722244691659
18.07222222222146 -4.807749592686696e-05 -0.0001763810249790356
18.07499999999924 -8.117969193007101e-05 -0.0001620404569179705
18.07777777777702 -0.0001105279077310099 -0.0001416388373935086
18.08055555555479 -0.0001350458006055396 -0.000116088746966395
18.08333333333257 -0.0001538681020727113 -8.648635796287466e-05
18.08611111111034 -0.0001663701826863028 -5.406441055781983e-05
18.08888888888812 -0.0001721874582774847 -2.014084881334034e-05
18.0916666666659 -0.0001712241073550571 1.393474760700919e-05
18.09444444444367 -0.0001636510070527623 4.683476517465693e-05
18.09722222222145 -0.0001498932251651927 7.730507309387049e-05
18.09999999999923 -0.0001306078114318476 0.0001042124714656904
18.102777777777 -0.0001066529967737459 0.0001265862983848072
18.10555555555478 -7.905022113524588e-05 0.0001436526989490397
18.10833333333256 -4.894065798171937e-05 0.0001548603869239123
18.11111111111033 -1.753807823256223e-05 0.0001598970952958456
18.11388888888811 1.392000645259357e-05 0.0001586962995455562
18.11666666666589 4.422096331562383e-05 0.0001514341911985835
18.11944444444366 7.222352336140615e-05 0.000138517263246886
18.12222222222144 9.690036702908281e-05 0.0001205612284369295
18.12499999999921 0.0001173752454757857 9.836231264801091e-05
18.12777777777699 0.0001329533277101182 7.286223699735303e-05
18.13055555555477 0.0001431437637243757 4.510841461502523e-05
18.13333333333254 0.0001476737851058513 1.621103451933793e-05
18.13611111111032 0.0001464940133621428 -1.270121817993544e-05
18.1388888888881 0.0001397749981516573 -4.052505044300366e-05
18.14166666666587 0.0001278953488243983 -6.622436533177682e-05
18.14444444444365 0.0001114221400594598 -8.886841666179794e-05
18.14722222222143 9.108455417074278e-05 -0.0001076649338082203
18.1499999999992 6.774195884784403e-05 -0.0001219870695845553
18.15277777777698 4.234780179617419e-05 -0.0001313932955298649
18.15555555555476 1.591082739711195e-05 -0.0001356396666250635
18.15833333333253 -1.054481795919482e-05 -0.0001346841890131197
18.16111111111031 -3.601902632367477e-05 -0.0001286833371274147
18.16388888888808 -5.957321070480663e-05 -0.0001179810685154899
18.16666666666586 -8.036444422327941e-05 -0.0001030909641521485
18.16944444444364 -9.767503890777169e-05 -8.467236897808477e-05
18.17222222222141 -0.0001109365576206988 -6.350161318231145e-05
18.17499999999919 -0.0001197474956848913 -4.043955264928224e-05
18.17777777777697 -0.0001238841340237805 -1.639677237889112e-05
18.18055555555474 -0.0001233043420733781 7.70215289684137e-06
18.18333333333252 -0.0001181443853235657 3.095395144461843e-05
18.1861111111103 -0.0001087090584182655 5.251016921585292e-05
18.18888888888807 -9.545571034443754e-05 7.160768249614319e-05
18.19166666666585 -7.897294455475397e-05 8.759513559568689e-05
18.19444444444363 -5.995495650509985e-05 9.995441815410501e-05
18.1972222222214 -3.917260830328721e-05 0.00010831651220866
18.19999999999918 -1.744243106651461e-05 0.0001124712736193248
18.20277777777696 4.405211835936469e-06 0.0001123709561739375
18.20555555555473 2.555757326729606e-05 0.000108127530051482
18.20833333333251 4.524940751926418e-05 0.0001000040800083663
18.21111111111028 6.279021261735075e-05 8.84007840468824e-05
18.21388888888806 7.758788353771321e-05 7.383616280352389e-05
18.21666666666584 8.916799517782579e-05 5.692444708550911e-05
18.21944444444361 9.718812326481919e-05 3.835003096835273e-05
18.22222222222139 0.0001014468170050612 1.884005732492875e-05
18.22499999999917 0.0001018870508206016 -8.637800871376378e-07
18.22777777777694 9.859419559405117e-05 -2.003313877095377e-05
18.23055555555472 9.178875439999925e-05 -3.797960016401282e-05
18.2333333333325 8.181429626638451e-05 -5.407896209898285e-05
18.23611111111027 6.912118749912647e-05 -6.779241633279825e-05
18.23888888888805 5.424685801397697e-05 -7.868391997690185e-05
18.24166666666583 3.779344571200379e-05 -8.643323437834513e-05
18.2444444444436 2.040373234400685e-05 -9.084428393910352e-05
18.24722222222138 2.736318103549493e-06 -9.184867328424488e-05
18.24999999999915 -1.455902062263699e-05 -8.9504386858766e-05
18.25277777777693 -3.086488395396851e-05 -8.398987348077309e-05
18.25555555555471 -4.561787585509848e-05 -7.559388315740473e-05
18.25833333333248 -5.832756964782289e-05 -6.470156888728899e-05
18.26111111111026 -6.859219858610605e-05 -5.177748746714576e-05
18.26388888888804 -7.611060028415489e-05 -3.734622681606103e-05
18.26666666666581 -8.06900982695987e-05 -2.197145052626595e-05
18.26944444444359 -8.225016477415413e-05 -6.234181978469395e-06
18.27222222222137 -8.082186985257089e-05 9.288849619528423e-06
18.27499999999914 -7.654327703575292e-05 2.404600935683397e-05
18.27777777777692 -6.965108942087447e-05 3.752996965355129e-05
18.2805555555547 -6.046897745976213e-05 4.929468663443805e-05
18.28333333333247 -4.939312660047395e-05 5.89695949350122e-05
18.28611111111025 -3.687562615926872e-05 6.6270597039334e-05
18.28888888888802 -2.340637814289152e-05 7.10075555086347e-05
18.2916666666658 -9.494235052164281e-06 7.308813466283246e-05
18.29444444444358 4.351921143312401e-06 7.25179771054233e-05
18.29722222222135 1.764146975435042e-05 6.939733478393986e-05
18.29999999999913 2.9919070237347e-05 6.391439928051888e-05
18.30277777777691 4.077983680355135e-05 5.633568747987617e-05
18.30555555555468 4.988218401353432e-05 4.69939330806375e-05
18.30833333333246 5.695796066186346e-05 3.627400879314107e-05
18.31111111111024 6.181960149032605e-05 2.459745653214847e-05
18.31388888888801 6.436414415835799e-05 1.240623239115723e-05
18.31666666666579 6.457407792633021e-05 1.462794749147767e-07
18.31944444444357 6.251510627034403e-05 -1.174847455635712e-05
18.32222222222134 5.833101405401326e-05 -2.287113565806975e-05
18.32499999999912 5.223592726467461e-05 -3.285537386410382e-05
18.32777777777689 4.450433656555362e-05 -4.138703486362361e-05
18.33055555555467 3.545932255052999e-05 -4.821348658782e-05
18.33333333333245 2.545946884432735e-05 -5.315044902000271e-05
18.33611111111022 1.48849780511382e-05 -5.608615520436698e-05
18.338888888888 4.123514734390792e-06 -5.698279281640419e-05
18.34166666666578 -6.443710429805203e-06 -5.587527492727857e-05
18.34444444444355 -1.645512931822355e-05 -5.28674822489307e-05
18.34722222222133 -2.558083632299935e-05 -4.812620402646394e-05
18.34999999999911 -3.353305666026022e-05 -4.187307814394531e-05
18.35277777777688 -4.007475005541952e-05 -3.43748907495254e-05
18.35555555555466 -4.502611524413174e-05 -2.593264019035387e-05
18.35833333333244 -4.826884440257804e-05 -1.686979830225269e-05
18.36111111111021 -4.974806234643837e-05 -7.520213769842311e-06
18.36388888888799 -4.947196995358176e-05 1.783902373497396e-06
18.36666666666576 -4.75092917915677e-05 1.072348916583477e-05
18.36944444444354 -4.398470165432734e-05 1.900326036698758e-05
18.37222222222132 -3.907246428392035e-05 2.636110220996056e-05
18.37499999999909 -3.298858504949258e-05 3.257596182714106e-05
18.37777777777687 -2.598180033493032e-05 3.7474008318725e-05
18.38055555555465 -1.832376891381542e-05 4.093291790904161e-05
18.38333333333242 -1.029883825527168e-05 4.288420650963324e-05
18.3861111111102 -2.193759605604771e-06 4.331360462780517e-05
18.38888888888798 5.712287583962225e-06 4.225953839516636e-05
18.39166666666575 1.315702673293262e-05 3.980984422394731e-05
18.39444444444353 1.990347170847747e-05 3.609690119332429e-05
18.39722222222131 2.574711704094385e-05 3.129141303005223e-05
18.39999999999908 3.052172906791971e-05 2.559510917179651e-05
18.40277777777686 3.410359332128584e-05 1.923266099890582e-05
18.40555555555463 3.641413315002586e-05 1.244312443337858e-05
18.40833333333241 3.742087469262589e-05 5.471223697131716e-06
18.41111111111019 3.713679174321285e-05 -1.441216525196159e-06
18.41388888888796 3.561811882317307e-05 -8.063401211821784e-06
18.41666666666574 3.296077011577224e-05 -1.418299535455771e-05
18.41944444444352 2.929554435787661e-05 -1.961262765934837e-05
18.42222222222129 2.478233013389188e-05 -2.419528227010926e-05
18.42499999999907 1.960355144019462e-05 -2.780843937282307e-05
18.42777777777685 1.395710939732399e-05 -3.036687453201794e-05
18.43055555555462 8.049082442299471e-06 -3.182407659441754e-05
18.4333333333324 2.086444439215477e-06 -3.217229317849041e-05
18.43611111111018 -3.729951576418376e-06 -3.144125948327449e-05
18.43888888888795 -9.211896051725005e-06 -2.969570888688184e-05
18.44166666666573 -1.418965072689071e-05 -2.703180126318987e-05
18.4444444444435 -1.851691282100995e-05 -2.357263606852586e-05
18.44722222222128 -2.207478362875459e-05 -1.946304125142823e-05
18.44999999999906 -2.477464926299101e-05 -1.486384541514379e-05
18.45277777777683 -2.655992236337345e-05 -9.945849198294531e-06
18.45555555555461 -2.740663458083272e-05 -4.883712602390985e-06
18.45833333333239 -2.732290914013651e-05 1.500316842878378e-07
18.46111111111016 -2.634737948873413e-05 4.990642463281337e-06
18.46388888888794 -2.454665283132614e-05 9.486334830698624e-06
18.46666666666572 -2.201194528491676e-05 1.350279349768155e-05
18.46944444444349 -1.885503773935177e-05 1.692691131631438e-05
18.47222222222127 -1.520371777228302e-05 1.966966137088314e-05
18.47499999999905 -1.119688287491831e-05 2.16680443191403e-05
18.47777777777682 -6.979483759779076e-06 2.28860864307053e-05
18.4805555555546 -2.697483824624734e-06 2.331489680317654e-05
18.48333333333238 1.506997674150171e-06 2.297182345009507e-05
18.48611111111015 5.500204964490078e-06 2.189877637670041e-05
18.48888888888793 9.160792162425644e-06 2.015981055845537e-05
18.4916666666657 1.238328330158762e-05 1.783808224726429e-05
18.49444444444348 1.508085735275943e-05 1.503230776356185e-05
18.49722222222126 1.71873962047405e-05 1.185286458755068e-05
18.49999999999903 1.865876100682452e-05 8.417680025760711e-06
18.50277777777681 1.947328956019321e-05 4.848053067627835e-06
