16.5 1.513621788252966e-07 -1.548942857131617e-07
16.50277777777778 1.49153314534942e-07 -1.666982078813833e-07
16.50555555555555 1.463276254512852e-07 -1.787652268106846e-07
16.50833333333333 1.428539937348823e-07 -1.910739475863297e-07
16.51111111111111 1.387014276873599e-07 -2.036008319471109e-07
16.51388888888888 1.33839172066451e-07 -2.163201430608204e-07
16.51666666666666 1.282368243050837e-07 -2.292038943657927e-07
16.51944444444444 1.218644565847338e-07 -2.422218028979888e-07
16.52222222222221 1.1469274369007e-07 -2.553412475302489e-07
16.52499999999999 1.066930965468984e-07 -2.685272325589896e-07
16.52777777777776 9.783780132014657e-08 -2.817423570790284e-07
16.53055555555554 8.810016392133094e-08 -2.94946790593572e-07
16.53333333333332 7.745465974781619e-08 -3.080982553091555e-07
16.53611111111109 6.587708844688711e-08 -3.211520155688194e-07
16.53888888888887 5.334473346898186e-08 -3.340608748766428e-07
16.54166666666665 3.983652614299456e-08 -3.467751809676082e-07
16.54444444444442 2.533321397642481e-08 -3.592428393731712e-07
16.5472222222222 9.81753285106145e-09 -3.714093359295289e-07
16.54999999999998 -6.725617248193049e-09 -3.832177686702515e-07
16.55277777777775 -2.430899336510774e-08 -3.946088895358717e-07
16.55555555555553 -4.294282799350217e-08 -4.055211563249101e-07
16.55833333333331 -6.263464524882067e-08 -4.158907952975599e-07
16.56111111111108 -8.338907528661104e-08 -4.256518748308192e-07
16.56388888888886 -1.052076674960531e-07 -4.347363905062241e-07
16.56666666666663 -1.280887030331438e-07 -4.430743619944935e-07
16.56944444444441 -1.520270072898471e-07 -4.505939420795932e-07
16.57222222222219 -1.770137629307382e-07 -4.572215381424895e-07
16.57499999999996 -2.030363241601582e-07 -4.628819463989233e-07
16.57777777777774 -2.300780329175225e-07 -4.674984991582835e-07
16.58055555555552 -2.581180377280037e-07 -4.709932253397065e-07
16.58333333333329 -2.871311159687741e-07 -4.7328702444929e-07
16.58611111111107 -3.170875003397839e-07 -4.742998541867375e-07
16.58888888888885 -3.479527103578395e-07 -4.739509318120806e-07
16.59166666666662 -3.796873897189696e-07 -4.721589493627868e-07
16.5944444444444 -4.122471504019622e-07 -4.68842302768772e-07
16.59722222222218 -4.455824244080334e-07 -4.639193348677102e-07
16.59999999999995 -4.796383240559077e-07 -4.57308592275206e-07
16.60277777777773 -5.143545117707033e-07 -4.489290960145598e-07
16.6055555555555 -5.496650803247489e-07 -4.387006257581204e-07
16.60833333333328 -5.854984445012674e-07 -4.2654401747823e-07
16.61111111111106 -6.217772451693283e-07 -4.123814742480399e-07
16.61388888888883 -6.584182667644864e-07 -3.961368898745985e-07
16.61666666666661 -6.953323691805618e-07 -3.777361849847118e-07
16.61944444444439 -7.324244350794197e-07 -3.571076551223935e-07
16.62222222222216 -7.695933336293598e-07 -3.341823303510655e-07
16.62499999999994 -8.067319016776121e-07 -3.088943457887798e-07
16.62777777777772 -8.437269433584869e-07 -2.811813224362288e-07
16.63055555555549 -8.804592491276759e-07 -2.509847575890247e-07
16.63333333333327 -9.168036351989155e-07 -2.182504240560122e-07
16.63611111111105 -9.526290043425619e-07 -1.829287773341028e-07
16.63888888888882 -9.877984289819269e-07 -1.449753698189883e-07
16.6416666666666 -1.022169257497131e-06 -1.043512710593988e-07
16.64444444444437 -1.05559324461498e-06 -6.102349298988588e-08
16.64722222222215 -1.087916706727058e-06 -1.496541900566359e-08
16.64999999999993 -1.118980702938242e-06 3.384276432965752e-08
16.6527777777777 -1.148621242600968e-06 8.541363422230426e-08
16.65555555555548 -1.176669520041967e-06 1.397520985841651e-07
16.65833333333326 -1.202952177131062e-06 1.968549643848416e-07
16.66111111111103 -1.227291594281735e-06 2.567105089077324e-07
16.66388888888881 -1.249506210408042e-06 3.192980554641954e-07
16.66666666666659 -1.26941087229052e-06 3.845875551825275e-07
16.66944444444436 -1.286817213729502e-06 4.525391765527478e-07
16.67222222222214 -1.30153406478158e-06 5.231029044631292e-07
16.67499999999992 -1.31336789129096e-06 5.962181505257574e-07
16.67777777777769 -1.322123264834738e-06 6.718133765348732e-07
16.68055555555547 -1.327603363106513e-06 7.498057329553208e-07
16.68333333333324 -1.329610500661754e-06 8.301007143800456e-07
16.68611111111102 -1.327946689842805e-06 9.125918339370401e-07
16.6888888888888 -1.32241423159215e-06 9.971603186603666e-07
16.69166666666657 -1.312816335747692e-06 1.083674827871426e-06
16.69444444444435 -1.298957770296211e-06 1.171991196638683e-06
16.69722222222213 -1.280645538938066e-06 1.261952206406311e-06
16.6999999999999 -1.257689586191094e-06 1.353387384888428e-06
16.70277777777768 -1.22990352913134e-06 1.44611283733987e-06
16.70555555555546 -1.197105414736483e-06 1.539931111304362e-06
16.70833333333323 -1.159118501661621e-06 1.634631096939173e-06
16.71111111111101 -1.115772065140681e-06 1.729987964993664e-06
16.71388888888879 -1.066902223563987e-06 1.825763144502621e-06
16.71666666666656 -1.012352785144774e-06 1.921704342213306e-06
16.71944444444434 -9.519761129399043e-07 2.017545605734937e-06
16.72222222222211 -8.856340063509929e-07 2.113007432341028e-06
16.72499999999989 -8.131985970827563e-07 2.207796925305099e-06
16.72777777777767 -7.34553257396732e-07 2.301607999575157e-06
16.73055555555544 -6.495935183493504e-07 2.394121638523565e-06
16.73333333333322 -5.582279955667704e-07 2.485006203415625e-06
16.736111111111 -4.603793199613268e-07 2.57391779715245e-06
16.73888888888877 -3.559850706641917e-07 2.660500683729779e-06
16.74166666666655 -2.449987073036053e-07 2.744387764748685e-06
16.74444444444433 -1.27390498636862e-07 2.82520111417984e-06
16.7472222222221 -3.148444403328119e-09 2.902552572458351e-06
16.74999999999988 1.27720812843796e-07 2.976044400831541e-06
16.75277777777766 2.65191089302435e-07 3.04526999673851e-06
16.75555555555543 4.092157783536345e-07 3.109814670824895e-06
16.75833333333321 5.597269894562849e-07 3.169256486035653e-06
16.76111111111098 7.166347111793469e-07 3.223167159034637e-06
16.76388888888876 8.79826002152179e-07 3.271113024016417e-06
16.76666666666654 1.049164213783606e-06 3.312656058770025e-06
16.76944444444431 1.224488248680157e-06 3.347354972648066e-06
16.77222222222209 1.405611858755699e-06 3.37476635587749e-06
16.77499999999987 1.592322987070881e-06 3.394445889420708e-06
16.77777777777764 1.784383157486875e-06 3.405949614366481e-06
16.78055555555542 1.981526916248961e-06 3.408835259589262e-06
16.7833333333332 2.183461329619975e-06 3.402663626169726e-06
16.78611111111097 2.389865541703073e-06 3.387000026819071e-06
16.78888888888875 2.600390396569198e-06 3.361415778292018e-06
16.79166666666653 2.814658128785585e-06 3.325489744513471e-06
16.7944444444443 3.032262126405143e-06 3.278809927877632e-06
16.79722222222208 3.252766770412898e-06 3.22097510591253e-06
16.79999999999986 3.475707354566675e-06 3.151596510230312e-06
16.80277777777763 3.70059008947091e-06 3.070299544414998e-06
16.80555555555541 3.926892194632324e-06 2.976725537223681e-06
16.80833333333318 4.154062082108972e-06 2.870533527210924e-06
16.81111111111096 4.381519635250492e-06 2.751402074607877e-06
16.81388888888874 4.608656585845025e-06 2.619031096029595e-06
16.81666666666651 4.834836992845282e-06 2.473143717307783e-06
16.81944444444429 5.059397825630325e-06 2.313488139496924e-06
16.82222222222207 5.281649654569928e-06 2.139839512838269e-06
16.82499999999984 5.500877451424437e-06 1.952001813222688e-06
16.82777777777762 5.716341501872819e-06 1.749809715448642e-06
16.8305555555554 5.927278432196148e-06 1.533130457345292e-06
16.83333333333317 6.13290235187321e-06 1.301865688599403e-06
16.83611111111095 6.33240611353592e-06 1.05595329792717e-06
16.83888888888873 6.524962691438591e-06 7.953692120129466e-07
16.8416666666665 6.70972667923767e-06 5.201291594805787e-07
16.84444444444428 6.885835907566235e-06 2.302903929551741e-07
16.84722222222205 7.052413181490774e-06 -7.404663784100875e-08
16.84999999999983 7.20856813759128e-06 -3.927366691913537e-07
16.85277777777761 7.353399219991807e-06 -7.255880700070012e-07
16.85555555555538 7.485995774280408e-06 -1.072361359419041e-06
16.85833333333316 7.605440257823469e-06 -1.432767802838728e-06
16.86111111111094 7.710810564565928e-06 -1.806468094079592e-06
16.86388888888871 7.80118246195523e-06 -2.193071131139926e-06
16.86666666666649 7.875632137183265e-06 -2.592132893281115e-06
16.86944444444427 7.933238849476261e-06 -3.003155427003168e-06
16.87222222222204 7.973087684701361e-06 -3.425585948509452e-06
16.87499999999982 7.994272408079312e-06 -3.858816070163945e-06
16.8777777777776 7.995898410317524e-06 -4.302181158372594e-06
16.88055555555537 7.977085741995847e-06 -4.754959830189917e-06
16.88333333333315 7.936972230552113e-06 -5.216373595822592e-06
16.88611111111092 7.874716673731873e-06 -5.685586654000533e-06
16.8888888888887 7.789502102881599e-06 -6.161705847017904e-06
16.89166666666648 7.680539108986666e-06 -6.643780781970278e-06
16.89444444444425 7.547069223876465e-06 -7.13080412448903e-06
16.89722222222203 7.388368348552444e-06 -7.621712070949409e-06
16.89999999999981 7.203750220131202e-06 -8.11538500481569e-06
16.90277777777758 6.992569908445134e-06 -8.61064834242931e-06
16.90555555555536 6.754227332899254e-06 -9.106273573160167e-06
16.90833333333314 6.488170789764659e-06 -9.60097949840805e-06
16.91111111111091 6.193900479671196e-06 -1.00934336735146e-05
16.91388888888869 5.870972024670871e-06 -1.058225405615489e-05
16.91666666666647 5.518999963875864e-06 -1.106601086426611e-05
16.91944444444424 5.137661216316386e-06 -1.154322864604319e-05
16.92222222222202 4.726698499342381e-06 -1.201238856395951e-05
16.92499999999979 4.285923690582664e-06 -1.247193089418357e-05
16.92777777777757 3.815221121211516e-06 -1.292025774213554e-05
16.93055555555535 3.314550788014355e-06 -1.335573597429354e-05
16.93333333333312 2.783951471541423e-06 -1.377670036568332e-05
16.9361111111109 2.223543747448095e-06 -1.418145696179857e-05
16.93888888888868 1.633532877980069e-06 -1.456828665298768e-05
16.94166666666645 1.014211570449988e-06 -1.493544895860688e-05
16.94444444444423 3.659625894795783e-07 -1.52811860174974e-05
16.94722222222201 -3.107387902527772e-07 -1.56037267805761e-05
16.94999999999978 -1.015322503996246e-06 -1.590129140054528e-05
16.95277777777756 -1.747121602858747e-06 -1.617209581295154e-05
16.95555555555534 -2.505370358748819e-06 -1.641435650199725e-05
16.95833333333311 -3.289202581331768e-06 -1.662629544373704e-05
16.96111111111089 -4.097650159717394e-06 -1.680614521843851e-05
16.96388888888866 -4.929641841460701e-06 -1.695215428310848e-05
16.96666666666644 -5.784002261078548e-06 -1.706259239434084e-05
16.96944444444422 -6.659451230039464e-06 -1.713575617085456e-05
16.97222222222199 -7.554603299721803e-06 -1.716997478426663e-05
16.97499999999977 -8.467967608478485e-06 -1.716361576585874e-05
16.97777777777755 -9.397948023387748e-06 -1.711509091630324e-05
16.98055555555532 -1.034284358681359e-05 -1.70228623045466e-05
16.9833333333331 -1.130084927723152e-05 -1.688544834129355e-05
16.98611111111088 -1.227005709325033e-05 -1.670142991179843e-05
16.98888888888865 -1.324845746893267e-05 -1.646945655196911e-05
16.99166666666643 -1.423394102796256e-05 -1.618825265108861e-05
16.99444444444421 -1.522430068323043e-05 -1.585662366383385e-05
16.99722222222198 -1.621723408777122e-05 -1.547346231361584e-05
16.99999999999976 -1.721034644195649e-05 -1.503775476871843e-05
17.00277777777753 -1.820115366104397e-05 -1.454858677213154e-05
17.00555555555531 -1.918708590612344e-05 -1.40051497055117e-05
17.00833333333309 -2.016549148059231e-05 -1.340674656720368e-05
17.01111111111086 -2.1133641093172e-05 -1.275279784388468e-05
17.01388888888864 -2.20887324874363e-05 -1.204284725501269e-05
17.01666666666642 -2.302789543669883e-05 -1.127656734896783e-05
17.01944444444419 -2.394819710196608e-05 -1.045376492951404e-05
17.02222222222197 -2.484664774943914e-05 -9.574386291063148e-06
17.02499999999975 -2.572020682294883e-05 -8.63852224101141e-06
17.02777777777752 -2.656578936532152e-05 -7.646412887484389e-06
17.0305555555553 -2.738027278160042e-05 -6.598452170683431e-06
17.03333333333308 -2.816050393562293e-05 -5.495192116238152e-06
17.03611111111085 -2.890330657028012e-05 -4.337346789020564e-06
17.03888888888863 -2.960548904045041e-05 -3.125795926124825e-06
17.0416666666664 -3.026385234631026e-05 -1.861588228011853e-06
17.04444444444418 -3.087519845343099e-05 -5.459442871588556e-07
17.04722222222196 -3.1436338884753e-05 8.197408659454908e-07
17.04999999999973 -3.194410356829893e-05 2.233895619227012e-06
17.05277777777751 -3.239534992311854e-05 3.694770056865527e-06
17.05555555555529 -3.278697216479136e-05 5.200434677067545e-06
17.05833333333306 -3.311591081048661e-05 6.748779567344586e-06
17.06111111111084 -3.3379162362427e-05 8.337514054222215e-06
17.06388888888862 -3.357378914736604e-05 9.964166843229026e-06
17.06666666666639 -3.36969292885724e-05 1.162608666421518e-05
17.06944444444417 -3.374580678565711e-05 1.332044343576651e-05
17.07222222222195 -3.371774167654893e-05 1.504422996159327e-05
17.07499999999972 -3.361016025486558e-05 1.679426417032962e-05
17.0777777777775 -3.342060531497285e-05 1.856719190911321e-05
17.08055555555528 -3.314674639610785e-05 2.035949029975821e-05
17.08333333333305 -3.278638999608092e-05 2.2167471665121e-05
17.08611111111083 -3.233748972430095e-05 2.398728803160419e-05
17.0888888888886 -3.179815636313798e-05 2.581493621230574e-05
17.09166666666638 -3.116666780601176e-05 2.76462634736909e-05
17.09444444444416 -3.044147884002471e-05 2.947697378699238e-05
17.09722222222193 -2.962123074048822e-05 3.130263466386693e-05
17.09999999999971 -2.870476064430758e-05 3.311868457402263e-05
17.10277777777749 -2.769111066887563e-05 3.492044094083856e-05
17.10555555555526 -2.657953674295349e-05 3.670310870902434e-05
17.10833333333304 -2.536951711588157e-05 3.846178947662981e-05
17.11111111111082 -2.406076051146923e-05 4.019149118174059e-05
17.11388888888859 -2.265321389305234e-05 4.188713833225248e-05
17.11666666666637 -2.114706980632377e-05 4.354358276529736e-05
17.11944444444415 -1.954277326697587e-05 4.515561492077781e-05
17.12222222222192 -1.784102816051366e-05 4.671797561165859e-05
17.1249999999997 -1.604280312219533e-05 4.822536827162762e-05
17.12777777777747 -1.414933686570558e-05 4.96724716587892e-05
17.13055555555525 -1.216214292990882e-05 5.105395299215845e-05
17.13333333333303 -1.008301381390403e-05 5.236448149578855e-05
17.1361111111108 -7.91402447168239e-06 5.359874232342231e-05
17.13888888888858 -5.657535138628293e-06 5.475145083482091e-05
17.14166666666636 -3.316193463556371e-06 5.581736719294766e-05
17.14444444444413 -8.929359211044156e-07 5.679131124955157e-05
17.14722222222191 1.609011519146026e-06 5.766817768491023e-05
17.14999999999969 4.186133488822842e-06 5.844295136579723e-05
17.15277777777746 6.834626102742438e-06 5.911072288426363e-05
17.15555555555524 9.550398645174735e-06 5.966670423815157e-05
17.15833333333302 1.232907607732976e-05 6.010624461296919e-05
17.16111111111079 1.516600238071789e-05 6.042484622328873e-05
17.16388888888857 1.805624474915235e-05 6.061818017063357e-05
17.16666666666634 2.099459863992036e-05 6.068210227364964e-05
17.16944444444412 2.397559369247667e-05 6.061266882529609e-05
17.1722222222219 2.699350052050284e-05 6.040615223084948e-05
17.17499999999967 3.004233838106494e-05 6.005905647970411e-05
17.17777777777745 3.311588372177942e-05 5.956813240323944e-05
17.18055555555523 3.620767960466082e-05 5.893039267045467e-05
17.183333333333 3.93110460024868e-05 5.814312647264383e-05
17.18611111111078 4.241909096110264e-05 5.720391384805239e-05
17.18888888888856 4.55247226180461e-05 5.611063959735585e-05
17.19166666666633 4.862066206566665e-05 5.486150674068459e-05
17.19444444444411 5.169945704346839e-05 5.345504946720669e-05
17.19722222222189 5.475349644235177e-05 5.1890145528386e-05
17.19999999999966 5.777502560004032e-05 5.016602802664517e-05
17.20277777777744 6.075616236459703e-05 4.828229655161266e-05
17.20555555555521 6.368891389977285e-05 4.623892761707079e-05
17.20833333333299 6.656519420364516e-05 4.403628435237561e-05
17.21111111111077 6.937684230863072e-05 4.167512540353965e-05
17.21388888888854 7.211564112888038e-05 3.915661300003373e-05
17.21666666666632 7.477333691774935e-05 3.648232014517215e-05
17.2194444444441 7.734165929610037e-05 3.365423688900356e-05
17.22222222222187 7.981234180882318e-05 3.067477564498415e-05
17.22499999999965 8.217714296527807e-05 2.754677551289965e-05
17.22777777777743 8.442786771629595e-05 2.427350557310246e-05
17.2305555555552 8.65563893184339e-05 2.085866711893026e-05
17.23333333333298 8.855467153370009e-05 1.730639479679631e-05
17.23611111111076 9.041479111109241e-05 1.362125662555788e-05
17.23888888888853 9.21289604939489e-05 9.80825286987104e-06
17.24166666666631 9.368955069563921e-05 5.872813744323117e-06
17.24444444444408 9.508911428388305e-05 1.820795928823622e-06
17.24722222222186 9.632040841283671e-05 -2.341522122090092e-06
17.24999999999964 9.737641784029879e-05 -6.607446089674327e-06
17.25277777777741 9.825037786621025e-05 -1.096987293181984e-05
17.25555555555519 9.893579712748319e-05 -1.542129926165869e-05
17.25833333333297 9.942648018317035e-05 -1.99538309678174e-05
17.26111111111074 9.97165498232387e-05 -2.4559194076753e-05
17.26388888888852 9.980046903357649e-05 -2.922874685410647e-05
17.2666666666663 9.967306254942809e-05 -3.395349313810123e-05
17.26944444444407 9.932953792927367e-05 -3.872409689491195e-05
17.27222222222185 9.876550608107076e-05 -4.353089798136602e-05
17.27499999999963 9.797700117302435e-05 -4.836392909748285e-05
17.2777777777774 9.696049986136498e-05 -5.321293390692767e-05
17.28055555555518 9.57129397682628e-05 -5.80673862999156e-05
17.28333333333295 9.423173714375848e-05 -6.291651076934173e-05
17.28611111111073 9.251480364665372e-05 -6.774930386705526e-05
17.28888888888851 9.056056218048089e-05 -7.255455670353627e-05
17.29166666666628 8.83679617221653e-05 -7.732087845042525e-05
17.29444444444406 8.593649108261923e-05 -8.203672080174107e-05
17.29722222222184 8.32661915403737e-05 -8.669040334610601e-05
17.29999999999961 8.035766829148147e-05 -9.127013979855462e-05
17.30277777777739 7.721210066110799e-05 -9.576406503741199e-05
17.30555555555517 7.383125102485427e-05 -0.000100160262887978
17.30833333333294 7.021747239049439e-05 -0.0001044467945918013
17.31111111111072 6.637371459358271e-05 -0.0001086117278972709
17.3138888888885 6.230352906369138e-05 -0.0001126431667040024
17.31666666666627 5.801107212119606e-05 -0.0001165292811908297
17.31944444444405 5.350110676776887e-05 -0.0001202583383548071
17.32222222222182 4.877900293787197e-05 -0.0001238187328854523
17.3249999999996 4.385073618164332e-05 -0.0001271990182969986
17.32777777777738 3.872288475412574e-05 -0.0001303879382385184
17.33055555555515 3.340262508942197e-05 -0.0001333744579003993
17.33333333333293 2.789772564273966e-05 -0.000136147795433653
17.33611111111071 2.221653908775302e-05 -0.0001386974532970475
17.33888888888848 1.636799286073695e-05 -0.0001410132494459775
17.34166666666626 1.036157804793652e-05 -0.0001430853482756788
17.34444444444404 4.207336617082186e-06 -0.0001449042912306904
17.34722222222181 -2.084153001616009e-06 -0.0001464610269920789
17.34999999999959 -8.501791974296157e-06 -0.0001477469411532861
17.35277777777737 -1.503397874728877e-05 -0.0001487538852957886
17.35555555555514 -2.166862833563714e-05 -0.0001494742053756432
17.35833333333292 -2.83931931916568e-05 -0.0001499007693327357
17.3611111111107 -3.519468562383959e-05 -0.0001500269938351379
17.36388888888847 -4.205970173108272e-05 -0.0001498468700720045
17.36666666666625 -4.897444681354356e-05 -0.0001493549885098564
17.36944444444402 -5.592476221510015e-05 -0.0001485465625284775
17.3722222222218 -6.289615354907808e-05 -0.0001474174508546251
17.37499999999958 -6.987382025340777e-05 -0.0001459641787137762
17.37777777777735 -7.684268641680517e-05 -0.0001441839576225207
17.38055555555513 -8.378743281371997e-05 -0.0001420747037468446
17.38333333333291 -9.06925300807257e-05 -0.0001396350547543992
17.38611111111068 -9.754227296301709e-05 -0.0001368643850920964
17.38888888888846 -0.0001043208155561161 -0.0001337628196235492
17.39166666666624 -0.0001110122074630292 -0.0001303312455647723
17.39444444444401 -0.0001176004307840388 -0.0001265713226602392
17.39722222222179 -0.0001240694378527782 -0.0001224854915454678
17.39999999999957 -0.0001304031896283134 -0.0001180769802467981
17.40277777777734 -0.0001365856946505746 -0.0001133498087732377
17.40555555555512 -0.0001426010484627831 -0.0001083087917603466
17.40833333333289 -0.0001484334734027343 -0.0001029595391305163
17.41111111111067 -0.0001540673586614729 -9.730845473961223e-05
17.41388888888845 -0.0001594873005064916 -9.136273298467305e-05
17.41666666666622 -0.0001646781425642976 -8.513035335301698e-05
17.419444444444 -0.000169625016055711 -7.862007289845186e-05
17.42222222222178 -0.0001743133798758543 -7.184141663607287e-05
17.42499999999955 -0.0001787290604101858 -6.480466585232527e-05
17.42777777777733 -0.0001828582909764107 -5.752084433372247e-05
17.43055555555511 -0.0001866877507827658 -5.000170252224425e-05
17.43333333333288 -0.0001902046032921921 -4.225969961241724e-05
17.43611111111066 -0.0001933965338826543 -3.430798361031028e-05
17.43888888888844 -0.0001962517866941954 -2.616036938110202e-05
17.44166666666621 -0.0001987592005544711 -1.783131471720158e-05
17.44444444444399 -0.0002009082438753738 -9.335894465599098e-06
17.44722222222176 -0.0002026890484152878 -6.897727580316128e-07
17.44999999999954 -0.000204092441802914 8.090826605320031e-06
17.45277777777732 -0.0002051099787213976 1.698915156390978e-05
17.45555555555509 -0.0002057339706533755 2.598795493438903e-05
17.45833333333287 -0.0002059575140909022 3.506952921160586e-05
17.46111111111065 -0.0002057745171170581 4.421574296040796e-05
17.46388888888842 -0.0002051797242695503 5.34080787207215e-05
17.4666666666662 -0.0002041687396004899 6.262767234379625e-05
17.46944444444398 -0.0002027380478503401 7.185535367159252e-05
17.47222222222175 -0.0002008850336585755 8.107168846760137e-05
17.47499999999953 -0.000198607998737997 9.02570215022999e-05
17.47777777777731 -0.0001959061769446349 9.939152069240484e-05
17.48055555555508 -0.0001927797471801126 0.0001084552221892465
17.48333333333286 -0.0001892298440688907 0.0001174280763071493
17.48611111111063 -0.0001852585663580589 0.0001262899941805817
17.48888888888841 -0.0001808689829934807 0.0001350208950339661
17.49166666666619 -0.0001760651368315828 0.0001436007539469305
17.49444444444396 -0.0001708520459526901 0.0001520096499936378
17.49722222222174 -0.0001652357025477132 0.0001602278146336703
17.49999999999952 -0.0001592230693565573 0.0001682356802297959
17.50277777777729 -0.0001528220736432052 0.0001760139285660002
17.50555555555507 -0.0001460415986990693 0.0001835435392383972
17.50833333333285 -0.0001388914728726738 0.0001908058377908481
17.51111111111062 -0.00013138245613115 0.0001977825434659117
17.5138888888884 -0.0001235262241649522 0.0002044558164428203
17.51666666666618 -0.0001153353500551438 0.000210808304433034
17.51944444444395 -0.0001068232835285122 0.0002168231885058136
17.52222222222173 -9.800432783310892e-05 0.000222484228016529
17.5249999999995 -8.88936142737858e-05 0.0002277758045118017
17.52777777777728 -7.950707445365317e-05 0.0002326829644876246
17.53055555555506 -6.986141027406406e-05 0.0002371914608788008
17.53333333333283 -5.997406175310755e-05 0.000241287793159697
17.53611111111061 -4.986317272777634e-05 0.0002449592459404448
17.53888888888839 -3.95475545123482e-05 0.0002481939259447995
17.54166666666616 -2.904664759156376e-05 0.0002509807972598592
17.54444444444394 -1.838048143225567e-05 0.0002533097147520323
17.54722222222172 -7.569632504337863e-06 0.0002551714555472091
17.54999999999949 3.364819393673237e-06 0.0002565577484781968
17.55277777777727 1.440133640333523e-05 0.0002574613014070994
17.55555555555505 2.551796936296034e-05 0.0002578758263353962
17.55833333333282 3.669240594136629e-05 0.0002577960622201464
17.5611111111106 4.790202003347044e-05 0.0002572177954202887
17.56388888888837 5.912392229745744e-05 0.000256137877702958
17.56666666666615 7.033501171039997e-05 0.0002545542417460308
17.56944444444393 8.151202801476248e-05 0.0002524659140795148
17.5722222222217 9.263160492533961e-05 0.0002498730254149129
17.57499999999948 0.000103670323963428 0.0002467768183187368
17.57777777777726 0.0001146047687822638 0.0002431796521930155
17.58055555555503 0.0001254115798452084 0.0002390850055330806
17.58333333333281 0.0001360675093178072 0.0002344974754398673
17.58611111111059 0.0001465494760314009 0.0002294227743716094
17.58888888888836 0.0001568346203768887 0.0002238677241269373
17.59166666666614 0.0001669003589853179 0.0002178402470592211
17.59444444444392 0.0001767244390527092 0.0002113493545291628
17.59722222222169 0.0001862849921659793 0.0002044051326106059
17.59999999999947 0.0001955605874881445 0.0001970187250716358
17.60277777777724 0.0002045302841612636 0.0001892023136610802
17.60555555555502 0.0002131736827881809 0.0001809690957373163
17.6083333333328 0.0002214709758542722 0.0001723332592845579
17.61111111111057 0.0002294029969545254 0.0001633099553681391
17.61388888888835 0.0002369512686924644 0.0001539152680883723
17.61666666666613 0.0002440980491212604 0.0001441661820988861
17.6194444444439 0.0002508263766004091 0.0001340805477628688
17.62222222222168 0.0002571201129454521 0.0001236770440266929
17.62499999999946 0.0002629639847519131 0.0001129751390976326
17.62777777777723 0.0002683436227796507 0.0001019950490178893
17.63055555555501 0.0002732455992882497 9.075769423393728e-05
17.63333333333279 0.0002776574632194665 7.92846542652635e-05
17.63611111111056 0.0002815677731280579 6.759812058281381e-05
17.63888888888834 0.0002849661277682998 5.572084781189034e-05
17.64166666666612 0.0002878431942493215 4.367610337986964e-05
17.64444444444389 0.0002901907336788975 3.148761573320487e-05
17.64722222222167 0.0002920016242216878 1.917952125246633e-05
17.64999999999944 0.0002932698815050322 6.776309998391869e-06
17.65277777777722 0.0002939906763119011 -5.697229575152866e-06
17.655555555555 0.0002941603495083498 -1.821606680158627e-05
17.65833333333277 0.0002937764241597406 -3.075498573366694e-05
17.66111111111055 0.000292837614797562 -4.328864268233613e-05
17.66388888888833 0.0002913438338065433 -5.57916242163855e-05
17.6666666666661 0.0002892961949091795 -6.823850547451715e-05
17.66944444444388 0.0002866970137325771 -8.060390864129007e-05
17.67222222222166 0.0002835498054506726 -9.286256143663288e-05
17.67499999999943 0.0002798592795022996 -0.000104989355469454
17.67777777777721 0.0002756313313940578 -0.0001169594043048355
17.68055555555499 0.0002708730316038817 -0.000128748101096227
17.68333333333276 0.0002655926116102951 -0.0001403311756335058
17.68611111111054 0.0002597994470787828 -0.0001516847506607299
17.68888888888831 0.0002535040382454243 -0.0001627853973178862
17.69166666666609 0.0002467179875449547 -0.0001736101895641934
17.69444444444387 0.0002394539745379218 -0.0001841367574424782
17.69722222222164 0.0002317257281992996 -0.000194343339047539
17.69999999999942 0.0002235479966372472 -0.0002042088310647565
17.7027777777772 0.0002149365143185105 -0.000213712837748977
17.70555555555497 0.0002059079668833978 -0.0002228357182176025
17.70833333333275 0.0001964799536388239 -0.000231558631937228
17.71111111111053 0.0001866709478261342 -0.0002398635822865824
17.7138888888883 0.0001765002547639887 -0.0002477334580853188
17.71666666666608 0.0001659879679744793 -0.000255152072982247
17.71944444444386 0.0001551549234040163 -0.0002621042026036233
17.72222222222163 0.0001440226518575859 -0.0002685756193670474
17.72499999999941 0.000132613329767766 -0.0002745531248738774
17.72777777777718 0.0001209497284252069 -0.0002800245797989358
17.73055555555496 0.0001090551618019847 -0.0002849789312032112
17.73333333333274 9.695343310097829e-05 -0.0002894062372024919
17.73611111111051 8.466878016961943e-05 -0.0002932976889317478
17.73888888888829 7.222581991805436e-05 -0.0002966456297524995
17.74166666666607 5.96494918838893e-05 -0.0002994435716579996
17.74444444444384 4.696500109005008e-05 -0.0003016862088382602
17.74722222222162 3.419776034005133e-05 -0.0003033694283751191
17.7499999999994 2.137333210040435e-05 -0.0003044903180447923
17.75277777777717 8.517370117630332e-06 -0.0003050471712135328
17.75555555555495 -4.344439081757246e-06 -0.0003050394888193965
17.75833333333273 -1.718643465701872e-05 -0.000304467978441506
17.7611111111105 -2.998303973951839e-05 -0.0003033345504651979
17.76388888888828 -4.270881938916113e-05 -0.0003016423113599644
17.76666666666605 -5.533853807622748e-05 -0.0002993955540942082
17.76944444444383 -6.784721654318986e-05 -0.0002965997457186756
17.77222222222161 -8.021018790446233e-05 -0.0002932615121577189
17.77499999999938 -9.240315284333256e-05 -0.0002893886202550851
17.77777777777716 -0.0001044022337691718 -0.0002849899571279355
17.78055555555494 -0.0001161840278006211 -0.0002800755068898852
17.78333333333271 -0.0001277256584447641 -0.0002746563248104083
17.78611111111049 -0.0001390048258446108 -0.0002687445089853226
17.78888888888827 -0.0001499998554743222 -0.0002623531695979419
17.79166666666604 -0.000160689745162452 -0.0002554963958587035
17.79444444444382 -0.0001710542103325153 -0.0002481892207144291
17.7972222222216 -0.0001810737273513597 -0.0002404475834265743
17.79999999999937 -0.0001907295748848799 -0.0002322882901205874
17.80277777777715 -0.0002000038731634222 -0.000223728972415655
17.80555555555492 -0.0002088796210675311 -0.0002147880442468739
17.8083333333327 -0.0002173407309494393 -0.0002054846569972824
17.81111111111048 -0.000225372061112139 -0.0001958386530615147
17.81388888888825 -0.0002329594458759232 -0.0001858705179644341
17.81666666666603 -0.0002400897231666024 -0.0001756013311646442
17.81944444444381 -0.0002467507595698473 -0.0001650527156707239
17.82222222222158 -0.0002529314727986738 -0.0001542467866075594
17.82499999999936 -0.0002586218515335678 -0.0001432060988632871
17.82777777777714 -0.0002638129725966025 -0.0001319535939585617
17.83055555555491 -0.0002684970154326682 -0.0001205125462726359
17.83333333333269 -0.0002726672738749798 -0.0001089065087684302
17.83611111111047 -0.0002763181651815479 -9.715925835419413e-05
17.83888888888824 -0.0002794452363351701 -8.529474102336894e-05
17.84166666666602 -0.0002820451676077789 -7.333701691091887e-05
17.84444444444379 -0.0002841157733965158 -6.131020540666124e-05
17.84722222222157 -0.0002856560003467521 -4.923843046150764e-05
17.84999999999935 -0.0002866659227836596 -3.714576622552287e-05
17.85277777777712 -0.0002871467354815361 -2.505618315073729e-05
17.8555555555549 -0.0002871007438065705 -1.2993494692368e-05
17.85833333333268 -0.0002865313512756678 -9.813047390624398e-07
17.86111111111045 -0.0002854430445802331 1.095704410299016e-05
17.86388888888823 -0.0002838413761306042 2.279852124377298e-05
17.86666666666601 -0.0002817329441824212 3.452045774450283e-05
17.86944444444378 -0.0002791253706126692 4.610059473437977e-05
17.87222222222156 -0.0002760272764186812 5.751713049700192e-05
17.87499999999934 -0.0002724482550185994 6.874876611863882e-05
17.87777777777711 -0.000268398843437503 7.977474959359793e-05
17.88055555555489 -0.0002638904914676102 9.057491828902321e-05
17.88333333333266 -0.0002589355288968023 0.0001011297396735023
17.88611111111044 -0.0002535471309025209 0.0001114203502231235
17.88888888888822 -0.0002477392817133482 0.0001214285924209127
17.89166666666599 -0.0002415267366437516 0.0001311370497728734
17.89444444444377 -0.0002349249826115012 0.0001405290797686751
17.89722222222155 -0.0002279501972487025 0.0001495888447234946
17.89999999999932 -0.000220619206722578 0.0001583013404399655
17.9027777777771 -0.0002129494423821996 0.000166652422638944
17.90555555555488 -0.0002049588963513341 0.0001746288311115667
17.90833333333265 -0.0001966660761870016 0.0001822182115540708
17.91111111111043 -0.0001880899587280117 0.0001894091350499171
17.91388888888821 -0.0001792499432546143 0.0001961911151743414
17.91666666666598 -0.0001701658040848013 0.0002025546226993639
17.91944444444376 -0.0001608576427305747 0.0002084910978861541
17.92222222222154 -0.0001513458397391253 0.0002139929603567789
17.92499999999931 -0.0001416510063416889 0.0002190536165450344
17.92777777777709 -0.0001317939360341281 0.0002236674647311355
17.93055555555486 -0.0001217955562105352 0.0002278298976724285
17.93333333333264 -0.000111676879970905 0.0002315373028478296
17.93611111111042 -0.0001014589582212676 0.0002347870603402484
17.93888888888819 -9.116283218398838e-05 0.0002375775383867205
17.94166666666597 -8.080948643122807e-05 0.0002399080866325585
17.94444444444375 -7.041980255554455e-05 0.0002417790271304089
17.94722222222152 -6.001451358510374e-05 0.0002431916431316928
17.9499999999993 -4.961415924965435e-05 0.0002441481657225232
17.95277777777708 -3.923904220034414e-05 0.0002446517583613928
17.95555555555485 -2.89091852816913e-05 0.0002447064993809731
17.95833333333263 -1.864428995065682e-05 0.0002443173625208891
17.96111111111041 -8.463695933550095e-06 0.0002434901955627411
17.96388888888818 1.613657792782128e-06 0.0002422316971427961
17.96666666666596 1.156927061274222e-05 0.0002405493918218132
17.96944444444373 2.138511640078839e-05 0.0002384516034948667
17.97222222222151 3.104367809356024e-05 0.0002359474272276533
17.97499999999929 4.052798063897345e-05 0.0002330466996085039
17.97777777777706 4.982162225812472e-05 0.0002297599677087981
17.98055555555484 5.890880396509825e-05 0.0002260984567459143
17.98333333333262 6.77743572905791e-05 0.0002220740365463345
17.98611111111039 7.640377016421171e-05 0.0002176991869073565
17.98888888888817 8.478321091409755e-05 0.0002129869619580555
17.99166666666595 9.289955034733032e-05 0.0002079509536216493
17.99444444444372 0.0001007403818822762 0.0002026052542817443
17.9972222222215 0.0001082940397075985 0.00019696441875622
17.99999999999928 0.0001155496149483491 0.0001910434256832841
18.00277777777705 0.0001224969698266937 0.0001848576384230659
18.00555555555483 0.0001291267498080373 0.0001784227655795474
18.0083333333326 0.0001354303937299701 0.0001717548212464515
18.01111111111038 0.0001414001419171961 0.0001648700850794137
18.01388888888816 0.0001470290422894039 0.0001577850622971875
18.01666666666593 0.000152310954475477 0.0001505164437122216
18.01944444444371 0.0001572405519519374 0.0001430810658899241
18.02222222222149 0.0001618133222286329 0.0001354958715339186
18.02499999999926 0.000166025565109068 0.0001277778701932254
18.02777777777704 0.0001698743890580586 0.0001199440993841372
18.03055555555482 0.0001733577057133318 0.000112011586217898
18.03333333333259 0.0001764742225823641 0.0001039973096220365
18.03611111111037 0.0001792234339695507 9.591816324105122e-05
18.03888888888815 0.0001816056101831963 8.779091909808037e-05
18.04166666666592 0.0001836217850751217 7.963219209703049e-05
18.0444444444437 0.0001852737419695664 7.145840544044324e-05
18.04722222222147 0.0001865639980412694 6.328575703518347e-05
18.04999999999925 0.0001874957872058068 5.513018695395782e-05
18.05277777777703 0.0001880730415880332 4.700734601772083e-05
18.0555555555548 0.0001883003716373785 3.893256555885223e-05
18.05833333333258 0.0001881830449610188 3.092082842177127e-05
18.06111111111036 0.000187726963948224 2.298674125342364e-05
18.06388888888813 0.0001869386422611955 1.514450813170057e-05
18.06666666666591 0.0001858251802693564 7.407905575010934e-06
18.06944444444369 0.0001843942395056737 -2.097410265240147e-07
18.07222222222146 0.0001826540162247872 -7.695579523871989e-06
18.07499999999924 0.0001806132141436523 -1.503725163535906e-05
18.07777777777702 0.0001782810164464708 -2.222291205923714e-05
18.08055555555479 0.0001756670571358326 -2.924124605168116e-05
18.08333333333257 0.0001727813918126428 -3.608148545205441e-05
18.08611111111034 0.000169634467967345 -4.273342314247793e-05
18.08888888888812 0.0001662370948647078 -4.918742593310301e-05
18.0916666666659 0.0001626004131042997 -5.543444586823471e-05
18.09444444444367 0.0001587358639380397 -6.146602995307791e-05
18.09722222222145 0.0001546551584254017 -6.727432830497594e-05
18.09999999999923 0.0001503702465056709 -7.285210073723431e-05
18.102777777777 0.0001458932860662741 -7.819272178644498e-05
18.10555555555478 0.0001412366120832601 -8.329018420028503e-05
18.10833333333256 0.0001364127059102084 -8.813910090398275e-05
18.11111111111033 0.0001314341647884764 -9.273470546939702e-05
18.11388888888811 0.0001263136716510664 -9.707285111255231e-05
18.11666666666589 0.0001210639652892487 -0.0001011500082499971
18.11944444444366 0.0001156978109497777 -0.0001049632606466291
18.12222222222144 0.0001102279714269164 -0.00010851030019173
18.12499999999921 0.000104667178712794 -0.0001117894203414171
18.12777777777699 9.902810626476129e-05 -0.0001147995082701476
18.13055555555477 9.332334194757888e-05 -0.0001175400357750336
18.13333333333254 8.756536170426376e-05 -0.0001200110489799908
18.13611111111032 8.176650400697221e-05 -0.0001222131568886091
18.1388888888881 7.593894513585604e-05 -0.0001241475188368952
18.14166666666587 7.009467533124482e-05 -0.0001258158308986534
18.14444444444365 6.424547586097474e-05 -0.0001272203112981638
18.14722222222143 5.840289704134883e-05 -0.0001283636848862989
18.1499999999992 5.257823724752987e-05 -0.0001292491667374014
18.15277777777698 4.67825229449111e-05 -0.0001298804449256135
18.15555555555476 4.102648977094963e-05 -0.0001302616625400322
18.15833333333253 3.53205646923134e-05 -0.0001303973989990998
18.16111111111031 2.967484925985005e-05 -0.0001302926507250452
18.16388888888808 2.40991039799754e-05 -0.0001299528112396895
18.16666666666586 1.86027338182136e-05 -0.0001293836507431478
18.16944444444364 1.319477484687488e-05 -0.0001285912952370257
18.17222222222141 7.883882046001345e-06 -0.0001275822052535983
18.17499999999919 2.678318263229035e-06 -0.0001263631542521711
18.17777777777697 -2.414055664470077e-06 -0.000124941206743476
18.18055555555474 -7.385789628272902e-06 -0.0001233236962021568
18.18333333333252 -1.22298518068303e-05 -0.0001215182028269919
18.1861111111103 -1.693963507474675e-05 -0.0001195325312071897
18.18888888888807 -2.150896226868694e-05 -0.0001173746879525301
18.19166666666585 -2.593209032391732e-05 -0.0001150528593434653
18.19444444444363 -3.020371329536262e-05 -0.0001125753890565146
18.1972222222214 -3.431896428115605e-05 -0.0001099507560183208
18.19999999999918 -3.827341626787875e-05 -0.000107187552440798
18.20277777777696 -4.206308192016721e-05 -0.0001042944620875996
18.20555555555473 -4.568441233881394e-05 -0.0001012802388208311
18.20833333333251 -4.91342948141652e-05 -9.815368547476383e-05
18.21111111111028 -5.241004960319548e-05 -9.492363310170043e-05
18.21388888888806 -5.550942576091674e-05 -9.159892063285193e-05
18.21666666666584 -5.843059605828692e-05 -8.818837499521686e-05
18.21944444444361 -6.117215102063993e-05 -8.470079172309621e-05
18.22222222222139 -6.373309212172317e-05 -8.114491610118858e-05
18.22499999999917 -6.611282417059984e-05 -7.752942487305146e-05
18.22777777777694 -6.831114692894831e-05 -7.386290854756496e-05
18.23055555555472 -7.03282459982461e-05 -7.015385433268685e-05
18.2333333333325 -7.216468301672834e-05 -6.641062972417955e-05
18.23611111111027 -7.382138520716092e-05 -6.264146677421285e-05
18.23888888888805 -7.529963431706953e-05 -5.885444706252602e-05
18.24166666666583 -7.660105499365464e-05 -5.505748739042872e-05
18.2444444444436 -7.772760263607521e-05 -5.125832621557917e-05
18.24722222222138 -7.868155076815886e-05 -4.746451084291728e-05
18.24999999999915 -7.946547797465515e-05 -4.368338538521953e-05
18.25277777777693 -8.008225444442531e-05 -3.992207950378508e-05
18.25555555555471 -8.053502816373263e-05 -3.61874979380079e-05
18.25833333333248 -8.082721080273241e-05 -3.248631083008492e-05
18.26111111111026 -8.096246333797911e-05 -2.882494484873533e-05
18.26388888888804 -8.094468145333474e-05 -2.520957511401657e-05
18.26666666666581 -8.077798076122403e-05 -2.164611792273544e-05
18.26944444444359 -8.046668188555167e-05 -1.814022427219699e-05
18.27222222222137 -8.001529544692444e-05 -1.469727417793902e-05
18.27499999999914 -7.942850699001231e-05 -1.132237177885151e-05
18.27777777777692 -7.87111618920496e-05 -8.020341221836623e-06
18.2805555555547 -7.786825029045911e-05 -4.795723315525861e-06
18.28333333333247 -7.690489206658936e-05 -1.652772941484423e-06
18.28611111111025 -7.582632192146381e-05 1.404542790541905e-06
18.28888888888802 -7.463787457814205e-05 4.37254565869856e-06
18.2916666666658 -7.334497014423327e-05 7.24784673262383e-06
18.29444444444358 -7.195309966662448e-05 1.002734608284333e-05
18.29722222222135 -7.04678109092349e-05 1.270823181517404e-05
18.29999999999913 -6.889469438312852e-05 1.528797845080296e-05
18.30277777777691 -6.723936965701734e-05 1.776434467357392e-05
18.30555555555468 -6.550747197442496e-05 2.013537046759903e-05
18.30833333333246 -6.370463920261952e-05 2.239937366863936e-05
18.31111111111024 -6.183649913651171e-05 2.455494595420326e-05
18.31388888888801 -5.990865717951435e-05 2.660094829754591e-05
18.31666666666579 -5.792668442140068e-05 2.853650591197182e-05
18.31944444444357 -5.589610613197561e-05 3.036100271197737e-05
18.32222222222134 -5.382239068742206e-05 3.207407531870287e-05
18.32499999999912 -5.17109389449122e-05 3.36756066372378e-05
18.32777777777689 -4.95670740791056e-05 3.516571903401561e-05
18.33055555555467 -4.739603189303243e-05 3.654476714238411e-05
18.33333333333245 -4.520295161367771e-05 3.781333032509424e-05
18.33611111111022 -4.299286718166604e-05 3.897220482203734e-05
18.338888888888 -4.07706990423091e-05 4.002239561200003e-05
18.34166666666578 -3.854124644417532e-05 4.096510801684146e-05
18.34444444444355 -3.630918024965156e-05 4.180173907648791e-05
18.34722222222133 -3.407903626046196e-05 4.253386872292522e-05
18.34999999999911 -3.185520905982573e-05 4.316325078100547e-05
18.35277777777688 -2.964194637144562e-05 4.369180382358338e-05
18.35555555555466 -2.744334393408814e-05 4.412160190808509e-05
18.35833333333244 -2.526334088944557e-05 4.445486522106038e-05
18.36111111111021 -2.310571567935064e-05 4.469395065681994e-05
18.36388888888799 -2.097408244754647e-05 4.484134235557395e-05
18.36666666666576 -1.887188793980818e-05 4.489964222589552e-05
18.36944444444354 -1.680240889512378e-05 4.487156047561498e-05
18.37222222222132 -1.476874991975864e-05 4.475990617449781e-05
18.37499999999909 -1.277384183466687e-05 4.456757787129419e-05
18.37777777777687 -1.08204404861648e-05 4.429755428690642e-05
18.38055555555465 -8.911126008519176e-06 4.39528851045701e-05
18.38333333333242 -7.048302526514075e-06 4.353668187705459e-05
18.3861111111102 -5.23419828515522e-06 4.305210906997109e-05
18.38888888888798 -3.470866192955547e-06 4.250237525933142e-05
18.39166666666575 -1.760184764624979e-06 4.189072450054352e-05
18.39444444444353 -1.038594483231399e-07 4.122042788503989e-05
18.39722222222131 1.496575677841171e-06 4.049477529975784e-05
18.39999999999908 3.039755855931254e-06 3.971706740367431e-05
18.40277777777686 4.524483261249735e-06 3.889060783455506e-05
18.40555555555463 5.94972429486709e-06 3.801869565815513e-05
18.40833333333241 7.314606572714939e-06 3.710461807095796e-05
18.41111111111019 8.618415628380812e-06 3.615164336662639e-05
18.41388888888796 9.860591347041323e-06 3.516301417528278e-05
18.41666666666574 1.10407241480834e-05 3.414194098375366e-05
18.41944444444352 1.215855093416443e-05 3.309159594383266e-05
18.42222222222129 1.321395082426072e-05 3.2015106974825e-05
18.42499999999907 1.420694068859165e-05 3.091555216539359e-05
18.42777777777685 1.513767050292604e-05 2.979595447904014e-05
18.43055555555462 1.600641853987513e-05 2.865927676646132e-05
18.4333333333324 1.681358641458667e-05 2.750841708713716e-05
18.43611111111018 1.755969400203514e-05 2.634620434164882e-05
18.43888888888795 1.824537424287304e-05 2.517539421537873e-05
18.44166666666573 1.887136785460933e-05 2.399866543330611e-05
18.4444444444435 1.943851796447654e-05 2.281861632493898e-05
18.44722222222128 1.994776468009018e-05 2.163776169752488e-05
18.44999999999906 2.040013961356407e-05 2.045853001504765e-05
18.45277777777683 2.079676037441487e-05 1.928326087965437e-05
18.45555555555461 2.113882504607705e-05 1.811420281164463e-05
18.45833333333239 2.142760666045225e-05 1.695351132336271e-05
18.46111111111016 2.16644476844078e-05 1.58032472817846e-05
18.46388888888794 2.18507545316336e-05 1.466537555400717e-05
18.46666666666572 2.19879921127484e-05 1.354176392930087e-05
18.46944444444349 2.20776784360109e-05 1.243418231082567e-05
18.47222222222127 2.212137927041101e-05 1.134430216977127e-05
18.47499999999905 2.212070288237925e-05 1.027369625404436e-05
18.47777777777682 2.207729485673723e-05 9.22383854343825e-06
18.4805555555546 2.199283301194433e-05 8.196104442698081e-06
18.48333333333238 2.186902241908787e-05 7.191771203651008e-06
18.48611111111015 2.17075905334615e-05 6.212018567237711e-06
18.48888888888793 2.15102824469731e-05 5.257929616056913e-06
18.4916666666657 2.127885626900942e-05 4.330491827769989e-06
18.49444444444348 2.101507864278492e-05 3.430598319577052e-06
18.49722222222126 2.072072040359302e-05 2.559049273786124e-06
18.49999999999903 2.039755238477213e-05 1.716553534371277e-06
18.50277777777681 2.004734137660717e-05 9.037303643451846e-07
