16.5 1.22685464880512e-07 -1.784685564248903e-07
16.50277777777778 1.573236009950917e-07 -1.590103402850312e-07
16.50555555555555 1.889968363110357e-07 -1.328494491945928e-07
16.50833333333333 2.164129711015662e-07 -1.004088786473683e-07
16.51111111111111 2.383330897602615e-07 -6.235962746356628e-08
16.51388888888888 2.536189021425999e-07 -1.961582904873555e-08
16.51666666666666 2.612801832049233e-07 2.667909602479255e-08
16.51944444444444 2.605206212867325e-07 7.517548444951664e-08
16.52222222222221 2.507803049400899e-07 1.243495749876753e-07
16.52499999999999 2.317730558042793e-07 1.725443191753989e-07
16.52777777777776 2.035168564649279e-07 2.180180732743071e-07
16.53055555555554 1.663557314657133e-07 2.590000362411583e-07
16.53333333333332 1.209716184061918e-07 2.937509604773782e-07
16.53611111111109 6.838501364129702e-08 3.206273503546348e-07
16.53888888888887 9.943490142098324e-09 3.381470918343358e-07
16.54166666666665 -5.270244256446645e-08 3.450542384872239e-07
16.54444444444442 -1.176362436608711e-07 3.403805275697092e-07
16.5472222222222 -1.827246571671196e-07 3.235011258559294e-07
16.54999999999998 -2.456785981874453e-07 2.941821179892269e-07
16.55277777777775 -3.041242735622114e-07 2.526173570628428e-07
16.55555555555553 -3.556827156574232e-07 1.994525018287119e-07
16.55833333333331 -3.980554509856976e-07 1.357943678480644e-07
16.56111111111108 -4.291136165617536e-07 6.32041177886365e-08
16.56388888888886 -4.469874958616419e-07 -1.632669818667899e-08
16.56666666666663 -4.501531916278197e-07 -1.004176785672117e-07
16.56944444444441 -4.375130014044168e-07 -1.863584856840005e-07
16.57222222222219 -4.08466027977823e-07 -2.711842753485234e-07
16.57499999999996 -3.629656518703324e-07 -3.51766088179161e-07
16.57777777777774 -3.015607237024154e-07 -4.249139652524022e-07
16.58055555555552 -2.254177029636127e-07 -4.874898962102325e-07
16.58333333333329 -1.363214737028605e-07 -5.365271112227384e-07
16.58611111111107 -3.665319858958335e-08 -5.693517169434421e-07
16.58888888888885 7.065568323420274e-08 -5.837022775676089e-07
16.59166666666662 1.821933715859437e-07 -5.778426799096113e-07
16.5944444444444 2.941606848092977e-07 -5.50663517397501e-07
16.59722222222218 4.024853089235239e-07 -5.017672989605589e-07
16.59999999999995 5.029545708083188e-07 -4.315330464459362e-07
16.60277777777773 5.913630698693136e-07 -3.411562935401743e-07
16.6055555555555 6.636706520170656e-07 -2.326611381821684e-07
16.60833333333328 7.161654674338273e-07 -1.08881819488655e-07
16.61111111111106 7.456262573271825e-07 2.658772832725411e-08
16.61388888888883 7.494775997834577e-07 1.694767740768552e-07
16.61666666666661 7.259316418464725e-07 3.149523463051865e-07
16.61944444444439 6.741098790063332e-07 4.577633684279339e-07
16.62222222222216 5.941388320052369e-07 5.924109868909192e-07
16.62499999999994 4.872140231369735e-07 7.133404332458235e-07
16.62777777777772 3.55627469128039e-07 8.151485718797692e-07
16.63055555555549 2.027549737463173e-07 8.928002343960391e-07
16.63333333333327 3.300079801892288e-08 9.418455820593359e-07
16.63611111111105 -1.483012241887187e-07 9.586301186567099e-07
16.63888888888882 -3.350294164755831e-07 9.404886412122934e-07
16.6416666666666 -5.204563889714644e-07 8.859144010132873e-07
16.64444444444437 -6.974673452636803e-07 7.946950780420766e-07
16.64722222222215 -8.588086054981043e-07 6.68007861977884e-07
16.64999999999993 -9.973587487332532e-07 5.084669827735855e-07
16.6527777777777 -1.106413322023597e-06 3.201184292007594e-07
16.65555555555548 -1.179972860452125e-06 1.083783052594003e-07
16.65833333333326 -1.213023079624449e-06 -1.200867426726866e-07
16.66111111111103 -1.201795600561461e-06 -3.575363998943147e-07
16.66388888888881 -1.143997496273942e-06 -5.953878959052117e-07
16.66666666666659 -1.038998345649612e-06 -8.244962025552457e-07
16.66944444444436 -8.879643634136657e-07 -1.035475512589728e-06
16.67222222222214 -6.939305461628791e-07 -1.219052077454738e-06
16.67499999999992 -4.618036151238753e-07 -1.366436504909371e-06
16.67777777777769 -1.98290806872277e-07 -1.469701975306012e-06
16.68055555555547 8.824779663932249e-08 -1.522153623420677e-06
16.68333333333324 3.88022778143393e-07 -1.518673632854059e-06
16.68611111111102 6.901109948580459e-07 -1.456026469954812e-06
16.6888888888888 9.828163517174772e-07 -1.333109192761436e-06
16.69166666666657 1.25408565580819e-06 -1.151132934054232e-06
16.69444444444435 1.491966507940052e-06 -9.137234774244584e-07
16.69722222222213 1.685091546124423e-06 -6.269312951478236e-07
16.6999999999999 1.823171169026526e-06 -2.99144442066221e-07
16.70277777777768 1.897475260239244e-06 5.909878229629998e-08
16.70555555555546 1.901283516645072e-06 4.353965903498115e-07
16.70833333333323 1.830283845952133e-06 8.158649197149702e-07
16.71111111111101 1.682899003288798e-06 1.185603898905865e-06
16.71388888888879 1.460523217450252e-06 1.529236196850782e-06
16.71666666666656 1.167653012365891e-06 1.831499981759409e-06
16.71944444444434 8.118997197491821e-07 2.077875750832981e-06
16.72222222222211 4.038752275001735e-07 2.25522344856234e-06
16.72499999999989 -4.305280009162062e-08 2.35240423356367e-06
16.72777777777767 -5.131348112732782e-07 2.360860126547111e-06
16.73055555555544 -9.887354550532777e-07 2.275124690879344e-06
16.73333333333322 -1.450939370961553e-06 2.093238941889417e-06
16.736111111111 -1.880248728158187e-06 1.817048888997128e-06
16.73888888888877 -2.257349482687739e-06 1.452364476180757e-06
16.74166666666655 -2.563918862152137e-06 1.008964141178076e-06
16.74444444444433 -2.78344298220158e-06 5.004346506175682e-07
16.7472222222221 -2.902010965111783e-06 -5.615787529576122e-08
16.74999999999988 -2.909050652742411e-06 -6.407629682910828e-07
16.75277777777766 -2.797971129410521e-06 -1.230996842346231e-06
16.75555555555543 -2.56667888932751e-06 -1.802932144927207e-06
16.75833333333321 -2.217937635085093e-06 -2.332002063437765e-06
16.76111111111098 -1.759546350954725e-06 -2.793987917509386e-06
16.76388888888876 -1.204316362642226e-06 -3.166053743799229e-06
16.76666666666654 -5.698354102916033e-07 -3.427786941507264e-06
16.76944444444431 1.219849058434632e-07 -3.562201070520008e-06
16.77222222222209 8.455728885715613e-07 -3.556655612278202e-06
16.77499999999987 1.572556855550069e-06 -3.403648091007935e-06
16.77777777777764 2.272797300825856e-06 -3.101436515178847e-06
16.78055555555542 2.915557784673171e-06 -2.654454661709215e-06
16.7833333333332 3.470773048163242e-06 -2.073489228076186e-06
16.78611111111097 3.91036592506588e-06 -1.375596169366494e-06
16.78888888888875 4.20955934960686e-06 -5.837433779130298e-07
16.79166666666653 4.348126480978254e-06 2.738220740165093e-07
16.7944444444443 4.311520966552176e-06 1.164472026869238e-06
16.79722222222208 4.091830846481464e-06 2.052338329660434e-06
16.79999999999986 3.688503667405139e-06 2.899662544749578e-06
16.80277777777763 3.108797018855797e-06 3.668308520050975e-06
16.80555555555541 2.367917813561888e-06 4.321382008158983e-06
16.80833333333318 1.488824964405753e-06 4.824893235940015e-06
16.81111111111096 5.016833118909367e-07 5.149392347142745e-06
16.81388888888874 -5.570287361933687e-07 5.271504376862217e-06
16.81666666666651 -1.645739935732279e-06 5.175290200344333e-06
16.81944444444429 -2.719301722778698e-06 4.853362944400366e-06
16.82222222222207 -3.730749739942511e-06 4.307695740444238e-06
16.82499999999984 -4.633248598939661e-06 3.550066370483535e-06
16.82777777777762 -5.382145010525611e-06 2.602097095034373e-06
16.8305555555554 -5.937044894072602e-06 1.494863384321072e-06
16.83333333333317 -6.263823737914656e-06 2.680628827368856e-07
16.83611111111095 -6.336476816405212e-06 -1.031244931774032e-06
16.83888888888873 -6.13871724468796e-06 -2.350298044473146e-06
16.8416666666665 -5.66523547157736e-06 -3.632640018526111e-06
16.84444444444428 -4.922543698353334e-06 -4.820408006467693e-06
16.84722222222205 -3.92934269595223e-06 -5.856814882238234e-06
16.84999999999983 -2.716366204301103e-06 -6.688725688033152e-06
16.85277777777761 -1.325678968401689e-06 -7.26921821165454e-06
16.85555555555538 1.905722550128539e-07 -7.560011496905179e-06
16.85833333333316 1.771930611081607e-06 -7.533645001039352e-06
16.86111111111094 3.351874643265815e-06 -7.175295318896688e-06
16.86388888888871 4.860463486772238e-06 -6.484127041068141e-06
16.86666666666649 6.227285181741798e-06 -5.474089308910001e-06
16.86944444444427 7.384591863019481e-06 -4.174089622684745e-06
16.87222222222204 8.270490047687375e-06 -2.627500844845918e-06
16.87499999999982 8.832043820655015e-06 -8.909852680955406e-07
16.8777777777776 9.028144223164045e-06 9.673499849197157e-07
16.88055555555537 8.832000164772026e-06 2.870420354467273e-06
16.88333333333315 8.23311502512747e-06 4.735176729834994e-06
16.88611111111092 7.238628806288926e-06 6.476056770633185e-06
16.8888888888887 5.873927936927667e-06 8.008741008907216e-06
16.89166666666648 4.182452985869206e-06 9.254058088457467e-06
16.89444444444425 2.224667663004431e-06 1.014186743755781e-05
16.89722222222203 7.618932378934658e-08 1.061473866533171e-05
16.89999999999981 -2.174879754080358e-06 1.063124588492426e-05
16.90277777777758 -4.431341491822096e-06 1.016870254183536e-05
16.90555555555536 -6.590894465834132e-06 9.225178339411963e-06
16.90833333333314 -8.55057762476748e-06 7.820664281813453e-06
16.91111111111091 -1.021148326158062e-05 5.997284057985617e-06
16.91388888888869 -1.148353411693704e-05 3.818488916916975e-06
16.91666666666647 -1.229010470438901e-05 1.367217394737421e-06
16.91944444444424 -1.257226170751241e-05 -1.256951035757087e-06
16.92222222222202 -1.229240343681182e-05 -3.941570177212082e-06
16.92499999999979 -1.14370942349011e-05 -6.565902647220739e-06
16.92777777777757 -1.001891627317078e-05 -9.006125084526948e-06
16.93055555555535 -8.077197761828449e-06 -1.114095178419146e-05
16.93333333333312 -5.677522044158601e-06 -1.285743373305146e-05
16.9361111111109 -2.90997471066339e-06 -1.405666800986137e-05
16.93888888888868 1.138563577066934e-07 -1.465914193931113e-05
16.94166666666645 3.265052710131008e-06 -1.460943843906576e-05
16.94444444444423 6.402573247032992e-06 -1.388004432754571e-05
16.94722222222201 9.37930559133333e-06 -1.247403201306694e-05
16.94999999999978 1.204871699925775e-05 -1.042642636112555e-05
16.95277777777756 1.427181860979178e-05 -7.804121375764301e-06
16.95555555555534 1.592412599266458e-05 -4.704273735540999e-06
16.95833333333311 1.69022817440625e-05 -1.251169711830463e-06
16.96111111111089 1.713000393444824e-05 2.408364411891066e-06
16.96388888888866 1.656303852159494e-05 6.110863969649082e-06
16.96666666666644 1.519282464758354e-05 9.683223667733684e-06
16.96944444444422 1.30486284866847e-05 1.295051060185408e-05
16.97222222222199 1.019796262483282e-05 1.574425683895662e-05
16.97499999999977 6.745181650965377e-06 1.791085442048356e-05
16.97777777777755 2.828227802374407e-06 1.93196504011201e-05
16.98055555555532 -1.386410437155222e-06 1.98703326746331e-05
16.9833333333331 -5.710373006396631e-06 1.949921024557184e-05
16.98611111111088 -9.941494119991793e-06 1.818402476990467e-05
16.98888888888865 -1.387293602766239e-05 1.594698311266752e-05
16.99166666666643 -1.730299775729961e-05 1.28557718435681e-05
16.99444444444421 -2.004515194580603e-05 9.022401497351736e-06
16.99722222222198 -2.193782813681074e-05 4.599827612880018e-06
16.99999999999976 -2.285344826089815e-05 -2.235972332777429e-07
17.00277777777753 -2.270623128315437e-05 -5.231675885897056e-06
17.00555555555531 -2.14583199727912e-05 -1.018965101404683e-05
17.00833333333309 -1.912384298849169e-05 -1.485484868730024e-05
17.01111111111086 -1.577060829559267e-05 -1.898822141984294e-05
17.01388888888864 -1.151922641311133e-05 -2.236626244486478e-05
17.01666666666642 -6.539580040813178e-06 -2.479271732402763e-05
17.01944444444419 -1.044685127813747e-06 -2.610949977728181e-05
17.02222222222197 4.71787851881691e-06 -2.620622825812392e-05
17.02499999999975 1.047665792439574e-05 -2.502783938455152e-05
17.02777777777752 1.594870744717933e-05 -2.257980348481368e-05
17.0305555555553 2.085312070920605e-05 -1.893056431623018e-05
17.03333333333308 2.492509039728538e-05 -1.421094602726195e-05
17.03611111111085 2.792981442722072e-05 -8.610410787229481e-06
17.03888888888863 2.967554067177889e-05 -2.370204070033896e-06
17.0416666666664 3.002505085759158e-05 4.226415806446465e-06
17.04444444444418 2.89049287583085e-05 1.086650947547274e-05
17.04722222222196 2.631203808660658e-05 1.72218474413548e-05
17.04999999999973 2.231674928234208e-05 2.296472825636947e-05
17.05277777777751 1.706259761841495e-05 2.77844882070278e-05
17.05555555555529 1.076222185903479e-05 3.140389538293242e-05
17.05833333333306 3.689615726287271e-06 3.359458751419707e-05
17.06111111111084 -3.831084967044274e-06 3.419072108916254e-05
17.06388888888862 -1.143986796120514e-05 3.310005074953347e-05
17.06666666666639 -1.875757451618256e-05 3.031175238868167e-05
17.06944444444417 -2.540434996223508e-05 2.590043806457033e-05
17.07222222222195 -3.101894663047697e-05 2.002598084587637e-05
17.07499999999972 -3.527792539045322e-05 1.292896598828303e-05
17.0777777777775 -3.791376182058413e-05 4.921802476841981e-06
17.08055555555528 -3.873087262431021e-05 -3.624244427918088e-06
17.08333333333305 -3.761863931872752e-05 -1.229561486085774e-05
17.08611111111083 -3.456061886994673e-05 -2.065591566856075e-05
17.0888888888886 -2.96392915035523e-05 -2.826740311573453e-05
17.09166666666638 -2.303589834064949e-05 -3.471346214116776e-05
17.09444444444416 -1.502515723056656e-05 -3.962095743168584e-05
17.09722222222193 -5.964903386370696e-06 -4.26812860053681e-05
17.09999999999971 3.719030356821118e-06 -4.366897485361474e-05
17.10277777777749 1.35521143671123e-05 -4.245674271254473e-05
17.10555555555526 2.303377831340156e-05 -3.902608126606546e-05
17.10833333333304 3.166238215990058e-05 -3.347260378874056e-05
17.11111111111082 3.896129206121205e-05 -2.600565093827e-05
17.11388888888859 4.450473773908621e-05 -1.694192362527911e-05
17.11666666666637 4.794207950206615e-05 -6.693218541882498e-06
17.11944444444415 4.901913540978514e-05 4.251342083994997e-06
17.12222222222192 4.759531442869862e-05 1.534788505003476e-05
17.1249999999997 4.365546819258567e-05 2.602417671777091e-05
17.12777777777747 3.731560665699038e-05 3.570859384312418e-05
17.13055555555525 2.882191216924444e-05 4.386024641610457e-05
17.13333333333303 1.854281938724335e-05 4.999869937374603e-05
17.1361111111108 6.95428918774349e-06 5.37316929184652e-05
17.13888888888858 -5.381224969985294e-06 5.477929800741364e-05
17.14166666666636 -1.784125940601124e-05 5.299306636011449e-05
17.14444444444413 -2.977408212096018e-05 4.836894046655312e-05
17.14722222222191 -4.053222401712088e-05 4.105297129067582e-05
17.14999999999969 -4.950711511743142e-05 3.133923787651157e-05
17.15277777777746 -5.61630090822786e-05 1.965975800177581e-05
17.15555555555524 -6.006833968597996e-05 6.566603101644957e-06
17.15833333333302 -6.092271249425005e-05 -7.29313792119829e-06
17.16111111111079 -5.857789509474272e-05 -2.120848593345003e-05
17.16388888888857 -5.30514257365659e-05 -3.444035378677633e-05
17.16666666666634 -4.453180347058793e-05 -4.626023333337125e-05
17.16944444444412 -3.337463794948766e-05 -5.598980493600925e-05
17.1722222222219 -2.008960436765444e-05 -6.303935353442379e-05
17.17499999999967 -5.318545200077182e-06 -6.694285202760211e-05
17.17777777777745 1.019444065021621e-05 -6.738766602660681e-05
17.18055555555523 2.563960643494339e-05 -6.423704402063469e-05
17.183333333333 4.018312682476888e-05 -5.754387727993334e-05
17.18611111111078 5.301154642830745e-05 -4.755463155972406e-05
17.18888888888856 6.33767821557328e-05 -3.470284900493312e-05
17.19166666666633 7.063922846061638e-05 -1.959216945748437e-05
17.19444444444411 7.430651957543277e-05 -2.969397365926938e-06
17.19722222222189 7.406564405770115e-05 1.431128736129715e-05
17.19999999999966 6.980638234448261e-05 3.1331341098513e-05
17.20277777777744 6.163443803384687e-05 4.715599085824657e-05
17.20555555555521 4.987314126995775e-05 6.08850224667465e-05
17.20833333333299 3.50531940746486e-05 7.170350761362583e-05
17.21111111111077 1.789057312000213e-05 7.892965044617406e-05
17.21388888888854 -7.466287503882504e-07 8.205698375259091e-05
17.21666666666632 -1.988099162668288e-05 8.078835169088337e-05
17.2194444444441 -3.847616219819792e-05 7.50594755227693e-05
17.22222222222187 -5.549232027569356e-05 6.505039704950605e-05
17.22499999999965 -6.994380309620482e-05 5.118370908339064e-05
17.22777777777743 -8.095573808898433e-05 3.410918337333187e-05
17.2305555555552 -8.781646924596737e-05 1.467515775024948e-05
17.23333333333298 -9.002267617951504e-05 -6.112194759844155e-06
17.23611111111076 -8.731437935481224e-05 -2.713986443602327e-05
17.23888888888853 -7.969749053899078e-05 -4.724676907305305e-05
17.24166666666631 -6.745218469149692e-05 -6.528724707912294e-05
17.24444444444408 -5.112610925940994e-05 -8.019585965062456e-05
17.24722222222186 -3.151227177540402e-05 -9.1049879353116e-05
17.24999999999964 -9.612312936526256e-06 -9.712583865916783e-05
17.25277777777741 1.341326812633712e-05 -9.794671562213996e-05
17.25555555555519 3.630556662669368e-05 -9.331674156378831e-05
17.25833333333297 5.777533515674267e-05 -8.334141215165872e-05
17.26111111111074 7.657504067899402e-05 -6.843104169425215e-05
17.26388888888852 9.157093785491332e-05 -4.928708352453916e-05
17.2666666666663 0.0001018110353135673 -2.687140083138264e-05
17.26944444444407 0.0001065849182206189 -2.359659609677376e-06
17.27222222222185 0.0001054717139244457 2.291902773579214e-05
17.27499999999963 9.837303804345099e-05 4.755321001474983e-05
17.2777777777774 8.552851293599352e-05 7.012722968509735e-05
17.28055555555518 6.751237303287927e-05 8.930211463485108e-05
17.28333333333295 4.521071466484291e-05 0.0001038946528557329
17.28611111111073 1.978005546140179e-05 0.0001129500175927094
17.28888888888851 -7.411022224987719e-06 0.0001158035227032068
17.29166666666628 -3.485432306851273e-05 0.0001121275660429283
17.29444444444406 -6.098484540366102e-05 0.0001019605447738853
17.29722222222184 -8.426946869682684e-05 8.571546728276796e-05
17.29999999999961 -0.0001032965499890094 6.416709462379881e-05
17.30277777777739 -0.0001168612337925072 3.841766101005783e-05
17.30555555555517 -0.0001240413538909254 9.842480103618292e-06
17.30833333333294 -0.0001242591838100095 -1.998203113504897e-05
17.31111111111072 -0.0001173249642670845 -4.936426020420596e-05
17.3138888888885 -0.0001034590716858277 -7.659264471737915e-05
17.31666666666627 -8.329084602857723e-05 -0.0001000349580464045
17.31944444444405 -5.783340810290063e-05 -0.0001182359221067727
17.32222222222182 -2.843519378661324e-05 -0.0001300073440052125
17.3249999999996 3.28966496364702e-06 -0.0001345052245223925
17.32777777777738 3.554865842454201e-05 -0.0001312888766270328
17.33055555555515 6.647129922669061e-05 -0.0001203579983308365
17.33333333333293 9.421705895035822e-05 -0.000102164823203616
17.33611111111071 0.0001170846678830398 -7.759986280169953e-05
17.33888888888848 0.0001336163248086211 -4.795128209171971e-05
17.34166666666626 0.0001426904611339566 -1.483952466201682e-05
17.34444444444404 0.0001435971857259021 1.986966406557863e-05
17.34722222222181 0.0001360913878830627 5.416927418168352e-05
17.34999999999959 0.0001204196573279662 8.602642161535018e-05
17.35277777777737 9.731863197019293e-05 0.0001135025232275331
17.35555555555514 6.79840278449038e-05 0.000134871195904134
17.35833333333292 3.401134797446145e-05 0.0001487267369208539
17.3611111111107 -2.688994492014371e-06 0.0001540763904171932
17.36388888888847 -3.999777447539918e-05 0.0001504103753638656
17.36666666666625 -7.570849356562647e-05 0.0001377448112833854
17.36944444444402 -0.0001076574674830079 0.0001166341715064134
17.3722222222218 -0.0001338548442871624 8.815163985204432e-05
17.37499999999958 -0.0001526086498095781 5.383764693678842e-05
17.37777777777735 -0.0001626341446395898 1.56188056135319e-05
17.38055555555513 -0.0001631414421657138 -2.42986664316863e-05
17.38333333333291 -0.0001538954544346415 -6.35552722680235e-05
17.38611111111068 -0.0001352437480097554 -9.977716946127093e-05
17.38888888888846 -0.0001081097251780622 -0.0001307195922341376
17.39166666666624 -7.395059402467127e-05 -0.0001544061314186644
17.39444444444401 -3.468173452679642e-05 -0.000169255246095259
17.39722222222179 7.428822552828551e-06 -0.000174185916892606
17.39999999999957 4.989014320528871e-05 -0.0001686954022503175
17.40277777777734 9.01350507871846e-05 -0.0001529035766478378
17.40555555555512 0.0001256751368328973 -0.0001275602343103197
17.40833333333289 0.0001542548030527888 -9.401392694443672e-05
17.41111111111067 0.0001739948150787482 -5.414324237101365e-05
17.41388888888845 0.0001835162335213996 -1.025378151687259e-05
17.41666666666622 0.0001820365522747241 3.505369219309569e-05
17.419444444444 0.0001694313752169734 7.903651704461218e-05
17.42222222222178 0.0001462569229037854 0.0001189758633115888
17.42499999999955 0.0001137309715802071 0.0001523449633390009
17.42777777777733 7.367235343211147e-05 0.0001769694506163481
17.43055555555511 2.840173715723035e-05 0.0001911696311496747
17.43333333333288 -1.939109935986036e-05 0.0001938753687049697
17.43611111111066 -6.680605716152074e-05 0.0001847057329477394
17.43888888888844 -0.0001109082886289793 0.0001640075614726671
17.44166666666621 -0.0001489099816837799 0.0001328495123985508
17.44444444444399 -0.000178347118081278 9.297089251299114e-05
17.44722222222176 -0.0001972399941340019 4.6687373539015e-05
17.44999999999954 -0.0002042270276554771 -3.24151989692536e-06
17.45277777777732 -0.0001986627934044571 -5.377573020138045e-05
17.45555555555509 -0.0001806732600139807 -0.0001017792395255356
17.45833333333287 -0.0001511637323640019 -0.000144214754818681
17.46111111111065 -0.0001117778872678274 -0.0001783364453448598
17.46388888888842 -6.480935298035337e-05 -0.0002018684965274063
17.4666666666662 -1.307033356591659e-05 -0.0002131578428154363
17.46944444444398 4.027537794419338e-05 -0.0002112907992054761
17.47222222222175 9.190520637784398e-05 -0.0001961653599890682
17.47499999999953 0.0001385447460695558 -0.0001685135615601935
17.47777777777731 0.0001771759979737592 -0.0001298713605557971
17.48055555555508 0.0002052336434339858 -8.249677415365111e-05
17.48333333333286 0.0002207765574714518 -2.924036016517376e-05
17.48611111111063 0.0002226230505012062 2.662473332659087e-05
17.48888888888841 0.0002104403867565599 8.160315390117471e-05
17.49166666666619 0.000184781847567349 0.0001321959823566808
17.49444444444396 0.0001470678290557712 0.0001751239816650788
17.49722222222174 9.951099092240834e-05 0.0002075412071477819
17.49999999999952 4.498908462682697e-05 0.0002272250254310589
17.50277777777729 -1.31274471905733e-05 0.0002327297990634311
17.50555555555507 -7.118292203939905e-05 0.0002234935590943727
17.50833333333285 -0.0001254662435552821 0.0001998897963877465
17.51111111111062 -0.0001724486937994158 0.0001632198893694458
17.5138888888884 -0.0002090144495838722 0.0001156454443499665
17.51666666666618 -0.0002326687215625215 6.00637178064692e-05
17.51944444444395 -0.0002417095457310553 -6.693375379721993e-08
17.52222222222173 -0.0002353513276847282 -6.094122206820314e-05
17.5249999999995 -0.0002137911373549566 -0.000118647551041432
17.52777777777728 -0.0001782123053338608 -0.0001694199252700777
17.53055555555506 -0.0001307238629819703 -0.0002098849146708069
17.53333333333283 -7.42385445755208e-05 -0.0002372874326852366
17.53611111111061 -1.229615933669787e-05 -0.0002496801406435
17.53888888888839 5.11571280020933e-05 -0.000246063370289804
17.54166666666616 0.0001120199528390111 -0.0002264654465816999
17.54444444444394 0.0001663014056389075 -0.0001919570164593131
17.54722222222172 0.000210383973137511 -0.0001445972161184546
17.54999999999949 0.0002412663900223778 -8.731397001238469e-05
17.55277777777727 0.0002567700118701147 -2.372511784292157e-05
17.55555555555505 0.0002556944161723477 4.208888341183045e-05
17.55833333333282 0.0002379110287888425 0.0001058465149667864
17.5611111111106 0.0002043874737102365 0.0001633442940371896
17.56388888888837 0.0001571398116155976 0.0002107352134490717
17.56666666666615 9.911458058790847e-05 0.0002447880221295189
17.56944444444393 3.400726827799413e-05 0.0002631097759250935
17.5722222222217 -3.397178844562296e-05 0.0002643162133711282
17.57499999999948 -0.0001003693637505135 0.0002481377136803634
17.57777777777726 -0.0001607816477739877 0.0002154526815972209
17.58055555555503 -0.0002111477004864197 0.0001682449191188889
17.58333333333281 -0.0002480244370417606 0.000109486582327427
17.58611111111059 -0.0002688244187624474 4.295334914156161e-05
17.58888888888836 -0.0002719998955674645 -2.701689963385353e-05
17.59166666666614 -0.0002571598762571233 -9.580658177636569e-05
17.59444444444392 -0.0002251112902821327 -0.0001588237513909738
17.59722222222169 -0.0001778202765415078 -0.0002118100700971039
17.59999999999947 -0.0001182949670498174 -0.0002511306874482759
17.60277777777724 -5.039647020953989e-05 -0.0002740261820049537
17.60555555555502 2.141026366868759e-05 -0.0002788089547613118
17.6083333333328 9.234973950152655e-05 -0.0002649899451214753
17.61111111111057 0.0001576541606778375 -0.0002333260425992524
17.61388888888835 0.0002128853935583517 -0.0001857838063319559
17.61666666666613 0.0002542388345178437 -0.0001254207346047013
17.6194444444439 0.0002788082485747306 -5.619096914605092e-05
17.62222222222168 0.0002847929845581687 1.731241308175385e-05
17.62499999999946 0.0002716326219586218 9.016184347393458e-05
17.62777777777723 0.0002400588418615449 0.0001574263076958958
17.63055555555501 0.0001920598319329104 0.0002145067307824111
17.63333333333279 0.0001307584666995063 0.0002574528047425893
17.63611111111056 6.021144702540881e-05 0.0002832392953276937
17.63888888888834 -1.485787399027706e-05 0.0002899823278005469
17.64166666666612 -8.937549822497862e-05 0.0002770800007202586
17.64444444444389 -0.0001582605223368923 0.0002452666690101058
17.64722222222167 -0.0002167732933865394 0.0001965760459922086
17.64999999999944 -0.0002608440288632027 0.0001342145088341145
17.65277777777722 -0.0002873589672238851 6.235222641721083e-05
17.655555555555 -0.0002943837414888629 -1.415447136465085e-05
17.65833333333277 -0.0002813077468692383 -9.009110994384759e-05
17.66111111111055 -0.0002488985428765241 -0.0001602413510288383
17.66388888888833 -0.0001992614415981512 -0.0002197471563457049
17.6666666666661 -0.0001357059725520337 -0.0002644478607060991
17.66944444444388 -6.252742932463088e-05 -0.0002911743263982664
17.67222222222166 1.528226345068352e-05 -0.0002979771801858502
17.67499999999943 9.237500348695798e-05 -0.0002842724746017844
17.67777777777721 0.0001634150913892909 -0.0002508936846706838
17.68055555555499 0.0002234504873155976 -0.0002000453761139801
17.68333333333276 0.000268260794000959 -0.0001351607213602899
17.68611111111054 0.000294657337766611 -6.067181871134526e-05
17.68888888888831 0.0003007137941777868 1.829199217907229e-05
17.69166666666609 0.0002859104413942283 9.625737790167105e-05
17.69444444444387 0.0002511810160423505 0.0001677875100934816
17.69722222222164 0.0001988578935691617 0.000227863302677018
17.69999999999942 0.0001325184504678646 0.0002722385236717189
17.7027777777772 5.674248760394182e-05 0.0002977434672778369
17.70555555555497 -2.320299909605064e-05 0.0003025152375873947
17.70833333333275 -0.0001017300869554468 0.0002861376619995912
17.71111111111053 -0.0001733217670437535 0.0002496800871885666
17.7138888888883 -0.0002329218055328894 0.0001956313847366067
17.71666666666608 -0.0002762949310717602 0.000127732912452061
17.71944444444386 -0.0003003314858870669 5.072141425329073e-05
17.72222222222163 -0.0003032743808566926 -3.000062470140038e-05
17.72499999999941 -0.000284851525012684 -0.0001087442978185681
17.72777777777718 -0.0002463034951579262 -0.0001799366287632714
17.73055555555496 -0.0001903036125526994 -0.0002385174094165325
17.73333333333274 -0.0001207752777988006 -0.0002803021059399901
17.73611111111051 -4.261883146045993e-05 -0.0003022845875546098
17.73888888888829 3.863318173617979e-05 -0.0003028575176267407
17.74166666666607 0.0001172081501465991 -0.0002819339710437853
17.74444444444384 0.0001875051143615082 -0.0002409608101307524
17.74722222222162 0.0002444965982379717 -0.0001828220728877723
17.7499999999994 0.0002840915471032522 -0.0001116385505664312
17.75277777777717 0.0003034329387365153 -3.247728358131676e-05
17.75555555555495 0.0003011081440513835 4.900866735655097e-05
17.75833333333273 0.0002772562590327963 0.0001269846063883977
17.7611111111105 0.0002335639768427533 0.0001958537742790347
17.76388888888828 0.0001731495957463249 0.0002506618135039359
17.76666666666605 0.0001003428853540474 0.0002874567045080293
17.76944444444383 2.037616765791015e-05 0.0003035777754457962
17.77222222222161 -6.099145307380087e-05 0.0002978523651217956
17.77499999999938 -0.0001378897483473333 0.0002706853034230695
17.77777777777716 -0.000204762851147409 0.0002240340975605261
17.78055555555494 -0.0002567735893520903 0.0001612710193644405
17.78333333333271 -0.000290157032316977 8.694157337266099e-05
17.78611111111049 -0.0003024971478778538 6.436477578346444e-06
17.78888888888827 -0.0002929059443179547 -7.439926090769461e-05
17.79166666666604 -0.0002620915075348331 -0.000149691830689853
17.79444444444382 -0.0002123094313892687 -0.0002139676085169935
17.7972222222216 -0.0001472006899134412 -0.0002625541696519043
17.79999999999937 -7.15273846022698e-05 -0.0002919237121490342
17.80277777777715 9.174604216454265e-06 -0.0002999533780706705
17.80555555555492 8.900079560316863e-05 -0.0002860829572531636
17.8083333333327 0.0001621114443154226 -0.0002513579463889992
17.81111111111048 0.0002231611320636054 -0.000198354362439983
17.81388888888825 0.0002676928345898384 -0.0001309904545394114
17.81666666666603 0.0002924671730496849 -5.423887319383123e-05
17.81944444444381 0.0002957022403627788 2.623969022322523e-05
17.82222222222158 0.0002772059356401017 0.0001045144504686313
17.82499999999936 0.0002383906657524641 0.0001748231658687979
17.82777777777714 0.0001821689985879867 0.000231998903924753
17.83055555555491 0.0001127377288080006 0.0002718531324237011
17.83333333333269 3.526617905693032e-05 0.0002914864774037827
17.83611111111047 -4.448822346902857e-05 0.000289503795943687
17.83888888888824 -0.0001206085329191957 0.0002661172950857233
17.84166666666602 -0.0001874590687373377 0.0002231297653125252
17.84444444444379 -0.0002401054194434361 0.000163798966827019
17.84722222222157 -0.0002746821520990545 9.259313628260052e-05
17.84999999999935 -0.0002886805579838767 1.485579604080141e-05
17.85277777777712 -0.0002811347117991582 -6.359507711600622e-05
17.8555555555549 -0.0002526917311718547 -0.0001369034586706185
17.85833333333268 -0.0002055608268081079 -0.0001996144401209945
17.86111111111045 -0.0001433448763759593 -0.0002470830526998336
17.86388888888823 -7.076714482625236e-05 -0.0002758218819958963
17.86666666666601 6.686266383809542e-06 -0.0002837611807179234
17.86944444444378 8.318123846347621e-05 -0.0002704017731491526
17.87222222222156 0.000152976334701953 -0.0002368491474522977
17.87499999999934 0.0002108559836177466 -0.0001857261389199369
17.87777777777711 0.0002525232802990436 -0.0001209708342466115
17.88055555555489 0.0002749225790545511 -4.753506953896397e-05
17.88333333333266 0.000276467372967846 2.899351747813793e-05
17.88611111111044 0.0002571561619130928 0.0001028170726235228
17.88888888888822 0.000218567553386041 0.0001683682849232894
17.89166666666599 0.0001637350682792962 0.0002207326839244415
17.89444444444377 9.691132933337663e-05 0.0002560202413140075
17.89722222222155 2.323978524999234e-05 0.0002716579232655775
17.89999999999932 -5.164078607354742e-05 0.0002665809032427034
17.9027777777771 -0.000122028595778141 0.0002413079294070836
17.90555555555488 -0.0001825947649072255 0.0001978952492543064
17.90833333333265 -0.0002287893685626759 0.0001397728406288134
17.91111111111043 -0.0002571864472118969 7.147576082270847e-05
17.91388888888821 -0.0002657415602886392 -1.708498022740659e-06
17.91666666666598 -0.0002539422335289958 -7.414929593066705e-05
17.91944444444376 -0.000222839949771815 -0.0001403070771853868
17.92222222222154 -0.0001749615105341522 -0.0001951589611578384
17.92499999999931 -0.0001141069398981492 -0.0002345828228710541
17.92777777777709 -4.504988599609918e-05 -0.0002556702644547465
17.93055555555486 2.683598610043141e-05 -0.0002569444485410812
17.93333333333264 9.599541161686645e-05 -0.0002384662011241673
17.93611111111042 0.0001571221302640562 -0.0002018205145366677
17.93888888888819 0.0002055681776187625 -0.0001499849094682548
17.94166666666597 0.0002377001042170739 -8.709031854440667e-05
17.94444444444375 0.0002511745834549442 -1.809351205057066e-05
17.94722222222152 0.0002451122387026723 5.16130561787755e-05
17.9499999999993 0.0002201565372817748 0.0001166232854785923
17.95277777777708 0.0001784136332620385 0.000171938246961985
17.95555555555485 0.0001232783810946319 0.0002133528827731841
17.95833333333263 5.916065225133307e-05 0.0002377784691727251
17.96111111111041 -8.866134520789372e-06 0.0002434758738411196
17.96388888888818 -7.546632434533988e-05 0.0002301817388107829
17.96666666666596 -0.0001354614176653015 0.0001991182117548815
17.96944444444373 -0.0001842344813881306 0.0001528860565270585
17.97222222222151 -0.0002180878348159848 9.525016887229696e-05
17.97499999999929 -0.0002345260873074993 3.083497665516363e-05
17.97777777777706 -0.0002324426245125636 -3.524575315822564e-05
17.98055555555484 -0.0002121953753021584 -9.779510226927814e-05
17.98333333333262 -0.0001755665234708357 -0.0001519428742998442
17.98611111111039 -0.0001256100515974722 -0.0001935267087848863
17.98888888888817 -6.639988358589466e-05 -0.0002194144349782077
17.99166666666595 -2.699220510943985e-06 -0.0002277424856620363
17.99444444444372 6.042218009329946e-05 -0.0002180519978287977
17.9972222222215 0.0001179920349681732 -0.0001913124694739888
17.99999999999928 0.0001655286045645 -0.0001498318560335072
18.00277777777705 0.0001993915902807837 -9.706105205165969e-05
18.00555555555483 0.0002170632000232124 -3.730908721376664e-05
18.0083333333326 0.000217337470862128 2.460759895863227e-05
18.01111111111038 0.000200403412582688 8.375331225395957e-05
18.01388888888816 0.0001678161299664449 0.0001354673823610389
18.01666666666593 0.0001223590985904187 0.0001757329726407239
18.01944444444371 6.780948079511039e-05 0.0002014910839432958
18.02222222222149 8.626074342642397e-06 0.0002108750181857462
18.02499999999926 -5.041443094266082e-05 0.000203347135543213
18.02777777777704 -0.0001046032370776969 0.0001797277324949813
18.03055555555482 -0.0001496760522662094 0.0001421146331495907
18.03333333333259 -0.0001821502982120294 9.370090984585102e-05
18.03611111111037 -0.0001995960845477598 3.850631580115628e-05
18.03888888888815 -0.0002008196851364701 -1.895513618483796e-05
18.04166666666592 -0.0001859454970781383 -7.404402804221693e-05
18.0444444444437 -0.0001563907962243447 -0.0001223706747052239
18.04722222222147 -0.000114736338576765 -0.0001601461364462377
18.04999999999925 -6.450428137972897e-05 -0.0001844809080018534
18.05277777777703 -9.862326328563662e-06 -0.0001936075775149122
18.0555555555548 4.472117958970846e-05 -0.0001870101353292763
18.05833333333258 9.48426784048761e-05 -0.0001654503623268281
18.06111111111036 0.0001365194475704423 -0.0001308901971185424
18.06388888888813 0.0001665073750807135 -8.631747297471666e-05
18.06666666666591 0.0001825549726347125 -3.549023321262411e-05
18.06944444444369 0.0001835735868545519 1.737865827756101e-05
18.07222222222146 0.0001697108147203644 6.797022108396608e-05
18.07499999999924 0.0001423221801783252 0.0001122125175251596
18.07777777777702 0.0001038445145858514 0.0001466093292939037
18.08055555555479 5.758251140591087e-05 0.0001685177136493579
18.08333333333257 7.426936779703434e-06 0.0001763522712051395
18.08611111111034 -4.247159767119568e-05 0.0001697002108640244
18.08888888888812 -8.80459899143375e-05 0.0001493388035273711
18.0916666666659 -0.0001256447023334621 0.0001171549440098149
18.09444444444367 -0.0001523253281523666 7.597461248089626e-05
18.09722222222145 -0.000166085956073031 2.931737491282298e-05
18.09999999999923 -0.0001660160214536262 -1.890291609020942e-05
18.102777777777 -0.0001523551953869544 -6.47058505715754e-05
18.10555555555478 -0.0001264566040419763 -0.0001043731894264305
18.10833333333256 -9.06586379487858e-05 -0.0001347513963088266
18.11111111111033 -4.807713953516349e-05 -0.0001535032700832677
18.11388888888811 -2.336224464077804e-06 -0.0001592884933833785
18.11666666666589 4.273913045145905e-05 -0.0001518590615958891
18.11944444444366 8.344270377004307e-05 -0.0001320628060117138
18.12222222222144 0.0001164921279461709 -0.0001017559583472408
18.12499999999921 0.000139294291943774 -6.363326985035934e-05
18.12777777777699 0.0001501494998323086 -2.099096542706139e-05
18.13055555555477 0.0001483782261319319 2.255677663590667e-05
18.13333333333254 0.0001343609858570331 6.338351463276898e-05
18.13611111111032 0.0001094892282688006 9.815256383459615e-05
18.1388888888881 7.603263954487778e-05 0.0001240901589391458
18.14166666666587 3.69351713912032e-05 0.0001392073271376676
18.14444444444365 -4.442077069308307e-06 0.0001424526473138184
18.14722222222143 -4.460878444191055e-05 0.0001337841183811688
18.1499999999992 -8.023952155813531e-05 0.0001141553210082284
18.15277777777698 -0.0001084492632810889 8.541833363485572e-05
18.15555555555476 -0.0001270274242195167 5.015283727541244e-05
18.15833333333253 -0.0001346113688711961 1.143692819497904e-05
18.16111111111031 -0.0001307857287332598 -2.742015082496125e-05
18.16388888888808 -0.0001161003236388016 -6.316023125908848e-05
18.16666666666586 -9.200647014366223e-05 -9.284934160692553e-05
18.16944444444364 -6.071836666064242e-05 -0.0001141188119639327
18.17222222222141 -2.501248751286495e-05 -0.0001253544979723716
18.17499999999919 1.201702590648797e-05 -0.0001258189621227259
18.17777777777697 4.7225533658357e-05 -0.0001156973715256772
18.18055555555474 7.768460103334936e-05 -9.606449237717497e-05
18.18333333333252 0.000100925615055369 -6.877690832840948e-05
18.1861111111103 0.0001151400146757247 -3.630088530238985e-05
18.18888888888807 0.0001193198554604065 -1.491617490281757e-06
18.19166666666585 0.0001133277782272747 3.265652207055503e-05
18.19444444444363 9.789165191020179e-05 6.326695033227047e-05
18.1972222222214 7.45256705160772e-05 8.782302939696777e-05
18.19999999999918 4.538593978870096e-05 0.0001043750078350156
18.20277777777696 1.307405797801168e-05 0.0001116947030559285
18.20555555555473 -1.959358112822049e-05 0.0001093656430736783
18.20833333333251 -4.983040049509475e-05 9.78021272041801e-05
18.21111111111028 -7.511696287841912e-05 7.819687531198325e-05
18.21388888888806 -9.341079509557293e-05 5.240307213344575e-05
18.21666666666584 -0.0001033112221028286 2.276214901198261e-05
18.21944444444361 -0.0001041658991353322 -8.106888203194904e-06
18.22222222222139 -9.611098740679011e-05 -3.753774820306643e-05
18.22499999999917 -8.004278205045086e-05 -6.304657233016559e-05
18.22777777777694 -5.752455306350823e-05 -8.25413099526409e-05
18.23055555555472 -3.06378840939665e-05 -9.449309774351955e-05
18.2333333333325 -1.792418170239185e-06 -9.805559878135442e-05
18.23611111111027 2.648874239013711e-05 -9.312301971112087e-05
18.23888888888805 5.178895103977058e-05 -8.032300677589402e-05
18.24166666666583 7.200411590969579e-05 -6.094633570569451e-05
18.2444444444436 8.551741462593125e-05 -3.682075520234337e-05
18.24722222222138 9.132811907149227e-05 -1.014104963517592e-05
18.24999999999915 8.9124292107789e-05 1.672904374850848e-05
18.25277777777693 7.929419890823223e-05 4.146528582211773e-05
18.25555555555471 6.287671097100814e-05 6.198342508941273e-05
18.25833333333248 4.145628981268328e-05 7.661445315647072e-05
18.26111111111026 1.701285774779758e-05 8.423989901786119e-05
18.26388888888804 -8.259407529096947e-06 8.437621892618425e-05
18.26666666666581 -3.214788829337451e-05 7.720200693804768e-05
18.26944444444359 -5.261454515828042e-05 6.352687831228167e-05
18.27222222222137 -6.796933475015096e-05 4.470600527157443e-05
18.27499999999914 -7.700928816811462e-05 2.250896179749852e-05
18.27777777777692 -7.911182973214895e-05 -1.044641633578823e-06
18.2805555555547 -7.427517058201411e-05 -2.386760148044565e-05
18.28333333333247 -6.310341103720682e-05 -4.398924411306915e-05
18.28611111111025 -4.673889566131628e-05 -5.972503218038913e-05
18.28888888888802 -2.674895030354997e-05 -6.981708340182997e-05
18.2916666666658 -4.977992458377053e-06 -7.353390727278414e-05
18.29444444444358 1.66211819682503e-05 -7.072151391958899e-05
18.29722222222135 3.616159877089124e-05 -6.180251050354642e-05
18.29999999999913 5.19863103346868e-05 -4.772446685969925e-05
18.30277777777691 6.280835084150004e-05 -2.986328578916929e-05
18.30555555555468 6.781465110775736e-05 -9.891163909301976e-06
18.30833333333246 6.672557816340295e-05 1.037835321440092e-05
18.31111111111024 5.980588491721082e-05 2.915397272316402e-05
18.31388888888801 4.782725967002436e-05 4.482422211078903e-05
18.31666666666579 3.198695586220087e-05 5.609516549926705e-05
18.31944444444357 1.379077947361338e-05 6.209653426644632e-05
18.32222222222134 -5.088313075036519e-06 6.244761898511212e-05
18.32499999999912 -2.29628477062274e-05 5.727805263947979e-05
18.32777777777689 -3.828084794324332e-05 4.720274683415313e-05
18.33055555555467 -4.97599467218577e-05 3.325434628637748e-05
18.33333333333245 -5.649404507580602e-05 1.67802757973753e-05
18.33611111111022 -5.802369680747744e-05 -6.855552385764671e-07
18.338888888888 -5.436485300037421e-05 -1.756430497257681e-05
18.34166666666578 -4.599445480664371e-05 -3.237403094058189e-05
18.34444444444355 -3.379526233008154e-05 -4.385911768676422e-05
18.34722222222133 -1.896590026813211e-05 -5.109604023796935e-05
18.34999999999911 -2.905071215450024e-06 -5.356660455416542e-05
18.35277777777688 1.291901782133056e-05 -5.119294565248514e-05
18.35555555555466 2.71019194872886e-05 -4.433214230470615e-05
18.35833333333244 3.842686821610935e-05 -3.373199125193681e-05
18.36111111111021 4.596847411929159e-05 -2.04529388967274e-05
18.36388888888799 4.916740190470826e-05 -5.76408784693265e-06
18.36666666666576 4.787008871026588e-05 8.976671615770088e-06
18.36944444444354 4.233086169523564e-05 2.244718317149257e-05
18.37222222222132 3.317727894885859e-05 3.347884909150616e-05
18.37499999999909 2.134281825110854e-05 4.115730969865626e-05
18.37777777777687 7.973882076051616e-06 4.489735462979171e-05
18.38055555555465 -5.679772911695086e-06 4.448600291582535e-05
18.38333333333242 -1.838081473232935e-05 4.009073318293022e-05
18.3861111111102 -2.901567085391401e-05 3.223308505182731e-05
18.38888888888798 -3.669145617792573e-05 2.173098843490063e-05
18.39166666666575 -4.081010924403776e-05 9.61592601238998e-06
18.39444444444353 -4.111365092878904e-05 -2.966844976817098e-06
18.39722222222131 -3.769727274251717e-05 -1.486546982485437e-05
18.39999999999908 -3.098998065009706e-05 -2.502611951778155e-05
18.40277777777686 -2.170548355266977e-05 -3.258561508192329e-05
18.40555555555463 -1.07686536880705e-05 -3.694396481806955e-05
18.40833333333241 7.750336928758384e-07 -3.781078515820813e-05
18.41111111111019 1.185832780497962e-05 -3.522213036885912e-05
18.41388888888796 2.149003511094418e-05 -2.95270590905168e-05
18.41666666666574 2.88429496115049e-05 -2.134605306749656e-05
18.41944444444352 3.332413374653583e-05 -1.150591990983531e-05
18.42222222222129 3.462164245354471e-05 -9.57833395940934e-07
18.42499999999907 3.272411348294524e-05 9.313480883947421e-06
18.42777777777685 2.79122409365869e-05 1.838082635438657e-05
18.43055555555462 2.072376010329992e-05 2.545752042975047e-05
18.4333333333324 1.189595885794193e-05 2.996491050563686e-05
18.43611111111018 2.291680127460802e-06 3.157868804827751e-05
18.43888888888795 -7.183876608319413e-06 3.025038961796461e-05
18.44166666666573 -1.566761636834506e-05 2.620286748846602e-05
18.4444444444435 -2.241645474478417e-05 1.990094943250427e-05
18.44722222222128 -2.687169132313443e-05 1.200076049445659e-05
18.44999999999906 -2.87043334313488e-05 3.283045673069924e-06
18.45277777777683 -2.783778159321805e-05 -5.422850559616383e-06
18.45555555555461 -2.444649189479028e-05 -1.331703051990201e-05
18.45833333333239 -1.89314972126799e-05 -1.970183460169987e-05
18.46111111111016 -1.187578646246829e-05 -2.404280794785688e-05
18.46388888888794 -3.98431617806761e-06 -2.601257269735092e-05
18.46666666666572 3.985293368590518e-06 -2.551408638837512e-05
18.46944444444349 1.12946490559132e-05 -2.268179176270054e-05
18.47222222222127 1.729230502487451e-05 -1.78612653379078e-05
18.47499999999905 2.147115533455719e-05 -1.156995329853078e-05
18.47777777777682 2.351049908146313e-05 -4.443262158285817e-06
18.4805555555546 2.329936527780142e-05 2.828499527747028e-06
18.48333333333238 2.093954151644638e-05 9.566154697330063e-06
18.48611111111015 1.672869463306587e-05 1.516441351723721e-05
18.48888888888793 1.112581847330681e-05 1.914560623472113e-05
18.4916666666657 4.702823366575822e-06 2.119967773269992e-05
18.49444444444348 -1.912745926549166e-06 2.120716714257681e-05
18.49722222222126 -8.098209629044105e-06 1.924359602656423e-05
18.49999999999903 -1.329369994899468e-05 1.556548235654728e-05
18.50277777777681 -1.705221571482778e-05 1.057991323483543e-05
