16.5 1.32523693789504e-07 1.712898698397467e-07
16.50277777777778 1.80577215224531e-07 1.320108824657181e-07
16.50555555555555 2.169941753502149e-07 7.926101280558601e-08
16.50833333333333 2.380015197681334e-07 1.648616269142402e-08
16.51111111111111 2.408462150826145e-07 -5.181202073309473e-08
16.51388888888888 2.240903223335234e-07 -1.203779702011313e-07
16.51666666666666 1.878167907974451e-07 -1.835863867361824e-07
16.51944444444444 1.337230166737511e-07 -2.358823910119539e-07
16.52222222222221 6.508701542249227e-08 -2.722448503991438e-07
16.52499999999999 -1.339936564826916e-08 -2.886360138249894e-07
16.52777777777776 -9.592509792555462e-08 -2.823993036952817e-07
16.53055555555554 -1.759664435290543e-07 -2.525689191411919e-07
16.53333333333332 -2.467788807329612e-07 -2.000598492086366e-07
16.53611111111109 -3.019393069692607e-07 -1.277147712407484e-07
16.53888888888887 -3.358968867730903e-07 -4.019465347991659e-08
16.54166666666665 -3.444874960930163e-07 5.628800925439553e-08
16.54444444444442 -3.253668204220628e-07 1.543814157847718e-07
16.5472222222222 -2.783210107345649e-07 2.461273933364296e-07
16.54999999999998 -2.054213089499624e-07 3.235787044619279e-07
16.55277777777775 -1.109998340521731e-07 3.794550562313653e-07
16.55555555555553 -1.437083869648605e-09 4.077860094376991e-07
16.55833333333331 1.152332906066175e-07 4.044867626198085e-07
16.56111111111108 2.298813849613668e-07 3.678149062672573e-07
16.56388888888886 3.329638277502795e-07 2.986628064225983e-07
16.56666666666663 4.152839682019961e-07 2.006510200720241e-07
16.56944444444441 4.687715023652335e-07 8.000243842894329e-08
16.57222222222219 4.872183088229353e-07 -5.48062656637204e-08
16.57499999999996 4.669069132615736e-07 -1.936010836206089e-07
16.57777777777774 4.070729012780136e-07 -3.252420652245721e-07
16.58055555555552 3.101526725103447e-07 -4.384801699634154e-07
16.58333333333329 1.817826627207094e-07 -5.228766095396744e-07
16.58611111111107 3.053462026429496e-08 -5.697126218705429e-07
16.58888888888885 -1.326075921664541e-07 -5.728139321897831e-07
16.59166666666662 -2.950024745117131e-07 -5.292165222354093e-07
16.5944444444444 -4.432886350810285e-07 -4.396089215291947e-07
16.59722222222218 -5.644396763776319e-07 -3.0850072598967e-07
16.59999999999995 -6.468563384750392e-07 -1.440865984280156e-07
16.60277777777773 -6.814080375215125e-07 4.220169935452156e-08
16.6055555555555 -6.623347463789928e-07 2.364373559910835e-07
16.60833333333328 -5.87926276100908e-07 4.231913529716683e-07
16.61111111111106 -4.609093682631183e-07 5.867094486716904e-07
16.61388888888883 -2.884929310455225e-07 7.121873898528628e-07
16.61666666666661 -8.204699202341755e-08 7.870451195306193e-07
16.61944444444439 1.435802739144586e-07 8.020948418928217e-07
16.62222222222216 3.710729251725159e-07 7.525002413883548e-07
16.62499999999994 5.819214131044257e-07 6.384352332188466e-07
16.62777777777772 7.578712982702401e-07 4.653699456284459e-07
16.63055555555549 8.824375588829397e-07 2.439380917142925e-07
16.63333333333327 9.423636201749808e-07 -1.062828703412887e-08
16.63611111111105 9.289016133690152e-07 -2.794758489961006e-07
16.63888888888882 8.387978068244285e-07 -5.414626796186825e-07
16.6416666666666 6.74884618165501e-07 -7.747579821515579e-07
16.64444444444437 4.462072597516755e-07 -9.585927425754741e-07
16.64722222222215 1.676472244070058e-07 -1.0750261079111e-06
16.64999999999993 -1.40955902860412e-07 -1.110582990908127e-06
16.6527777777777 -4.561413693183497e-07 -1.05762058369797e-06
16.65555555555548 -7.525396550296652e-07 -9.152955129696107e-07
16.65833333333326 -1.004841298102979e-06 -6.900288277268124e-07
16.66111111111103 -1.18987505620791e-06 -3.954014332200783e-07
16.66388888888881 -1.288630799521324e-06 -5.145561773525573e-08
16.66666666666659 -1.288057589351274e-06 3.165741568815053e-07
16.66944444444436 -1.182476162456652e-06 6.800296854457061e-07
16.67222222222214 -9.744675745796236e-07 1.008979938619956e-06
16.67499999999992 -6.751349826656379e-07 1.274599566950925e-06
16.67777777777769 -3.036812764871305e-07 1.45159251259422e-06
16.68055555555547 1.137016739562998e-07 1.520464158158266e-06
16.68333333333324 5.455799759044343e-07 1.469446756223709e-06
16.68611111111102 9.575533954745756e-07 1.29590036702215e-06
16.6888888888888 1.314902721781297e-06 1.007044653071767e-06
16.69166666666657 1.585412365150185e-06 6.199237827322462e-07
16.69444444444435 1.742146310100282e-06 1.605642806338007e-07
16.69722222222213 1.765946968115145e-06 -3.376502235459835e-07
16.6999999999999 1.647436401386975e-06 -8.36297681554718e-07
16.70277777777768 1.388328025737622e-06 -1.294778097683294e-06
16.70555555555546 1.001902923249234e-06 -1.673511199227281e-06
16.70833333333323 5.125654679469997e-07 -1.937227700876466e-06
16.71111111111101 -4.553610156645462e-08 -2.058089435332038e-06
16.71388888888879 -6.307625185186343e-07 -2.018373122022266e-06
16.71666666666656 -1.196972985961067e-06 -1.81247383742533e-06
16.71944444444434 -1.697046630345631e-06 -1.448026769525019e-06
16.72222222222211 -2.086676378473608e-06 -9.460072377386976e-07
16.72499999999989 -2.328139260652892e-06 -3.397452055447044e-07
16.72777777777767 -2.39373303556035e-06 3.271238697000538e-07
16.73055555555544 -2.268579650529556e-06 1.003661560652515e-06
16.73333333333322 -1.952531850526094e-06 1.635387935240375e-06
16.736111111111 -1.460978633998368e-06 2.168534845407478e-06
16.73888888888877 -8.244245984145507e-07 2.554469287384645e-06
16.74166666666655 -8.681205865951855e-08 2.753933956425611e-06
16.74444444444433 6.973437909752461e-07 2.740748312394669e-06
16.7472222222221 1.466835404235997e-06 2.504638745501349e-06
16.74999999999988 2.158395552762971e-06 2.05292024189136e-06
16.75277777777766 2.711743073134109e-06 1.410831376242516e-06
16.75555555555543 3.074650956374949e-06 6.204243197956759e-07
16.75833333333321 3.207623719337286e-06 -2.61975289196684e-07
16.76111111111098 3.087781380450034e-06 -1.169605912644341e-06
16.76388888888876 2.711591303794098e-06 -2.030159306838048e-06
16.76666666666654 2.096164806988212e-06 -2.77137669996953e-06
16.76944444444431 1.27893817882895e-06 -3.326931607172173e-06
16.77222222222209 3.156805849022847e-07 -3.642133773291838e-06
16.77499999999987 -7.230947959222665e-07 -3.678979383941913e-06
16.77777777777764 -1.757105583747475e-06 -3.420101752271335e-06
16.78055555555542 -2.702326049494728e-06 -2.871243749503049e-06
16.7833333333332 -3.477626104218847e-06 -2.061974735553272e-06
16.78611111111097 -4.011513143767206e-06 -1.044504086385043e-06
16.78888888888875 -4.248432182574472e-06 1.094085882614007e-07
16.79166666666653 -4.154088254214208e-06 1.313290980324844e-06
16.7944444444443 -3.719307880842331e-06 2.472237252749843e-06
16.79722222222208 -2.962051409710226e-06 3.490189642676205e-06
16.79999999999986 -1.927319507064521e-06 4.277679475553695e-06
16.80277777777763 -6.848561357536504e-07 4.759419962143059e-06
16.80555555555541 6.752747328793328e-07 4.881125000177584e-06
16.80833333333318 2.048984144073855e-06 4.614960291290863e-06
16.81111111111096 3.325905155285041e-06 3.963115263058914e-06
16.81388888888874 4.398032951913815e-06 2.959112292918765e-06
16.81666666666651 5.168598963316073e-06 1.666635338114547e-06
16.81944444444429 5.560468501258725e-06 1.758515740484863e-07
16.82222222222207 5.523355577787995e-06 -1.402597367615096e-06
16.82499999999984 5.039210541086516e-06 -2.945559528683304e-06
16.82777777777762 4.12525372755367e-06 -4.326739637373229e-06
16.8305555555554 2.834294537519696e-06 -5.426775569949748e-06
16.83333333333317 1.252178957739942e-06 -6.143239649123065e-06
16.83611111111095 -5.075652653100126e-07 -6.399748593155916e-06
16.83888888888873 -2.311585246447974e-06 -6.153399382169802e-06
16.8416666666665 -4.016542944612888e-06 -5.399847148456718e-06
16.84444444444428 -5.480234095619019e-06 -4.175500457218362e-06
16.84722222222205 -6.573144285967098e-06 -2.556518879824377e-06
16.84999999999983 -7.189525043494492e-06 -6.545428439676659e-07
16.85277777777761 -7.257068642994777e-06 1.390651950264531e-06
16.85555555555538 -6.744330953260556e-06 3.421124319666087e-06
16.85833333333316 -5.665194813528696e-06 5.272676058411022e-06
16.86111111111094 -4.079873821124191e-06 6.787824109481224e-06
16.86388888888871 -2.092214109002865e-06 7.828834454313528e-06
16.86666666666649 1.566589845802426e-07 8.289764318677223e-06
16.86944444444427 2.498003616218325e-06 8.1064911703485e-06
16.87222222222204 4.747803323051649e-06 7.263823368184391e-06
16.87499999999982 6.72091166961271e-06 5.798982594145064e-06
16.8777777777776 8.245936980295902e-06 3.80101005320467e-06
16.88055555555537 9.17969609651272e-06 1.405958568928067e-06
16.88333333333315 9.420047914212572e-06 -1.211931917926858e-06
16.88611111111092 8.915995015370658e-06 -3.85254346861724e-06
16.8888888888887 7.674112993847101e-06 -6.304835581808501e-06
16.89166666666648 5.76062235459244e-06 -8.363356633034439e-06
16.89444444444425 3.298740126491525e-06 -9.845046211658315e-06
16.89722222222203 4.613143575999113e-07 -1.060498330077986e-05
16.89999999999981 -2.540873345091951e-06 -1.054976083400135e-05
16.90277777777758 -5.474384434377404e-06 -9.647300859106623e-06
16.90555555555536 -8.100903610419429e-06 -7.932160232144333e-06
16.90833333333314 -1.019619720389739e-05 -5.505699783428258e-06
16.91111111111091 -1.156877106231565e-05 -2.530877828232285e-06
16.91388888888869 -1.207670902171567e-05 7.781469194735201e-07
16.91666666666647 -1.164125407105029e-05 4.170990374308299e-06
16.91944444444424 -1.025589524722414e-05 7.379586914349553e-06
16.92222222222202 -7.990032993147153e-06 1.013896101598437e-05
16.92499999999979 -4.986693718972165e-06 1.220864807683275e-05
16.92777777777757 -1.454222138289273e-06 1.339306575431709e-05
16.93055555555535 2.347636946180787e-06 1.355914935054159e-05
16.93333333333312 6.126385420005086e-06 1.264971384843411e-05
16.9361111111109 9.578846311479668e-06 1.069128484781941e-05
16.93888888888868 1.241503362404226e-05 7.795533707255772e-06
16.94166666666645 1.438197180370321e-05 4.15393160057697e-06
16.94444444444423 1.528554581103039e-05 2.576775403370995e-08
16.94722222222201 1.50085413836339e-05 -4.279781954070092e-06
16.94999999999978 1.352326552027466e-05 -8.426341890780781e-06
16.95277777777756 1.08975071154664e-05 -1.207615234860921e-05
16.95555555555534 7.293082848554253e-06 -1.491706816278857e-05
16.95833333333311 2.95677939025758e-06 -1.668861915920004e-05
16.96111111111089 -1.795892698812457e-06 -1.720499995202057e-05
16.96388888888866 -6.603122591735547e-06 -1.637301669094321e-05
16.96666666666644 -1.108385147754162e-05 -1.420334389485019e-05
16.96944444444422 -1.486746963912265e-05 -1.081391588473023e-05
16.97222222222199 -1.762388177726602e-05 -6.424862349457e-06
16.97499999999977 -1.909154295582275e-05 -1.345053583412271e-06
16.97777777777755 -1.910113466817501e-05 4.049002162492197e-06
16.98055555555532 -1.759280789513044e-05 9.34052272979841e-06
16.9833333333331 -1.462535439725961e-05 1.410413304062877e-05
16.98611111111088 -1.037625081056502e-05 1.793949501202826e-05
16.98888888888865 -5.132211225676984e-06 2.050426863748989e-05
16.99166666666643 7.293686380703487e-07 2.15437374304644e-05
16.99444444444421 6.766946799023557e-06 2.091459481627724e-05
16.99722222222198 1.250753708167098e-05 1.860075895169559e-05
16.99999999999976 1.748320027581098e-05 1.471963998378226e-05
17.00277777777753 2.126855121655053e-05 9.517988275268149e-06
17.00555555555531 2.351632054693136e-05 3.357253606257551e-06
17.00833333333309 2.39880523628404e-05 -3.3107769494026e-06
17.01111111111086 2.25772972000347e-05 -9.976486848751084e-06
17.01388888888864 1.93231604382546e-05 -1.611079587067513e-05
17.01666666666642 1.441275729612888e-05 -2.120654065476558e-05
17.01944444444419 8.171958787485897e-06 -2.481967838655018e-05
17.02222222222197 1.044726693257791e-06 -2.660701643122733e-05
17.02499999999975 -6.437740588684423e-06 -2.635732538852373e-05
17.02777777777752 -1.369596928108676e-05 -2.401310517405121e-05
17.0305555555553 -2.014647133405483e-05 -1.968091973028072e-05
17.03333333333308 -2.52479710883699e-05 -1.362905257981778e-05
17.03611111111085 -2.854598366453432e-05 -6.272202522875414e-06
17.03888888888863 -2.971213069174861e-05 1.856036436188259e-06
17.0416666666664 -2.857486752434341e-05 1.014116440731368e-05
17.04444444444418 -2.513886099906593e-05 1.793358866409816e-05
17.04722222222196 -1.959106272119645e-05 2.459889507718754e-05
17.04999999999973 -1.229251389808318e-05 2.956873592978302e-05
17.05277777777751 -3.756021114379018e-06 3.238830541727594e-05
17.05555555555529 5.389026155900511e-06 3.275650258584195e-05
17.05833333333306 1.44423555950295e-05 3.055532587493434e-05
17.06111111111084 2.268576823620004e-05 2.586577932626492e-05
17.06388888888862 2.943939670665489e-05 1.896854923655724e-05
17.06666666666639 3.411691001698758e-05 1.0328861771544e-05
17.06944444444417 3.627524141319288e-05 5.66170782478919e-07
17.07222222222195 3.56546981489779e-05 -9.589445177332088e-06
17.07499999999972 3.220593414302463e-05 -1.935117534817261e-05
17.0777777777775 2.610119028106068e-05 -2.793573591156842e-05
17.08055555555528 1.77283691176799e-05 -3.462543242099846e-05
17.08333333333305 7.667826270856787e-06 -3.8827163291683e-05
17.08611111111083 -3.34686987286478e-06 -4.012358023450202e-05
17.0888888888886 -1.448164278659814e-05 -3.831208297575787e-05
17.09166666666638 -2.486435390819211e-05 -3.342814638766554e-05
17.09444444444416 -3.365236947854724e-05 -2.5750604771268e-05
17.09722222222193 -4.010006710925451e-05 -1.578787082902736e-05
17.09999999999971 -4.362093413292422e-05 -4.245545539937086e-06
17.10277777777749 -4.383916229828961e-05 8.022633891854648e-06
17.10555555555526 -4.062630886801284e-05 2.007717585063434e-05
17.10833333333304 -3.411963307520362e-05 3.096404830204008e-05
17.11111111111082 -2.472005858845736e-05 3.978938128678862e-05
17.11388888888859 -1.306926015408843e-05 4.579186495846605e-05
17.11666666666637 -7.009491496615871e-09 4.840704610176974e-05
17.11944444444415 1.348848540695916e-05 4.731818157182552e-05
17.12222222222192 2.637308038372954e-05 4.248920053553735e-05
17.1249999999997 3.761671944240965e-05 3.417660157684887e-05
17.12777777777747 4.628490516717776e-05 2.291867640370605e-05
17.13055555555525 5.16152317455031e-05 9.502193885154308e-06
17.13333333333303 5.308278768300922e-05 -5.091536280409439e-06
17.1361111111108 5.044892196562356e-05 -1.975761206465587e-05
17.13888888888858 4.378901092641527e-05 -3.335043619578174e-05
17.14166666666636 3.34963867004567e-05 -4.477239883514788e-05
17.14444444444413 2.026138270984662e-05 -5.306153728161077e-05
17.14722222222191 5.02638315206234e-06 -5.747123722329099e-05
17.14999999999969 -1.108031684616153e-05 -5.753545738516253e-05
17.15277777777746 -2.682727819025412e-05 -5.311390419435586e-05
17.15555555555524 -4.097330201192419e-05 -4.441299619665914e-05
17.15833333333302 -5.236440503399793e-05 -3.19802414598465e-05
17.16111111111079 -6.002686834963479e-05 -1.667167494451728e-05
17.16388888888857 -6.324892882956222e-05 4.058861338575359e-07
17.16666666666634 -6.164435792843676e-05 1.797397685521475e-05
17.16944444444412 -5.519240044217478e-05 3.467742274827198e-05
17.1722222222219 -4.425024468252459e-05 4.91880894447391e-05
17.17499999999967 -2.953624493439637e-05 6.030955642193067e-05
17.17777777777745 -1.208436518627221e-05 6.707452773392512e-05
17.18055555555523 6.827411750294344e-06 6.882712903673735e-05
17.183333333333 2.576984213372922e-05 6.528320404381332e-05
17.18611111111078 4.326967838978001e-05 5.656325635557684e-05
17.18888888888856 5.792343149969646e-05 4.319467940353729e-05
17.19166666666633 6.850891032929097e-05 2.608223355188562e-05
17.19444444444411 7.40857408512124e-05 6.448191580431355e-06
17.19722222222189 7.407668885088363e-05 -1.425400801561016e-05
17.19999999999966 6.832288953822074e-05 -3.444657771395516e-05
17.20277777777744 5.710794363273117e-05 -5.254687621174016e-05
17.20555555555521 4.114814144004678e-05 -6.709058530777097e-05
17.20833333333299 2.15486551237439e-05 -7.684903955997252e-05
17.21111111111077 -2.718005058613074e-07 -8.093138112377908e-05
17.21388888888854 -2.26828036467909e-05 -7.886315017665097e-05
17.21666666666632 -4.396331557427437e-05 -7.063454169672837e-05
17.2194444444441 -6.243308563201942e-05 -5.671375266829172e-05
17.22222222222187 -7.658439010303632e-05 -3.802345274201815e-05
17.22499999999965 -8.520383688073115e-05 -1.588124201363342e-05
17.22777777777743 -8.747447712229832e-05 8.092204403517863e-06
17.2305555555552 -8.304975096065478e-05 3.209098613623242e-05
17.23333333333298 -7.209277571718328e-05 5.425931109676937e-05
17.23611111111076 -5.527702414616259e-05 7.283422056469292e-05
17.23888888888853 -3.374735213417452e-05 8.628478087117655e-05
17.24166666666631 -9.043401269448858e-06 9.343681685666517e-05
17.24444444444408 1.700961432923779e-05 9.357311565550429e-05
17.24722222222186 4.24350610143137e-05 8.650069016704651e-05
17.24999999999964 6.525416968264978e-05 7.257904955470527e-05
17.25277777777741 8.36392226071406e-05 5.270631181050852e-05
17.25555555555519 9.605883649397591e-05 2.826319790101165e-05
17.25833333333297 0.0001014038635787073 1.018225523899823e-06
17.26111111111074 9.908366332537827e-05 -2.69994811871109e-05
17.26388888888852 8.908455562145797e-05 -5.365067764446838e-05
17.2666666666663 7.198501101348058e-05 -7.684866481371273e-05
17.26944444444407 4.892536636630673e-05 -9.472181011515886e-05
17.27222222222185 2.153333455829029e-05 -0.0001057633196023785
17.27499999999963 -8.189961139648372e-06 -0.0001089563533399325
17.2777777777774 -3.801552364592969e-05 -0.0001038642134244253
17.28055555555518 -6.565305357051931e-05 -9.06778073601984e-05
17.28333333333295 -8.892614697682342e-05 -7.021572470875369e-05
17.28611111111073 -0.0001059427598332372 -4.387583283729792e-05
17.28888888888851 -0.0001152476447562205 -1.354103020583754e-05
17.29166666666628 -0.0001159445641506713 1.855459369499592e-05
17.29444444444406 -0.000107778152836682 4.998973725284746e-05
17.29722222222184 -9.116820295381808e-05 7.833800773647603e-05
17.29999999999961 -6.719266697287137e-05 0.0001013545202601456
17.30277777777739 -3.751956076463468e-05 0.0001171526662138751
17.30555555555517 -4.291903933052804e-06 0.0001243571929978855
17.30833333333294 3.00264464186225e-05 0.0001222212700182803
17.31111111111072 6.2833023030512e-05 0.0001106977354900648
17.3138888888885 9.158359009619864e-05 9.045804974676035e-05
17.31666666666627 0.0001139887411375773 6.285638199397466e-05
17.31944444444405 0.0001281951037271134 2.98404381608265e-05
17.32222222222182 0.0001329368752064056 -6.185220394493571e-06
17.3249999999996 0.0001276454078915567 -4.253383551468617e-05
17.32777777777738 0.0001125075453740812 -7.643643421609926e-05
17.33055555555515 8.846717224176724e-05 -0.0001052522722730268
17.33333333333293 5.716870232172709e-05 -0.0001266737730247708
17.33611111111071 2.084567569042265e-05 -0.0001389101002992008
17.33888888888848 -1.783807771991541e-05 -0.0001408348347989974
17.34166666666626 -5.598345420741642e-05 -0.0001320856996264996
17.34444444444404 -9.067301658302899e-05 -0.0001131077334323871
17.34722222222181 -0.0001191936420746775 -8.513549089705353e-05
17.34999999999959 -0.0001392479116226965 -5.011445096620816e-05
17.35277777777737 -0.0001491378163686032 -1.05664864723966e-05
17.35555555555514 -0.0001479061727970403 3.059136438866334e-05
17.35833333333292 -0.0001354241105939081 7.026182701875708e-05
17.3611111111107 -0.0001124169187718646 0.0001054001952047975
17.36388888888847 -8.042512108005224e-05 0.0001332475248525944
17.36666666666625 -4.170256005066267e-05 0.0001515463807508871
17.36944444444402 9.418716461251129e-07 0.0001587223145800382
17.3722222222218 4.434777809326229e-05 0.0001540165754908731
17.37499999999958 8.523734684539345e-05 0.0001375590307000992
17.37777777777735 0.0001204626396249299 0.0001103746553609051
17.38055555555513 0.0001472474378447988 7.43219172950309e-05
17.38333333333291 0.0001634050870373545 3.196656157646643e-05
17.38611111111068 0.0001675153003180337 -1.360070148148173e-05
17.38888888888846 0.0001590457270555725 -5.898967008976825e-05
17.39166666666624 0.000138408072466562 -0.0001007628366629808
17.39444444444401 0.00010694338024245 -0.0001356955211599581
17.39722222222179 6.683640734457201e-05 -0.0001610242705355615
17.39999999999957 2.096442837059977e-05 -0.0001746644150150071
17.40277777777734 -2.730910618466136e-05 -0.0001753797133408093
17.40555555555512 -7.438126212484271e-05 -0.0001628903964019567
17.40833333333289 -0.0001166785582218632 -0.0001379103940087034
17.41111111111067 -0.0001509280613022234 -0.0001021097775939523
17.41388888888845 -0.0001744100753086714 -5.800408289163949e-05
17.41666666666622 -0.0001851729421710563 -8.777766694968883e-06
17.419444444444 -0.0001821930556988708 4.194582684327772e-05
17.42222222222178 -0.0001654670989593211 9.037136000972859e-05
17.42499999999955 -0.0001360284716538809 0.0001328155738264482
17.42777777777733 -9.588551386733061e-05 0.0001659872595775831
17.43055555555511 -4.788503596820331e-05 0.0001872418486283848
17.43333333333288 4.489614762772633e-06 0.0001947909563715775
17.43611111111066 5.737162029867906e-05 0.0001878503506558724
17.43888888888844 0.0001067964781357958 0.0001667142494348043
17.44166666666621 0.0001489993549189831 0.0001327492667524882
17.44444444444399 0.0001807016831726176 8.830732178671489e-05
17.44722222222176 0.0001993651837918458 3.656295427883435e-05
17.44999999999954 0.0002033936656590309 -1.871371278008617e-05
17.45277777777732 0.00019226664099158 -7.343210063567946e-05
17.45555555555509 0.0001665937401398267 -0.0001234842752284666
17.45833333333287 0.0001280847530354516 -0.0001650535232264833
17.46111111111065 7.943643412679405e-05 -0.0001949051994009365
17.46388888888842 2.414351061712145e-05 -0.0002106376818592732
17.4666666666662 -3.375284778604223e-05 -0.0002108740022847455
17.46944444444398 -8.996095230664251e-05 -0.0001953789521865609
17.47222222222175 -0.000140257191833962 -0.0001650919003399198
17.47499999999953 -0.000180803606951368 -0.0001220717936566596
17.47777777777731 -0.000208440535588499 -6.935739091251225e-05
17.48055555555508 -0.0002209320173421888 -1.075220238173289e-05
17.48333333333286 -0.0002171449383878277 4.945060893539002e-05
17.48611111111063 -0.0001971476657370973 0.0001067834113221171
17.48888888888841 -0.0001622198143030583 0.0001569361747729012
17.49166666666619 -0.0001147713798061331 0.0001960806959367679
17.49444444444396 -5.817626496366061e-05 0.0002211625589748101
17.49722222222174 3.468284833455132e-06 0.0002301385690818299
17.49999999999952 6.563912952429929e-05 0.0002221412491929345
17.50277777777729 0.0001237199037723832 0.0001975572692977875
17.50555555555507 0.0001733443732045673 0.0001580129982787894
17.50833333333285 0.0002107248857457999 0.0001062672644760732
17.51111111111062 0.0002329411812676493 4.601836968571285e-05
17.5138888888884 0.0002381675437663949 -1.836110100273544e-05
17.51666666666618 0.0002258206800874353 -8.214258721955071e-05
17.51944444444395 0.0001966164725123201 -0.0001405897283390666
17.52222222222173 0.0001525304585497549 -0.0001893106949031984
17.5249999999995 9.66640447257922e-05 -0.0002245884107359619
17.52777777777728 3.302552889320475e-05 -0.0002436638079244681
17.53055555555506 -3.375854353300213e-05 -0.0002449505388804671
17.53333333333283 -9.878081901048466e-05 -0.0002281644954997604
17.53611111111061 -0.0001572146713641322 -0.0001943576992919481
17.53888888888839 -0.000204673119535121 -0.0001458531730322033
17.54166666666616 -0.0002375383799370818 -8.608476280021692e-05
17.54444444444394 -0.0002532372702604105 -1.935300071031039e-05
17.54722222222172 -0.0002504415126369183 4.948555153238474e-05
17.54999999999949 -0.0002291774091696976 0.0001153729406750938
17.55277777777727 -0.0001908359880007754 0.0001734224492279105
17.55555555555505 -0.0001380820568495899 0.0002192816776312125
17.55833333333282 -7.466811012544901e-05 0.0002494590460982992
17.5611111111106 -5.166155806501464e-06 0.0002615891982447736
17.56388888888837 6.536327468163729e-05 0.0002546171496677003
17.56666666666615 0.0001317408646999501 0.0002288869162519087
17.56944444444393 0.000189049882790825 0.0001861273496825755
17.5722222222217 0.0002330010189045237 0.0001293354872047874
17.57499999999948 0.0002602535568511705 6.256532807007017e-05
17.57777777777726 0.0002686688124181636 -9.362985750591521e-06
17.58055555555503 0.000257476632025062 -8.121261103458665e-05
17.58333333333281 0.0002273420668785845 -0.000147712618645111
17.58611111111059 0.0001803266504169212 -0.0002039457218841771
17.58888888888836 0.00011974647425009 -0.0002457125107909848
17.59166666666614 4.993690520714257e-05 -0.00026984515664837
17.59444444444392 -2.405925487904118e-05 -0.0002744471338401147
17.59722222222169 -9.685761413497436e-05 -0.0002590408445166877
17.59999999999947 -0.0001631253773566544 -0.0002246117376047168
17.60277777777724 -0.0002179730535697036 -0.0001735450965924769
17.60555555555502 -0.0002573158267567197 -0.000109459572198889
17.6083333333328 -0.0002781778280977609 -3.694917260636396e-05
17.61111111111057 -0.0002789166305088647 3.874777102806101e-05
17.61388888888835 -0.0002593510608241423 0.0001121286793602601
17.61666666666613 -0.0002207824710027144 0.0001778281365355606
17.6194444444439 -0.0001659074109908599 0.0002310112453219347
17.62222222222168 -9.862762855230191e-05 0.0002677300031494635
17.62499999999946 -2.377089657330626e-05 0.0002852163806776094
17.62777777777723 5.325722440825969e-05 0.0002820903365218266
17.63055555555501 0.0001268654317882842 0.0002584671716296438
17.63333333333279 0.0001916839712330727 0.0002159559641587847
17.63611111111056 0.0002429573926057982 0.0001575487929144942
17.63888888888834 0.0002768939623468887 8.740846910897451e-05
17.64166666666612 0.000290946012815132 1.056996258644095e-05
17.64444444444389 0.0002840004957351688 -6.742292102717875e-05
17.64722222222167 0.0002564655276558901 -0.0001409192524382793
17.64999999999944 0.0002102462937374506 -0.0002045718400582924
17.65277777777722 0.000148611757201698 -0.0002537272586944189
17.655555555555 7.596161265366924e-05 -0.000284766517897818
17.65833333333277 -2.489764587566509e-06 -0.0002953713892912792
17.66111111111055 -8.10895215953409e-05 -0.0002846967943497837
17.66388888888833 -0.0001541553957009214 -0.0002534364788385631
17.6666666666661 -0.0002163879134677705 -0.0002037769685793524
17.66944444444388 -0.000263255712242624 -0.0001392429450387331
17.67222222222166 -0.0002913258935947831 -6.444510228782197e-05
17.67499999999943 -0.0002985152893762421 1.525133089458417e-05
17.67777777777721 -0.0002842442563779793 9.41134199651274e-05
17.68055555555499 -0.0002494816956962407 0.0001664546673983343
17.68333333333276 -0.0001966779006123515 0.000227046421701327
17.68611111111054 -0.0001295899943419252 0.000271496684421576
17.68888888888831 -5.301253078308179e-05 0.0002965688024163236
17.69166666666609 2.756727254218446e-05 0.0003004168916411534
17.69444444444387 0.0001063647222883833 0.0002827208821717152
17.69722222222164 0.0001777146494545649 0.0002447113604042188
17.69999999999942 0.0002364800340605434 0.0001890823814533897
17.7027777777772 0.0002784226817616702 0.0001197985496020361
17.70555555555497 0.0003005091426269178 4.181032572516028e-05
17.70833333333275 0.0003011297688213409 -3.930183883943382e-05
17.71111111111053 0.0002802151131253293 -0.0001177288038069628
17.7138888888883 0.0002392413133261254 -0.0001878504729423221
17.71666666666608 0.0001811241458642104 -0.0002446397957087008
17.71944444444386 0.0001100094810058209 -0.0002840239028106918
17.72222222222163 3.097534718649437e-05 -0.0003031763767729284
17.72499999999941 -5.033282686540912e-05 -0.0003007196703739911
17.72777777777718 -0.0001281074354767001 -0.0002768232054457954
17.73055555555496 -0.0001967951557166204 -0.0002331902361417665
17.73333333333274 -0.0002514946605511405 -0.0001729345946768244
17.73611111111051 -0.0002883070160019855 -0.000100356370959429
17.73888888888829 -0.0003046136647546438 -2.063283690716763e-05
17.74166666666607 -0.0002992621715647193 6.055301115282527e-05
17.74444444444384 -0.0002726465927935219 0.0001374194868593033
17.74722222222162 -0.000226676945662706 0.0002044995334712252
17.7499999999994 -0.0001646402394690018 0.0002570306687064458
17.75277777777717 -9.096331346825408e-05 0.000291293662584642
17.75555555555495 -1.089474404692809e-05 0.0003048758246274796
17.75833333333273 6.987116546946651e-05 0.00029684026625176
17.7611111111105 0.0001456012244415369 0.0002677893119955882
17.76388888888828 0.000210931823501371 0.0002198178634474099
17.76666666666605 0.0002612498243997826 0.0001563604197323439
17.76944444444383 0.0002930187520914877 8.19430587407426e-05
17.77222222222161 0.0003040271944426067 1.858439145764026e-06
17.77499999999938 0.0002935419763267043 -7.821268645649947e-05
17.77777777777716 0.0002623555583842682 -0.000152606235340022
17.78055555555494 0.0002127247159337484 -0.0002160768685132856
17.78333333333271 0.0001482053310788129 -0.0002641687347574055
17.78611111111049 7.339552249890925e-05 -0.0002935286186983559
17.78888888888827 -6.394184616183214e-06 -0.0003021394655510897
17.79166666666604 -8.551983992704215e-05 -0.0002894580444140639
17.79444444444382 -0.0001584050150171172 -0.0002564474280797974
17.7972222222216 -0.0002199351133699418 -0.0002055025085480585
17.79999999999937 -0.0002658170719938453 -0.0001402743907473208
17.80277777777715 -0.0002928791052067402 -6.540666718182779e-05
17.80555555555492 -0.000299289552703952 1.379723490344284e-05
17.8083333333327 -0.0002846797683746619 9.175165976196945e-05
17.81111111111048 -0.0002501628942542383 0.0001629842639681048
17.81388888888825 -0.0001982478056481489 0.0002225213707194839
17.81666666666603 -0.0001326549547516231 0.000266235921049087
17.81944444444381 -5.804775108006156e-05 0.0002911336375157028
17.82222222222158 2.0300990057102e-05 0.0002955575593916787
17.82499999999936 9.688353641821353e-05 0.000279297026860998
17.82777777777714 0.0001663459423978113 0.0002435940535329644
17.83055555555491 0.000223863432171793 0.0001910473366514951
17.83333333333269 0.0002654760720947785 0.0001254213898809504
17.83611111111047 0.0002883613467481087 5.137493158001504e-05
17.83888888888824 0.0002910248886117914 -2.587174453254177e-05
17.84166666666602 0.0002733965351182601 -0.0001009065369816172
17.84444444444379 0.0002368256677213271 -0.0001685061336808096
17.84722222222157 0.0001839769377474669 -0.0002240005802346973
17.84999999999935 0.0001186344937727052 -0.0002635963127989128
17.85277777777712 4.542920051249572e-05 -0.000284635289014876
17.8555555555549 -3.049136498334812e-05 -0.0002857725400734978
17.85833333333268 -0.000103826501551212 -0.000267060359841155
17.86111111111045 -0.0001694937671486771 -0.0002299340153445285
17.86388888888823 -0.0002229820528969773 -0.0001771008285143452
17.86666666666601 -0.0002606617692060082 -0.0001123412476118144
17.86944444444378 -0.0002800308045857588 -4.023662308862457e-05
17.87222222222156 -0.000279879625175309 3.415659584110685e-05
17.87499999999934 -0.000260364711601231 0.0001056629616200631
17.87777777777711 -0.0002229860574536039 0.0001693492486331385
17.88055555555489 -0.0001704712137880399 0.0002208655078995189
17.88333333333266 -0.000106574878899372 0.0002567423369043004
17.88611111111044 -3.580884717236481e-05 0.0002746240493782906
17.88888888888822 3.687815525033177e-05 0.0002734221213188543
17.89166666666599 0.0001064479252185985 0.0002533790235074105
17.89444444444377 0.0001681230435582181 0.0002160389130234789
17.89722222222155 0.0002177155276693611 0.0001641281935046011
17.89999999999932 0.0002519112362364919 0.0001013552061701412
17.9027777777771 0.0002684907225745007 3.214384659217814e-05
17.90555555555488 0.0002664718776103617 -3.867966250831822e-05
17.90833333333265 0.0002461653156152852 -0.0001062245712289894
17.91111111111043 0.0002091396312627959 -0.00016587425252258
17.91388888888821 0.0001580999569852401 -0.0002136021990322182
17.91666666666598 9.668923353465825e-05 -0.0002462437170268289
17.91944444444376 2.92268607463411e-05 -0.0002617050051747676
17.92222222222154 -3.959643703372686e-05 -0.0002590958750401733
17.92499999999931 -0.0001050458916289623 -0.0002387778364315844
17.92777777777709 -0.0001626692135931742 -0.000202325241390193
17.93055555555486 -0.0002085997944821601 -0.0001524032333254891
17.93333333333264 -0.0002398159299767552 -9.25719604387177e-05
17.93611111111042 -0.0002543387157102311 -2.703149269704888e-05
17.93888888888819 -0.0002513557360690571 3.967420651862073e-05
17.94166666666597 -0.0002312629657655446 0.0001029733159332968
17.94444444444375 -0.0001956230549939058 0.0001585801592474297
17.94722222222152 -0.000147043966143389 0.0002027855743162494
17.9499999999993 -8.898737085873229e-05 0.0002327039738624443
17.95277777777708 -2.552092910620006e-05 0.0002464606814071527
17.95555555555485 3.896775862627487e-05 0.0002433074713620314
17.95833333333263 0.0001000753469663821 0.0002236593572969527
17.96111111111041 0.0001536839494284528 0.0001890511919351747
17.96388888888818 0.0001962387216593724 0.0001420181788140056
17.96666666666596 0.0002249831201805346 8.590956618553146e-05
17.96944444444373 0.0002381363160312606 2.464924744912063e-05
17.97222222222151 0.0002350014453172095 -3.75395666430491e-05
17.97499999999929 0.0002159982945703677 -9.642623167884331e-05
17.97777777777706 0.0001826192978555318 -0.0001480608957717458
17.98055555555484 0.0001373129953568261 -0.0001890394155556419
17.98333333333262 8.330400703935999e-05 -0.0002167272101636526
17.98611111111039 2.436277877146008e-05 -0.0002294273895723061
17.98888888888817 -3.545841518358919e-05 -0.0002264825370965601
17.99166666666595 -9.210468528691425e-05 -0.0002083042306701618
17.99444444444372 -0.000141793685959702 -0.0001763294196279183
17.9972222222215 -0.0001812680410855235 -0.0001329077822145244
17.99999999999928 -0.0002080082132650315 -8.112883103931318e-05
18.00277777777705 -0.0002203919699548306 -2.460149750531335e-05
18.00555555555483 -0.000217790470105965 3.279804756482176e-05
18.0083333333326 -0.0002005954795434628 8.71926817685029e-05
18.01111111111038 -0.0001701770043674328 0.0001349664116468356
18.01388888888816 -0.0001287753770180907 0.000173004530098247
18.01666666666593 -7.933621586027742e-05 0.0001988959314163482
18.01944444444371 -2.530041339809723e-05 0.0002110845131131891
18.02222222222149 2.963585213829765e-05 0.0002089602802482819
18.02499999999926 8.177431896934263e-05 0.000192885025696663
18.02777777777704 0.0001276636985489677 0.000164151987827497
18.03055555555482 0.000164327821683262 0.0001248833719839188
18.03333333333259 0.0001894578296348175 7.787375960319349e-05
18.03611111111037 0.0002015560750543599 2.639094412968342e-05
18.03888888888815 0.0002000228917471661 -2.605160077995645e-05
18.04166666666592 0.000185181418724925 -7.593476233831611e-05
18.0444444444437 0.0001582399389373696 -0.0001199699333024478
18.04722222222147 0.000121195421592341 -0.0001553154280608136
18.04999999999925 7.668585334485916e-05 -0.0001797589709312842
18.05277777777703 2.780225060739384e-05 -0.0001918546179088934
18.0555555555548 -2.212624912166752e-05 -0.0001910057688122929
18.05833333333258 -6.97592678026583e-05 -0.0001774897196930753
18.06111111111036 -0.0001119685785944051 -0.0001524232287881941
18.06388888888813 -0.0001460430891503848 -0.000117672546536663
18.06666666666591 -0.000169862031910412 -7.571502362420051e-05
18.06944444444369 -0.0001820253813786058 -2.946252005764381e-05
18.07222222222146 -0.0001819336117983927 1.794080503335476e-05
18.07499999999924 -0.0001698124676602393 6.333228155677077e-05
18.07777777777702 -0.0001466821943782809 0.0001037415659123748
18.08055555555479 -0.000114274408453825 0.0001365844976779839
18.08333333333257 -7.490322538946863e-05 0.0001598273749249335
18.08611111111034 -3.130018478186598e-05 0.0001721112913456271
18.08888888888812 1.357526939489552e-05 0.0001728290676935983
18.0916666666659 5.673661258938281e-05 0.0001621506365152152
18.09444444444367 9.536875401849567e-05 0.0001409962697921764
18.09722222222145 0.0001270110762553827 0.0001109605325551439
18.09999999999923 0.0001497131530587921 7.419306852529456e-05
18.102777777777 0.0001621533786128156 3.324506676240811e-05
18.10555555555478 0.0001637134266427513 -9.107651385685911e-06
18.10833333333256 0.000154504554635107 -5.005267264507153e-05
18.11111111111033 0.0001353450600863253 -8.692744090544253e-05
18.11388888888811 0.0001076914578694914 -0.0001173917883458494
18.11666666666589 7.352896341507156e-05 -0.0001395754254861362
18.11944444444366 3.522944016406678e-05 -0.0001521911826942321
18.12222222222144 -4.613059327091825e-06 -0.0001546072786651301
18.12499999999921 -4.335777791328812e-05 -0.0001468747626190013
18.12777777777699 -7.849191745295588e-05 -0.0001297093359169296
18.13055555555477 -0.0001077929663135715 -0.0001044297973548841
18.13333333333254 -0.0001294682627653798 -7.285817307749948e-05
18.13611111111032 -0.0001422631181567646 -3.718900518320486e-05
18.1388888888881 -0.0001455311076570041 1.62867520614325e-07
18.14166666666587 -0.000139262787375423 3.672550703446981e-05
18.14444444444365 -0.0001240719298182521 7.013305216928407e-05
18.14722222222143 -0.0001011411925793592 9.827814174085921e-05
18.1499999999992 -7.213176121674998e-05 0.0001194438242779421
18.15277777777698 -3.906376770005658e-05 0.0001324067841171384
18.15555555555476 -4.176040568471697e-06 0.0001365058030846658
18.15833333333253 3.022511087156218e-05 0.0001316718141012574
18.16111111111031 6.191789817947295e-05 0.0001184185179631542
18.16388888888808 8.890786574610887e-05 9.779515003418062e-05
18.16666666666586 0.0001095523931694062 7.130542711457522e-05
18.16944444444364 0.0001226592010141916 4.079881984268391e-05
18.17222222222141 0.0001275530733808571 8.341952084748197e-06
18.17499999999919 0.0001241072411097455 -2.392097082905773e-05
18.17777777777697 0.0001127382742069063 -5.390931585649728e-05
18.18055555555474 9.436574840859592e-05 -7.973951003536797e-05
18.18333333333252 7.034021967960686e-05 -9.984235768922734e-05
18.1861111111103 4.234501697205718e-05 -0.0001130569625936393
18.18888888888807 1.227892617080274e-05 -0.0001186957488788945
18.19166666666585 -1.787210416181144e-05 -0.0001165771060050145
18.19444444444363 -4.616560705723993e-05 -0.000107024386207493
18.1972222222214 -7.082704270463897e-05 -9.083220838472889e-05
18.19999999999918 -9.036013161155158e-05 -6.92031242517722e-05
18.20277777777696 -0.0001036362950598278 -4.365954682582914e-05
18.20555555555473 -0.0001099579660760368 -1.593731479166081e-05
18.20833333333251 -0.0001090923753163395 1.21317165728141e-05
18.21111111111028 -0.00010127442643034 3.874015967753998e-05
18.21388888888806 -8.717931870073957e-05 6.222077627517286e-05
18.21666666666584 -6.786751698552186e-05 8.115001034037883e-05
18.21944444444361 -4.470638672976354e-05 9.443301946130985e-05
18.22222222222139 -1.927419990931182e-05 0.0001013652290399468
18.22499999999917 6.746804310976393e-06 0.0001016670933613633
18.22777777777694 3.168110402700949e-05 9.549057388812842e-05
18.23055555555472 5.39670889079927e-05 8.339771446339807e-05
18.2333333333325 7.225396322595213e-05 6.631348289307175e-05
18.23611111111027 8.548241748481361e-05 4.545664499807349e-05
18.23888888888805 9.294434778915069e-05 2.225374308671397e-05
18.24166666666583 9.431838976877077e-05 -1.757809806081712e-06
18.2444444444436 8.967968553291062e-05 -2.503098521218444e-05
18.24722222222138 7.948400596231616e-05 -4.610812311320273e-05
18.24999999999915 6.452799498290656e-05 -6.371136642656472e-05
18.25277777777693 4.58887829935671e-05 -7.681900483719846e-05
18.25555555555471 2.484744293683125e-05 -8.472325741995199e-05
18.25833333333248 2.80166350342064e-06 -8.706634871815767e-05
18.26111111111026 -1.882645816735741e-05 -8.385321930706648e-05
18.26388888888804 -3.868146938089116e-05 -7.544075860929724e-05
18.26666666666581 -5.55586842293465e-05 -6.250495343322329e-05
18.26944444444359 -6.847622020010212e-05 -4.59887148920613e-05
18.27222222222137 -7.673072554646258e-05 -2.703429545657797e-05
18.27499999999914 -7.993374650713472e-05 -6.905070216449343e-06
18.27777777777692 -7.802701395923755e-05 1.309801406000474e-05
18.2805555555547 -7.127632709344279e-05 3.171984491584437e-05
18.28333333333247 -6.024508545379036e-05 4.782910997327215e-05
18.28611111111025 -4.574978306382658e-05 6.048604125085997e-05
18.28888888888802 -2.880085228305487e-05 6.899595919218401e-05
18.2916666666658 -1.053306810507038e-05 7.294566747937827e-05
18.29444444444358 7.86974842108186e-06 7.222093381346705e-05
18.29722222222135 2.525077993338478e-05 6.70045494198988e-05
18.29999999999913 4.05521805037001e-05 5.775570842481479e-05
18.30277777777691 5.287854236390649e-05 4.51726081937174e-05
18.30555555555468 6.154812554247059e-05 3.014117234872947e-05
18.30833333333246 6.612901158508617e-05 1.367358122303007e-05
18.31111111111024 6.645838970956386e-05 -3.159182407742693e-06
18.31388888888801 6.264430916381811e-05 -1.929632568053465e-05
18.31666666666579 5.505036107117585e-05 -3.375338032929016e-05
18.31944444444357 4.426481484204448e-05 -4.568141124564013e-05
18.32222222222134 3.105666333431813e-05 -5.44158038569508e-05
18.32499999999912 1.632177311501868e-05 -5.951190982763252e-05
18.32777777777689 1.022850963672971e-06 -6.076575025332101e-05
18.33055555555467 -1.387279940459606e-05 -5.821897698668591e-05
18.33333333333245 -2.745375326487075e-05 -5.214830981474644e-05
18.33611111111022 -3.891944383431619e-05 -4.304063508846861e-05
18.338888888888 -4.762638826683497e-05 -3.155581074190086e-05
18.34166666666578 -5.31230665009467e-05 -1.84799231015213e-05
18.34444444444355 -5.517166026117383e-05 -4.672244026811527e-06
18.34722222222133 -5.375574517362469e-05 8.99058183930505e-06
18.34999999999911 -4.907393999843248e-05 2.166954026414547e-05
18.35277777777688 -4.152039518480712e-05 3.261403823116051e-05
18.35555555555466 -3.165379432181055e-05 4.120546306319957e-05
18.35833333333244 -2.015720007507378e-05 4.699104935891965e-05
18.36111111111021 -7.791564475741992e-06 4.970628577342709e-05
18.36388888888799 4.653982382017299e-06 4.928487158098455e-05
18.36666666666576 1.641186231545573e-05 4.585604433185032e-05
18.36944444444354 2.678270916058002e-05 3.972989270329697e-05
18.37222222222132 3.517617334299656e-05 3.137199394182137e-05
18.37499999999909 4.114355059687175e-05 2.136933028463012e-05
18.37777777777687 4.440050715383929e-05 1.038990917178405e-05
18.38055555555465 4.483885184137563e-05 -8.611859859588746e-07
18.38333333333242 4.252702357515214e-05 -1.168646666908231e-05
18.3861111111102 3.769967442724615e-05 -2.143864443337432e-05
18.38888888888798 3.073738971392183e-05 -2.95586144531323e-05
18.39166666666575 2.213815815591153e-05 -3.560664268152646e-05
18.39444444444353 1.248265502874546e-05 -3.928508349544539e-05
18.39722222222131 2.395706097967041e-06 -4.045154085606069e-05
18.39999999999908 -7.493553274319446e-06 -3.912201705097289e-05
18.40277777777686 -1.659032408008129e-05 -3.546422808183424e-05
18.40555555555463 -2.4369263502879e-05 -2.978186419718559e-05
18.40833333333241 -3.04040535656239e-05 -2.249110220251415e-05
18.41111111111019 -3.43898127174841e-05 -1.40911031260022e-05
18.41388888888796 -3.61572463996664e-05 -5.130532174959598e-06
18.41666666666574 -3.567798293065457e-05 3.827696154622339e-06
18.41944444444352 -3.306110382221317e-05 1.224122122116068e-05
18.42222222222129 -2.854141764496162e-05 1.9620475269762e-05
18.42499999999907 -2.246051141834902e-05 2.555648560046052e-05
18.42777777777685 -1.524201555034423e-05 2.974271227603922e-05
18.43055555555462 -7.362816192480263e-06 3.19898189580066e-05
18.4333333333324 6.778715853620002e-07 3.223275025303352e-05
18.43611111111018 8.389601371678362e-06 3.052998403997874e-05
18.43888888888795 1.532006308723797e-05 2.705531042448539e-05
18.44166666666573 2.108100147089473e-05 2.208293106152074e-05
18.4444444444435 2.536924524480255e-05 1.596704817269342e-05
18.44722222222128 2.798176261073707e-05 9.117401395544977e-06
18.44999999999906 2.88240661701501e-05 1.972398552098508e-06
18.45277777777683 2.791172237382204e-05 -5.028433787008005e-06
18.45555555555461 2.536514974570814e-05 -1.147098279171627e-05
18.45833333333239 2.13982902911631e-05 -1.699049869784758e-05
18.46111111111016 1.630208647913362e-05 -2.129161559268164e-05
18.46388888888794 1.042397295855066e-05 -2.416339176318552e-05
18.46666666666572 4.144783878905995e-06 -2.54886628535975e-05
18.46944444444349 -2.145424723923118e-06 -2.524737466780913e-05
18.47222222222127 -8.071134565828264e-06 -2.351394053247433e-05
18.47499999999905 -1.329329169338955e-05 -2.044902752419604e-05
18.47777777777682 -1.75281547593304e-05 -1.628649552235521e-05
18.4805555555546 -2.05620577541896e-05 -1.131647528341996e-05
18.48333333333238 -2.226136872817496e-05 -5.86576311833899e-06
18.48611111111015 -2.257724587183905e-05 -2.768217669545493e-07
18.48888888888793 -2.154512249025425e-05 5.113293623087599e-06
18.4916666666657 -1.927917246709338e-05 9.992817048841275e-06
18.49444444444348 -1.596229885826847e-05 1.409281910591494e-05
18.49722222222126 -1.183243396905087e-05 1.72014677745125e-05
18.49999999999903 -7.16612681877351e-06 1.917428814175747e-05
18.50277777777681 -2.260514545599805e-06 1.993997740296606e-05
