16.5 1.172943667619108e-07 1.82057080200837e-07
16.50277777777778 3.394042708530616e-08 2.210951178947451e-07
16.50555555555555 -6.113970686349815e-08 2.227795244889724e-07
16.50833333333333 -1.515216722936706e-07 1.842761509190996e-07
16.51111111111111 -2.205107800144313e-07 1.098470787481156e-07
16.51388888888888 -2.541568292399502e-07 1.056571928368667e-08
16.51666666666666 -2.439792889701572e-07 -9.722764449432526e-08
16.51944444444444 -1.888856528554388e-07 -1.945367773024404e-07
16.52222222222221 -9.58764632674353e-08 -2.629853264666834e-07
16.52499999999999 2.067653173695393e-08 -2.882061285120187e-07
16.52777777777776 1.41146803853785e-07 -2.62732888884259e-07
16.53055555555554 2.438743621452877e-07 -1.878311572999615e-07
16.53333333333332 3.089796742145653e-07 -7.386013920550497e-08
16.53611111111109 3.22113465847743e-07 6.100264753032477e-08
16.53888888888887 2.774515145237885e-07 1.935535734639914e-07
16.54166666666665 1.793338109044089e-07 2.994651218702448e-07
16.54444444444442 4.215439380168144e-08 3.576593301655728e-07
16.5472222222222 -1.115980232596085e-07 3.543827873520992e-07
16.54999999999998 -2.549157581188669e-07 2.862150387639666e-07
16.55277777777775 -3.60918161674779e-07 1.613852020244009e-07
16.55555555555553 -4.077874107446883e-07 -9.603860237219543e-10
16.55833333333331 -3.831065849785816e-07 -1.735442218707708e-07
16.56111111111108 -2.867616684523015e-07 -3.254243413308227e-07
16.56388888888886 -1.317762704644332e-07 -4.274335001761383e-07
16.56666666666663 5.721421195824602e-08 -4.576550448225576e-07
16.56944444444441 2.477269120542759e-07 -4.059291670087136e-07
16.57222222222219 4.048908606977881e-07 -2.764937578530262e-07
16.57499999999996 4.977081680214814e-07 -8.814774367631611e-08
16.57777777777774 5.050152392888212e-07 1.282589413354833e-07
16.58055555555552 4.200233373045393e-07 3.347236708630149e-07
16.58333333333329 2.525050925636137e-07 4.926317727258131e-07
16.58611111111107 2.806647741468367e-08 5.698395453097512e-07
16.58888888888885 -2.155541734301791e-07 5.470255686233856e-07
16.59166666666662 -4.346716775341834e-07 4.220866263275753e-07
16.5944444444444 -5.873425530349655e-07 2.116354017512942e-07
16.59722222222218 -6.412310673673969e-07 -5.08681083618048e-08
16.59999999999995 -5.802063620230798e-07 -3.202259326473004e-07
16.60277777777773 -4.083640764364766e-07 -5.471166951423727e-07
16.6055555555555 -1.505580536413349e-07 -6.869659467926428e-07
16.60833333333328 1.508838655716066e-07 -7.085070828651198e-07
16.61111111111106 4.428977367215157e-07 -6.004223661059811e-07
16.61388888888883 6.708465006726691e-07 -3.747052469126964e-07
16.61666666666661 7.885607348816462e-07 -6.590672560502006e-08
16.61944444444439 7.674454057622848e-07 2.738594158008512e-07
16.62222222222216 6.028970545736077e-07 5.83495390446307e-07
16.62499999999994 3.166634472330674e-07 8.03714090476909e-07
16.62777777777772 -4.555380354105072e-08 8.881795663147093e-07
16.63055555555549 -4.211102772750148e-07 8.129378649625396e-07
16.63333333333327 -7.41029110794138e-07 5.822697056092e-07
16.63611111111105 -9.424585356341057e-07 2.296450872587259e-07
16.63888888888882 -9.807667425395531e-07 -1.867088398594703e-07
16.6416666666666 -8.389907879019643e-07 -5.931388004165542e-07
16.64444444444437 -5.327059112041314e-07 -9.133593908980429e-07
16.64722222222215 -1.091162924028307e-07 -1.082534230070404e-06
16.64999999999993 3.598250140719541e-07 -1.060089196951724e-06
16.6527777777777 7.893519933584955e-07 -8.38778682636977e-07
16.65555555555548 1.096956322297702e-06 -4.480721319448128e-07
16.65833333333326 1.217962354494415e-06 4.912759409680898e-08
16.66111111111103 1.118716117022578e-06 5.662324542908103e-07
16.66388888888881 8.047651950628535e-07 1.007754929974015e-06
16.66666666666659 3.221840585383063e-07 1.286665839569248e-06
16.66944444444436 -2.48626470410452e-07 1.341221505224561e-06
16.67222222222214 -8.059624810955332e-07 1.148064479683505e-06
16.67499999999992 -1.244631720889782e-06 7.289054672900718e-07
16.67777777777769 -1.47550038749978e-06 1.491366715347027e-07
16.68055555555547 -1.443197379100474e-06 -4.9185429942404e-07
16.68333333333324 -1.13852893559724e-06 -1.077350055595709e-06
16.68611111111102 -6.02943038553142e-07 -1.494230892028851e-06
16.6888888888888 7.627920540182365e-08 -1.654475622017915e-06
16.69166666666657 7.797574336889692e-07 -1.513213867427521e-06
16.69444444444435 1.376615741604363e-06 -1.079714663222903e-06
16.69722222222213 1.748477271159537e-06 -4.188121295929984e-07
16.6999999999999 1.81251864267465e-06 3.580735661082872e-07
16.70277777777768 1.539169531876759e-06 1.111243529309022e-06
16.70555555555546 9.607906659980198e-07 1.697448231224026e-06
16.70833333333323 1.691522643363788e-07 1.996737848453001e-06
16.71111111111101 -6.984728392475805e-07 1.936476530507055e-06
16.71388888888879 -1.482639244118681e-06 1.507803795680679e-06
16.71666666666656 -2.030615287905918e-06 7.709781404129563e-07
16.71944444444434 -2.225674162054432e-06 -1.520635235413967e-07
16.72222222222211 -2.011256161147619e-06 -1.097267814427943e-06
16.72499999999989 -1.405115827095267e-06 -1.88714300839401e-06
16.72777777777767 -5.001836503856061e-07 -2.363637913798862e-06
16.73055555555544 5.487933364128946e-07 -2.41921806231622e-06
16.73333333333322 1.551116334563483e-06 -2.020126838270057e-06
16.736111111111 2.314307917471652e-06 -1.216955548848929e-06
16.73888888888877 2.680569141026148e-06 -1.397796081005697e-07
16.74166666666655 2.558710620624871e-06 1.022100058597106e-06
16.74444444444433 1.945215657953776e-06 2.05283358282093e-06
16.7472222222221 9.298000316855879e-07 2.749598743392248e-06
16.74999999999988 -3.164752147863565e-07 2.961924428505929e-06
16.75277777777766 -1.569261777026529e-06 2.623244773566645e-06
16.75555555555543 -2.590714011801958e-06 1.76822106909298e-06
16.75833333333321 -3.174075536344463e-06 5.317193494546319e-07
16.76111111111098 -3.184814432195769e-06 -8.713947881552106e-07
16.76388888888876 -2.590250276090998e-06 -2.182859985698446e-06
16.76666666666654 -1.47136227458792e-06 -3.147940400977977e-06
16.76944444444431 -1.352354632243362e-08 -3.564263443933739e-06
16.77222222222209 1.52323897963632e-06 -3.323332012476904e-06
16.77499999999987 2.849900874395643e-06 -2.436353914659861e-06
16.77777777777764 3.702146327322537e-06 -1.038570459534768e-06
16.78055555555542 3.892273207429316e-06 6.299333500982569e-07
16.7833333333332 3.349242786855206e-06 2.264552027554835e-06
16.78611111111097 2.138537995730899e-06 3.551039528068841e-06
16.78888888888875 4.569120491612188e-07 4.225207406560196e-06
16.79166666666653 -1.398335117524229e-06 4.126238156226751e-06
16.7944444444443 -3.081035701183504e-06 3.233021366216535e-06
16.79722222222208 -4.259990510130348e-06 1.675605308302039e-06
16.79999999999986 -4.683342714126683e-06 -2.817857340627321e-07
16.80277777777763 -4.2311301980324e-06 -2.284435061459084e-06
16.80555555555541 -2.945262750025859e-06 -3.950544844136565e-06
16.80833333333318 -1.029938730603755e-06 -4.943219671839381e-06
16.81111111111096 1.179160502720338e-06 -5.037609373409818e-06
16.81388888888874 3.272624627985276e-06 -4.170008087825122e-06
16.81666666666651 4.842310096641906e-06 -2.458479514212805e-06
16.81944444444429 5.560019469061185e-06 -1.89518424556485e-07
16.82222222222207 5.244868872963631e-06 2.228471835078868e-06
16.82499999999984 3.905735074186256e-06 4.33764882680534e-06
16.82777777777762 1.749270036369704e-06 5.71650667332517e-06
16.8305555555554 -8.498703917258798e-07 6.06307174040396e-06
16.83333333333317 -3.412798825368291e-06 5.259291749497186e-06
16.83611111111095 -5.443599625994493e-06 3.403179052889073e-06
16.83888888888873 -6.52429703534988e-06 8.008111528996128e-07
16.8416666666665 -6.399595894433029e-06 -2.082339751474684e-06
16.84444444444428 -5.034446539032707e-06 -4.703415552195825e-06
16.84722222222205 -2.631876215229163e-06 -6.54333570701912e-06
16.84999999999983 3.944089904170824e-07 -7.208476831751762e-06
16.85277777777761 3.48964765031496e-06 -6.513164930551342e-06
16.85555555555538 6.058508112347828e-06 -4.525988408108745e-06
16.85833333333316 7.578487527471095e-06 -1.569099068936786e-06
16.86111111111094 7.704845222116722e-06 1.831744152651835e-06
16.86388888888871 6.346245108362436e-06 5.039164793449713e-06
16.86666666666649 3.694922249568933e-06 7.422417669890601e-06
16.86944444444427 2.032226035045946e-07 8.480207646927215e-06
16.87222222222204 -3.491599730607994e-06 7.944400395233117e-06
16.87499999999982 -6.682262895214321e-06 5.84347631099636e-06
16.8777777777776 -8.725606090634278e-06 2.511364660629843e-06
16.88055555555537 -9.170814811080238e-06 -1.462769846129073e-06
16.88333333333315 -7.85642691381429e-06 -5.336912761854459e-06
16.88611111111092 -4.955658896286834e-06 -8.353352811617194e-06
16.8888888888887 -9.586704936266831e-07 -9.885540594252852e-06
16.89166666666648 3.407853909318188e-06 -9.566453669793003e-06
16.89444444444425 7.311154430841973e-06 -7.372492266540048e-06
16.89722222222203 9.969814260869336e-06 -3.644349784270701e-06
16.89999999999981 1.080867790518528e-05 9.622748840051811e-07
16.90277777777758 9.580848079837051e-06 5.589870201762802e-06
16.90555555555536 6.431305508169225e-06 9.33713632300133e-06
16.90833333333314 1.886897632046691e-06 1.143305667143234e-05
16.91111111111091 -3.228863063325118e-06 1.139369342188934e-05
16.91388888888869 -7.943080529913579e-06 9.130163477111596e-06
16.91666666666647 -1.131691603736802e-05 4.984312234649833e-06
16.91944444444424 -1.263092850206148e-05 -3.183324116152382e-07
16.92222222222202 -1.15360445188439e-05 -5.792998754918086e-06
16.92499999999979 -8.138912858846508e-06 -1.03767191147728e-05
16.92777777777757 -3.001810081875954e-06 -1.313309211721671e-05
16.93055555555535 2.946874746253197e-06 -1.34416464605814e-05
16.93333333333312 8.578147743090502e-06 -1.113387803325633e-05
16.9361111111109 1.277489809811986e-05 -6.546743231471216e-06
16.93888888888868 1.46517474742562e-05 -4.792719663071952e-07
16.94166666666645 1.373934372398489e-05 5.94362639631588e-06
16.94444444444423 1.009519074577376e-05 1.147761728429295e-05
16.94722222222201 4.315828696212824e-06 1.499821558398136e-05
16.94999999999978 -2.556533177049956e-06 1.572724025717225e-05
16.95277777777756 -9.219326332334677e-06 1.340123646744511e-05
16.95555555555534 -1.435450274240621e-05 8.346030854688307e-06
16.95833333333311 -1.688737199907317e-05 1.438478629799564e-06
16.96111111111089 -1.620894859438675e-05 -6.042122094033121e-06
16.96388888888866 -1.231628186652629e-05 -1.264856136118527e-05
16.96666666666644 -5.839393180568353e-06 -1.704371522451344e-05
16.96944444444422 2.055547059141543e-06 -1.826902177238587e-05
16.97222222222199 9.873153340831076e-06 -1.594995010076694e-05
16.97499999999977 1.606981873136683e-05 -1.039505206900318e-05
16.97777777777755 1.93564467913427e-05 -2.564318961740628e-06
16.98055555555532 1.896396934673224e-05 6.092628424337432e-06
16.9833333333331 1.481746056167713e-05 1.390217330406796e-05
16.98611111111088 7.580384359585631e-06 1.928807494622746e-05
16.98888888888865 -1.445426810669111e-06 2.10873271364181e-05
16.99166666666643 -1.055047548509475e-05 1.879766124073439e-05
16.99444444444421 -1.793887112247551e-05 1.270467426426512e-05
16.99722222222198 -2.208033117972808e-05 3.858198079672241e-06
16.99999999999976 -2.202437575308934e-05 -6.103848443646728e-06
17.00277777777753 -1.761273274170645e-05 -1.525565524742863e-05
17.00555555555531 -9.543450301260352e-06 -2.175341444900384e-05
17.00833333333309 7.32292748189526e-07 -2.420437248725976e-05
17.01111111111086 1.126721975615485e-05 -2.196165744356541e-05
17.01388888888864 1.998418639840921e-05 -1.528314649876545e-05
17.01666666666642 2.508333140342564e-05 -5.317088030610647e-06
17.01944444444419 2.541083851092871e-05 6.089879457563702e-06
17.02222222222197 2.07143119624579e-05 1.673146906751407e-05
17.02499999999975 1.172922307566749e-05 2.446586257553455e-05
17.02777777777752 7.224767028212786e-08 2.764423221799904e-05
17.0305555555553 -1.204517458457177e-05 2.545845002883782e-05
17.03333333333308 -2.223330367923857e-05 1.813536119875634e-05
17.03611111111085 -2.839282279231257e-05 6.932627333714149e-06
17.03888888888863 -2.91444257800419e-05 -6.071081242055405e-06
17.0416666666664 -2.413194652573112e-05 -1.835797991199455e-05
17.04444444444418 -1.413341566902842e-05 -2.745582809222644e-05
17.04722222222196 -9.501604995929869e-07 -3.143266728404301e-05
17.04999999999973 1.291275811558702e-05 -2.930318617946095e-05
17.05277777777751 2.47191966728191e-05 -2.126196929413867e-05
17.05555555555529 3.20392219807325e-05 -8.690127699556406e-06
17.05833333333306 3.324611917026387e-05 6.074959635530579e-06
17.06111111111084 2.7872074045468e-05 2.017002997086434e-05
17.06388888888862 1.674579325713474e-05 3.075812651610627e-05
17.06666666666639 1.875997692133981e-06 3.559676343801495e-05
17.06944444444417 -1.390574256150407e-05 3.350886468911669e-05
17.07222222222195 -2.748056446338666e-05 2.465833602815558e-05
17.07499999999972 -3.605576535398289e-05 1.056749573546588e-05
17.0777777777775 -3.773611317151864e-05 -6.13703818754351e-06
17.08055555555528 -3.193678354905659e-05 -2.220940112777798e-05
17.08333333333305 -1.954901996267903e-05 -3.44119163589858e-05
17.08611111111083 -2.81588382938462e-06 -4.016433775178948e-05
17.0888888888886 1.506789488209336e-05 -3.808532819291664e-05
17.09166666666638 3.056194260303309e-05 -2.831333132141e-05
17.09444444444416 4.047804701151075e-05 -1.253408663368155e-05
17.09722222222193 4.263286369131985e-05 6.301680804206863e-06
17.09999999999971 3.632257130022412e-05 2.452511703745221e-05
17.10277777777749 2.251739160704437e-05 3.846039366404768e-05
17.10555555555526 3.726510487272908e-06 4.516307210503641e-05
17.10833333333304 -1.645148446796566e-05 4.303801002878601e-05
17.11111111111082 -3.40135797434218e-05 3.220795791167292e-05
17.11388888888859 -4.534326824726684e-05 1.454951827401987e-05
17.11666666666637 -4.795185556695415e-05 -6.622817309710444e-06
17.11944444444415 -4.101888553312282e-05 -2.717352710743612e-05
17.12222222222192 -2.561547695179231e-05 -4.295019058872689e-05
17.1249999999997 -4.554183900392104e-06 -5.061933509987106e-05
17.12777777777747 1.811759853955392e-05 -4.836642221202623e-05
17.13055555555525 3.78910198827835e-05 -3.631383275028347e-05
17.13333333333303 5.068915159476451e-05 -1.656248775085259e-05
17.1361111111108 5.370406623445846e-05 7.164511977511664e-06
17.13888888888858 4.600646749912296e-05 3.021810749558562e-05
17.14166666666636 2.879670448424321e-05 4.793042280522101e-05
17.14444444444413 5.233985290023121e-06 5.655665978455997e-05
17.14722222222191 -2.013619628639519e-05 5.40623828061887e-05
17.14999999999969 -4.225432702041126e-05 4.059155239681438e-05
17.15277777777746 -5.655247664208152e-05 1.850964774141637e-05
17.15555555555524 -5.98941137236545e-05 -8.001303030303975e-06
17.15833333333302 -5.125551185040425e-05 -3.372890842211976e-05
17.16111111111079 -3.200194871236574e-05 -5.345133251782544e-05
17.16388888888857 -5.689117630777902e-06 -6.299385432106737e-05
17.16666666666634 2.258582425265084e-05 -6.010799656642525e-05
17.16944444444412 4.716688856997152e-05 -4.498899129408925e-05
17.1722222222219 6.296720290660991e-05 -2.031461680181945e-05
17.17499999999967 6.651809228091855e-05 9.218229761830589e-06
17.17777777777745 5.672368842007009e-05 3.778157387811003e-05
17.18055555555523 3.515818870259287e-05 5.956247988289792e-05
17.183333333333 5.83052685270524e-06 6.99427369384654e-05
17.18611111111078 -2.555290922138696e-05 6.647342226653639e-05
17.18888888888856 -5.269373735087018e-05 4.94396024404718e-05
17.19166666666633 -6.996215785420247e-05 2.188721475989111e-05
17.19444444444411 -7.356111850740462e-05 -1.091045443923041e-05
17.19722222222189 -6.235408964591284e-05 -4.245586037344162e-05
17.19999999999966 -3.817733143557006e-05 -6.631044650365505e-05
17.20277777777744 -5.556898349739161e-06 -7.740550565884709e-05
17.20555555555521 2.913054215011053e-05 -7.311448348275479e-05
17.20833333333299 5.889934046770327e-05 -5.386081239084543e-05
17.21111111111077 7.75582863254629e-05 -2.312303069182074e-05
17.21388888888854 8.099463499343621e-05 1.318237988164171e-05
17.21666666666632 6.807319262236874e-05 4.783358697806359e-05
17.2194444444441 4.095531230739608e-05 7.373603133515451e-05
17.22222222222187 4.755139740556322e-06 8.537177760786243e-05
17.22499999999965 -3.341666899313702e-05 7.997020633021371e-05
17.22777777777743 -6.584481796489431e-05 5.815262562514041e-05
17.2305555555552 -8.576548164186013e-05 2.390344503544196e-05
17.23333333333298 -8.877354673198721e-05 -1.61461621423722e-05
17.23611111111076 -7.378895104237489e-05 -5.399596084697246e-05
17.23888888888853 -4.337160327289285e-05 -8.187094243743453e-05
17.24166666666631 -3.301466413109682e-06 -9.381536212342502e-05
17.24444444444408 3.851161297255251e-05 -8.696039684454135e-05
17.24722222222186 7.358457572852507e-05 -6.219657560924768e-05
17.24999999999964 9.457904861842701e-05 -2.409623741727391e-05
17.25277777777741 9.683329736100074e-05 1.991952271489893e-05
17.25555555555519 7.938915865320206e-05 6.102024182601099e-05
17.25833333333297 4.528927382772669e-05 9.073401792086462e-05
17.26111111111074 1.063205640803711e-06 0.0001026908657871547
17.26388888888852 -4.451486945682784e-05 9.398340097711335e-05
17.2666666666663 -8.21623662966249e-05 6.585517943791915e-05
17.26944444444407 -0.0001039758842570599 2.355691572621578e-05
17.27222222222185 -0.0001050870262413504 -2.462277779341425e-05
17.27499999999963 -8.474025034650072e-05 -6.897573753007318e-05
17.2777777777774 -4.655575910415053e-05 -0.000100327046017438
17.28055555555518 2.098573940494145e-06 -0.0001119302648000218
17.28333333333295 5.152114023760617e-05 -0.0001009142196181292
17.28611111111073 9.160682821879365e-05 -6.897206747620312e-05
17.28888888888851 0.0001139105020934553 -2.213089771582549e-05
17.29166666666628 0.0001134229816590602 3.037502485338892e-05
17.29444444444406 8.968672726901985e-05 7.791915689526143e-05
17.29722222222184 4.700449042154651e-05 0.0001106302967823891
17.29999999999961 -6.325519744471415e-06 0.000121439619037832
17.30277777777739 -5.96156094742035e-05 0.0001076031772207959
17.30555555555517 -0.0001019265989045459 7.137296634886157e-05
17.30833333333294 -0.0001243110693982172 1.965666183469117e-05
17.31111111111072 -0.000121702397581349 -3.728946029017403e-05
17.3138888888885 -9.405140558269965e-05 -8.788939553105616e-05
17.31666666666627 -4.645753427984424e-05 -0.0001215979250322108
17.31944444444405 1.175748238052499e-05 -0.00013109614020751
17.32222222222182 6.886850907683645e-05 -0.0001138753625614672
17.3249999999996 0.0001131051463328363 -7.286771021803795e-05
17.32777777777738 0.00013507567030721 -1.596995719565052e-05
17.33055555555515 0.0001297580683574029 4.546784665283168e-05
17.33333333333293 9.763669174596288e-05 9.890187926619609e-05
17.33611111111071 4.472936372333666e-05 0.0001331534535077096
17.33888888888848 -1.852701849544476e-05 0.000140745860668341
17.34166666666626 -7.932907623851929e-05 0.0001195310706634847
17.34444444444404 -0.0001250955194527125 7.325343890449245e-05
17.34722222222181 -0.0001460690493374085 1.090912219082511e-05
17.34999999999959 -0.0001373938740417252 -5.499420390125983e-05
17.35277777777737 -0.0001002270773627772 -0.0001109426512702956
17.35555555555514 -4.163184940731808e-05 -0.000145185593781044
17.35833333333292 2.675295110052444e-05 -0.0001502021759948162
17.3611111111107 9.101906861148945e-05 -0.0001243474725294663
17.36388888888847 0.00013781527256154 -7.231910970740913e-05
17.36666666666625 0.0001571201247904107 -4.321506602762354e-06
17.36944444444402 0.0001443855148664136 6.592786485700121e-05
17.3722222222218 0.0001015930209764327 0.0001239624501073899
17.37499999999958 3.698050538232337e-05 0.0001575447061822792
17.37777777777735 -3.653309688455308e-05 0.000159245549148063
17.38055555555513 -0.0001039260705753453 0.0001280817207763685
17.38333333333291 -0.0001511418714170463 6.985140108301667e-05
17.38611111111068 -0.000168020585879548 -3.929076497453296e-06
17.38888888888846 -0.0001504827030316363 -7.829610820614081e-05
17.39166666666624 -0.0001014963404006429 -0.0001378710871124052
17.39444444444401 -3.060195647458723e-05 -0.0001700402343578759
17.39722222222179 4.793634753612614e-05 -0.0001676246629620325
17.39999999999957 0.0001179968932890323 -0.0001304756617288349
17.40277777777734 0.0001649089334994164 -6.564201995821444e-05
17.40555555555512 0.0001785248963649529 1.395402354713434e-05
17.40833333333289 0.0001554130300089538 9.208665933676048e-05
17.41111111111067 9.969717599898805e-05 0.0001525324865940397
17.41388888888845 2.234251132634705e-05 0.0001824394699315602
17.41666666666622 -6.099437596106842e-05 0.0001750592865333242
17.419444444444 -0.0001331314367330569 0.0001312622660472162
17.42222222222178 -0.0001789036862601327 5.949634098461625e-05
17.42499999999955 -0.0001883520164526045 -2.583098235795916e-05
17.42777777777733 -0.0001588876753188821 -0.0001072404249499203
17.43055555555511 -9.596250270841178e-05 -0.0001677607958415467
17.43333333333288 -1.207763039127495e-05 -0.0001944680029439384
17.43611111111066 7.569332360937471e-05 -0.0001812450766729858
17.43888888888844 0.0001491774377703136 -0.0001301738098355574
17.44166666666621 0.0001928660396540937 -5.124320772299433e-05
17.44444444444399 0.000197189119629377 3.959460168193014e-05
17.44722222222176 0.0001606090468158846 0.0001236448956279457
17.44999999999954 9.00760682307642e-05 0.0001833179975024817
17.45277777777732 -2.780240982211976e-07 0.0002058121894945838
17.45555555555509 -9.196590563647696e-05 0.000185860465626605
17.45833333333287 -0.0001659265676760415 0.0001269517373999896
17.46111111111065 -0.0002064896572402001 4.074561661239178e-05
17.46388888888842 -0.0002046975189281323 -5.522741953626286e-05
17.4666666666662 -0.00016028034313672 -0.0001411287042994085
17.46944444444398 -8.184952020949033e-05 -0.0001989134584157459
17.47222222222175 1.476037283462578e-05 -0.0002161239154114548
17.47499999999953 0.0001096844389813461 -0.0001885756902109236
17.47777777777731 0.000183112358753608 -0.0001213580183683852
17.48055555555508 0.0002194253688799638 -2.791189056367886e-05
17.48333333333286 0.0002105209263868875 7.265140428609097e-05
17.48611111111063 0.0001576169084377491 0.0001594578603070444
17.48888888888841 7.113436203598242e-05 0.0002142058207486508
17.49166666666619 -3.134605276473518e-05 0.0002250278514267096
17.49444444444396 -0.0001286553465506422 0.0001890638968744232
17.49722222222174 -0.0002004104260392727 0.0001131876809263064
17.49999999999952 -0.0002312871941721535 1.270683791026469e-05
17.50277777777729 -0.0002142960508249604 -9.172072744299547e-05
17.50555555555507 -0.0001523591124911341 -0.0001783341812094669
17.50833333333285 -5.783425278925414e-05 -0.0002288075789306743
17.51111111111062 4.99434950066178e-05 -0.0002321312809283202
17.5138888888884 0.0001486157104062007 -0.0001870141159223296
17.51666666666618 0.000217441401249028 -0.0001022820669185587
17.51944444444395 0.0002416611379033592 4.837706573790061e-06
17.52222222222173 0.0002156653956883526 0.0001122163851347771
17.5249999999995 0.0001442863427150518 0.0001973964110250481
17.52777777777728 4.191705119202729e-05 0.0002422925869074267
17.53055555555506 -7.038560039701238e-05 0.0002370364381609986
17.53333333333283 -0.0001692324305980239 0.0001821457428679773
17.53611111111061 -0.0002337769084265216 8.854222299405582e-05
17.53888888888839 -0.0002501167782103478 -2.461363852573305e-05
17.54166666666616 -0.000214291956590271 -0.0001338432877294056
17.54444444444394 -0.0001332315482289606 -0.0002162244395112439
17.54722222222172 -2.342590705418373e-05 -0.0002542066048335896
17.54999999999949 9.242468834798931e-05 -0.0002393551279950584
17.55277777777727 0.0001901044880344066 -0.0001742240047800976
17.55555555555505 0.000248948783157111 -7.194172595348355e-05
17.55833333333282 0.0002562214991902983 4.642936250537556e-05
17.5611111111106 0.000209875346159861 0.0001562303967812891
17.56388888888837 0.0001190956408787679 0.000234346919983359
17.56666666666615 2.488637805535482e-06 0.0002640808257808047
17.56944444444393 -0.0001157303743202374 0.0002387252163948796
17.5722222222217 -0.0002107687058265618 0.0001630757361021013
17.57499999999948 -0.0002624615718660135 5.253815207848854e-05
17.57777777777726 -0.0002595570300087495 -7.000531723654434e-05
17.58055555555503 -0.0002021687033568136 -0.0001789344003065061
17.58333333333281 -0.0001018609471373464 -0.0002512524239244379
17.58611111111059 2.067539673910342e-05 -0.0002714481281849725
17.58888888888836 0.0001398909612988097 -0.0002348283947937989
17.59166666666614 0.0002307092533871812 -0.0001486046549398095
17.59444444444392 0.0002738081504815133 -3.048235142310176e-05
17.59722222222169 0.0002597377530641071 9.497292338897051e-05
17.59999999999947 0.0001909955891064318 0.0002014472793299728
17.60277777777724 8.160283081489043e-05 0.0002664040739868468
17.60555555555502 -4.575168172726644e-05 0.0002758615889619011
17.6083333333328 -0.0001644188077246633 0.0002274084454629654
17.61111111111057 -0.0002493709446482322 0.0001308052311618686
17.61388888888835 -0.0002824880822226073 6.024689857362605e-06
17.61666666666613 -0.0002564300482714919 -0.0001208775247482126
17.6194444444439 -0.0001762659447133812 -0.0002232079327021789
17.62222222222168 -5.849858197689369e-05 -0.0002792573716250929
17.62499999999946 7.233087293541412e-05 -0.0002769145791595936
17.62777777777723 0.0001887599586831855 -0.0002162890841179722
17.63055555555501 0.0002661761536710714 -0.0001097741855352604
17.63333333333279 0.0002880281058441451 2.048251760076457e-05
17.63611111111056 0.0002493717649661057 0.0001471857316736627
17.63888888888834 0.0001579901088415799 0.0002436177997691476
17.64166666666612 3.283270247746942e-05 0.0002892806943612513
17.64444444444389 -9.991359201446614e-05 0.0002742615649128139
17.64722222222167 -0.0002123081039129507 0.0002013903463338432
17.64999999999944 -0.0002805449198094074 8.571866625364104e-05
17.65277777777722 -0.0002900039246587264 -4.858703392569616e-05
17.655555555555 -0.0002383907741902814 -0.0001732973603190558
17.65833333333277 -0.0001362898664170583 -0.0002620601626565592
17.66111111111055 -4.997819879194338e-06 -0.0002959776968321421
17.66388888888833 0.0001279200186295457 -0.0002676385690882646
17.6666666666661 0.0002344226652020984 -0.0001827424309181385
17.66944444444388 0.0002919175563514911 -5.896022443312889e-05
17.67222222222166 0.0002880622715005571 7.774365070940569e-05
17.67499999999943 0.0002234214687864882 0.0001985619006021194
17.67777777777721 0.0001114055492332023 0.0002779225372319621
17.68055555555499 -2.450936857218847e-05 0.0002989106281789833
17.68333333333276 -0.0001557043508086109 0.0002568821312118223
17.68611111111054 -0.0002544505317831921 0.0001604959287978975
17.68888888888831 -0.0002997788303999145 2.993385759869477e-05
17.69166666666609 -0.000281942074541374 -0.0001073262777797397
17.69444444444387 -0.0002045180611805848 -0.0002222991543267143
17.69722222222164 -8.369832973137728e-05 -0.0002906212933386334
17.69999999999942 5.509748530445096e-05 -0.0002977233961221167
17.7027777777772 0.0001825739093932566 -0.0002419455513436334
17.70555555555497 0.0002717506743587683 -0.0001349274587515967
17.70833333333275 0.0003036825685514252 8.183914490892645e-07
17.71111111111053 0.000271493461531406 0.0001366450921744151
17.7138888888883 0.0001818635897999464 0.0002438233805272583
17.71666666666608 5.364704714835264e-05 0.0002996274022710491
17.71944444444386 -8.609526791779921e-05 0.000292163084802221
17.72222222222163 -0.0002078123454067436 0.0002229112304551585
17.72499999999941 -0.0002857205983562012 0.0001064399045709809
17.72777777777718 -0.0003032753837861886 -3.265951143299469e-05
17.73055555555496 -0.000256693330725555 -0.0001649683409215312
17.73333333333274 -0.0001557736902216003 -0.0002624699902017673
17.73611111111051 -2.18391734123925e-05 -0.0003044920149573369
17.73888888888829 0.0001167715131147132 -0.0002820985863824784
17.74166666666607 0.0002307060924286948 -0.0001999980335043027
17.74444444444384 0.0002958233682933126 -7.555669859244685e-05
17.74722222222162 0.0002983181330419093 6.487517540100977e-05
17.7499999999994 0.0002376562958663079 0.0001915480570071096
17.75277777777717 0.0001266944153037258 0.0002776235713874926
17.75555555555495 -1.104414764829232e-05 0.0003048704490318085
17.75833333333273 -0.0001463595618234002 0.0002675350483494445
17.7611111111105 -0.0002505729145416929 0.0001735628032616053
17.76388888888828 -0.0003016137705436122 4.290991347769079e-05
17.76666666666605 -0.0002887037175518684 -9.669651017241008e-05
17.76944444444383 -0.0002146399841822551 -0.0002156486288926568
17.77222222222161 -9.519369148300933e-05 -0.000288745822235645
17.77499999999938 4.424868887834898e-05 -0.0003005431245613135
17.77777777777716 0.0001740853750305888 -0.0002486229761712191
17.78055555555494 0.0002667911597126656 -0.0001440954370366133
17.78333333333271 0.0003027621012377075 -9.222290259863985e-06
17.78611111111049 0.0002744699386262798 0.00012732715935078
17.78888888888827 0.0001880439270451933 0.0002365768875901153
17.79166666666604 6.194636036529603e-05 0.0002954018465322347
17.79444444444382 -7.697267725351326e-05 0.000291432048868587
17.7972222222216 -0.0001991979403066804 0.0002256610637442139
17.79999999999937 -0.0002788281626254488 0.000112207291161624
17.80277777777715 -0.0002990740844678395 -2.471627759713729e-05
17.80555555555492 -0.0002558063222400904 -0.0001559734770745061
17.8083333333327 -0.0001584016212100853 -0.000253712167601288
17.81111111111048 -2.771315330120777e-05 -0.0002972832405249004
17.81388888888825 0.0001083962348879991 -0.0002776116156310646
17.81666666666603 0.0002210005007126562 -0.0001990921428930988
17.81944444444381 0.0002862661702222134 -7.861307833232428e-05
17.82222222222158 0.0002905055513155253 5.807689528312385e-05
17.82499999999936 0.00023305412022932 0.0001818764027751538
17.82777777777714 0.0001263657352283876 0.0002665346814750863
17.83055555555491 -6.685646030315869e-06 0.0002942264829047888
17.83333333333269 -0.0001377133552959261 0.0002593127487565534
17.83611111111047 -0.000238880935554735 0.0001694920308502106
17.83888888888824 -0.0002888242013763734 4.410684364089923e-05
17.84166666666602 -0.0002771707419866914 -9.00231881619366e-05
17.84444444444379 -0.0002066990691356063 -0.000204343360054055
17.84722222222157 -9.268686458277935e-05 -0.0002746505392352797
17.84999999999935 4.040071098192992e-05 -0.0002862253339347216
17.85277777777712 0.0001641647959324073 -0.0002369197750046576
17.8555555555549 0.0002523395660316064 -0.000137551486409952
17.85833333333268 0.0002863744050120758 -9.533015096526829e-06
17.86111111111045 0.000259343421841155 0.000119744636883781
17.86388888888823 0.0001773569167533504 0.0002227784178379115
17.86666666666601 5.818666930785496e-05 0.0002778118524387388
17.86944444444378 -7.258688228260075e-05 0.0002734362482828773
17.87222222222156 -0.0001870701146495332 0.0002109598299030758
17.87499999999934 -0.0002610127203577347 0.0001040519308661309
17.87777777777711 -0.0002789517449673731 -2.424610919236625e-05
17.88055555555489 -0.0002374504085757337 -0.0001464899681797261
17.88333333333266 -0.0001457521816259458 -0.0002367089646016272
17.88611111111044 -2.372662582662029e-05 -0.000275930587756463
17.88888888888822 0.0001024373611235522 -0.0002561761928970232
17.89166666666599 0.0002058570400822333 -0.0001820850608520507
17.89444444444377 0.0002646905754392331 -6.983601498720022e-05
17.89722222222155 0.0002667562015499266 5.638478363962279e-05
17.89999999999932 0.0002120575654950414 0.0001695987549373689
17.9027777777771 0.0001126910582191586 0.00024580728300798
17.90555555555488 -9.826042605038084e-06 0.0002690851663241083
17.90833333333265 -0.0001292170274519358 0.0002349127113658205
17.91111111111043 -0.0002200864539527825 0.0001510483558373033
17.91388888888821 -0.0002633280883953888 3.57744838140876e-05
17.91666666666598 -0.0002501471163983779 -8.608830474742214e-05
17.91944444444376 -0.0001838487918126319 -0.000188529416462383
17.92222222222154 -7.90297848889624e-05 -0.0002499056689813244
17.92499999999931 4.163345461350859e-05 -0.0002575192225369148
17.92777777777709 0.0001522930111965299 -0.0002102465578679356
17.93055555555486 0.0002294714764232952 -0.0001186737599226381
17.93333333333264 0.0002570482237983017 -2.73107528670312e-06
17.93611111111042 0.0002296297885660764 0.0001126456573049286
17.93888888888819 0.0001535989990138788 0.0002028819760837176
17.94166666666597 4.564011950547574e-05 0.0002490041016138086
17.94444444444375 -7.092125616850696e-05 0.0002416324108549387
17.94722222222152 -0.000171160760714009 0.000182887700848775
17.9499999999993 -0.0002338894728418984 8.582310946045724e-05
17.95277777777708 -0.0002461371449373648 -2.847263922091499e-05
17.95555555555485 -0.0002058349200279814 -0.0001354584716066731
17.95833333333263 -0.0001221424660445671 -0.0002124142207232827
17.96111111111041 -1.337379010998123e-05 -0.000243269914338234
17.96388888888818 9.700999184707279e-05 -0.0002219636467396911
17.96666666666596 0.0001854640963955828 -0.0001536259316538879
17.96944444444373 0.0002333862201157793 -5.336068471091234e-05
17.97222222222151 0.0002310315361284217 5.709052179711735e-05
17.97499999999929 0.0001794919701518794 0.0001540646424851793
17.97777777777706 9.033828220780781e-05 0.0002170502973361744
17.98055555555484 -1.697211545199205e-05 0.0002330294115011379
17.98333333333262 -0.0001193418971439216 0.0001991676499841865
17.98611111111039 -0.0001950080929775091 0.0001232976713028475
17.98888888888817 -0.0002281719534710653 2.211783140871899e-05
17.99166666666595 -0.0002122987202319113 -8.248138550474355e-05
17.99444444444372 -0.0001513978744060847 -0.0001681552771389483
17.9972222222215 -5.90347882975166e-05 -0.0002168812464526011
17.99999999999928 4.468689689087789e-05 -0.0002187518805811284
18.00277777777705 0.0001375016197771897 -0.0001739860875435851
18.00555555555483 0.0001997640763533593 -9.275081989788992e-05
18.0083333333326 0.0002186095232684888 7.140483427560346e-06
18.01111111111038 0.0001906106923980598 0.0001041331312879265
18.01388888888816 0.0001223828806380689 0.0001775840524579694
18.01666666666593 2.903499600883556e-05 0.0002121574785101202
18.01944444444371 -6.917337740956518e-05 0.0002010269296688894
18.02222222222149 -0.0001512297579231249 0.0001472149543080343
18.02499999999926 -0.0001998665165433468 6.280961666600266e-05
18.02777777777704 -0.0002051953876198975 -3.374533944769919e-05
18.03055555555482 -0.0001667135715901833 -0.0001216802145991065
18.03333333333259 -9.32754323930293e-05 -0.0001823685426727015
18.03611111111037 -1.064896181584539e-06 -0.0002032737054306269
18.03888888888815 8.996897866176932e-05 -0.000180536494938433
18.04166666666592 0.0001604285618516488 -0.0001196700568837679
18.0444444444437 0.000195602109708627 -3.424146388562397e-05
18.04722222222147 0.000188534611170616 5.714816531966456e-05
18.04999999999925 0.0001413942457230126 0.0001349135834892983
18.05277777777703 6.486806877893736e-05 0.0001826835876719495
18.0555555555548 -2.425363691150008e-05 0.0001907473085428319
18.05833333333258 -0.0001067596843248815 0.0001580231813498928
18.06111111111036 -0.0001651596470651524 9.215255963880716e-05
18.06388888888813 -0.0001873918290410169 7.727516138622633e-06
18.06666666666591 -0.0001693113991276694 -7.693844820749954e-05
18.06944444444369 -0.0001154461332576041 -0.0001437827175638348
18.07222222222146 -3.788621174249172e-05 -0.0001788472715672681
18.07499999999924 4.642395890967782e-05 -0.0001751915183426368
18.07777777777702 0.0001193863097285398 -0.0001342567975745756
18.08055555555479 0.0001656340724470595 -6.541650768744139e-05
18.08333333333257 0.0001757671494216962 1.616143970418241e-05
18.08611111111034 0.0001482569413818215 9.285406565221263e-05
18.08888888888812 8.963599371386234e-05 0.0001483899026548329
18.0916666666659 1.29614834621411e-05 0.0001713005314552988
18.09444444444367 -6.508881208865991e-05 0.0001572850720165002
18.09722222222145 -0.0001278429943632569 0.0001100010093985871
18.09999999999923 -0.0001621956069581059 4.014006352132517e-05
18.102777777777 -0.000161341981923295 -3.698266524537169e-05
18.10555555555478 -0.0001261164572012113 -0.0001047839424715913
18.10833333333256 -6.467359344190388e-05 -0.0001489773598679302
18.11111111111033 9.389141018574113e-06 -0.00016058178384572
18.11388888888811 8.003702077799959e-05 -0.0001377401806811477
18.11666666666589 0.0001322683257031269 -8.598196250506519e-05
18.11944444444366 0.0001552984074044098 -1.690189935470722e-05
18.12222222222144 0.0001447820680465242 5.443200992765297e-05
18.12499999999921 0.0001036173106066081 0.0001127632286812491
18.12777777777699 4.118578426989347e-05 0.0001459082729098194
18.13055555555477 -2.877745886022569e-05 0.0001472982145981713
18.13333333333254 -9.120270997828702e-05 0.0001172706704180238
18.13611111111032 -0.0001329299487749865 6.286052507640596e-05
18.1388888888881 -0.0001454806289756825 -3.83619792810509e-06
18.14166666666587 -0.000126773667012872 -6.834708601411348e-05
18.14444444444365 -8.143991598619997e-05 -0.0001169616555096818
18.14722222222143 -1.969620447421465e-05 -0.0001396430933119191
18.1499999999992 4.495101870110859e-05 -0.0001320955110974734
18.15277777777698 9.865750201199223e-05 -9.656206151444893e-05
18.15555555555476 0.0001302038834851368 -4.120949303264963e-05
18.15833333333253 0.0001333356701073969 2.173989496123949e-05
18.16111111111031 0.0001079933209173785 7.87033299726863e-05
18.16388888888808 6.019288939857934e-05 0.0001176661209847015
18.16666666666586 6.113947412841092e-07 0.0001307127269304963
18.16944444444364 -5.779300205479131e-05 0.0001156278176196823
18.17222222222141 -0.000102596562014969 7.624513201637958e-05
18.17499999999919 -0.0001245500357928031 2.149671429052848e-05
18.17777777777697 -0.0001194828051021342 -3.660590242286891e-05
18.18055555555474 -8.908031171376651e-05 -8.560363309096851e-05
18.18333333333252 -4.039354889890244e-05 -0.0001152588569302635
18.1861111111103 1.578632829791892e-05 -0.0001196903049212161
18.18888888888807 6.731549732329797e-05 -9.852957246404087e-05
18.19166666666585 0.0001033196952325535 -5.687419738974142e-05
18.19444444444363 0.0001164855342509214 -4.074656836043456e-06
18.1972222222214 0.0001045388843464583 4.835888458111264e-05
18.19999999999918 7.061315036349754e-05 8.92625833527421e-05
18.20277777777696 2.245445889735783e-05 0.0001101927173564175
18.20555555555473 -2.933934525126898e-05 0.0001071632172276206
18.20833333333251 -7.364703811151909e-05 8.13906547250028e-05
18.21111111111028 -0.0001012089265822633 3.891095733468522e-05
18.21388888888806 -0.0001065575457425732 -1.082349549497056e-05
18.21666666666584 -8.90925958345722e-05 -5.704238255438895e-05
18.21944444444361 -5.309108915468719e-05 -8.998662362473856e-05
18.22222222222139 -6.67628380481857e-06 -0.0001029651964258919
18.22499999999917 4.000906770041817e-05 -9.370694607499562e-05
18.22777777777694 7.701557187434688e-05 -6.473595401878016e-05
18.23055555555472 9.670410487636359e-05 -2.271434707366549e-05
18.2333333333325 9.531712963347158e-05 2.308155137123449e-05
18.23611111111027 7.368250469112432e-05 6.280476714367544e-05
18.23888888888805 3.692125505702619e-05 8.815158417370666e-05
18.24166666666583 -6.753200496161408e-06 9.409273525063858e-05
18.2444444444436 -4.786498955192432e-05 7.986199968175422e-05
18.24722222222138 -7.772821580052613e-05 4.901010803198267e-05
18.24999999999915 -9.027806997670856e-05 8.536417851448467e-06
18.25277777777693 -8.329549362082964e-05 -3.269251674727018e-05
18.25555555555471 -5.877974731463398e-05 -6.588146229383737e-05
18.25833333333248 -2.241159838526156e-05 -8.417908680495398e-05
18.26111111111026 1.775446147928709e-05 -8.408672316642359e-05
18.26388888888804 5.306956870160004e-05 -6.611493787970485e-05
18.26666666666581 7.614923750283227e-05 -3.456776279603427e-05
18.26944444444359 8.241281028889578e-05 3.476108542990301e-06
18.27222222222137 7.098374024655165e-05 3.974627019394655e-05
18.27499999999914 4.477588469889942e-05 6.657479984792918e-05
18.27777777777692 9.769468797486363e-06 7.851324957690946e-05
18.2805555555547 -2.634675887810247e-05 7.343236113618976e-05
18.28333333333247 -5.586020732651094e-05 5.288413107548499e-05
18.28611111111025 -7.26776715383791e-05 2.166933077756231e-05
18.28888888888802 -7.357783785845021e-05 -1.327528730971494e-05
18.2916666666658 -5.881686804759036e-05 -4.441387126552268e-05
18.29444444444358 -3.197604669160248e-05 -6.523288019915083e-05
18.29722222222135 8.947028743877745e-07 -7.159895974785144e-05
18.29999999999913 3.263493290973801e-05 -6.257125820401724e-05
18.30277777777691 5.652965177281383e-05 -4.051053250697852e-05
18.30555555555468 6.772586073865531e-05 -1.048188034447074e-05
18.30833333333246 6.421174238020664e-05 2.090131902969849e-05
18.31111111111024 4.716244516451003e-05 4.692975348729462e-05
18.31388888888801 2.059715397081763e-05 6.222873053247768e-05
18.31666666666579 -9.559402360335792e-06 6.386274942588796e-05
18.31944444444357 -3.679359996660354e-05 5.188830473132968e-05
18.32222222222134 -5.540608856203689e-05 2.925339975310643e-05
18.32499999999912 -6.170001238694628e-05 1.08450929045705e-06
18.32777777777689 -5.470758043648241e-05 -2.646891140052187e-05
18.33055555555467 -3.63140344472192e-05 -4.757304643243484e-05
18.33333333333245 -1.077071091682651e-05 -5.794088859526868e-05
18.33611111111022 1.628067582145944e-05 -5.56970283945899e-05
18.338888888888 3.90499525217797e-05 -4.170303656772169e-05
18.34166666666578 5.283408490661529e-05 -1.929059937852402e-05
18.34444444444355 5.498360662017357e-05 6.522650018088402e-06
18.34722222222133 4.540243960005136e-05 3.015176909145804e-05
18.34999999999911 2.648914273001258e-05 4.664917876724301e-05
18.35277777777688 2.549437208591299e-06 5.273631648082376e-05
18.35555555555466 -2.117847999755843e-05 4.744812816342924e-05
18.35833333333244 -3.966630238648903e-05 3.226539771492971e-05
18.36111111111021 -4.915732926318044e-05 1.072288683520021e-05
18.36388888888799 -4.792421324960371e-05 -1.240676844197455e-05
18.36666666666576 -3.65712140932624e-05 -3.216632285746792e-05
18.36944444444354 -1.783121266248896e-05 -4.447275277268993e-05
18.37222222222132 4.083141741590953e-06 -4.695628955167025e-05
18.37499999999909 2.44218076788505e-05 -3.940831564820038e-05
18.37777777777687 3.892337701180976e-05 -2.375554609165143e-05
18.38055555555465 4.470389207716881e-05 -3.581383658321235e-06
18.38333333333242 4.082398822810655e-05 1.668901502547517e-05
18.3861111111102 2.842436088510343e-05 3.275571149180568e-05
18.38888888888798 1.041498637017272e-05 4.135247119246376e-05
18.39166666666575 -9.201093610734988e-06 4.090563440349687e-05
18.39444444444353 -2.621359140739875e-05 3.181166590005513e-05
18.39722222222131 -3.710519586400541e-05 1.628714232857254e-05
18.39999999999908 -3.977447211440191e-05 -2.162620362509757e-06
18.40277777777686 -3.393385434423472e-05 -1.953058769895949e-05
18.40555555555463 -2.110918835544544e-05 -3.217487537981588e-05
18.40833333333241 -4.254452406941281e-06 -3.757866131493159e-05
18.41111111111019 1.292340899837007e-05 -3.484542876636917e-05
18.41388888888796 2.677626175260127e-05 -2.483345795817946e-05
18.41666666666574 3.448613875254191e-05 -9.913423111751917e-06
18.41944444444352 3.463384146240058e-05 6.586433669737782e-06
18.42222222222129 2.745114020694792e-05 2.111896002017989e-05
18.42499999999907 1.471407364686799e-05 3.067742763229795e-05
18.42777777777685 -6.874596131531643e-07 3.341370034660144e-05
18.43055555555462 -1.540113357979834e-05 2.898904385638643e-05
18.4333333333324 -2.633866726427144e-05 1.85925873805307e-05
18.43611111111018 -3.132059105374265e-05 4.635289926341156e-06
18.43888888888795 -2.950547118613118e-05 -9.804148369267069e-06
18.44166666666573 -2.152026966824136e-05 -2.165507932772158e-05
18.4444444444435 -9.274912942052627e-06 -2.850475787578968e-05
18.44722222222128 4.488254959546296e-06 -2.908541927545891e-05
18.44999999999906 1.680505368949626e-05 -2.35012194816069e-05
18.45277777777683 2.512487011824939e-05 -1.315637844411371e-05
18.45555555555461 2.783533088043202e-05 -4.106368309301253e-07
18.45833333333239 2.456912416034724e-05 1.195499943035913e-05
18.46111111111016 1.62359672485147e-05 2.134207781882619e-05
18.46388888888794 4.783078778138752e-06 2.587761332008607e-05
18.46666666666572 -7.255067497371165e-06 2.478336464396609e-05
18.46944444444349 -1.731453287265114e-05 1.849972232939279e-05
18.47222222222127 -2.334513263023307e-05 8.547127881415726e-06
18.47499999999905 -2.422462594593296e-05 -2.835811790387052e-06
18.47777777777682 -1.996105118300746e-05 -1.319251990091694e-05
18.4805555555546 -1.164837508735704e-05 -2.037587273593756e-05
18.48333333333238 -1.194183043886717e-06 -2.299020751254597e-05
18.48611111111015 9.114307148799704e-06 -2.065763942577835e-05
18.48888888888793 1.710792670032325e-05 -1.405905113485026e-05
18.4916666666657 2.118922110541605e-05 -4.749714994958694e-06
18.49444444444348 2.064784451223845e-05 5.202792729981131e-06
18.49722222222126 1.577632538877437e-05 1.367496049197417e-05
18.49999999999903 7.769459824574658e-06 1.893785081154158e-05
18.50277777777681 -1.562986990649828e-06 2.000674127659787e-05
