16.5 1.139373543772973e-08 -2.162705058904395e-07
16.50277777777778 -1.644073508167086e-08 -2.230800438802148e-07
16.50555555555555 -4.581749807025312e-08 -2.264277747041415e-07
16.50833333333333 -7.632021091165581e-08 -2.26034825588071e-07
16.51111111111111 -1.074872164734239e-07 -2.216706636135304e-07
16.51388888888888 -1.388169355704053e-07 -2.131600025148453e-07
16.51666666666666 -1.697742676807963e-07 -2.00389137264842e-07
16.51944444444444 -1.997979433330876e-07 -1.833115637861206e-07
16.52222222222221 -2.283087518628643e-07 -1.619527460967581e-07
16.52499999999999 -2.547185488579641e-07 -1.364139008468289e-07
16.52777777777776 -2.784399289187998e-07 -1.068746795237342e-07
16.53055555555554 -2.988964317288379e-07 -7.359464154530494e-08
16.53333333333332 -3.155331332107983e-07 -3.691342692533602e-08
16.53611111111109 -3.278274590979781e-07 2.750444967210171e-09
16.53888888888887 -3.353000459089573e-07 4.490220401801969e-08
16.54166666666665 -3.375254644010792e-07 8.89749168647806e-08
16.54444444444442 -3.341426133766666e-07 1.343350412107167e-07
16.5472222222222 -3.248645874864989e-07 1.80289429984462e-07
16.54999999999998 -3.094878216292824e-07 2.260937425386582e-07
16.55277777777775 -2.879003168545042e-07 2.709621936991113e-07
16.55555555555553 -2.600887584575921e-07 3.140785449965662e-07
16.55833333333331 -2.26144346276502e-07 3.546082162695277e-07
16.56111111111108 -1.86267170058823e-07 3.917113705043867e-07
16.56388888888886 -1.407689791209982e-07 4.245568007317422e-07
16.56666666666663 -9.007421523791834e-08 4.523364255184558e-07
16.56944444444441 -3.471920061278385e-08 4.742801795280341e-07
16.57222222222219 2.46506013725529e-08 4.896710682287193e-07
16.57499999999996 8.728530642998336e-08 4.978601415176239e-07
16.57777777777774 1.52337333698423e-07 4.98281130194692e-07
16.58055555555552 2.188701245459136e-07 4.90464482197958e-07
16.58333333333329 2.858688122372517e-07 4.740505326013244e-07
16.58611111111107 3.522527639711739e-07 4.488015428092481e-07
16.58888888888885 4.168898815774202e-07 4.146123503337431e-07
16.59166666666662 4.786125121980481e-07 3.715193811128143e-07
16.5944444444444 5.362347861729027e-07 3.197077915506035e-07
16.59722222222218 5.885711666985149e-07 2.595165272898594e-07
16.59999999999995 6.344559652677767e-07 1.914411100260973e-07
16.60277777777773 6.727635490062842e-07 1.16133992249459e-07
16.6055555555555 7.02428941404043e-07 3.440235234652837e-08
16.60833333333328 7.224684971350147e-07 -5.279676133387062e-08
16.61111111111106 7.320003151935227e-07 -1.443639895193026e-07
16.61388888888883 7.30264042900407e-07 -2.390679342267018e-07
16.61666666666661 7.166397168614793e-07 -3.355581101594121e-07
16.61944444444439 6.906652860175367e-07 -4.323804957889933e-07
16.62222222222216 6.520524667701013e-07 -5.279955583758692e-07
16.62499999999994 6.007005909668321e-07 -6.207985809074898e-07
16.62777777777772 5.367081243621262e-07 -7.091420734096451e-07
16.63055555555549 4.603815560178982e-07 -7.913600070732859e-07
16.63333333333327 3.722413878497616e-07 -8.657935679399901e-07
16.63611111111105 2.730249879486669e-07 -9.308180882682076e-07
16.63888888888882 1.636861110757564e-07 -9.848707789320437e-07
16.6416666666666 4.539093444188223e-08 -1.026478855999694e-06
16.64444444444437 -8.048949400582362e-08 -1.05428762969512e-06
16.64722222222215 -2.123904446440931e-07 -1.067088104875013e-06
16.64999999999993 -3.485683264216876e-07 -1.063843629515738e-06
16.6527777777777 -4.871190737866142e-07 -1.043715121965052e-06
16.65555555555548 -6.25999975970605e-07 -1.006084409251665e-06
16.65833333333326 -7.630547638977701e-07 -9.505752178340426e-07
16.66111111111103 -8.960417099618159e-07 -8.770713749672683e-07
16.66388888888881 -1.022664437219876e-06 -7.857318034273763e-07
16.66666666666659 -1.140605078205857e-06 -6.770019245627455e-07
16.66944444444436 -1.247559370545473e-06 -5.51621124350563e-07
16.67222222222214 -1.341273227839726e-06 -4.106259839866757e-07
16.67499999999992 -1.419580280836275e-06 -2.553490300573321e-07
16.67777777777769 -1.480439846595143e-06 -8.741281897869536e-08
16.68055555555547 -1.521974753048865e-06 9.128076460151772e-08
16.68333333333324 -1.54250842377819e-06 2.78566046131945e-07
16.68611111111102 -1.540600613655544e-06 4.720339136515451e-07
16.6888888888888 -1.51508118078959e-06 6.690568859562843e-07
16.69166666666657 -1.465081284368186e-06 8.668187204728737e-07
16.69444444444435 -1.390061411846144e-06 1.062348306963297e-06
16.69722222222213 -1.289835662606045e-06 1.25255751609471e-06
16.6999999999999 -1.164591748756592e-06 1.434282596811634e-06
16.70277777777768 -1.014906216961572e-06 1.60432864465534e-06
16.70555555555546 -8.417544478280905e-07 1.759516595862659e-06
16.70833333333323 -6.465150509445855e-07 1.896732140518783e-06
16.71111111111101 -4.309683435591157e-07 2.012975893353204e-06
16.71388888888879 -1.972886783169834e-07 2.105414114106253e-06
16.71666666666656 5.196953041741739e-08 2.171429231722749e-06
16.71944444444434 3.138921424719229e-07 2.208669398919383e-06
16.72222222222211 5.852319566957536e-07 2.215096286664711e-06
16.72499999999989 8.624415741650176e-07 2.189030322502587e-06
16.72777777777767 1.141712230168601e-06 2.129192582915867e-06
16.73055555555544 1.419018266048811e-06 2.034742568421881e-06
16.73333333333322 1.690166813763338e-06 1.905311120972561e-06
16.736111111111 1.950852170587035e-06 1.741027786470402e-06
16.73888888888877 2.196714250124011e-06 1.542541980616577e-06
16.74166666666655 2.423400410393884e-06 1.311037383443155e-06
16.74444444444433 2.626629881578862e-06 1.048239066197673e-06
16.7472222222221 2.802259946614591e-06 7.564129428998053e-07
16.74999999999988 2.946352968423369e-06 4.383572369849126e-07
16.75277777777766 3.055243309570892e-06 9.738575975718589e-08
16.75555555555543 3.125603154496661e-06 -2.626970893097979e-07
16.75833333333321 3.154506222277369e-06 -6.376295716309059e-07
16.76111111111098 3.139488349844555e-06 -1.022733956382026e-06
16.76388888888876 3.078603932370138e-06 -1.412965688737004e-06
16.76666666666654 2.970477229514189e-06 -1.80296997760019e-06
16.76944444444431 2.8143475836155e-06 -2.187145276991249e-06
16.77222222222209 2.610107648661059e-06 -2.559713014507354e-06
16.77499999999987 2.358333796725559e-06 -2.914792804742987e-06
16.77777777777764 2.060307951053941e-06 -3.246482277042325e-06
16.78055555555542 1.718030191314463e-06 -3.548940547342277e-06
16.7833333333332 1.334221585864651e-06 -3.816474274853317e-06
16.78611111111097 9.123168269227874e-07 -4.043625167644208e-06
16.78888888888875 4.564463759968866e-07 -4.22525773828759e-06
16.79166666666653 -2.859203282617131e-08 -4.35664606302393e-06
16.7944444444443 -5.373725368412023e-07 -4.433558266565221e-06
16.79722222222208 -1.063890788578259e-06 -4.452337440669667e-06
16.79999999999986 -1.601623796688863e-06 -4.409977708760522e-06
16.80277777777763 -2.14359950448926e-06 -4.304194171628257e-06
16.80555555555541 -2.682475491623676e-06 -4.133485510929269e-06
16.80833333333318 -3.210626032632618e-06 -3.897188087767801e-06
16.81111111111096 -3.720236600464764e-06 -3.595520452841912e-06
16.81388888888874 -4.203404765258596e-06 -3.229617281911901e-06
16.81666666666651 -4.652246311448856e-06 -2.801551864851815e-06
16.81944444444429 -5.059005281374463e-06 -2.314346407219774e-06
16.82222222222207 -5.41616655327645e-06 -1.771969548692093e-06
16.82499999999984 -5.716569477593645e-06 -1.179320661338205e-06
16.82777777777762 -5.953521029607066e-06 -5.422006605846988e-07
16.8305555555554 -6.120906890127701e-06 1.327307590750854e-07
16.83333333333317 -6.213298840400214e-06 8.380113654633265e-07
16.83611111111095 -6.226056853606452e-06 1.56544581822894e-06
16.83888888888873 -6.155424284077718e-06 2.306187804813381e-06
16.8416666666665 -5.998614596890589e-06 3.050834208964308e-06
16.84444444444428 -5.753888145089371e-06 3.789530449121097e-06
16.84722222222205 -5.420617589058909e-06 4.512085941139149e-06
16.84999999999983 -4.999340662043921e-06 5.208098465895012e-06
16.85277777777761 -4.491799116593085e-06 5.867086059713644e-06
16.85555555555538 -3.900962837545864e-06 6.478624897137146e-06
16.85833333333316 -3.231038276659184e-06 7.032491503509725e-06
16.86111111111094 -2.487460550126725e-06 7.518807521749199e-06
16.86388888888871 -1.676868741158352e-06 7.928185165337857e-06
16.86666666666649 -8.070641629095357e-07 8.251871420084713e-06
16.86944444444427 1.130484400036257e-07 8.481889011994367e-06
16.87222222222204 1.073536543390238e-06 8.611172139062584e-06
16.87499999999982 2.063531906905932e-06 8.633694971859668e-06
16.8777777777776 3.071338372486629e-06 8.544590962080378e-06
16.88055555555537 4.084554488797745e-06 8.340261060057731e-06
16.88333333333315 5.090209825840958e-06 8.018469031471201e-06
16.88611111111092 6.074913625594545e-06 7.578422179666786e-06
16.8888888888887 7.025014228357749e-06 7.020835922263294e-06
16.89166666666648 7.926767523129259e-06 6.34798083785817e-06
16.89444444444425 8.766512497147431e-06 5.563710989004637e-06
16.89722222222203 9.530851807168803e-06 4.673472539358141e-06
16.89999999999981 1.020683516601782e-05 3.684291913539107e-06
16.90277777777758 1.078214323449266e-05 2.604742995452165e-06
16.90555555555536 1.124526963311643e-05 1.444893121385803e-06
16.90833333333314 1.158569864200171e-05 2.162278953484688e-07
16.91111111111091 1.179407614178213e-05 -1.068444867812622e-06
16.91388888888869 1.186237136500115e-05 -2.395111484310369e-06
16.91666666666647 1.178402707618078e-05 -3.74868815949736e-06
16.91944444444424 1.155409588016486e-05 -5.113175015626893e-06
16.92222222222202 1.11693604719717e-05 -6.47182697253155e-06
16.92499999999979 1.062843578655353e-05 -7.807339805714655e-06
16.92777777777757 9.931851182496299e-06 -9.102049462384755e-06
16.93055555555535 9.08211099809027e-06 -1.033814249078301e-05
16.93333333333312 8.083732049561152e-06 -1.149787523469508e-05
16.9361111111109 6.943256896969635e-06 -1.256379926689551e-05
16.93888888888868 5.669241980873668e-06 -1.351899038498661e-05
16.94166666666645 4.272220028896673e-06 -1.434727837359686e-05
16.94444444444423 2.764636442798361e-06 -1.503347465017345e-05
16.94722222222201 1.160759699460795e-06 -1.556359485975985e-05
16.94999999999978 -5.234338701620831e-07 -1.59250734684567e-05
16.95277777777756 -2.270400226073112e-06 -1.610696742692142e-05
16.95555555555534 -4.061191656608322e-06 -1.610014603466228e-05
16.95833333333311 -5.875643348171836e-06 -1.589746423328433e-05
16.96111111111089 -7.692580807911469e-06 -1.549391669167057e-05
16.96388888888866 -9.49004615439106e-06 -1.488677021757644e-05
16.96666666666644 -1.124554100314667e-05 -1.40756722368108e-05
16.96944444444422 -1.293628340794551e-05 -1.306273332122983e-05
16.97222222222199 -1.453947607781921e-05 -1.185258201789983e-05
16.97499999999977 -1.603258287868412e-05 -1.045239053108907e-05
16.97777777777755 -1.739361044929517e-05 -8.871870133280436e-06
16.98055555555532 -1.860139161793752e-05 -7.123235527270476e-06
16.9833333333331 -1.963586720059994e-05 -5.221137745128021e-06
16.98611111111088 -2.047836269606163e-05 -3.182565546676036e-06
16.98888888888865 -2.111185636943975e-05 -1.026715666317859e-06
16.99166666666643 -2.152123523500917e-05 1.225167352810645e-06
16.99444444444421 -2.169353551155357e-05 3.549980608233012e-06
16.99722222222198 -2.161816422978803e-05 5.922980057569982e-06
16.99999999999976 -2.128709882057827e-05 8.318023619779742e-06
17.00277777777753 -2.069506170409488e-05 1.070783791074933e-05
17.00555555555531 -1.983966713198253e-05 1.306430602576682e-05
17.00833333333309 -1.872153780501711e-05 1.535877346621088e-05
17.01111111111086 -1.734438909510126e-05 1.756236902071388e-05
17.01388888888864 -1.571507903950748e-05 1.964633715711718e-05
17.01666666666642 -1.384362264379477e-05 2.158237826365655e-05
17.01944444444419 -1.174316942345209e-05 2.334299289997437e-05
17.02222222222197 -9.429943529190732e-06 2.49018260830703e-05
17.02499999999975 -6.923146231760125e-06 2.623400754321341e-05
17.02777777777752 -4.244820984741222e-06 2.731648384137347e-05
17.0305555555553 -1.419681732395046e-06 2.812833824495059e-05
17.03333333333308 1.525094420575775e-06 2.865109431262493e-05
17.03611111111085 4.56010861536367e-06 2.886899924278482e-05
17.03888888888863 7.654013724198996e-06 2.876928319242211e-05
17.0416666666664 1.077381749681909e-05 2.834239097386062e-05
17.04444444444418 1.388521255154097e-05 2.758218278349191e-05
17.04722222222196 1.695293002012449e-05 2.648610090777985e-05
17.04999999999973 1.994111331268379e-05 2.505529968430861e-05
17.05277777777751 2.281370816050796e-05 2.329473636643221e-05
17.05555555555529 2.553486482623077e-05 2.121322094523537e-05
17.05833333333306 2.806934814494838e-05 1.88234234180288e-05
17.06111111111084 3.038295088120004e-05 1.614183745340667e-05
17.06388888888862 3.24429057568209e-05 1.318869988458058e-05
17.06666666666639 3.42182914270293e-05 9.987865959141792e-06
17.06944444444417 3.568042765730537e-05 6.56664077989314e-06
17.07222222222195 3.680325498380456e-05 2.955567881279317e-06
17.07499999999972 3.756369422479038e-05 -8.118236058488732e-07
17.0777777777775 3.79419813504416e-05 -4.699311248658891e-06
17.08055555555528 3.792197341198039e-05 -8.66830862711349e-06
17.08333333333305 3.749142147740038e-05 -1.267822876442048e-05
17.08611111111083 3.664220681770704e-05 -1.668687832726046e-05
17.0888888888886 3.537053693197401e-05 -2.065087884047187e-05
17.09166666666638 3.367709838845529e-05 -2.452611078669684e-05
17.09444444444416 3.156716388830721e-05 -2.826817612891679e-05
17.09722222222193 2.905065142430098e-05 -3.183287450583951e-05
17.09999999999971 2.61421339037501e-05 -3.517668811185887e-05
17.10277777777749 2.286079812836653e-05 -3.825727008703816e-05
17.10555555555526 1.923035256713797e-05 -4.103393111219109e-05
17.10833333333304 1.527888391705252e-05 -4.346811883078027e-05
17.11111111111082 1.10386630129448e-05 -4.5523884705601e-05
17.11388888888859 6.545901217123773e-06 -4.716833296402675e-05
17.11666666666637 1.840458983913641e-06 -4.837204639210919e-05
17.11944444444415 -3.034491151243347e-06 -4.910948390373312e-05
17.12222222222192 -8.032844371569951e-06 -4.935934503594942e-05
17.1249999999997 -1.31059828667205e-05 -4.910489680315862e-05
17.12777777777747 -1.820323082312963e-05 -4.83342586788325e-05
17.13055555555525 -2.327234088133218e-05 -4.704064186080085e-05
17.13333333333303 -2.82600074155072e-05 -4.522253941089154e-05
17.1361111111108 -3.311240162600201e-05 -4.288386433787597e-05
17.13888888888858 -3.777572312175392e-05 -4.003403320914858e-05
17.14166666666636 -4.219676240879276e-05 -3.668799342640555e-05
17.14444444444413 -4.632346849856104e-05 -3.286619287756743e-05
17.14722222222191 -5.010551570665794e-05 -2.859449127606536e-05
17.14999999999969 -5.349486363265799e-05 -2.390401311191304e-05
17.15277777777746 -5.64463042951158e-05 -1.883094276152124e-05
17.15555555555524 -5.89179904443664e-05 -1.341626292684961e-05
17.15833333333302 -6.087193918908183e-05 -7.705438193600351e-06
17.16111111111079 -6.227450525000879e-05 -1.748046105415622e-06
17.16388888888857 -6.309681839500543e-05 4.402641260469489e-06
17.16666666666634 -6.331517991094019e-05 1.06901216665806e-05
17.16944444444412 -6.291141332788909e-05 1.705516895604517e-05
17.1722222222219 -6.187316502573736e-05 2.343637658395216e-05
17.17499999999967 -6.019415081906278e-05 2.977073341062691e-05
17.17777777777745 -5.787434512826247e-05 3.599422632394035e-05
17.18055555555523 -5.492010989832428e-05 4.204246390738456e-05
17.183333333333 -5.134426101593351e-05 4.785131507650734e-05
17.18611111111078 -4.716607059459816e-05 5.335755637364855e-05
17.18888888888856 -4.241120413996057e-05 5.849952144140145e-05
17.19166666666633 -3.711159226687421e-05 6.321774609221069e-05
17.19444444444411 -3.13052373090898e-05 6.745560235556806e-05
17.19722222222189 -2.503595583473237e-05 7.115991491746624e-05
17.19999999999966 -1.835305874924551e-05 7.428155346788464e-05
17.20277777777744 -1.131097132437481e-05 7.677599464201238e-05
17.20555555555521 -3.968796131362301e-06 7.860384747693381e-05
17.20833333333299 3.610177529565518e-06 7.973133660699095e-05
17.21111111111077 1.135901352801777e-05 8.013073778387217e-05
17.21388888888854 1.920771341030931e-05 7.97807607297104e-05
17.21666666666632 2.708384029216369e-05 7.866687480775286e-05
17.2194444444441 3.491317646272979e-05 7.67815735221513e-05
17.22222222222187 4.262040862653879e-05 7.412457442970848e-05
17.22499999999965 5.012983437019538e-05 7.070295165769683e-05
17.22777777777743 5.736608316237325e-05 6.653119886591163e-05
17.2305555555552 6.425484498373816e-05 6.163122116215465e-05
17.23333333333298 7.072359953844776e-05 5.603225517172554e-05
17.23611111111076 7.670233892485242e-05 4.977071716560706e-05
17.23888888888853 8.212427663872721e-05 4.288997986267578e-05
17.24166666666631 8.692653585049187e-05 3.544007923043361e-05
17.24444444444408 9.105081003594005e-05 2.747735330971587e-05
17.24722222222186 9.444398924875488e-05 1.906401577435816e-05
17.24999999999964 9.705874559919666e-05 1.026766760013372e-05
17.25277777777741 9.885407184560677e-05 1.160750850519686e-06
17.25555555555519 9.979576740948958e-05 -8.180050813974693e-06
17.25833333333297 9.985686658801311e-05 -1.767445974083342e-05
17.26111111111074 9.901800425474503e-05 -2.723929433295509e-05
17.26388888888852 9.726771490571422e-05 -3.678919541120734e-05
17.2666666666663 9.460266151776396e-05 -4.623738236553488e-05
17.26944444444407 9.102779133405409e-05 -5.549643223139174e-05
17.27222222222185 8.655641637047282e-05 -6.447907455613384e-05
17.27499999999963 8.121021714127651e-05 -7.309899471587745e-05
17.2777777777774 7.501916882373941e-05 -8.127163821004285e-05
17.28055555555518 6.802138981529856e-05 -8.891500839780608e-05
17.28333333333295 6.026291337266995e-05 -9.595045015192562e-05
17.28611111111073 5.179738375662846e-05 -0.0001023034119871769
17.28888888888851 4.268567902810314e-05 -0.0001079041793759684
17.29166666666628 3.299546334703623e-05 -0.0001126885721880879
17.29444444444406 2.280067230535796e-05 -0.0001165985994852408
17.29722222222184 1.218093547573984e-05 -0.0001195830652596119
17.29999999999961 1.220940968643852e-06 -0.000121598119127076
17.30277777777739 -9.990252639918171e-06 -0.0001226077464648191
17.30555555555517 -2.135995112939898e-05 -0.0001225841930162025
17.30833333333294 -3.279259985680245e-05 -0.0001215083195671944
17.31111111111072 -4.419059262606248e-05 -0.000119369882923368
17.3138888888885 -5.545510710515966e-05 -0.0001161677400780921
17.31666666666627 -6.648695941315604e-05 -0.0001119099731547435
17.31944444444405 -7.718747028680974e-05 -0.0001066139334231616
17.32222222222182 -8.745933509792635e-05 -0.0001003062034233205
17.3249999999996 -9.720748992112848e-05 -9.302247697533087e-05
17.32777777777738 -0.0001063399658571696 -8.480735760103013e-05
17.33055555555515 -0.0001147687238903242 -7.571407662830215e-05
17.33333333333293 -0.0001224104627065308 -6.580413298155697e-05
17.33611111111071 -0.0001291873921145254 -5.514685737893122e-05
17.33888888888848 -0.0001350279649973749 -4.381890434812712e-05
17.34166666666626 -0.000139867561070835 -3.190367613476577e-05
17.34444444444404 -0.0001436491161366786 -1.949068320067857e-05
17.34722222222181 -0.0001463236909876742 -6.674846593912368e-06
17.34999999999959 -0.0001478509746438539 6.444251996100638e-06
17.35277777777737 -0.0001481997171701892 1.976316619983965e-05
17.35555555555514 -0.0001473480879398113 3.317542022506389e-05
17.35833333333292 -0.0001452839558582149 4.657237632280594e-05
17.3611111111107 -0.0001420050887462772 5.984412707635849e-05
17.36388888888847 -0.0001375192697870595 7.288040489265806e-05
17.36666666666625 -0.0001318443296677696 8.55715009096396e-05
17.36944444444402 -0.0001250080937848118 9.780918543843453e-05
17.3722222222218 -0.0001170482446230506 0.0001094876220328469
17.37499999999958 -0.0001080121001610698 0.0001205042673235589
17.37777777777735 -9.7956309885313e-05 0.000130760748870205
17.38055555555513 -8.694647071527027e-05 0.0001401637134654542
17.38333333333291 -7.505666583529759e-05 0.0001486256385769154
17.38611111111068 -6.236893009840564e-05 0.0001560655999245496
17.38888888888846 -4.897264630167766e-05 0.0001624099885664245
17.39166666666624 -3.496387722849653e-05 0.0001675931712971332
17.39444444444401 -2.044463890370172e-05 0.0001715580886482801
17.39722222222179 -5.522121012749012e-06 0.0001742567853133983
17.39999999999957 9.692139117023812e-06 0.000175650868397446
17.40277777777734 2.508312217995626e-05 0.0001757118895061315
17.40555555555512 4.053322507537554e-05 0.0001744216473384542
17.40833333333289 5.592318421418078e-05 0.0001717724081210814
17.41111111111067 7.113301634701493e-05 0.0001677670419185765
17.41388888888845 8.60429691721298e-05 0.0001624190735637922
17.41666666666622 0.0001005344739070401 0.0001557526476714644
17.419444444444 0.0001144910920036791 0.0001478024079176763
17.42222222222178 0.000127799448245632 0.0001386132914843801
17.42499999999955 0.0001403501425930454 0.0001282402402736801
17.42777777777733 0.0001520386333320932 0.0001167478311840838
17.43055555555511 0.000162766084337063 0.0001042098284089902
17.43333333333288 0.0001724401695662631 9.070866135507872e-05
17.43611111111066 0.0001809758282820421 7.633483238246361e-05
17.43888888888844 0.0001882959649055141 6.118625913651755e-05
17.44166666666621 0.0001943320878877955 4.536755676434948e-05
17.44444444444399 0.0001990248824939939 2.89892657860007e-05
17.44722222222176 0.0002023247129510516 1.216703181664128e-05
17.44999999999954 0.0002041920499995173 -4.979256292643426e-06
17.45277777777732 0.0002045978205082032 -2.232636300983063e-05
17.45555555555509 0.000203523676453264 -3.974863023329144e-05
17.45833333333287 0.0002009621812243195 -5.711892162139998e-05
17.46111111111065 0.0001969169118940945 -7.430957966771664e-05
17.46388888888842 0.0001914024767677042 -9.119338797937009e-05
17.4666666666662 0.0001844444482111528 -0.0001076445312003259
17.46944444444398 0.0001760792114329161 -0.0001235395450801034
17.47222222222175 0.0001663537305623072 -0.0001387582492935037
17.47499999999953 0.0001553252340166227 -0.0001531846557944373
17.47777777777731 0.0001430608217820274 -0.0001667078457111793
17.48055555555508 0.0001296369978354439 -0.0001792228080774322
17.48333333333286 0.0001151391315087077 -0.0001906312340277817
17.48611111111063 9.966085213688482e-05 -0.0002008422604695652
17.48888888888841 8.330338182902419e-05 -0.0002097731576744678
17.49166666666619 6.617481165976972e-05 -0.0002173499557015019
17.49444444444396 4.838932698830355e-05 -0.0002235080050714681
17.49722222222174 3.00663879729944e-05 -0.0002281924676517074
17.49999999999952 1.132987166448164e-05 -0.0002313587342759541
17.50277777777729 -7.692817690056617e-06 -0.0002329727662149244
17.50555555555507 -2.687166328900615e-05 -0.0002330113582184768
17.50833333333285 -4.607496838030852e-05 -0.000231462321470605
17.51111111111062 -6.517029975174312e-05 -0.0002283245854242743
17.5138888888884 -8.402543499568092e-05 -0.0002236082181127001
17.51666666666618 -0.0001025093064629982 -0.0002173343651582704
17.51944444444395 -0.0001204929348926383 -0.0002095351083198205
17.52222222222173 -0.0001378503458383295 -0.0002002532450233536
17.5249999999995 -0.0001544594621955712 -0.0001895419909094289
17.52777777777728 -0.0001702029663662045 -0.0001774646079957145
17.53055555555506 -0.0001849691258733566 -0.0001640939615980649
17.53333333333283 -0.0001986525765761624 -0.0001495120096537206
17.53611111111061 -0.0002111550579855728 -0.0001338092285804713
17.53888888888839 -0.000222386095600747 -0.000117083980233229
17.54166666666616 -0.0002322636256174188 -9.944182492570514e-05
17.54444444444394 -0.0002407145578307118 -8.099478584330202e-05
17.54722222222172 -0.0002476752730531285 -6.18605704822569e-05
17.54999999999949 -0.0002530920518852317 -4.216175501893737e-05
17.55277777777727 -0.0002569214322127116 -2.20249377344946e-05
17.55555555555505 -0.0002591304933549174 -1.579867782280628e-06
17.55833333333282 -0.0002596970653464123 1.904144428452944e-05
17.5611111111106 -0.0002586098623983193 3.97056277432159e-05
17.56388888888837 -0.0002558685401487054 6.02788581857821e-05
17.56666666666615 -0.0002514836768706129 8.062776277955362e-05
17.56944444444393 -0.0002454766793579598 0.0001006203179008781
17.5722222222217 -0.0002378796147456964 0.0001201267328677717
17.57499999999948 -0.0002287349700467705 0.0001390203136520125
17.57777777777726 -0.0002180953416860571 0.0001571783006753608
17.58055555555503 -0.0002060230577907161 0.0001744826750384907
17.58333333333281 -0.0001925897364524937 0.0001908209278165835
17.58611111111059 -0.00017787578359143 0.0002060867873910876
17.58888888888836 -0.0001619698344457148 0.000220180900134787
17.59166666666614 -0.000144968143064844 0.0002330114601571806
17.59444444444392 -0.0001269739244998048 0.0002444947842296566
17.59722222222169 -0.0001080966546647502 0.0002545558284426583
17.59999999999947 -8.845133308015185e-05 0.0002631286436021458
17.60277777777724 -6.815771390587069e-05 0.0002701567668390309
17.60555555555502 -4.733951083434079e-05 0.0002755935473835034
17.6083333333328 -2.61235815107714e-05 0.0002794024049476531
17.61111111111057 -4.639097236786667e-06 0.0002815570196441374
17.61388888888835 1.698329626890123e-05 0.0002820414528638064
17.61666666666613 3.861232129436611e-05 0.0002808501990208216
17.6194444444439 6.011690802911178e-05 0.0002779881685538083
17.62222222222168 8.136702631961086e-05 0.0002734706030420205
17.62499999999946 0.0001022345038034065 0.0002673229237510413
17.62777777777723 0.0001225938251101867 0.000259580515361847
17.63055555555501 0.0001423229070174841 0.0002502884470588847
17.63333333333279 0.0001613038446943653 0.0002395011335468954
17.63611111111056 0.0001794236244225245 0.0002272819389430383
17.63888888888834 0.0001965747984863416 0.0002137027268337701
17.64166666666612 0.0002126561182380601 0.0001988433601054405
17.64444444444389 0.0002275731216876725 0.0001827911544440447
17.64722222222167 0.0002412386723329425 0.0001656402896478293
17.64999999999944 0.0002535734463084827 0.0001474911831344808
17.65277777777722 0.0002645063653460695 0.0001284498301850672
17.655555555555 0.000273974973415663 0.0001086271156501962
17.65833333333277 0.0002819257553443117 8.813810193725088e-05
17.66111111111055 0.0002883143961155142 6.710129818528615e-05
17.66388888888833 0.000293105979962997 4.563791559359729e-05
17.6666666666661 0.0002962751287925949 2.387111386711986e-05
17.66944444444388 0.0002978060798708542 1.925243721024344e-06
17.67222222222166 0.0002976927031185987 -2.007490965430622e-05
17.67499999999943 0.000295938458741508 -4.200487737321009e-05
17.67777777777721 0.0002925562963080423 -6.374124717891729e-05
17.68055555555499 0.0002875684967460467 -8.516238879564549e-05
17.68333333333276 0.0002810064590818815 -0.0001061491599162316
17.68611111111054 0.0002729104340673934 -0.0001265855886844785
17.68888888888831 0.0002633292071515952 -0.000146359528721542
17.69166666666609 0.0002523197335388616 -0.0001653632830032879
17.69444444444387 0.0002399467283286533 -0.000183494193171918
17.69722222222164 0.0002262822149827435 -0.0002006551911218491
17.69999999999942 0.0002114050355511089 -0.0002167553100364449
17.7027777777772 0.0001954003262962926 -0.0002317101523227115
17.70555555555497 0.0001783589624951096 -0.0002454423122391029
17.70833333333275 0.0001603769763147639 -0.0002578817513409754
17.71111111111053 0.0001415549517875442 -0.0002689661251795204
17.7138888888883 0.0001219974009416243 -0.0002786410600578312
17.71666666666608 0.0001018121252194465 -0.0002868603789611496
17.71944444444386 8.11095663021229e-05 -0.0002935862761323643
17.72222222222163 6.000215047190821e-05 -0.0002987894400831981
17.72499999999941 3.860363058075419e-05 -0.000302449125169986
17.72777777777718 1.702842963367652e-05 -0.0003045531721750946
17.73055555555496 -4.609010067345224e-06 -0.0003050979786422401
17.73333333333274 -2.619486843498016e-05 -0.00030408842001866
17.73611111111051 -4.761657606405902e-05 -0.0003015377229337173
17.73888888888829 -6.876342614623903e-05 -0.0002974672922166788
17.74166666666607 -8.952716648604896e-05 -0.0002919064935048293
17.74444444444384 -0.0001098025684428635 -0.0002848923935347187
17.74722222222162 -0.0001294879698756637 -0.0002764694604154341
17.7499999999994 -0.0001484857893378998 -0.0002666892263905571
17.75277777777717 -0.000166703009036318 -0.0002556099157648944
17.75555555555495 -0.000184051624310894 -0.0002432960408199346
17.75833333333273 -0.0002004490576009224 -0.0002298179687043191
17.7611111111105 -0.0002158185351949713 -0.0002152514623509958
17.76388888888828 -0.0002300894252485309 -0.0001996771986106536
17.76666666666605 -0.000243197535870053 -0.0001831802668262231
17.76944444444383 -0.0002550853723207719 -0.0001658496511332319
17.77222222222161 -0.0002657023526450399 -0.000147777699791247
17.77499999999938 -0.000275004981308924 -0.0001290595848583455
17.77777777777716 -0.0002829569806859933 -0.0001097927555025455
17.78055555555494 -0.0002895293804842657 -9.007638820467287e-05
17.78333333333271 -0.0002947005654538133 -7.001083705192867e-05
17.78611111111049 -0.0002984562819509238 -4.969708725753804e-05
17.78888888888827 -0.0003007896041707646 -2.923621492599125e-05
17.79166666666604 -0.000301700861069176 -8.728856012035452e-06
17.79444444444382 -0.0003011975252096381 1.1725312742329e-05
17.7972222222216 -0.0002992940649581872 3.202807820332612e-05
17.79999999999937 -0.0002960117616330233 5.208317806957828e-05
17.80277777777715 -0.0002913784933794047 7.179676855181812e-05
17.80555555555492 -0.0002854284876905743 9.107787032745162e-05
17.8083333333327 -0.0002782020446294082 0.0001098387907569277
17.81111111111048 -0.0002697452329292933 0.0001279955205263191
17.81388888888825 -0.0002601095612453983 0.0001454681031013694
17.81666666666603 -0.0002493516269299105 0.0001621809755317114
17.81944444444381 -0.0002375327447490176 0.0001780632793996996
17.82222222222158 -0.0002247185580521445 0.0001930491408368066
17.82499999999936 -0.0002109786348896357 0.0002070779188189753
17.82777777777714 -0.0001963860516538231 0.0002200944210666381
17.83055555555491 -0.0001810169667699476 0.00023204908714919
17.83333333333269 -0.0001649501870001818 0.0002428981385337205
17.83611111111047 -0.0001482667288626897 0.000252603695550148
17.83888888888824 -0.0001310493776602808 0.0002611338614035257
17.84166666666602 -0.0001133822465357856 0.000268462773566077
17.84444444444379 -9.535033793312758e-05 0.0002745706230384919
17.84722222222157 -7.703910973542808e-05 0.0002794436421527407
17.84999999999935 -5.85340483028321e-05 0.0002830740617279691
17.85277777777712 -3.992025049870698e-05 0.0002854600385551488
17.8555555555549 -2.128201671340572e-05 0.0002866055543132703
17.85833333333268 -2.702456770564456e-06 0.0002865202871530292
17.86111111111045 1.57368895380809e-05 0.0002852194572997678
17.86388888888823 3.395641562732384e-05 0.0002827236481307539
17.86666666666601 5.187879353174732e-05 0.0002790586042792367
17.86944444444378 6.942930017861409e-05 0.0002742550083977161
17.87222222222156 8.653612330439427e-05 0.000268348238285946
17.87499999999934 0.000103130645947821 0.0002613781061449108
17.87777777777711 0.0001191477085814736 0.0002533885817693741
17.88055555555489 0.0001345258481117643 0.0002444275015211884
17.88333333333266 0.0001492075130991993 0.0002345462649590681
17.88611111111044 0.0001631392547242642 0.0002237995210020683
17.88888888888822 0.0001762718931481922 0.0002122448455136711
17.89166666666599 0.0001885606590660459 0.0001999424121828373
17.89444444444377 0.0001999653103856564 0.0001869546585619436
17.89722222222155 0.0002104502241102375 0.0001733459490827027
17.89999999999932 0.0002199844636135995 0.0001591822368501786
17.9027777777771 0.0002285418216383235 0.0001445307259531886
17.90555555555488 0.0002361008394543296 0.0001294595359867703
17.90833333333265 0.0002426448027377044 0.0001140373704060917
17.91111111111043 0.000248161714821525 9.833319028437407e-05
17.91388888888821 0.0002526442480855193 8.241589494409861e-05
17.91666666666598 0.0002560896743281858 6.635401087494555e-05
17.91944444444376 0.0002584997750571455 5.021539025056269e-05
17.92222222222154 0.0002598807327055552 3.40669202749933e-05
17.92499999999931 0.000260243003852582 1.79742444864072e-05
17.92777777777709 0.0002596011755831263 2.001497059816296e-06
17.93055555555486 0.0002579738061755856 -1.378894895719951e-05
17.93333333333264 0.0002553832513490849 -2.933671863814324e-05
17.93611111111042 0.0002518554773370814 -4.458365666778829e-05
17.93888888888819 0.0002474198620823487 -5.94740326936993e-05
17.94166666666597 0.0002421089858660334 -7.395473001705072e-05
17.94444444444375 0.0002359584126987071 -8.797541718454935e-05
17.94722222222152 0.0002290064638028662 -0.0001014887021616484
17.9499999999993 0.0002212939845138716 -0.000114450268858125
17.95277777777708 0.0002128641059194771 -0.0001268189958690075
17.95555555555485 0.0002037620025385493 -0.0001385570573966609
17.95833333333263 0.0001940346473191133 -0.0001496300064047149
17.96111111111041 0.0001837305652055373 -0.0001600068401453241
17.96388888888818 0.0001728995864926032 -0.0001696600482813745
17.96666666666596 0.0001615926011462932 -0.0001785656439047838
17.96944444444373 0.0001498613152213903 -0.0001867031778327928
17.97222222222151 0.0001377580104651767 -0.0001940557366263663
17.97499999999929 0.0001253353081371516 -0.0002006099248473378
17.97777777777706 0.0001126459380295769 -0.000206355832123582
17.98055555555484 9.974251359910932e-05 -0.0002112869856579291
17.98333333333262 8.667731407666173e-05 -0.0002154002888544709
17.98611111111039 7.350207434462981e-05 -0.0002186959467902099
17.98888888888817 6.026778331219524e-05 -0.0002211773792946756
17.99166666666595 4.702449145592811e-05 -0.0002228511224342404
17.99444444444372 3.382112811569865e-05 -0.0002237267192298198
17.9972222222215 2.070532907676916e-05 -0.0002238166004566891
17.99999999999928 7.723274900437256e-06 -0.0002231359563950385
18.00277777777705 -5.080459611226477e-06 -0.000221702600413738
18.00555555555483 -1.766304448659031e-05 -0.0002195368252765497
18.0083333333326 -2.998352193401389e-05 -0.000216661253064981
18.01111111111038 -4.200292178072244e-05 -0.0002131006796098474
18.01388888888816 -5.368436486743354e-05 -0.0002088819143187052
18.01666666666593 -6.499315433302747e-05 -0.000204033616276457
18.01944444444371 -7.589685478263669e-05 -0.0001985861274823851
18.02222222222149 -8.636535938928457e-05 -0.0001925713040693324
18.02499999999926 -9.637094503301296e-05 -0.000186022346330612
18.02777777777704 -0.0001058883156374658 -0.0001789736283545172
18.03055555555482 -0.0001148946339107852 -0.0001714605280399731
18.03333333333259 -0.0001233695417457902 -0.0001635192582361639
18.03611111111037 -0.0001312951695767945 -0.0001551866997173908
18.03888888888815 -0.0001386561350330806 -0.0001465002366680166
18.04166666666592 -0.0001454395312639909 -0.0001374975953173842
18.0444444444437 -0.0001516349053458239 -0.0001282166863253737
18.04722222222147 -0.0001572342272115883 -0.0001186954514791265
18.04999999999925 -0.0001622318495714259 -0.0001089717152206836
18.05277777777703 -0.0001666244593145454 -9.908304148510584e-05
18.0555555555548 -0.0001704110209060176 -8.906659628355648e-05
18.05833333333258 -0.0001735927123079752 -7.895901642402845e-05
18.06111111111036 -0.0001761728539680554 -6.879628472105067e-05
18.06388888888813 -0.0001781568314302284 -5.861361200055451e-05
18.06666666666591 -0.0001795520121306733 -4.844532616232064e-05
18.06944444444369 -0.0001803676569444332 -3.832476852570947e-05
18.07222222222146 -0.0001806148270527234 -2.828419763698271e-05
18.07499999999924 -0.0001803062866988533 -1.8354700676307e-05
18.07777777777702 -0.0001794564023963067 -8.566112569552208e-06
18.08055555555479 -0.0001780810391481384 1.053057139017269e-06
18.08333333333257 -0.0001761974542268537 1.047568962486824e-05
18.08611111111034 -0.0001738241890541087 1.967611434505748e-05
18.08888888888812 -0.0001709809597062988 2.863015886954534e-05
18.0916666666659 -0.0001676885465575664 3.731519105964824e-05
18.09444444444367 -0.00016396868355537 4.571015370207648e-05
18.09722222222145 -0.0001598439476052516 5.379559173799814e-05
18.09999999999923 -0.0001553376485216918 6.15536722523987e-05
18.102777777777 -0.0001504737199828066 6.896819741100967e-05
18.10555555555478 -0.0001452766119012309 7.602461056377628e-05
18.10833333333256 -0.0001397711846045947 8.270999574498703e-05
18.11111111111033 -0.0001339826051914443 8.90130708281304e-05
18.11388888888811 -0.0001279362464071374 9.492417460449876e-05
18.11666666666589 -0.0001216575883567157 0.0001004352480743628
18.11944444444366 -0.0001151721233487525 0.0001055398102494147
18.12222222222144 -0.0001085052641350535 0.0001102329287807175
18.12499999999921 -0.0001016822557911647 0.0001145111857295441
18.12777777777699 -9.472809144948158e-05 0.0001183726388140063
18.13055555555477 -8.766743207828642e-05 0.0001218167784628208
18.13333333333254 -8.052453046981983e-05 0.0001248444810165486
18.13611111111032 -7.332315957866853e-05 0.0001274579584161111
18.1388888888881 -6.608654532445763e-05 0.0001296607047211382
18.14166666666587 -5.883730395221738e-05 0.0001314574397976225
18.14444444444365 -5.159738401813186e-05 0.0001328540505136755
18.14722222222143 -4.438801304630242e-05 0.0001338575297777929
18.1499999999992 -3.722964888198663e-05 0.0001344759137485004
18.15277777777698 -3.014193574306649e-05 0.0001347182175387847
18.15555555555476 -2.314366495546424e-05 0.0001345943697301202
18.15833333333253 -1.625274033528633e-05 0.0001341151460033806
18.16111111111031 -9.486148165434493e-06 0.000133292102183651
18.16388888888808 -2.859931696251015e-06 0.0001321375069858244
18.16666666666586 3.610829915439313e-06 0.0001306642747366622
18.16944444444364 9.912038329784165e-06 0.000128885898337035
18.17222222222141 1.603058852397121e-05 0.000126816382715569
18.17499999999919 2.195437719561143e-05 0.0001244701790118017
18.17777777777697 2.767230720648886e-05 0.0001218621197137851
18.18055555555474 3.317428821684493e-05 0.0001190073549605262
18.18333333333252 3.845123366462872e-05 0.0001159212902067049
18.1861111111103 4.34950542577295e-05 0.0001126195254313413
18.18888888888807 4.829864814870862e-05 0.0001091177960592903
18.19166666666585 5.285588797223777e-05 0.0001054319157482272
18.19444444444363 5.716160492584646e-05 0.0001015777211811504
18.1972222222214 6.121157008237255e-05 9.757101898813171e-05
18.19999999999918 6.500247312161331e-05 9.342753490881096e-05
18.20277777777696 6.853189867355583e-05 8.916286529134163e-05
18.20555555555473 7.179830046464277e-05 8.47924310108882e-05
18.20833333333251 7.48009734594833e-05 8.033143387664532e-05
18.21111111111028 7.754002418919484e-05 7.579481558375038e-05
18.21388888888806 8.001633945644622e-05 7.119721925328969e-05
18.21666666666584 8.223155360488744e-05 6.655295359148392e-05
18.21944444444361 8.418801453784792e-05 6.18759596869932e-05
18.22222222222139 8.588874866682661e-05 5.717978045525947e-05
18.22499999999917 8.733742496795569e-05 5.247753272521004e-05
18.22777777777694 8.85383183176545e-05 4.778188195682539e-05
18.23055555555472 8.949627227545236e-05 4.310501956524043e-05
18.2333333333325 9.021666147510035e-05 3.845864281997094e-05
18.23611111111027 9.070535377962523e-05 3.385393727828237e-05
18.23888888888805 9.096867234954754e-05 2.930156170378527e-05
18.24166666666583 9.101335776660007e-05 2.481163541439738e-05
18.2444444444436 9.084653034860432e-05 2.039372799648091e-05
18.24722222222138 9.047565278381854e-05 1.605685131592383e-05
18.24999999999915 8.99084932057914e-05 1.180945375189617e-05
18.25277777777693 8.915308882239815e-05 7.659416572677145e-06
18.25555555555471 8.821771020500362e-05 3.614052369921518e-06
18.25833333333248 8.711082633624509e-05 -3.198945369719298e-07
18.26111111111026 8.584107050717685e-05 -4.136245818146802e-06
18.26388888888804 8.441720714699703e-05 -7.829385066023293e-06
18.26666666666581 8.284809966091864e-05 -1.139425204039918e-05
18.26944444444359 8.114267934429896e-05 -1.482633532416065e-05
18.27222222222137 7.930991543382236e-05 -1.81216634887657e-05
18.27499999999914 7.735878634895615e-05 -2.127679487088039e-05
18.27777777777692 7.529825217038014e-05 -2.428880605951997e-05
18.2805555555547 7.31372283944173e-05 -2.715527919575684e-05
18.28333333333247 7.088456099635543e-05 -2.98742881843874e-05
18.28611111111025 6.854900282889396e-05 -3.244438391697731e-05
18.28888888888802 6.613919137519425e-05 -3.486457860515881e-05
18.2916666666658 6.366362787080578e-05 -3.713432931999228e-05
18.29444444444358 6.113065780218766e-05 -3.92535208328137e-05
18.29722222222135 5.854845278441094e-05 -4.122244785016402e-05
18.29999999999913 5.5924993815174e-05 -4.304179673328758e-05
18.30277777777691 5.326805589782807e-05 -4.4712626789537e-05
18.30555555555468 5.058519402038371e-05 -4.62363512213893e-05
18.30833333333246 4.788373047437088e-05 -4.761471781435933e-05
18.31111111111024 4.517074349215139e-05 -4.884978944314826e-05
18.31388888888801 4.245305717859427e-05 -4.994392447107347e-05
18.31666666666579 3.97372327083802e-05 -5.08997571153398e-05
18.31944444444357 3.702956075820888e-05 -5.172017784625159e-05
18.32222222222134 3.433605513908225e-05 -5.240831388573024e-05
18.32499999999912 3.166244759236088e-05 -5.296750986606235e-05
18.32777777777689 2.901418370975719e-05 -5.340130870680352e-05
18.33055555555467 2.639641993677826e-05 -5.371343276330121e-05
18.33333333333245 2.38140216156231e-05 -5.390776529734671e-05
18.33611111111022 2.127156202384834e-05 -5.398833231594379e-05
18.338888888888 1.877332236219438e-05 -5.395928482112336e-05
18.34166666666578 1.632329264502818e-05 -5.382488150964119e-05
18.34444444444355 1.392517344573385e-05 -5.358947195790133e-05
18.34722222222133 1.158237844838931e-05 -5.325748032398081e-05
18.34999999999911 9.298037757444286e-06 -5.283338959493621e-05
18.35277777777688 7.075001916473008e-06 -5.232172640431561e-05
18.35555555555466 4.91584658703307e-06 -5.172704644142121e-05
18.35833333333244 2.822877839437814e-06 -5.105392047064151e-05
18.36111111111021 7.981380068695174e-07 -5.030692097605691e-05
18.36388888888799 -1.156587944483299e-06 -4.949060944353932e-05
18.36666666666576 -3.039765576265686e-06 -4.860952428966413e-05
18.36944444444354 -4.850103716055948e-06 -4.76681694439718e-05
18.37222222222132 -6.586546817409123e-06 -4.667100358856982e-05
18.37499999999909 -8.248266986422548e-06 -4.562243005640589e-05
18.37777777777687 -9.83465571721715e-06 -4.452678738736789e-05
18.38055555555465 -1.134531537825594e-05 -4.338834053894152e-05
18.38333333333242 -1.278005048954612e-05 -4.221127274619624e-05
18.3861111111102 -1.413885882951822e-05 -4.099967802385725e-05
18.38888888888798 -1.542192240900311e-05 -3.975755430135406e-05
18.39166666666575 -1.6629598347918e-05 -3.848879718012732e-05
18.39444444444353 -1.776240968894463e-05 -3.71971943008188e-05
18.39722222222131 -1.882103618054929e-05 -3.5886420306682e-05
18.39999999999908 -1.980630506038523e-05 -3.456003238810165e-05
18.40277777777686 -2.071918186823004e-05 -3.322146639198355e-05
18.40555555555463 -2.156076131578222e-05 -3.187403347893429e-05
18.40833333333241 -2.233225823937316e-05 -3.05209173098584e-05
18.41111111111019 -2.303499865957964e-05 -2.916517174309839e-05
18.41388888888796 -2.367041097013169e-05 -2.780971902248482e-05
18.41666666666574 -2.424001727692048e-05 -2.645734843605434e-05
18.41944444444352 -2.474542490633697e-05 -2.511071542456308e-05
18.42222222222129 -2.518831810014457e-05 -2.377234111906941e-05
18.42499999999907 -2.557044991312676e-05 -2.244461228581613e-05
18.42777777777685 -2.589363432762131e-05 -2.112978165716866e-05
18.43055555555462 -2.615973859778331e-05 -1.982996862695284e-05
18.4333333333324 -2.637067583506001e-05 -1.854716028837987e-05
18.43611111111018 -2.65283978446401e-05 -1.728321279315622e-05
18.43888888888795 -2.663488822144229e-05 -1.603985301034564e-05
18.44166666666573 -2.669215571288888e-05 -1.481868046361205e-05
18.4444444444435 -2.670222785429659e-05 -1.36211695260457e-05
18.44722222222128 -2.666714488159889e-05 -1.2448671851846e-05
18.44999999999906 -2.658895392487778e-05 -1.130241902471494e-05
18.45277777777683 -2.646970348511222e-05 -1.018352540301631e-05
18.45555555555461 -2.631143819544988e-05 -9.092991142471746e-06
18.45833333333239 -2.611619386729944e-05 -8.031705377569354e-06
18.46111111111016 -2.588599282066039e-05 -7.000449543307487e-06
18.46388888888794 -2.562283949712213e-05 -5.999900819721569e-06
18.46666666666572 -2.532871635321785e-05 -5.03063568204209e-06
18.46944444444349 -2.500558003099495e-05 -4.093133539998149e-06
18.47222222222127 -2.465535780196583e-05 -3.187780450641139e-06
18.47499999999905 -2.427994427994496e-05 -2.314872889304111e-06
18.47777777777682 -2.388119839765723e-05 -1.47462156449266e-06
18.4805555555546 -2.346094064146121e-05 -6.671552628267163e-07
18.48333333333238 -2.302095053803137e-05 1.074752889959742e-07
18.48611111111015 -2.25629643863835e-05 8.492935575658365e-07
18.48888888888793 -2.208867322824252e-05 1.558393343122822e-06
18.4916666666657 -2.159972104937993e-05 2.234934937871311e-06
18.49444444444348 -2.10977032042664e-05 2.879141312510935e-06
18.49722222222126 -2.058416505610979e-05 3.491294340551893e-06
18.49999999999903 -2.0060600824126e-05 4.071731069331696e-06
18.50277777777681 -1.952845262971439e-05 4.620840045994498e-06
