16.5 -2.044924692548955e-07 -7.131324521691058e-08
16.50277777777778 -2.211614814115089e-07 -3.350526656349787e-08
16.50555555555555 -2.3087652515747e-07 8.050491792382709e-09
16.50833333333333 -2.328174533813592e-07 5.208215023640959e-08
16.51111111111111 -2.2639531333351e-07 9.714189061722789e-08
16.51388888888888 -2.112895169816716e-07 1.416476907222239e-07
16.51666666666666 -1.874775373349222e-07 1.83932817341363e-07
16.51944444444444 -1.552555270854717e-07 2.223017518762661e-07
16.52222222222221 -1.15248488559857e-07 2.550908936636674e-07
16.52499999999999 -6.840892355942742e-08 2.807320976553908e-07
16.52777777777776 -1.600325136667725e-08 2.978168683693087e-07
16.53055555555554 4.041430658143546e-08 3.051588635251408e-07
16.53333333333332 9.904022820762849e-08 3.018522692274756e-07
16.53611111111109 1.578719586735374e-07 2.873236024950527e-07
16.53888888888887 2.147688443097093e-07 2.61374582211233e-07
16.54166666666665 2.675221615893662e-07 2.242138889739257e-07
16.54444444444442 3.139322276032414e-07 1.764759072602831e-07
16.5472222222222 3.518901826513514e-07 1.192249056216606e-07
16.54999999999998 3.794617043714768e-07 5.394355445713145e-08
16.55277777777775 3.949696629523462e-07 -1.749480512805682e-08
16.55555555555553 3.970725731402424e-07 -9.287015862460124e-08
16.55833333333331 3.848356529333427e-07 -1.696754921314518e-07
16.56111111111108 3.577913697849851e-07 -2.451909299536415e-07
16.56388888888886 3.15986547643154e-07 -3.165705043728822e-07
16.56666666666663 2.600134228019141e-07 -3.809391369554636e-07
16.56944444444441 1.910224693085669e-07 -4.354968746197757e-07
16.57222222222219 1.107153568034058e-07 -4.776269642473906e-07
16.57499999999996 2.131704173256699e-08 -5.050039890558258e-07
16.57777777777774 -7.447329107510219e-08 -5.156980481472539e-07
16.58055555555552 -1.735519474334209e-07 -5.08270854228847e-07
16.58333333333329 -2.724998119140168e-07 -4.818596660609413e-07
16.58611111111107 -3.676887088933186e-07 -4.362451694926344e-07
16.58888888888885 -4.554021637431076e-07 -3.718997763766495e-07
16.59166666666662 -5.319669737421787e-07 -2.900133207674492e-07
16.5944444444444 -5.938913703835724e-07 -1.924937870789218e-07
16.59722222222218 -6.380050458004105e-07 -8.194148972685e-08
16.59999999999995 -6.615959526331046e-07 3.840398327498411e-08
16.60277777777773 -6.625385915195166e-07 1.647437761333144e-07
16.6055555555555 -6.394084913001076e-07 2.928254101376781e-07
16.60833333333328 -5.915777758378581e-07 4.180717193193115e-07
16.61111111111106 -5.192871031653756e-07 5.357297148744489e-07
16.61388888888883 -4.236898552376588e-07 6.410350661994724e-07
16.61666666666661 -3.068652399104308e-07 7.293870396516319e-07
16.61944444444439 -1.717979230972162e-07 7.965280309367051e-07
16.62222222222216 -2.232291294880418e-08 8.387212985510145e-07
16.62499999999994 1.369643631707956e-07 8.52920184581109e-07
16.62777777777772 3.008315530612534e-07 8.369220200943432e-07
16.63055555555549 4.635638824179041e-07 7.89500072725856e-07
16.63333333333327 6.191457916973402e-07 7.105073129377692e-07
16.63611111111105 7.614645878716641e-07 6.009464526137808e-07
16.63888888888882 8.845298637915464e-07 4.630016352176564e-07
16.6416666666666 9.827014762766509e-07 3.000283107768975e-07
16.64444444444437 1.050918124990576e-06 1.164991817128353e-07
16.64722222222215 1.084918078469327e-06 -8.209438197761119e-08
16.64999999999993 1.081443385070559e-06 -2.893844348488107e-07
16.6527777777777 1.038419009959466e-06 -4.983093493203356e-07
16.65555555555548 9.55098769121864e-07 -7.013331231849602e-07
16.65833333333326 8.321706908949286e-07 -8.906950986071363e-07
16.66111111111103 6.718155154881724e-07 -1.058682603960049e-06
16.66388888888881 4.777134216422569e-07 -1.197917737098141e-06
16.66666666666659 2.549957126230417e-07 -1.301648468994036e-06
16.66944444444436 1.014005484496055e-08 -1.364033513940672e-06
16.67222222222214 -2.491901156412369e-07 -1.380410032096019e-06
16.67499999999992 -5.143592874555912e-07 -1.347533236806645e-06
16.67777777777769 -7.76021801352581e-07 -1.263777395008293e-06
16.68055555555547 -1.024425065872717e-06 -1.129288542098993e-06
16.68333333333324 -1.249745179205445e-06 -9.460804757191705e-07
16.68611111111102 -1.442444359445124e-06 -7.180672227152403e-07
16.6888888888888 -1.59363816782855e-06 -4.510271511432093e-07
16.69166666666657 -1.695459460465161e-06 -1.524961700743638e-07
16.69444444444435 -1.741405383870181e-06 1.684100443543259e-07
16.69722222222213 -1.726653585938482e-06 5.012422187141724e-07
16.6999999999999 -1.648334179205489e-06 8.345267775521816e-07
16.70277777777768 -1.505744882373179e-06 1.15613034667198e-06
16.70555555555546 -1.300498175237426e-06 1.453669046846158e-06
16.70833333333323 -1.036591207659942e-06 1.714949909524167e-06
16.71111111111101 -7.203915613622715e-07 1.928429842822716e-06
16.71388888888879 -3.605347108271484e-07 2.083676111289531e-06
16.71666666666656 3.226791486605209e-08 2.171811345891271e-06
16.71944444444434 4.455081015178279e-07 2.185925735772032e-06
16.72222222222211 8.652417172789646e-07 2.121439316363746e-06
16.72499999999989 1.276522400467462e-06 1.976398184270771e-06
16.72777777777767 1.663895993468167e-06 1.751690039527852e-06
16.73055555555544 2.011940727667186e-06 1.451166657376843e-06
16.73333333333322 2.305835643911495e-06 1.08166367661852e-06
16.736111111111 2.531937729321754e-06 6.529113872365645e-07
16.73888888888877 2.678346867527598e-06 1.773339106530755e-07
16.74166666666655 2.735437021171824e-06 -3.302618250499693e-07
16.74444444444433 2.696332156294796e-06 -8.531017393234021e-07
16.7472222222221 2.557306316132145e-06 -1.372955117277106e-06
16.74999999999988 2.318088966603452e-06 -1.870726175757849e-06
16.75277777777766 1.982059246904911e-06 -2.327109109741078e-06
16.75555555555543 1.556316014623141e-06 -2.723285754884871e-06
16.75833333333321 1.051614493296392e-06 -3.041642308769035e-06
16.76111111111098 4.821647998777449e-07 -3.266479595850153e-06
16.76388888888876 -1.347074882706748e-07 -3.384690252084631e-06
16.76666666666654 -7.790334333348043e-07 -3.386376030646407e-06
16.76944444444431 -1.428795003973836e-06 -3.265379246073407e-06
16.77222222222209 -2.060625921269497e-06 -3.019704201876323e-06
16.77499999999987 -2.650598723010875e-06 -2.651807270699097e-06
16.77777777777764 -3.175073423303476e-06 -2.168738062781661e-06
16.78055555555542 -3.61157957863893e-06 -1.582118735745317e-06
16.7833333333332 -3.939700871760539e-06 -9.079538379530037e-07
16.78611111111097 -4.141929636850456e-06 -1.662689762762479e-07
16.78888888888875 -4.204458188910416e-06 6.194171347516855e-07
16.79166666666653 -4.117874465758545e-06 1.42277626739302e-06
16.7944444444443 -3.87773138037316e-06 2.215492606182477e-06
16.79722222222208 -3.48496240725611e-06 2.968199675834207e-06
16.79999999999986 -2.946120235085106e-06 3.65150349011292e-06
16.80277777777763 -2.273420708067271e-06 4.23705848282227e-06
16.80555555555541 -1.484580603192881e-06 4.698659134779553e-06
16.80833333333318 -6.024448607534213e-07 5.013307760611682e-06
16.81111111111096 3.455935260242648e-07 5.162217818439304e-06
16.81388888888874 1.328369907003684e-06 5.131712462559619e-06
16.81666666666651 2.311901772090958e-06 4.913979933826232e-06
16.81944444444429 3.260493547956457e-06 4.507650779876377e-06
16.82222222222207 4.137959086866405e-06 3.918166766453707e-06
16.82499999999984 4.908922531364737e-06 3.157917572621883e-06
16.82777777777762 5.540153396814221e-06 2.246128791071407e-06
16.8305555555554 6.001888277115227e-06 1.208493161355994e-06
16.83333333333317 6.269089744612431e-06 7.654608258817073e-08
16.83611111111095 6.322592929952394e-06 -1.113204022749814e-06
16.83888888888873 6.150092019986825e-06 -2.320370326861213e-06
16.8416666666665 5.746922525345447e-06 -3.501977718417527e-06
16.84444444444428 5.116600599295421e-06 -4.613910285030009e-06
16.84722222222205 4.271087820791823e-06 -5.612470348618702e-06
16.84999999999983 3.230758502774322e-06 -6.455996916230301e-06
16.85277777777761 2.024056501791517e-06 -7.106486713803669e-06
16.85555555555538 6.868393772436347e-07 -7.531158163761185e-06
16.85833333333316 -7.385807819085413e-07 -7.703897943299132e-06
16.86111111111094 -2.204678878187642e-06 -7.606531245030309e-06
16.86388888888871 -3.660208250736208e-06 -7.229860603925903e-06
16.86666666666649 -5.051898847884064e-06 -6.574424121351728e-06
16.86944444444427 -6.326309256060678e-06 -5.650931990234796e-06
16.87222222222204 -7.431771550641079e-06 -4.480350202567183e-06
16.87499999999982 -8.320361656551149e-06 -3.093611918474444e-06
16.8777777777776 -8.949823836348457e-06 -1.530949837814244e-06
16.88055555555537 -9.285376314747491e-06 1.591433800051125e-07
16.88333333333315 -9.301326074984913e-06 1.921305526603267e-06
16.88611111111092 -8.982424606902642e-06 3.695011024748054e-06
16.8888888888887 -8.324902834431439e-06 5.416544539948591e-06
16.89166666666648 -7.337132484522852e-06 7.021181594867832e-06
16.89444444444425 -6.039872561841023e-06 8.445505358978409e-06
16.89722222222203 -4.466073046495e-06 9.629780542136895e-06
16.89999999999981 -2.660223027512243e-06 1.052029963709786e-05
16.90277777777758 -6.772467345943472e-07 1.107161395921816e-05
16.90555555555536 1.419032218173001e-06 1.124856225557318e-05
16.90833333333314 3.557821210823007e-06 1.102801322803999e-05
16.91111111111091 5.663630226626966e-06 1.040024514757931e-05
16.91388888888869 7.658816332229745e-06 9.369895720478728e-06
16.91666666666647 9.466319571783033e-06 7.956428269908233e-06
16.91944444444424 1.101249816106263e-05 6.194075766493817e-06
16.92222222222202 1.222996315460058e-05 4.13124181721951e-06
16.92499999999979 1.306030840592564e-05 1.829356841323276e-06
16.92777777777757 1.345663095654806e-05 -6.387923185388952e-07
16.93055555555535 1.338574015850488e-05 -3.191220887114391e-06
16.93333333333312 1.282996090717681e-05 -5.739334620148166e-06
16.9361111111109 1.178844724146767e-05 -8.190871747945619e-06
16.93888888888868 1.027793701673806e-05 -1.04531055838457e-05
16.94166666666645 8.332895988191761e-06 -1.243620139571419e-05
16.94444444444423 6.005019939562491e-06 -1.405661090888246e-05
16.94722222222201 3.36208581333147e-06 -1.524038145921652e-05
16.94999999999978 4.861664010916434e-07 -1.592625474562761e-05
16.95277777777756 -2.528752786599669e-06 -1.606843260006167e-05
16.95555555555534 -5.579692206150583e-06 -1.563889429895154e-05
16.95833333333311 -8.558047924046886e-06 -1.462916161415914e-05
16.96111111111089 -1.135330747878412e-05 -1.305142380075293e-05
16.96388888888866 -1.385699011794635e-05 -1.093895462987806e-05
16.96666666666644 -1.596667625491366e-05 -8.345776820785222e-06
16.96944444444422 -1.758998212338328e-05 -5.345555081683376e-06
16.97222222222199 -1.86483316976669e-05 -2.02972658314149e-06
16.97499999999977 -1.908037934183838e-05 1.495093892644433e-06
16.97777777777755 -1.884494351524934e-05 5.110368678548092e-06
16.98055555555532 -1.792332416427087e-05 8.689459442526231e-06
16.9833333333331 -1.632089393408378e-05 1.210189990313853e-05
16.98611111111088 -1.406787560116799e-05 1.52179807543708e-05
16.98888888888865 -1.121924452313749e-05 1.79134914730034e-05
16.99166666666643 -7.853724614322928e-06 2.007445169277038e-05
16.99444444444421 -4.071878415407141e-06 2.160165853539972e-05
16.99722222222198 6.674862451130754e-09 2.241487615122309e-05
16.99999999999976 4.246846056808724e-06 2.245649998788873e-05
17.00277777777753 8.502368058127086e-06 2.16945409968341e-05
17.00555555555531 1.262066380726136e-05 2.012479388482869e-05
17.00833333333309 1.644813478315754e-05 1.777207816565501e-05
17.01111111111086 1.983569297731825e-05 1.469047047618169e-05
17.01388888888864 2.264434354196428e-05 1.096248048858427e-05
17.01666666666642 2.475061598408969e-05 6.697159683587184e-06
17.01944444444419 2.605163955250393e-05 2.027170999833683e-06
17.02222222222197 2.646966368336972e-05 -2.895113421699605e-06
17.02499999999975 2.595583712300776e-05 -7.902380955611075e-06
17.02777777777752 2.449307944896366e-05 -1.281787243481816e-05
17.0305555555553 2.209790569718037e-05 -1.746142813294976e-05
17.03333333333308 1.882109793582269e-05 -2.165588582332229e-05
17.03611111111085 1.474715591125386e-05 -2.523361053026291e-05
17.03888888888863 9.992501106456413e-06 -2.804292251412957e-05
17.0416666666664 4.702453283474294e-06 -2.995418506130125e-05
17.04444444444418 -9.529557301447675e-07 -3.086531726841331e-05
17.04722222222196 -6.784221257211212e-06 -3.070650939943415e-05
17.04999999999973 -1.258850562452859e-05 -2.94439394198708e-05
17.05277777777751 -1.815648772021917e-05 -2.708231851374504e-05
17.05555555555529 -2.327969836647786e-05 -2.366612998635515e-05
17.05833333333306 -2.775809169738597e-05 -1.92794688665488e-05
17.06111111111084 -3.140758505529085e-05 -1.404443739052183e-05
17.06388888888862 -3.406729143498561e-05 -8.118102787921235e-06
17.06666666666639 -3.560616985714826e-05 -1.688076629420952e-06
17.06944444444417 -3.592883053983671e-05 5.033172456816259e-06
17.07222222222195 -3.498025329755974e-05 1.181511058527793e-05
17.07499999999972 -3.274920879069845e-05 1.841682668007173e-05
17.0777777777775 -2.927021226422381e-05 2.459536844644358e-05
17.08055555555528 -2.462388708728945e-05 3.011444548096905e-05
17.08333333333305 -1.893566924452224e-05 3.475319552589535e-05
17.08611111111083 -1.237284216669361e-05 3.831469699082194e-05
17.0888888888886 -5.139951928946559e-06 4.063390916350659e-05
17.09166666666638 2.527286261431602e-06 4.158473145686773e-05
17.09444444444416 1.036942045217618e-05 4.108589462446569e-05
17.09722222222193 1.811180867625481e-05 3.910542972472632e-05
17.09999999999971 2.54740071698753e-05 3.566350389781878e-05
17.10277777777749 3.217968726745705e-05 3.083346449796348e-05
17.10555555555526 3.796673832482133e-05 2.474099317632615e-05
17.10833333333304 4.2597195739975e-05 1.756133717937947e-05
17.11111111111082 4.586662747042003e-05 9.514654186670139e-06
17.11388888888859 4.761262001480081e-05 8.595770330945307e-07
17.11666666666637 4.772202579332116e-05 -8.114826899781748e-06
17.11944444444415 4.613666789409897e-05 -1.709846254689627e-05
17.12222222222192 4.285724442895668e-05 -2.577068355772561e-05
17.1249999999997 3.794523195865196e-05 -3.381149284719216e-05
17.12777777777747 3.15226538570766e-05 -4.091308431589293e-05
17.13055555555525 2.37696529426969e-05 -4.67913179527655e-05
17.13333333333303 1.49198857418159e-05 -5.119670984883032e-05
17.1361111111108 5.253835643233791e-06 -5.392452292811589e-05
17.13888888888858 -4.909778918059219e-06 -5.482356375992358e-05
17.14166666666636 -1.522425017386818e-05 -5.380332541844935e-05
17.14444444444413 -2.53264614404508e-05 -5.083916520663964e-05
17.14722222222191 -3.484942445921781e-05 -4.59752678124706e-05
17.14999999999969 -4.343534926466107e-05 -3.932521725544681e-05
17.15277777777746 -5.07487896265171e-05 -3.10700824799035e-05
17.15555555555524 -5.648939023632233e-05 -2.145400894129813e-05
17.15833333333302 -6.0403761716415e-05 -1.077739898589773e-05
17.16111111111079 -6.229602673221293e-05 6.121459788662213e-07
17.16388888888857 -6.203661488490412e-05 1.233086190267238e-05
17.16666666666634 -5.956893490764357e-05 2.397149770811042e-05
17.16944444444412 -5.491361861652957e-05 3.51172209246416e-05
17.1722222222219 -4.817011011411935e-05 4.535628720784546e-05
17.17499999999967 -3.951546340291672e-05 5.429696596208157e-05
17.17777777777745 -2.920030887170269e-05 6.158218991300521e-05
17.18055555555523 -1.754205073061798e-05 6.690339078710566e-05
17.183333333333 -4.915459801013392e-06 7.001299699890092e-05
17.18611111111078 8.259074611927439e-06 7.073510248848387e-05
17.18888888888856 2.152927743868681e-05 6.897386793882483e-05
17.19166666666633 3.442626654511986e-05 6.471928517317152e-05
17.19444444444411 4.648087011941284e-05 5.805002054326271e-05
17.19722222222189 5.72404232869556e-05 4.913315090190996e-05
17.19999999999966 6.628545120487178e-05 3.822071309672316e-05
17.20277777777744 7.324563323421883e-05 2.564310117145437e-05
17.20555555555521 7.781445180252987e-05 1.17994606478917e-05
17.20833333333299 7.976196053214492e-05 -2.854657772979202e-06
17.21111111111077 7.894515859237985e-05 -1.782201618620524e-05
17.21388888888854 7.531553071927986e-05 -3.25803141411664e-05
17.21666666666632 6.892340283542622e-05 -4.660017316036123e-05
17.2194444444441 5.991886888461986e-05 -5.936387011341976e-05
17.22222222222187 4.85491619280547e-05 -7.038416471026747e-05
17.22499999999965 3.515246775953003e-05 -7.922254526022904e-05
17.22777777777743 2.014830793388062e-05 -8.550621969967641e-05
17.2305555555552 4.024746561081299e-06 -8.894320626636811e-05
17.23333333333298 -1.267720317445266e-05 -8.93349297362333e-05
17.23611111111076 -2.938148564494968e-05 -8.658580359976685e-05
17.23888888888853 -4.549663903017751e-05 -8.070937382369324e-05
17.24166666666631 -6.043649991541839e-05 -7.183071299103116e-05
17.24444444444408 -7.364125918637425e-05 -6.018488097980293e-05
17.24722222222186 -8.459812096823083e-05 -4.611140565314064e-05
17.24999999999964 -9.286081147678063e-05 -3.004487954893843e-05
17.25277777777741 -9.806720694954684e-05 -1.250191121821454e-05
17.25555555555519 -9.995439917249071e-05 5.93519251874217e-06
17.25833333333297 -9.837059239693493e-05 2.4637509683056e-05
17.26111111111074 -9.328332455985133e-05 4.295073551653687e-05
17.26388888888852 -8.478362566334569e-05 6.0217855170713e-05
17.2666666666663 -7.308586308859881e-05 7.580247826328556e-05
17.26944444444407 -5.852317295189333e-05 8.911201385454336e-05
17.27222222222185 -4.15385332341411e-05 9.961985006649164e-05
17.27499999999963 -2.267169281047573e-05 0.0001068857181372356
17.2777777777774 -2.542324968664353e-06 0.0001105734663113286
17.28055555555518 1.81700811733483e-05 0.0001104655436819131
17.28333333333295 3.874894824354448e-05 0.0001064735958937153
17.28611111111073 5.846520456882601e-05 9.864470043025529e-05
17.28888888888851 7.66029070123994e-05 8.716291503925909e-05
17.29166666666628 9.248499861043805e-05 7.234597387071915e-05
17.29444444444406 0.0001054982813190133 5.463713662180914e-05
17.29722222222184 0.000115116691204226 3.459237043250462e-05
17.29999999999961 0.0001209220035421352 1.286321621707825e-05
17.30277777777739 0.0001226211678358365 -9.824145742320901e-06
17.30555555555517 0.0001200595757991333 -3.269296787714545e-05
17.30833333333294 0.0001132296958496551 -5.494235440173994e-05
17.31111111111072 0.0001022746614758311 -7.577513474607194e-05
17.3138888888885 8.748657293627557e-05 -9.44262267315688e-05
17.31666666666627 6.929945628444561e-05 -0.0001101904860783465
17.31944444444405 4.827701427389376e-05 -0.0001224490353658767
17.32222222222182 2.509549352993068e-05 -0.000130693098308446
17.3249999999996 5.221745792364274e-07 -0.0001345444337499737
17.32777777777738 -2.46098408292103e-05 -0.0001337715663963532
17.33055555555515 -4.942972358386484e-05 -0.0001283011450046826
17.33333333333293 -7.305895011650174e-05 -0.0001182239193452658
17.33611111111071 -9.4642243013606e-05 -0.0001037950095017957
17.33888888888848 -0.0001133783340570775 -8.542833883463014e-05
17.34166666666626 -0.0001285494484148151 -6.368530837691356e-05
17.34444444444404 -0.0001395484319845316 -3.925799828234671e-05
17.34722222222181 -0.0001459025064080612 -1.294738371850836e-05
17.34999999999959 -0.0001472927365420102 1.436275909749792e-05
17.35277777777737 -0.0001435684303289621 4.173541326552897e-05
17.35555555555514 -0.0001347558568632923 6.821236374490921e-05
17.35833333333292 -0.0001210608596080092 9.28476296796783e-05
17.3611111111107 -0.0001028651517857156 0.0001147411230704629
17.36388888888847 -8.071630273135881e-05 0.0001330713397146939
17.36666666666625 -5.531164967924291e-05 0.0001471258999742488
17.36944444444402 -2.747659101498635e-05 0.0001563288112090588
17.3722222222218 1.86207361852491e-06 0.0001602634194992239
17.37499999999958 3.170690156604188e-05 0.0001586901528686455
17.37777777777735 6.102364670123841e-05 0.0001515583275004271
17.38055555555513 8.877703443536273e-05 0.0001390114869323025
17.38333333333291 0.0001139672363046439 0.000121385965324616
17.38611111111068 0.0001356657608482859 9.92026020570282e-05
17.38888888888846 0.0001530494752090873 7.315177790155431e-05
17.39166666666624 0.0001654315155996723 4.407218422854727e-05
17.39444444444401 0.0001722879337235122 1.292396741858176e-05
17.39722222222179 0.0001732790579973398 -1.924289759349653e-05
17.39999999999957 0.0001682647189943626 -5.13239658560093e-05
17.40277777777734 0.0001573126924511513 -8.219822337422531e-05
17.40555555555512 0.0001406999436902379 -0.000110767229995315
17.40833333333289 0.0001189065065748188 -0.0001359941374418071
17.41111111111067 9.260208949636861e-05 -0.0001569411972352723
17.41388888888845 6.262576125499803e-05 -0.0001728044039615559
17.41666666666622 2.995932170535228e-05 -0.0001829439989269718
17.419444444444 -4.304803467332078e-06 -0.000186909685681523
17.42222222222178 -3.900009619111498e-05 -0.0001844595783501239
17.42499999999955 -7.292568582648357e-05 -0.0001755721108208146
17.42777777777733 -0.0001048879401751301 -0.0001604503727558659
17.43055555555511 -0.0001337424654354901 -0.0001395185990708329
17.43333333333288 -0.0001584350358897004 -0.0001134108139795374
17.43611111111066 -0.0001780399893251968 -8.295190931083996e-05
17.43888888888844 -0.000191794691827204 -4.913170965606134e-05
17.44166666666621 -0.0001991287939924721 -1.307283414948599e-05
17.44444444444399 -0.0001996871663123348 2.400660310642426e-05
17.44722222222176 -0.0001933456092231033 6.083421346659795e-05
17.44999999999954 -0.0001802186762937497 9.612707730479402e-05
17.45277777777732 -0.0001606592190342607 0.0001286365033000162
17.45555555555509 -0.0001352495495926401 0.0001571922384135547
17.45833333333287 -0.0001047844131274736 0.0001807445607899691
17.46111111111065 -7.02462544512226e-05 0.0001984027407972819
17.46388888888842 -3.277354314111099e-05 0.0002094684630056401
17.4666666666662 6.376822452547958e-06 0.0002134629609760514
17.46944444444398 4.58717884519828e-05 0.0002101468222973
17.47222222222175 8.434766991794692e-05 0.0001995316666557163
17.47499999999953 0.0001204573665698253 0.0001818831766058686
17.47777777777731 0.0001529176295208214 0.0001577152596686324
17.48055555555508 0.0001805547157143282 0.0001277754310353327
17.48333333333286 0.0002023468024091377 9.302181758239152e-05
17.48611111111063 0.0002174616279259168 5.459248500466709e-05
17.48888888888841 0.0002252879742868287 1.376806982138569e-05
17.49166666666619 0.000225459807726155 -2.807105344899021e-05
17.49444444444396 0.0002178721377780686 -6.949163170787316e-05
17.49722222222174 0.0002026879365869327 -0.0001090568216153841
17.49999999999952 0.0001803357676502 -0.0001453762044617971
17.50277777777729 0.0001514980967665321 -0.0001771547795515683
17.50555555555507 0.0001170905861949415 -0.0002032392038246115
17.50833333333285 7.823299431758518e-05 -0.0002226596226798043
17.51111111111062 3.621260595153281e-05 -0.0002346655736342632
17.5138888888884 -7.558608100049133e-06 -0.0002387546363473181
17.51666666666618 -5.159166963527991e-05 -0.0002346927434210897
17.51944444444395 -9.437149129050912e-05 -0.0002225253482398036
17.52222222222173 -0.0001344092453102914 -0.0002025789593349918
17.5249999999995 -0.0001702943835604972 -0.0001754528845798934
17.52777777777728 -0.0002007444828746834 -0.0001420013712831812
17.53055555555506 -0.0002246511476183054 -0.000103306667902315
17.53333333333283 -0.0002411203221435022 -6.064385756575868e-05
17.53611111111061 -0.0002495055459301358 -1.543861121656563e-05
17.53888888888839 -0.0002494329178216367 3.078073181040976e-05
17.54166666666616 -0.0002408168151135547 7.64351351674547e-05
17.54444444444394 -0.0002238657288514039 0.0001199491105897294
17.54722222222172 -0.0001990779177007794 0.0001598053620697809
17.54999999999949 -0.0001672269373239853 0.0001945979232854082
17.55277777777727 -0.0001293374579046686 0.0002230819181269459
17.55555555555505 -8.665212673546087e-05 0.0002442181760246236
17.55833333333282 -4.059055335087154e-05 0.0002572110987664599
17.5611111111106 7.298219977561951e-06 0.0002615383983076283
17.56388888888837 5.53881598283757e-05 0.0002569715982999631
17.56666666666615 0.0001020318074462636 0.0002435865064662807
17.56944444444393 0.0001456170570294691 0.0002217632097196483
17.5722222222217 0.0001846231770758432 0.0001921755071476793
17.57499999999948 0.0002176741164965759 0.0001557700649599789
17.57777777777726 0.0002435872172123651 0.0001137359392588296
17.58055555555503 0.0002614156015158252 6.746545422765299e-05
17.58333333333281 0.0002704827109167503 1.850773283653188e-05
17.58611111111059 0.0002704077365476348 -3.148355667057835e-05
17.58888888888836 0.0002611209906048587 -8.080646211828964e-05
17.59166666666614 0.0002428686131187884 -0.0001277690879282103
17.59444444444392 0.0002162063766784845 -0.0001707480005796548
17.59722222222169 0.0001819827307583231 -0.0002082446691984744
17.59999999999947 0.0001413116037286883 -0.0002389379669688081
17.60277777777724 9.55358412239102e-05 -0.0002617308840687946
17.60555555555502 4.618249150196239e-05 -0.0002757897933646732
17.6083333333328 -5.088560053961415e-06 -0.0002805748598111732
17.61111111111057 -5.654086457153951e-05 -0.0002758604849694215
17.61388888888835 -0.0001064206678117476 -0.0002617450189558259
17.61666666666613 -0.0001530171145284036 -0.0002386493417279333
17.6194444444439 -0.0001947213168928766 -0.0002073043010513413
17.62222222222168 -0.0002300822334622248 -0.0001687273823221854
17.62499999999946 -0.0002578574057219618 -0.0001241893620447154
17.62777777777723 -0.0002770567685028702 -7.517204891058988e-05
17.63055555555501 -0.0002869779829099532 -2.331853164309877e-05
17.63333333333279 -0.0002872320279441384 2.962238016313681e-05
17.63611111111056 -0.0002777581198860465 8.185562661167959e-05
17.63888888888834 -0.0002588273952642613 0.0001316012397998311
17.64166666666612 -0.0002310351811281023 0.000177155444633256
17.64444444444389 -0.0001952820718817302 0.0002169494048372513
17.64722222222167 -0.0001527444212914155 0.0002496035743893267
17.64999999999944 -0.0001048352278041026 0.0002739757594869149
17.65277777777722 -5.315672802168036e-05 0.0002892012075514037
17.655555555555 5.536948163007893e-07 0.000294723310470422
17.65833333333277 5.448244351745932e-05 0.0002903138299976919
17.66111111111055 0.0001068014634614239 0.0002760819128956158
17.66388888888833 0.0001557307018400604 0.0002524715495540028
17.6666666666661 0.0001995991181760958 0.0002202475290250736
17.66944444444388 0.0002369021391040837 0.0001804703417721047
17.67222222222166 0.0002663535681434729 0.0001344608650311572
17.67499999999943 0.000286930148316218 8.37560211129374e-05
17.67777777777721 0.0002979072255506727 3.00569137820815e-05
17.68055555555499 0.000298884265263925 -2.482878901206067e-05
17.68333333333276 0.0002897993227908217 -7.904825555722307e-05
17.68611111111054 0.0002709319483571717 -0.0001307665692936686
17.68888888888831 0.0002428944058766191 -0.0001782293202044036
17.69166666666609 0.0002066114881243806 -0.0002198225563352781
17.69444444444387 0.0001632896047735326 -0.0002541280313864279
17.69722222222164 0.0001143761906512913 -0.0002799718442160601
17.69999999999942 6.15108164702074e-05 -0.0002964647920791429
17.7027777777772 6.469671544286202e-06 -0.0003030330436705226
17.70555555555497 -4.889468238360691e-05 -0.000299438070682763
17.70833333333275 -0.0001027162231006023 -0.0002857851460774376
17.71111111111053 -0.0001531788899096043 -0.0002625201107643388
17.7138888888883 -0.0001985783417803404 -0.0002304145142182534
17.71666666666608 -0.0002373799348341544 -0.000190539634715634
17.71944444444386 -0.0002682709325102169 -0.0001442302674513433
17.72222222222163 -0.0002902051605039015 -9.303952054578324e-05
17.72499999999941 -0.0003024385789546365 -3.868616768310417e-05
17.72777777777718 -0.0003045545572875732 1.700363881856454e-05
17.73055555555496 -0.0002964779916952664 7.215829810717008e-05
17.73333333333274 -0.000278477789139474 0.000124924214137058
17.73611111111051 -0.0002511576416252916 0.0001735286020266897
17.73888888888829 -0.0002154354164819676 0.0002163395018006036
17.74166666666607 -0.0001725118785567643 0.0002519209523761806
17.74444444444384 -0.0001238298251218189 0.000279081447503933
17.74722222222162 -7.102504131639406e-05 0.0002969140286192732
17.7499999999994 -1.587076190240563e-05 0.0003048266589797063
17.75277777777717 3.978245553194903e-05 0.0003025618589494512
17.75555555555495 9.406938743942354e-05 0.000290204952123332
17.75833333333273 0.000145173190564723 0.0002681806633106421
17.7611111111105 0.0001913866885037603 0.000237238208645888
17.76388888888828 0.0002311698149445479 0.0001984254114641095
17.76666666666605 0.0002632012668344816 0.0001530527515091319
17.76944444444383 0.000286422624013725 0.0001026485967080596
17.77222222222161 0.0003000734543758262 4.890716446145771e-05
17.77499999999938 0.0003037162360932024 -6.368996931088304e-06
17.77777777777716 0.0002972502799425969 -6.133003467978047e-05
17.78055555555494 0.0002809142130213622 -0.0001141412405670728
17.78333333333271 0.0002552769770366616 -0.0001630447962326084
17.78611111111049 0.0002212176863343 -0.0002064187200104486
17.78888888888827 0.0001798950694171429 -0.0002428310240471867
17.79166666666604 0.0001327075699406075 -0.0002710872615554259
17.79444444444382 8.124549704598153e-05 -0.0002902698767717164
17.7972222222216 2.723687983155961e-05 -0.0002997680561528115
17.79999999999937 -2.751111214406455e-05 -0.0002992971085251408
17.80277777777715 -8.117317795995096e-05 -0.0002889067627426144
17.80555555555492 -0.0001319672464198773 -0.0002689781513823526
17.8083333333327 -0.0001782141096072172 -0.0002402096349604531
17.81111111111048 -0.0002183933185158666 -0.0002035919998195147
17.81388888888825 -0.0002511934677661471 -0.0001603739212677728
17.81666666666603 -0.000275555196960981 -0.000112018909585863
17.81944444444381 -0.0002907054927275875 -6.015523914496554e-05
17.82222222222158 -0.0002961821787469232 -6.520590739332267e-06
17.82499999999936 -0.0002918478204845619 4.709669330964995e-05
17.82777777777714 -0.0002778926349941017 9.891773796883768e-05
17.83055555555491 -0.0002548263715178632 0.0001472326101256262
17.83333333333269 -0.0002234595027114991 0.0001904571357089855
17.83611111111047 -0.0001848744263978611 0.0002271851587522742
17.83888888888824 -0.0001403877116054457 0.0002562345085792484
17.84166666666602 -9.150471903364221e-05 0.0002766851658742598
17.84444444444379 -3.986817517947504e-05 0.0002879083927008137
17.84722222222157 1.279752702487953e-05 0.000289585905856041
17.84999999999935 6.474439622543135e-05 0.0002817185162379155
17.85277777777712 0.000114259308189592 0.0002646240172467767
17.8555555555549 0.0001597208988766931 0.0002389244702005799
17.85833333333268 0.0001996529830101421 0.0002055233918511539
17.86111111111045 0.0002327727280956938 0.0001655736862233731
17.86388888888823 0.0002580320047308764 0.0001204374688756906
17.86666666666601 0.0002746505769587751 7.163919609262254e-05
17.86944444444378 0.0002821400825283011 2.081372589054809e-05
17.87222222222156 0.0002803180721985221 -3.034890486703492e-05
17.87499999999934 0.0002693117184642448 -8.016010730625583e-05
17.87777777777711 0.0002495511555018819 -0.0001269888602161073
17.88055555555489 0.0002217527616979106 -0.0001693154452181776
17.88333333333266 0.0001868930319727142 -0.0002057810170339897
17.88611111111044 0.0001461739979615204 -0.0002352313847102231
17.88888888888822 0.000100981429669267 -0.0002567535893091287
17.89166666666599 5.283728345655189e-05 -0.0002697041190153484
17.89444444444377 3.348040748568962e-06 -0.0002737278947034641
17.89722222222155 -4.584929589905523e-05 -0.0002687674774912192
17.89999999999932 -9.314172130719527e-05 -0.0002550622835934828
17.9027777777771 -0.0001369934335607013 -0.0002331379294399963
17.90555555555488 -0.0001759959625306433 -0.0002037861600351245
17.90833333333265 -0.0002089135775784916 -0.000168036124830678
17.91111111111043 -0.0002347225063335776 -0.0001271180476374085
17.91388888888821 -0.0002526427193663226 -8.242058105427148e-05
17.91666666666598 -0.0002621612979598603 -3.544333376969532e-05
17.91944444444376 -0.0002630466947572218 1.225379532684104e-05
17.92222222222154 -0.0002553535095583329 5.910275327631839e-05
17.92499999999931 -0.0002394177241944273 0.000103579186425813
17.92777777777709 -0.0002158426602410016 0.0001442522872425568
17.93055555555486 -0.0001854762305755755 0.0001798309975436349
17.93333333333264 -0.0001493803402281271 0.0002092050718396006
17.93611111111042 -0.0001087935442937038 0.000231479693767238
17.93888888888819 -6.508828277740816e-05 0.0002460025694231421
17.94166666666597 -1.972417745942289e-05 0.0002523826855244298
17.94444444444375 2.580101073639115e-05 0.0002505002083772976
17.94722222222152 7.000110701478782e-05 0.0002405073016493542
17.9499999999993 0.0001114502716243311 0.0002228199465456034
17.95277777777708 0.0001488291668655505 0.0001981011468725707
17.95555555555485 0.000180967043146759 0.0001672361836674719
17.95833333333263 0.000206878400300766 0.0001313008403092826
17.96111111111041 0.0002257930785180734 9.15237410586382e-05
17.96388888888818 0.0002371788670339186 4.924412680369372e-05
17.96666666666596 0.0002407559797844184 5.86652592253528e-06
17.96944444444373 0.0002365030264805717 -3.718613825444105e-05
17.97222222222151 0.0002246543953029967 -7.851943094527783e-05
17.97499999999929 0.0002056892499358439 -0.0001168127299309421
17.97777777777706 0.0001803126193435696 -0.0001508615130225075
17.98055555555484 0.0001494293144630105 -0.0001796152535465659
17.98333333333262 0.0001141116335799902 -0.0002022097334349655
17.98611111111039 7.556201036087932e-05 -0.0002179927858110268
17.98888888888817 3.507190943709621e-05 -0.0002265427111726675
17.99166666666595 -6.021620338309975e-06 -0.0002276788651926013
17.99444444444372 -4.63802681508433e-05 -0.0002214641829520362
17.9972222222215 -8.470818515352552e-05 -0.0002081996749761212
17.99999999999928 -0.0001197936783056924 -0.0001884111956586139
18.00277777777705 -0.0001505475314041479 -0.0001628290357650994
18.00555555555483 -0.0001760367428318591 -0.0001323611195411684
18.0083333333326 -0.0001955126399221915 -9.806078623950919e-05
18.01111111111038 -0.000208432532013813 -6.109029944767934e-05
18.01388888888816 -0.0002144742909906704 -2.268135059285189e-05
18.01666666666593 -0.0002135434914168721 1.590609802866503e-05
18.01944444444371 -0.0002057729938870751 5.342525227920305e-05
18.02222222222149 -0.0001915151064153784 8.868284201642294e-05
18.02499999999926 -0.0001713267012214582 0.0001205770866685512
18.02777777777704 -0.0001459478902182323 0.0001481320639691733
18.03055555555482 -0.0001162750646352113 0.0001705274139876554
18.03333333333259 -8.332927621853562e-05 0.000187122482266473
18.03611111111037 -4.822107415098497e-05 0.0001974742042169053
18.03888888888815 -1.211300930891004e-05 0.0002013482508778733
18.04166666666592 2.381892680339528e-05 0.0001987231861114527
18.0444444444437 5.842364823938005e-05 0.0001897876194536868
18.04722222222147 9.061185534884276e-05 0.0001749305693093675
18.04999999999925 0.0001193902698809108 0.0001547254704024738
18.05277777777703 0.0001438921522912035 0.0001299084603126713
18.0555555555548 0.0001634031705036246 0.0001013517562212545
18.05833333333258 0.000177381858843313 7.003307928672309e-05
18.06111111111036 0.0001854740972508232 3.700219609241894e-05
18.06388888888813 0.0001875212474520575 3.345721302586896e-06
18.06666666666591 0.0001835617973690763 -2.984863872576542e-05
18.06944444444369 0.0001738265804627653 -6.152722550867828e-05
18.07222222222146 0.0001587278457684168 -9.070381780813191e-05
18.07499999999924 0.0001388426503307401 -0.0001164902163667908
18.07777777777702 0.0001148912223650357 -0.0001381230815940888
18.08055555555479 8.771109531145744e-05 -0.0001549862225898911
18.08333333333257 5.822793551027945e-05 -0.0001666277002042324
18.08611111111034 2.742407604981108e-05 -0.000172771288786223
18.08888888888812 -3.69417586376536e-06 -0.0001733220345013003
18.0916666666659 -3.412937197593698e-05 -0.0001683658459989297
18.09444444444367 -6.292482774798453e-05 -0.0001581632491801904
18.09722222222145 -8.919458202257311e-05 -0.0001431376254319258
18.09999999999923 -0.0001121504789722198 -0.0001238584259641065
18.102777777777 -0.0001311255526529634 -0.0001010200084193374
18.10555555555478 -0.0001455930318861716 -7.54168710771466e-05
18.10833333333256 -0.0001551804399789323 -4.79161610508652e-05
18.11111111111033 -0.0001596784344357923 -1.942840313238772e-05
18.11388888888811 -0.0001590442103770374 9.122566230936245e-06
18.11666666666589 -0.0001533994718484249 3.682947049789309e-05
18.11944444444366 -0.0001430231516096782 6.283030835335535e-05
18.12222222222144 -0.0001283392266352328 8.633500934883154e-05
18.12499999999921 -0.000109900128208439 0.0001066492129353736
18.12777777777699 -8.83663775009231e-05 0.0001231944652036644
18.13055555555477 -6.44831860353069e-05 0.0001355242593818425
18.13333333333254 -3.905484240462481e-05 0.0001433354936239668
18.13611111111032 -1.291775999981331e-05 0.0001464750776439091
18.1388888888881 1.308691581328918e-05 0.0001449415829091144
18.14166666666587 3.81402487026344e-05 0.0001388819939495843
18.14444444444365 6.147114315563354e-05 0.0001285837755494231
18.14722222222143 8.237987164309694e-05 0.0001144626171659477
18.1499999999992 0.0001002587881600241 9.704634733493863e-05
18.15277777777698 0.0001146096265348344 7.695562313900292e-05
18.15555555555476 0.0001250569062680821 5.488208984063186e-05
18.15833333333253 0.0001313571055596303 3.156477110499104e-05
18.16111111111031 0.0001334034058292123 7.765489341950156e-06
18.16388888888808 0.0001312259595405302 -1.575587206101719e-05
18.16666666666586 0.0001249877786245072 -3.826546719494408e-05
18.16944444444364 0.0001149764795814451 -5.907818918224544e-05
18.17222222222141 0.0001015922490756294 -7.757828060251022e-05
18.17499999999919 8.533250664343124e-05 -9.32372428336762e-05
18.17777777777697 6.677383572785501e-05 -0.0001056285362459247
18.18055555555474 4.655182801185364e-05 -0.000114438678960174
18.18333333333252 2.533953709601146e-05 -0.0001194744774137088
18.1861111111103 3.825264859473913e-06 -0.0001206662529542466
18.18888888888807 -1.730959289557741e-05 -0.000118067060705427
18.19166666666585 -3.741193519273821e-05 -0.0001118480257170835
18.19444444444363 -5.587691522257383e-05 -0.0001022900428353776
18.1972222222214 -7.21658693053789e-05 -8.977219706418316e-05
18.19999999999918 -8.582169505176043e-05 -7.475735715971898e-05
18.20277777777696 -9.648125350581364e-05 -5.77754740760418e-05
18.20555555555473 -0.0001038844764376842 -3.940517556889692e-05
18.20833333333251 -0.0001078799737820534 -2.025428734731586e-05
18.21111111111028 -0.0001084270536085622 -9.399289343570468e-07
18.21388888888806 -0.0001055941840767381 1.79311711435192e-05
18.21666666666584 -9.955403979627437e-05 3.578152037386769e-05
18.21944444444361 -9.057538035211744e-05 5.208029044735215e-05
18.22222222222139 -7.90121032749968e-05 6.635881235017865e-05
18.22499999999917 -6.52898946895305e-05 7.822369776729297e-05
18.22777777777694 -4.989096602924986e-05 8.7367233918229e-05
18.23055555555472 -3.333741290431257e-05 9.357479555825405e-05
18.2333333333325 -1.617376140765388e-05 9.672912000631065e-05
18.23611111111027 1.050722576219322e-06 9.681139527760499e-05
18.23888888888805 1.779939392681269e-05 9.389921428403018e-05
18.24166666666583 3.356471791282217e-05 8.816154635282209e-05
18.2444444444436 4.788339097618391e-05 7.985096797532417e-05
18.24722222222138 6.034965234058199e-05 6.929347504066063e-05
18.24999999999915 7.062641610087931e-05 5.687626655468403e-05
18.25277777777693 7.845393325375421e-05 4.303394318237283e-05
18.25555555555471 8.365577989119195e-05 2.823360159708605e-05
18.25833333333248 8.614205851826538e-05 1.295932682410537e-05
18.26111111111026 8.590979114512995e-05 -2.303410663862344e-06
18.26388888888804 8.30405724759168e-05 -1.708295805424475e-05
18.26666666666581 7.769563636485378e-05 -3.093581560014312e-05
18.26944444444359 7.010856616027283e-05 -4.345967764798566e-05
18.27222222222137 6.057594735757141e-05 -5.430480619109931e-05
18.27499999999914 4.944631725566675e-05 -6.318342769439561e-05
18.27777777777692 3.710780961427912e-05 -6.987691568280292e-05
18.2805555555547 2.397492164980274e-05 -7.424059871325449e-05
18.28333333333247 1.047484558490854e-05 -7.620611322028035e-05
18.28611111111025 -2.96619265155846e-06 -7.57813007129184e-05
18.28888888888802 -1.593615865417823e-05 -7.304772634674353e-05
18.2916666666658 -2.804959663406069e-05 -6.815596860425775e-05
18.29444444444358 -3.895881508219938e-05 -6.131889552569666e-05
18.29722222222135 -4.83635567819892e-05 -5.280319976671106e-05
18.29999999999913 -5.601889643971255e-05 -4.291951119169061e-05
18.30277777777691 -6.174117300903542e-05 -3.201144059587002e-05
18.30555555555468 -6.541183168344863e-05 -2.044393074151146e-05
18.30833333333246 -6.697912022372096e-05 -8.591300875862444e-06
18.31111111111024 -6.645765351089041e-05 3.174631647938419e-06
18.31388888888801 -6.392592677998057e-05 1.44959836058769e-05
18.31666666666579 -5.952191987347804e-05 2.503944872188296e-05
18.31944444444357 -5.343699024395091e-05 3.450584356397731e-05
18.32222222222134 -4.590829978948743e-05 4.2638293320651e-05
18.32499999999912 -3.721005868854294e-05 4.92288454195871e-05
18.32777777777689 -2.764389731064345e-05 5.41233551197768e-05
18.33055555555467 -1.752869447473651e-05 5.722454643514237e-05
18.33333333333245 -7.190196614925215e-06 5.849321206346852e-05
18.33611111111022 3.04924203046895e-06 5.79475754473889e-05
18.338888888888 1.288048277419168e-05 5.566089484032514e-05
18.34166666666578 2.201669805099903e-05 5.175744158315092e-05
18.34444444444355 3.020148032506166e-05 4.640703121721295e-05
18.34722222222133 3.721574493722801e-05 3.981832530064649e-05
18.34999999999911 4.288325252480727e-05 3.22311528667962e-05
18.35277777777688 4.707462561308545e-05 2.390812266644943e-05
18.35555555555466 4.970978520085729e-05 1.512581027597593e-05
18.35833333333244 5.075878494949688e-05 6.165807746735684e-06
18.36111111111021 5.024107128784923e-05 -2.694082073452472e-06
18.36388888888799 4.822324580329221e-05 -1.118823859959765e-05
18.36666666666576 4.481545028608145e-05 -1.907095807980972e-05
18.36944444444354 4.016653348780572e-05 -2.612331280233593e-05
18.37222222222132 3.44581910187433e-05 -3.215895282278353e-05
18.37499999999909 2.789829505015787e-05 -3.702870732047357e-05
18.37777777777687 2.071364807038839e-05 -4.062388499063268e-05
18.38055555555465 1.31424045881274e-05 -4.28782168169015e-05
18.38333333333242 5.426406368864996e-06 -4.376842870482169e-05
18.3861111111102 -2.196329236710851e-06 -4.331347440398862e-05
18.38888888888798 -9.49874159014344e-06 -4.157249960031401e-05
18.39166666666575 -1.627127325239942e-05 -3.864164484506069e-05
18.39444444444353 -2.232764977931488e-05 -3.464982708676972e-05
18.39722222222131 -2.750974219679656e-05 -2.975366615399142e-05
18.39999999999908 -3.169139536046198e-05 -2.413174297307522e-05
18.40277777777686 -3.478114162702108e-05 -1.797839018498559e-05
18.40555555555463 -3.672375665628753e-05 -1.149722295957301e-05
18.40833333333241 -3.750065151395411e-05 -4.894618221499536e-06
18.41111111111019 -3.712913138956863e-05 1.626655558933682e-06
18.41388888888796 -3.56605851020148e-05 7.873467964400727e-06
18.41666666666574 -3.317770016589655e-05 1.366784312004121e-05
18.41944444444352 -2.979082470671666e-05 1.885181280997222e-05
18.42222222222129 -2.563361927130515e-05 2.32914820062881e-05
18.42499999999907 -2.085815808544287e-05 2.688021150778035e-05
18.42777777777685 -1.562965025326211e-05 2.954085314497354e-05
18.43055555555462 -1.012095664445127e-05 3.122700459300292e-05
18.4333333333324 -4.507077833596678e-06 3.192328222728007e-05
18.43611111111018 1.040217328735896e-06 3.16446406926358e-05
18.43888888888795 6.357463731599405e-06 3.04347960411043e-05
18.44166666666573 1.129412910538889e-05 2.83638346320548e-05
18.4444444444435 1.571667582168769e-05 2.552511180692508e-05
18.44722222222128 1.9511953206427e-05 2.203156211169175e-05
18.44999999999906 2.2589842663292e-05 1.801155615368157e-05
18.45277777777683 2.488510381816001e-05 1.360444780882484e-05
18.45555555555461 2.635839638033324e-05 8.955959361636509e-06
18.45833333333239 2.699647863255397e-05 4.213551332130954e-06
18.46111111111016 2.681160860781229e-05 -4.780815632930918e-07
18.46388888888794 2.584019735389725e-05 -4.981256312760774e-06
18.46666666666572 2.414078457810755e-05 -9.169170487050872e-06
18.46944444444349 2.179142485891727e-05 -1.292929145316608e-05
18.47222222222127 1.888658707893519e-05 -1.616618201846822e-05
18.47499999999905 1.553368046725646e-05 -1.88036991539442e-05
18.47777777777682 1.184932746250642e-05 -2.078652410464588e-05
18.4805555555546 7.955506469857436e-06 -2.208100425105118e-05
18.48333333333238 3.975686562404345e-06 -2.267530883956709e-05
18.48611111111015 3.1071461052402e-08 -2.257892149799102e-05
18.48888888888793 -3.762937983539327e-06 -2.182151169208964e-05
18.4916666666657 -7.299964698131323e-06 -2.045124443630707e-05
18.49444444444348 -1.048547522547804e-05 -1.853260220499556e-05
18.49722222222126 -1.323912969921799e-05 -1.614380475714524e-05
18.49999999999903 -1.549661026828956e-05 -1.337392124691291e-05
18.50277777777681 -1.721089425230531e-05 -1.031977441021021e-05
