16.5 4.124031736562332e-09 -2.165311554662918e-07
16.50277777777778 -3.780670459182808e-08 -2.204669064406957e-07
16.50555555555555 -8.10832248886307e-08 -2.163198810293378e-07
16.50833333333333 -1.241535820979593e-07 -2.037213906895262e-07
16.51111111111111 -1.653744956770983e-07 -1.82599728892496e-07
16.51388888888888 -2.03068021345157e-07 -1.53201524079396e-07
16.51666666666666 -2.355830283852624e-07 -1.161023041852616e-07
16.51944444444444 -2.613594344722931e-07 -7.220521857987649e-08
16.52222222222221 -2.789929213242164e-07 -2.272725228529723e-08
16.52499999999999 -2.872977015565293e-07 3.082729564672961e-08
16.52777777777776 -2.85364837997927e-07 8.670582664402721e-08
16.53055555555554 -2.726136388140039e-07 1.429582180114232e-07
16.53333333333332 -2.488337694051045e-07 1.974981378262662e-07
16.53611111111109 -2.142159361153136e-07 2.481732068543944e-07
16.53888888888887 -1.693693045953746e-07 2.928418811801071e-07
16.54166666666665 -1.15324210759794e-07 3.294545512857418e-07
16.54444444444442 -5.351919455127301e-08 3.561360487030994e-07
16.5472222222222 1.422807744361102e-08 3.712665357652827e-07
16.54999999999998 8.576585187244886e-08 3.735576405383361e-07
16.55277777777775 1.586685323983259e-07 3.621206976765067e-07
16.55555555555553 2.303107531179089e-07 3.365240729894865e-07
16.55833333333331 2.979533088566299e-07 2.968367870397271e-07
16.56111111111108 3.588384118422461e-07 2.436560087719612e-07
16.56388888888886 4.102912505085077e-07 1.781164570905935e-07
16.56666666666663 4.498244185575861e-07 1.018803149331112e-07
16.56944444444441 4.752414809176378e-07 1.710691087091634e-08
16.57222222222219 4.847357650028886e-07 -7.359786230148204e-08
16.57499999999996 4.769804240760102e-07 -1.672516674918193e-07
16.57777777777774 4.512059234868126e-07 -2.605838877537459e-07
16.58055555555552 4.07261354060597e-07 -3.501395853158905e-07
16.58333333333329 3.456563784895943e-07 -4.323962919348346e-07
16.58611111111107 2.675811591590632e-07 -5.038900255178554e-07
16.58888888888885 1.749022866860177e-07 -5.613463855080106e-07
16.59166666666662 7.01335093755604e-08 -6.018121619223423e-07
16.5944444444444 -4.3619068460152e-08 -6.227826223866008e-07
16.59722222222218 -1.627367245033222e-07 -6.223195358522575e-07
16.59999999999995 -2.83191243300397e-07 -5.991550635602322e-07
16.60277777777773 -4.006689301139662e-07 -5.527769038849742e-07
16.6055555555555 -5.107121091759883e-07 -4.8349051811798e-07
16.60833333333328 -6.088738725551771e-07 -3.924548823489577e-07
16.61111111111106 -6.908811289069445e-07 -2.816889927448563e-07
16.61388888888883 -7.528004289823784e-07 -1.540472773294517e-07
16.61666666666661 -7.912006456081564e-07 -1.316311005401137e-08
16.61944444444439 -8.033063835412605e-07 1.366392498891987e-07
16.62222222222216 -7.871360067634061e-07 2.90462796141225e-07
16.62499999999994 -7.416184079440086e-07 4.429833123755889e-07
16.62777777777772 -6.666831097635426e-07 5.886184861113809e-07
16.63055555555549 -5.633189750756849e-07 7.217157128926682e-07
16.63333333333327 -4.335976985777272e-07 8.367527645025581e-07
16.63611111111105 -2.806593344853794e-07 9.285447191481272e-07
16.63888888888882 -1.08658352453473e-07 9.924499768730977e-07
16.6416666666666 7.732992974985202e-08 1.024567840949944e-06
16.64444444444437 2.714412571386404e-07 1.021920059836611e-06
16.64722222222215 4.671899546707749e-07 9.826089103995453e-07
16.64999999999993 6.576678811165979e-07 9.059448682967624e-07
16.6527777777777 8.357692965595793e-07 7.925376526030538e-07
16.65555555555548 9.944348988299776e-07 6.443454356503832e-07
16.65833333333326 1.126907245268777e-06 4.646782521573987e-07
16.66111111111103 1.226988966759911e-06 2.581530906801541e-07
16.66388888888881 1.289294641494463e-06 3.059976282827719e-08
16.66666666666659 1.309486959177667e-06 -2.110816288412579e-07
16.66944444444436 1.284487895646648e-06 -4.591090216962003e-07
16.67222222222214 1.212656045725591e-06 -7.050481438950095e-07
16.67499999999992 1.093922029547969e-06 -9.40077600073563e-07
16.67777777777769 9.298749832285116e-07 -1.155281634872739e-06
16.68055555555547 7.23794544995861e-07 -1.34196154324132e-06
16.68333333333324 4.806244169469784e-07 -1.491955578869103e-06
16.68611111111102 2.068854733236669e-07 -1.597956403460581e-06
16.6888888888888 -8.947155862196088e-08 -1.653814663505574e-06
16.69166666666657 -3.992716653910639e-07 -1.654817210807287e-06
16.69444444444435 -7.123750019667512e-07 -1.597928818998002e-06
16.69722222222213 -1.017983745551932e-06 -1.481986997732363e-06
16.6999999999999 -1.30498785898489e-06 -1.307840661812705e-06
16.70277777777768 -1.562339480505399e-06 -1.078424951928974e-06
16.70555555555546 -1.779444142342921e-06 -7.987663900264954e-07
16.70833333333323 -1.946555853157717e-06 -4.759147344979756e-07
16.71111111111101 -2.055162316126544e-06 -1.188003145812262e-07
16.71388888888879 -2.09834624121682e-06 2.619818055535898e-07
16.71666666666656 -2.071108878631592e-06 6.544568383974963e-07
16.71944444444434 -1.97064256667078e-06 1.04561783900894e-06
16.72222222222211 -1.796540250400978e-06 1.421826688110378e-06
16.72499999999989 -1.550931569050871e-06 1.769257044582674e-06
16.72777777777767 -1.238537193654611e-06 2.074365804672518e-06
16.73055555555544 -8.66635568595698e-07 2.324377970634952e-06
16.73333333333322 -4.449390018050844e-07 2.50776865175425e-06
16.736111111111 1.462092553965963e-08 2.614725257705394e-06
16.73888888888877 4.981954936153511e-07 2.637572844264925e-06
16.74166666666655 9.904021870793546e-07 2.571146063083767e-06
16.74444444444433 1.474779787623266e-06 2.413092259472031e-06
16.7472222222221 1.934302822691622e-06 2.164091943220984e-06
16.74999999999988 2.351940342815659e-06 1.827985094466147e-06
16.75277777777766 2.711241770969256e-06 1.411794505667405e-06
16.75555555555543 2.996930838779899e-06 9.256405283377181e-07
16.75833333333321 3.195487478542106e-06 3.825450973224741e-07
16.76111111111098 3.295697041667022e-06 -2.018733610305188e-07
16.76388888888876 3.289146408926469e-06 -8.098086876534667e-07
16.76666666666654 3.170647468473147e-06 -1.421770143818878e-06
16.76944444444431 2.938570063301392e-06 -2.017167015181534e-06
16.77222222222209 2.595068824671004e-06 -2.57495833936356e-06
16.77499999999987 2.146191261253546e-06 -3.074348461296863e-06
16.77777777777764 1.601857990311871e-06 -3.495506688192718e-06
16.78055555555542 9.757099794155153e-07 -3.820287526208869e-06
16.7833333333332 2.84821997330784e-07 -4.032926922303557e-06
16.78611111111097 -4.507139838766935e-07 -4.120689674536303e-06
16.78888888888875 -1.208327084110684e-06 -4.074443754296336e-06
16.79166666666653 -1.963614636842505e-06 -3.889138719662866e-06
16.7944444444443 -2.691080994916525e-06 -3.564167676355735e-06
16.79722222222208 -3.364947012473305e-06 -3.103595318152412e-06
16.79999999999986 -3.960005883163384e-06 -2.516238379644533e-06
16.80277777777763 -4.452498393026694e-06 -1.815589260493673e-06
16.80555555555541 -4.820978832364562e-06 -1.019578506107647e-06
16.80833333333318 -5.047141899067644e-06 -1.501771072213438e-07
16.81111111111096 -5.11658098385839e-06 7.671549555734198e-07
16.81388888888874 -5.019449292590765e-06 1.704162024964987e-06
16.81666666666651 -4.750997336411276e-06 2.630610747194866e-06
16.81944444444429 -4.311963376932275e-06 3.515210600459182e-06
16.82222222222207 -3.708797385988633e-06 4.326610470565433e-06
16.82499999999984 -2.953703869704523e-06 5.034441107462376e-06
16.82777777777762 -2.064494384620967e-06 5.610370499546404e-06
16.8305555555554 -1.064246581503577e-06 6.029137403126202e-06
16.83333333333317 1.92270320336904e-08 6.269527561946238e-06
16.83611111111095 1.154090916279041e-06 6.3152576124108e-06
16.83888888888873 2.305362781408744e-06 6.155733323835511e-06
16.8416666666665 3.435932045193336e-06 5.786651659935067e-06
16.84444444444428 4.507692536490028e-06 5.210420118137122e-06
16.84722222222205 5.482756577286244e-06 4.436371817292237e-06
16.84999999999983 6.324713542950664e-06 3.480760733696041e-06
16.85277777777761 6.99989304014055e-06 2.366528166429566e-06
16.85555555555538 7.478591094412018e-06 1.122838750801037e-06
16.85833333333316 7.736217308534442e-06 -2.156080872912227e-07
16.86111111111094 7.754321901810511e-06 -1.609477673237775e-06
16.86388888888871 7.521463889882922e-06 -3.015889544420438e-06
16.86666666666649 7.033885387621317e-06 -4.389668649279929e-06
16.86944444444427 6.295962041690676e-06 -5.684723663571361e-06
16.87222222222204 5.320405805506955e-06 -6.85551226264601e-06
16.87499999999982 4.128203495156216e-06 -7.858548765549129e-06
16.8777777777776 2.748282608459931e-06 -8.653906448050566e-06
16.88055555555537 1.216904514612242e-06 -9.206665157601285e-06
16.88333333333315 -4.232059352187204e-07 -9.488254761342898e-06
16.88611111111092 -2.123976348437856e-06 -9.477646478054367e-06
16.8888888888887 -3.833321537601465e-06 -9.162347294516411e-06
16.89166666666648 -5.496662166498085e-06 -8.539157400524938e-06
16.89444444444425 -7.058585071959989e-06 -7.614656795530355e-06
16.89722222222203 -8.464596833974836e-06 -6.405394771956736e-06
16.89999999999981 -9.662917319478073e-06 -4.93776466504413e-06
16.90277777777758 -1.060625664027397e-05 -3.247555832024652e-06
16.90555555555536 -1.12535174049172e-05 -1.379185002435944e-06
16.90833333333314 -1.157136441860396e-05 6.153803846998124e-07
16.91111111111091 -1.153560614878349e-05 2.677983803882748e-06
16.91388888888869 -1.113233632151685e-05 4.745893113852373e-06
16.91666666666647 -1.035878987747607e-05 6.753623421809721e-06
16.91944444444424 -9.223875068130697e-06 8.634918591161743e-06
16.92222222222202 -7.748352524272856e-06 1.032483369719945e-05
16.92499999999979 -5.964642437718267e-06 1.176185541064668e-05
16.92777777777757 -3.916252271476068e-06 1.288999381198883e-05
16.93055555555535 -1.656829321430697e-06 1.366077768434187e-05
16.93333333333312 7.511453694629176e-07 1.403508601311908e-05
16.9361111111109 3.237993179382844e-06 1.398475128582667e-05
16.93888888888868 5.728764034830131e-06 1.349387521434438e-05
16.94166666666645 8.145401709496534e-06 1.255980460420133e-05
16.94444444444423 1.040908810934673e-05 1.119372410996952e-05
16.94722222222201 1.244269856890656e-05 9.420833315687429e-06
16.94999999999978 1.417329430389968e-05 7.28008767579219e-06
16.95277777777756 1.553457444504926e-05 4.823496002867912e-06
16.95555555555534 1.646920870436268e-05 2.114981007314519e-06
16.95833333333311 1.693097281753493e-05 -7.711765396870557e-07
16.96111111111089 1.688661250658204e-05 -3.752275574531087e-06
16.96388888888866 1.63173677803431e-05 -6.739466762616648e-06
16.96666666666644 1.522009782067081e-05 -9.640298942501281e-06
16.96944444444422 1.360795729490961e-05 -1.236146951184084e-05
16.97222222222199 1.151058742140225e-05 -1.481169950825278e-05
16.97499999999977 8.973799156943747e-06 -1.690464759369775e-05
16.97777777777755 6.058741076979475e-06 -1.856177310188186e-05
16.98055555555532 2.840560435421739e-06 -1.971505695942979e-05
16.9833333333331 -5.934179587234215e-07 -2.030949076662095e-05
16.98611111111088 -4.145954528987921e-06 -2.030524866171066e-05
16.98888888888865 -7.712543758010139e-06 -1.967946374279785e-05
16.99166666666643 -1.118437959618498e-05 -1.842754064251208e-05
16.99444444444421 -1.445155590901535e-05 -1.656394811385467e-05
16.99722222222198 -1.740641051082456e-05 -1.412244987801744e-05
16.99999999999976 -1.99469139730323e-05 -1.115574811873803e-05
17.00277777777753 -2.197999989171719e-05 -7.734531428553855e-06
17.00555555555531 -2.342473187350681e-05 -3.945937214030333e-06
17.00833333333309 -2.421520428550984e-05 1.085429965226044e-07
17.01111111111086 -2.43030788493235e-05 4.315668794701832e-06
17.01388888888864 -2.36596673779409e-05 8.553502935890641e-06
17.01666666666642 -2.227748219197915e-05 1.269483070408556e-05
17.01944444444419 -2.017118974459333e-05 1.661085337734841e-05
17.02222222222197 -1.737791937632835e-05 2.017505131059246e-05
17.02499999999975 -1.395689747115967e-05 2.326710378416809e-05
17.02777777777752 -9.98839708059855e-06 2.577674763054501e-05
17.0305555555553 -5.572013751882852e-06 2.760745499665759e-05
17.03333333333308 -8.242992265958681e-07 2.867981257065035e-05
17.03611111111085 4.124194770871126e-06 2.893449023839445e-05
17.03888888888863 9.132390901282973e-06 2.833469636191946e-05
17.0416666666664 1.405258909310194e-05 2.686802950255887e-05
17.04444444444418 1.873469264895211e-05 2.454765214949748e-05
17.04722222222196 2.303063941373596e-05 2.141273046014465e-05
17.04999999999973 2.679891021615878e-05 1.752810467923074e-05
17.05277777777751 2.990898079249476e-05 1.298317720623831e-05
17.05555555555529 3.22455813012967e-05 7.890028587192528e-06
17.05833333333306 3.371262950340962e-05 2.380795334031712e-06
17.06111111111084 3.423670975991226e-05 -3.395633289556616e-06
17.06388888888862 3.3769980110389e-05 -9.277520247104271e-06
17.06666666666639 3.229240363211458e-05 -1.509468788228107e-05
17.06944444444417 2.981321772074873e-05 -2.067330979972948e-05
17.07222222222195 2.637157543546965e-05 -2.584095524463287e-05
17.07499999999972 2.203631607254186e-05 -3.043174256153591e-05
17.0777777777775 1.69048470382893e-05 -3.429145114487095e-05
17.08055555555528 1.110114518150759e-05 -3.728243846066038e-05
17.08333333333305 4.772912258632979e-06 -3.928821041445447e-05
17.08611111111083 -1.912054642828593e-06 -4.02174996217225e-05
17.0888888888886 -8.770191901917885e-06 -4.00077169274069e-05
17.09166666666638 -1.560708849967022e-05 -3.862765660443935e-05
17.09444444444416 -2.22228662174502e-05 -3.60793546877992e-05
17.09722222222193 -2.841787457430005e-05 -3.239902239512974e-05
17.09999999999971 -3.399854106195789e-05 -2.765700195644779e-05
17.10277777777749 -3.87832085325069e-05 -2.195671973457317e-05
17.10555555555526 -4.260778766568253e-05 -1.543264049385538e-05
17.10833333333304 -4.533105351712972e-05 -8.247256238575421e-06
17.11111111111082 -4.683942130789974e-05 -5.871723284324766e-07
17.11388888888859 -4.705104779142806e-05 7.34161828743421e-06
17.11666666666637 -4.591912050951733e-05 1.531915575559752e-05
17.11944444444415 -4.343421765725473e-05 2.311748866854313e-05
17.12222222222192 -3.962564561427933e-05 3.050704411652024e-05
17.1249999999997 -3.456168883423349e-05 3.726321700923377e-05
17.12777777777747 -2.83487369733592e-05 4.317299255840077e-05
17.13055555555525 -2.112928605010905e-05 4.804141034342894e-05
17.13333333333303 -1.307884315894463e-05 5.169767839582245e-05
17.1361111111108 -4.401796870941718e-06 5.400075134938381e-05
17.13888888888858 4.673653018706412e-06 5.484419786835579e-05
17.14166666666636 1.390138323402389e-05 5.416019907294361e-05
17.14444444444413 2.302390252114589e-05 5.192254116180576e-05
17.14722222222191 3.177940237698027e-05 4.814849135880691e-05
17.14999999999969 3.990911217857315e-05 4.289947602301512e-05
17.15277777777746 4.7164754731636e-05 3.628051246839157e-05
17.15555555555524 5.331589072123289e-05 2.843838085275535e-05
17.15833333333302 5.815693896631863e-05 1.955855844541108e-05
17.16111111111079 6.151366391512229e-05 9.860974650480112e-06
17.16388888888857 6.324893246202335e-05 -4.05319694922759e-07
17.16666666666634 6.326755872884665e-05 -1.09684420449287e-05
17.16944444444412 6.152007757224047e-05 -2.154076996156967e-05
17.1722222222219 5.80053147227335e-05 -3.182665174980843e-05
17.17499999999967 5.277165294486516e-05 -4.1530531011551e-05
17.17777777777745 4.591692860821613e-05 -5.036526402067462e-05
17.18055555555523 3.758693063686704e-05 -5.806039862029104e-05
17.183333333333 2.797251293070923e-05 -6.437017954118812e-05
17.18611111111078 1.730537093311799e-05 -6.908104786675499e-05
17.18888888888856 5.852571933550149e-06 -7.201841186278003e-05
17.19166666666633 -6.090034185276029e-06 -7.305248240261317e-05
17.19444444444411 -1.820536280534236e-05 -7.210298840725538e-05
17.19722222222189 -3.016340975744277e-05 -6.914261556684351e-05
17.19999999999966 -4.163011706191107e-05 -6.41990444202018e-05
17.20277777777744 -5.227655261821022e-05 -5.73555007991966e-05
17.20555555555521 -6.178815370561055e-05 -4.874977171804228e-05
17.20833333333299 -6.987377743186987e-05 -3.857168192254246e-05
17.21111111111077 -7.627430164686495e-05 -2.705906935577097e-05
17.21388888888854 -8.07705274385117e-05 -1.44923405414206e-05
17.21666666666632 -8.319014904955016e-05 -1.18772812702279e-06
17.2194444444441 -8.34135786039503e-05 1.251058862475473e-05
17.22222222222187 -8.137844091216121e-05 2.623930487997774e-05
17.22499999999965 -7.708258715845482e-05 3.962552742933592e-05
17.22777777777743 -7.058551460826265e-05 5.229677855675766e-05
17.2305555555552 -6.200812161307819e-05 6.389119954923642e-05
17.23333333333298 -5.153077201582125e-05 7.406767639637108e-05
17.23611111111076 -3.938968935930119e-05 8.251560734733482e-05
17.23888888888853 -2.587174780802085e-05 8.896403684305867e-05
17.24166666666631 -1.130777211327931e-05 9.318989291044604e-05
17.24444444444408 3.935497991762421e-06 9.502508515473494e-05
17.24722222222186 1.946458412360421e-05 9.436224757581306e-05
17.24999999999964 3.486935674792132e-05 9.115894391239186e-05
17.25277777777741 4.973377535105165e-05 8.544019225355532e-05
17.25555555555519 6.36470005073331e-05 7.729920924943337e-05
17.25833333333297 7.62145821572899e-05 6.689632126280414e-05
17.26111111111074 8.706942138641962e-05 5.445603898360731e-05
17.26388888888852 9.588220415892758e-05 4.026234205320185e-05
17.2666666666663 0.0001023710148934613 2.465226975237805e-05
17.26944444444407 0.0001063098553256114 8.007961427050455e-06
17.27222222222185 0.000107535819408834 -9.252665269248838e-06
17.27499999999963 0.0001059547074757762 -2.668637031010118e-05
17.2777777777774 0.0001015449017182096 -4.383591910052721e-05
17.28055555555518 9.435936927085679e-05 -6.024199217815439e-05
17.28333333333295 8.452570766373352e-05 -7.545536665118092e-05
17.28611111111073 7.224419887407817e-05 -8.904904714421221e-05
17.28888888888851 5.77838912992252e-05 -0.0001006300205068584
17.29166666666628 4.147678226583583e-05 -0.0001098503137735526
17.29444444444406 2.371022574446548e-05 -0.0001164170488143485
17.29722222222184 4.917739328969608e-06 -0.000120101209510317
17.29999999999961 -1.443157010105786e-05 -0.0001207448676197449
17.30277777777739 -3.384470255982239e-05 -0.0001182666510459643
17.30555555555517 -5.281728988979584e-05 -0.0001126652820454516
17.30833333333294 -7.084663017297215e-05 -0.000104021061917988
17.31111111111072 -8.744489436109267e-05 -9.249523163903395e-05
17.3138888888885 -0.0001021521586678464 -7.832719335195807e-05
17.31666666666627 -0.0001145489161946979 -6.182963417425453e-05
17.31944444444405 -0.0001242677304142344 -4.338164988714282e-05
17.32222222222182 -0.0001310037113661666 -2.342002026604664e-05
17.3249999999996 -0.00013452352233873 -2.428838605889134e-06
17.32777777777738 -0.0001346726597836262 1.907225599074955e-05
17.33055555555515 -0.0001313807913970083 4.054095503297439e-05
17.33333333333293 -0.000124664985642592 6.142594445520353e-05
17.33611111111071 -0.0001146307192734988 8.118100984198603e-05
17.33888888888848 -0.0001014706062622403 9.927922126193383e-05
17.34166666666626 -8.546085050360119e-05 0.0001152268294366243
17.34444444444404 -6.695548417388849e-05 0.0001285765081090568
17.34722222222181 -4.637851214886875e-05 0.0001389395902259894
17.34999999999959 -2.421413884860893e-05 0.0001459969676628493
17.35277777777737 -9.953057989860479e-07 0.0001495083551977382
17.35555555555514 2.270918532559391e-05 0.0001493196585466085
17.35833333333292 4.630864964692435e-05 0.0001453682325477035
17.3611111111107 6.920524952695858e-05 0.0001376858678778647
17.36388888888847 9.080910876973381e-05 0.0001263994016778975
17.36666666666625 0.0001105534269743958 0.0001117289077082958
17.36944444444402 0.0001279092063821595 9.398348360498506e-05
17.3722222222218 0.0001423992095134239 7.355471485701666e-05
17.37499999999958 0.0001536107817620862 5.090795567328814e-05
17.37777777777735 0.0001612071985688336 2.657162435819377e-05
17.38055555555513 0.0001649372312395165 1.124763668316607e-06
17.38333333333291 0.0001646426680824822 -2.481683653064986e-05
17.38611111111068 0.0001602635772637563 -5.061561739279114e-05
17.38888888888846 0.0001518411533869534 -7.562796182666204e-05
17.39166666666624 0.0001395180499003201 -9.922024757221387e-05
17.39444444444401 0.0001235361624994338 -0.0001207848400895881
17.39722222222179 0.0001042318931294974 -0.0001397556206486175
17.39999999999957 8.202898834971382e-05 -0.0001556226532345569
17.40277777777734 5.742910805994628e-05 -0.0001679456122664375
17.40555555555512 3.100033930396789e-05 -0.0001763656212483318
17.40833333333289 3.363923532752302e-06 -0.0001806151896791472
17.41111111111067 -2.482048705740431e-05 -0.0001805259809306332
17.41388888888845 -5.287068894467027e-05 -0.0001760341962568425
17.41666666666622 -8.009851645824851e-05 -0.0001671834183213884
17.419444444444 -0.0001058267534277174 -0.0001541248201731544
17.42222222222178 -0.0001294059488676753 -0.0001371147109017786
17.42499999999955 -0.0001502307175726616 -0.0001165094556203169
17.42777777777733 -0.000167755116333353 -9.275787328125416e-05
17.43055555555511 -0.0001815067066476057 -6.639127946794735e-05
17.43333333333288 -0.0001910989448187907 -3.801140110567736e-05
17.43611111111066 -0.0001962415794983061 -8.276444480573493e-06
17.43888888888844 -0.0001967487840849266 2.211435434107399e-05
17.44166666666621 -0.0001925448057879214 5.243732786563385e-05
17.44444444444399 -0.0001836669732520757 8.196172471941258e-05
17.44722222222176 -0.0001702659689494542 0.0001099673858544255
17.44999999999954 -0.0001526033394711709 0.0001357623182568704
17.45277777777732 -0.0001310462847423626 0.0001586997350255421
17.45555555555509 -0.0001060598343471418 0.0001781941413760078
17.45833333333287 -7.819658391511087e-05 0.0001937360672503571
17.46111111111065 -4.808422527595905e-05 0.0002049050782677436
17.46388888888842 -1.641115931242397e-05 0.000211380736998407
17.4666666666662 1.608947123497057e-05 0.0002129512350014285
17.46944444444398 4.865695155724983e-05 0.0002095194715595472
17.47222222222175 8.052095861943532e-05 0.0002011064162129145
17.47499999999953 0.0001109198893410139 0.0001878516575432756
17.47777777777731 0.0001391191126581928 0.0001700111085894343
17.48055555555508 0.0001644287049976314 0.0001479519081179721
17.48333333333286 0.0001862202394052685 0.0001221446250449802
17.48611111111063 0.0002039422197750089 9.315293893601355e-05
17.48888888888841 0.0002171337827966134 6.162103109574219e-05
17.49166666666619 0.0002254363306400652 2.825897678958089e-05
17.49444444444396 0.00022860280603393 -6.173521751948733e-06
17.49722222222174 0.0002265043771002329 -4.088468091050271e-05
17.49999999999952 0.0002191343607247468 -7.506904733285028e-05
17.50277777777729 0.0002066092788815523 -0.000107926341186437
17.50555555555507 0.0001891670106036849 -0.0001386802849939471
17.50833333333285 0.0001671620715451951 -0.0001665969711865351
17.51111111111062 0.0001410581216422208 -0.000191002331393277
17.5138888888884 0.0001114178675981211 -0.0002112982908440998
17.51666666666618 7.889058919657732e-05 -0.0002269772216027198
17.51944444444395 4.419757529609413e-05 -0.0002376343479288855
17.52222222222173 8.115805414906294e-06 -0.0002429778049382242
17.5249999999995 -2.853974510954441e-05 -0.000242836106723727
17.52777777777728 -6.493476531004706e-05 -0.0002371628409027372
17.53055555555506 -0.0001002347997091504 -0.0002260384716957875
17.53333333333283 -0.0001336245229214166 -0.0002096692015653852
17.53611111111061 -0.0001643266478312097 -0.0001883829105273326
17.53888888888839 -0.0001916200256317175 -0.0001626222608399591
17.54166666666616 -0.0002148565145980375 -0.0001329351212595316
17.54444444444394 -0.0002334762230122038 -9.996252784615408e-05
17.54722222222172 -0.0002470207694499354 -6.442445593634381e-05
17.54999999999949 -0.0002551442497628562 -2.710372901840262e-05
17.55277777777727 -0.0002576216534342049 1.11715663300063e-05
17.55555555555505 -0.0002543545312766923 4.95467555707389e-05
17.55833333333282 -0.0002453737802591675 8.71599122951908e-05
17.5611111111106 -0.0002308394780877324 0.0001231614110033812
17.56388888888837 -0.0002110377684434482 0.0001567332475016734
17.56666666666615 -0.0001863748658924323 0.0001871076835054528
17.56944444444393 -0.0001573683158440931 0.0002135847879683339
17.5722222222217 -0.000124635707989922 0.0002355484734718033
17.57499999999948 -8.88810999694221e-05 0.0002524806610384775
17.57777777777726 -5.087946021782261e-05 0.0002639732501529182
17.58055555555503 -1.145948389257628e-05 0.0002697376215119798
17.58333333333281 2.85148275707945e-05 0.0002696114568934907
17.58611111111059 6.816340517678687e-05 0.0002635627221747221
17.58888888888836 0.0001066097333987246 0.0002516907244997124
17.59166666666614 0.0001430004097498443 0.0002342242213769257
17.59444444444392 0.000176524201509697 0.0002115166265326497
17.59722222222169 0.0002064301706702362 0.0001840384231102177
17.59999999999947 0.0002320444603603011 0.0001523669577817241
17.60277777777724 0.0002527853673657974 0.0001171738481041391
17.60555555555502 0.0002681763651259245 7.921028868338244e-05
17.6083333333328 0.0002778567887953902 3.929058820883475e-05
17.61111111111057 0.0002815899474801304 -1.725691803011376e-06
17.61388888888835 0.0002792684873427339 -4.295259553257773e-05
17.61666666666613 0.0002709168915504925 -8.349720665024164e-05
17.6194444444439 0.00025669106757166 -0.0001224792240169846
17.62222222222168 0.0002368750376349411 -0.0001590502444063129
17.62499999999946 0.0002118748127666117 -0.0001924123256079169
17.62777777777723 0.0001822095932538564 -0.0002218354210601484
17.63055555555501 0.0001485004972624364 -0.0002466733039991654
17.63333333333279 0.0001114570733464306 -0.0002663776343548387
17.63611111111056 7.186190057093921e-05 -0.0002805098643844001
17.63888888888834 3.055362086772663e-05 -0.0002887507283246329
17.64166666666612 -1.159121878047351e-05 -0.0002909071159825501
17.64444444444389 -5.367711237086937e-05 -0.0002869161889214059
17.64722222222167 -9.480891189878826e-05 -0.000276846659376893
17.64999999999944 -0.0001341110921890216 -0.0002608972148702199
17.65277777777722 -0.0001707465438693346 -0.0002393921342480542
17.655555555555 -0.0002039344875030384 -0.0002127742021944095
17.65833333333277 -0.0002329671235235167 -0.0001815950877549841
17.66111111111055 -0.0002572246625267499 -0.0001465034068327555
17.66388888888833 -0.0002761884179807258 -0.0001082307377924635
17.6666666666661 -0.0002894516876128392 -6.757590218713366e-05
17.66944444444388 -0.0002967281995719059 -2.538785832334203e-05
17.67222222222166 -0.0002978579537897132 1.745241679228971e-05
17.67499999999943 -0.0002928103465603902 6.005066221634746e-05
17.67777777777721 -0.0002816845258975964 0.0001015182790006273
17.68055555555499 -0.0002647069854030619 0.0001409910800901423
17.68333333333276 -0.0002422264638683368 0.0001776474441091124
17.68611111111054 -0.0002147062753205968 0.0002107254887843546
17.68888888888831 -0.0001827142485047544 0.0002395389036879447
17.69166666666609 -0.0001469105047009832 0.0002634911135261491
17.69444444444387 -0.0001080333472665074 0.0002820874815404469
17.69722222222164 -6.688357449462233e-05 0.0002949453068018962
17.69999999999942 -2.430755846425581e-05 0.0003018014182983038
17.7027777777772 1.882054396711854e-05 0.0003025172215443173
17.70555555555497 6.161706653509432e-05 0.000297081108876379
17.70833333333275 0.0001032072067847735 0.0002856082013427486
17.71111111111053 0.000142743109917078 0.0002683374469597196
17.7138888888883 0.0001794212856806071 0.0002456261558372425
17.71666666666608 0.0002124989982171907 0.0002179421061110611
17.71944444444386 0.000241309293795859 0.0001858534046143121
17.72222222222163 0.0002652743631849167 0.000150016331788647
17.72499999999941 0.000283916973347848 0.0001111614405048017
17.72777777777718 0.0002968697462390859 7.007821248892297e-05
17.73055555555496 0.0003038821097753047 2.759860329602507e-05
17.73333333333274 0.0003048247965240922 -1.542017333938742e-05
17.73611111111051 0.0002996918181119918 -5.811325859771151e-05
17.73888888888829 0.0002885998967335907 -9.962579143702191e-05
17.74166666666607 0.0002717853882520306 -0.0001391302167826911
17.74444444444384 0.0002495987831386029 -0.0001758429054193529
17.74722222222162 0.0002224969207908838 -0.0002090397501038911
17.7499999999994 0.0001910330986424036 -0.000238070427250372
17.75277777777717 0.0001558452989644659 -0.0002623710446100625
17.75555555555495 0.0001176427925768368 -0.0002814749318231681
17.75833333333273 7.719140919589739e-05 -0.0002950213717323354
17.7611111111105 3.529778814264852e-05 -0.0003027621150840738
17.76388888888828 -7.207059550997964e-06 -0.0003045655685543362
17.76666666666605 -4.948453647618243e-05 -0.0003004185950595092
17.76944444444383 -9.070524744535399e-05 -0.0002904259148886659
17.77222222222161 -0.0001300654513244282 -0.0002748071453373691
17.77499999999938 -0.0001668028471368333 -0.0002538915642071952
17.77777777777716 -0.000200211383153441 -0.0002281107277958697
17.78055555555494 -0.0002296548014843195 -0.0001979891159402441
17.78333333333271 -0.0002545786600289606 -0.0001641330144771853
17.78611111111049 -0.0002745206078225059 -0.0001272178784550923
17.78888888888827 -0.0002891187280852389 -8.797444691941902e-05
17.79166666666604 -0.0002981178047251297 -4.717390171514879e-05
17.79444444444382 -0.0003013734118400571 -5.612378034249597e-06
17.7972222222216 -0.0002988537708970841 3.590485667966263e-05
17.79999999999937 -0.0002906393658562413 7.657923659579764e-05
17.80277777777715 -0.0002769203515687431 0.0001156344294126058
17.80555555555492 -0.0002579918344326484 0.0001523312621059425
17.8083333333327 -0.0002342471456563535 0.0001859817527145566
17.81111111111048 -0.0002061692657779953 0.0002159619823289377
17.81388888888825 -0.0001743205935591579 0.0002417235684255201
17.81666666666603 -0.000139331282450871 0.000262803531954208
17.81944444444381 -0.0001018863928812922 0.000278832385572796
17.82222222222158 -6.271212839541121e-05 0.000289540308183475
17.82499999999936 -2.256143763458272e-05 0.0002947613108502422
17.82777777777714 1.780072757594058e-05 0.0002944353402134394
17.83055555555491 5.76122055683849e-05 0.0002886083070095364
17.83333333333269 9.612818063377883e-05 0.0002774300682741165
17.83611111111047 0.000132635221593374 0.0002611504315257985
17.83888888888824 0.0001664645380049329 0.0002401132868948883
17.84166666666602 0.0001970042084723688 0.0002147490080639907
17.84444444444379 0.0002237101595611766 0.0001855652944082491
17.84722222222157 0.0002461157018388715 0.0001531366542561776
17.84999999999935 0.0002638394608051227 0.0001180927523430224
17.85277777777712 0.0002765915743946746 8.110586283162095e-05
17.8555555555549 0.0002841780644890561 4.287768256168405e-05
17.85833333333268 0.0002865033268002983 4.125767227140995e-06
17.86111111111045 0.0002835707207982019 -3.443014407021913e-05
17.86388888888823 0.0002754812783068481 -7.208165284621904e-05
17.86666666666601 0.0002624305852973178 -0.000108144818373755
17.86944444444378 0.0002447039255422745 -0.0001419726247511274
17.87222222222156 0.0002226698065687283 -0.0001729665715401947
17.87499999999934 0.0001967720171542903 -0.0002005871824682394
17.87777777777711 0.0001675203909875968 -0.0002243632510788547
17.88055555555489 0.0001354804726004045 -0.0002438996696472775
17.88333333333266 0.0001012622989935979 -0.0002588837174756811
17.88611111111044 6.550852320485358e-05 -0.0002690897163034342
17.88888888888822 2.888211433325178e-05 -0.0002743819932736309
17.89166666666599 -7.94612787515125e-06 -0.0002747161250977178
17.89444444444377 -4.431000680088778e-05 -0.0002701384700722022
17.89722222222155 -7.956007954939617e-05 -0.0002607840267990467
17.89999999999932 -0.0001130753026308651 -0.0002468726892447355
17.9027777777771 -0.0001442739648309393 -0.0002287039965857175
17.90555555555488 -0.0001726237168387175 -0.0002066505026215405
17.90833333333265 -0.0001976505279246684 -0.0001811499129336128
17.91111111111043 -0.0002189464234045613 -0.0001526961580820336
17.91388888888821 -0.0002361758823753637 -0.0001218295875982206
17.91666666666598 -0.0002490808026084419 -8.912648219605136e-05
17.91944444444376 -0.0002574839680745887 -5.518809026570204e-05
17.92222222222154 -0.0002612909837181408 -2.062939931760554e-05
17.92499999999931 -0.000260490671263146 1.393214642285117e-05
17.92777777777709 -0.0002551539484515973 4.788777447513312e-05
17.93055555555486 -0.0002454312416716587 8.064815805442016e-05
17.93333333333264 -0.0002315485079271303 0.0001116536457389687
17.93611111111042 -0.0002138019660833368 0.0001403837711612707
17.93888888888819 -0.0001925516589005854 0.0001663658840397643
17.94166666666597 -0.0001682139861777838 0.0001891827634409498
17.94444444444375 -0.0001412533651202773 0.0002084790958208676
17.94722222222152 -0.0001121731865583305 0.0002239667237499786
17.9499999999993 -8.150624476199651e-05 0.0002354285957323797
17.95277777777708 -4.980482422980625e-05 0.0002427213727415857
17.95555555555485 -1.763062894102428e-05 0.000245776672522201
17.95833333333263 1.44552617679474e-05 0.0002446009578561536
17.96111111111041 4.590223121911135e-05 0.0002392740994197758
17.96388888888818 7.617958565325447e-05 0.0002299466671249009
17.96666666666596 0.0001047854758647804 0.0002168360255495996
17.96944444444373 0.0001312551327923346 0.0002002213288548824
17.97222222222151 0.000155168285418765 0.0001804375281506761
17.97499999999929 0.0001761556471238836 0.0001578685193426956
17.97777777777706 0.0001939043760115436 0.0001329395718721598
17.98055555555484 0.0002081624353570922 0.0001061091882623124
17.98333333333262 0.0002187418017134202 7.786055096966967e-05
17.98611111111039 0.000225520490034705 4.869271660049737e-05
17.98888888888817 0.0002284433869601216 1.911171816490213e-05
17.99166666666595 0.0002275219047839189 -1.03782662514914e-05
17.99444444444372 0.0002228324892374406 -3.928352510408188e-05
17.9972222222215 0.0002145140336655677 -6.712905967384139e-05
17.99999999999928 0.000202764270188427 -9.346632948003695e-05
18.00277777777705 0.0001878352247016105 -0.0001178803735206602
18.00555555555483 0.0001700278368537221 -0.0001399961981193976
18.0083333333326 0.0001496858582410526 -0.0001594843378200341
18.01111111111038 0.0001271891518186109 -0.0001760655126592333
18.01388888888816 0.000102946522852939 -0.0001895143229235087
18.01666666666593 7.738821655394771e-05 -0.0001996619408390204
18.01944444444371 5.09582198230351e-05 -0.00020639777718477
18.02222222222149 2.410650437040632e-05 -0.0002096701192360112
18.02499999999926 -2.718654133762991e-06 -0.0002094857544097047
18.02777777777704 -2.907815109546031e-05 -0.0002059086111938741
18.03055555555482 -5.454919945301029e-05 -0.0001990574651106445
18.03333333333259 -7.873203375058959e-05 -0.0001891027723386612
18.03611111111037 -0.000101256068715529 -0.0001762627069792442
18.03888888888815 -0.0001217854214108573 -0.0001607984896007318
18.04166666666592 -0.0001400237194402131 -0.0001430091044880746
18.0444444444437 -0.0001557181320512644 -0.0001232255108407395
18.04722222222147 -0.000168662576024432 -0.0001018044589272088
18.04999999999925 -0.0001787000636654239 -7.912202588076845e-05
18.05277777777703 -0.0001857241757596387 -5.55669874134514e-05
18.0555555555548 -0.000189679657725294 -3.153414125966486e-05
18.05833333333258 -0.0001905621521478895 -7.417695724014762e-06
18.06111111111036 -0.0001884170951531414 1.639516760273261e-05
18.06388888888813 -0.0001833378174506928 3.953045394916206e-05
18.06666666666591 -0.0001754629031504932 6.163314291148642e-05
18.06944444444369 -0.000164972870446424 8.237251708453115e-05
18.07222222222146 -0.0001520862478247882 0.0001014469556459444
18.07499999999924 -0.0001370551274699415 0.0001185881279650033
18.07777777777702 -0.0001201602839262693 0.0001335645342609247
18.08055555555479 -0.0001017059507615338 0.0001461843528326862
18.08333333333257 -8.201435095874007e-05 0.0001562975661549386
18.08611111111034 -6.142007802756147e-05 0.0001637973509893446
18.08888888888812 -4.026442441854103e-05 0.0001686207303543249
18.0916666666659 -1.888975180487377e-05 0.0001707484975253295
18.09444444444367 2.366005747776773e-06 0.0001702044340055511
18.09722222222145 2.317461966111861e-05 0.0001670538544303432
18.09999999999923 4.322254594829457e-05 0.0001614015214852448
18.102777777777 6.221553308064916e-05 0.0001533889829912133
18.10555555555478 7.988279450663337e-05 0.0001431913912170899
18.10833333333256 9.598069083199263e-05 0.0001310138711332541
18.11111111111033 0.0001102958764310385 0.0001170875096432121
18.11388888888811 0.0001226478754281088 0.0001016650417895172
18.11666666666589 0.0001328910624167598 8.501631249516606e-05
18.11944444444366 0.0001409160337630936 6.742359359023641e-05
18.12222222222144 0.0001466503657114231 4.917683569830733e-05
18.12499999999921 0.0001500587655870122 3.056893309338918e-05
18.12777777777699 0.0001511426320373011 1.189107691882988e-05
18.13055555555477 0.000149939049299959 -6.571731680873149e-06
18.13333333333254 0.0001465192488260975 -2.454494186410796e-05
18.13611111111032 0.0001409865790933524 -4.176842599088322e-05
18.1388888888881 0.0001334740310282061 -5.800011088597396e-05
18.14166666666587 0.0001241413720435744 -7.301922049467523e-05
18.14444444444365 0.0001131719462297214 -8.662909073736052e-05
18.14722222222143 0.0001007692016775014 -9.865952550914936e-05
18.1499999999992 8.715300824909101e-05 -0.0001089686711284671
18.15277777777698 7.255583033855236e-05 -0.000117444394975025
18.15555555555476 5.72188193141479e-05 -0.0001240051624204168
18.15833333333253 4.13878894293509e-05 -0.000128600414324753
18.16111111111031 2.530983909896011e-05 -0.0001312104552097057
18.16388888888808 9.228576616045241e-06 -0.000131845869618194
18.16666666666586 -6.618494276964711e-06 -0.0001305464910238569
18.16944444444364 -2.200387796862711e-05 -0.0001273799538716254
18.17222222222141 -3.671313378608417e-05 -0.0001224398648361375
18.17499999999919 -5.054772572497793e-05 -0.0001158436341164656
18.17777777777697 -6.332754084964149e-05 -0.0001077300114972804
18.18055555555474 -7.489304849201076e-05 -9.825637496350196e-05
18.18333333333252 -8.510707895503116e-05 -8.759582184819695e-05
18.1861111111103 -9.385620711095042e-05 -7.593411380933965e-05
18.18888888888807 -0.0001010517329391854 -6.34665273968662e-05
18.19166666666585 -0.0001066302575924501 -5.039466159666862e-05
18.19444444444363 -0.0001105538598921015 -3.692325257898703e-05
18.1972222222214 -0.0001128098841605186 -2.325704396568761e-05
18.19999999999918 -0.0001134103559021023 -9.59775834357396e-06
18.20277777777696 -0.0001123910469836469 3.858787462937532e-06
18.20555555555473 -0.0001098102165679911 1.692538459351084e-05
18.20833333333251 -0.00010574705807586 2.942591727482513e-05
18.21111111111028 -0.0001002998858472598 4.119760089692494e-05
18.21388888888806 -9.358409791763643e-05 5.209294795221773e-05
18.21666666666584 -8.572995339858616e-05 6.198144182172541e-05
18.21944444444361 -7.688020435208812e-05 7.075090358286936e-05
18.22222222222139 -6.718762277899147e-05 7.830854222735173e-05
18.22499999999917 -5.681246341584066e-05 8.458168384220397e-05
18.22777777777694 -4.591990248629444e-05 8.951818032949241e-05
18.23055555555472 -3.467749140407402e-05 9.308650306484843e-05
18.2333333333325 -2.325266272969067e-05 9.527553144037674e-05
18.23611111111027 -1.181032348180012e-05 9.609405045466703e-05
18.23888888888805 -5.105682565348982e-07 9.556997534464205e-05
18.24166666666583 1.049345842752102e-05 9.374932465953027e-05
18.2444444444436 2.105752450275391e-05 9.069496612155634e-05
18.24722222222138 3.104807500980305e-05 8.648516207434323e-05
18.24999999999915 4.03437804175396e-05 8.121194327237441e-05
18.25277777777693 4.883685392815061e-05 7.497934120281863e-05
18.25555555555471 5.643412708997498e-05 6.790151005639777e-05
18.25833333333248 6.305787704164655e-05 6.010076988274626e-05
18.26111111111026 6.864640264742998e-05 5.170560239329161e-05
18.26388888888804 7.315435059805699e-05 4.284863033502514e-05
18.26666666666581 7.655279619444724e-05 3.366461037643344e-05
18.26944444444359 7.882908695156438e-05 2.428846805994311e-05
18.27222222222137 7.998646031695516e-05 1.485340161997509e-05
18.27499999999914 8.004344965634672e-05 5.489079382998315e-06
18.27777777777692 7.90330951854033e-05 -3.680046891836178e-06
18.2805555555547 7.700197870180305e-05 -1.253629296976319e-05
18.28333333333247 7.400910277459376e-05 -2.097014040652763e-05
18.28611111111025 7.012463647055514e-05 -2.888146804545114e-05
18.28888888888802 6.542855073298603e-05 -3.61806056618866e-05
18.2916666666658 6.000916718127736e-05 -4.278920169771318e-05
18.29444444444358 5.396164437424755e-05 -4.864090004849361e-05
18.29722222222135 4.738642549171002e-05 -5.368182382638004e-05
18.29999999999913 4.038767095301512e-05 -5.787086688695681e-05
18.30277777777691 3.307169873239334e-05 -6.117979663670329e-05
18.30555555555468 2.554545407042724e-05 -6.359317419883384e-05
18.30833333333246 1.791502895529078e-05 -6.51081003732589e-05
18.31111111111024 1.028425017931521e-05 -6.573379796210555e-05
18.31388888888801 2.753353009038615e-06 -6.549104291877559e-05
18.31666666666579 -4.582244433477328e-06 -6.441145840355125e-05
18.31944444444357 -1.163305304852107e-05 -6.253668717772051e-05
18.32222222222134 -1.831650003484518e-05 -5.991745883574201e-05
18.32499999999912 -2.455778292750494e-05 -5.661256915770523e-05
18.32777777777689 -3.029058401387769e-05 -5.268778936377087e-05
18.33055555555467 -3.545764098381848e-05 -4.821472327576983e-05
18.33333333333245 -4.001117187292774e-05 -4.326963034529204e-05
18.33611111111022 -4.391315448410062e-05 -3.79322322101761e-05
18.338888888888 -4.713546250498599e-05 -3.228451990293555e-05
18.34166666666578 -4.965986244393343e-05 -2.640957807977544e-05
18.34444444444355 -5.147787726900007e-05 -2.039044168472643e-05
18.34722222222133 -5.259052423229523e-05 -1.430899933444978e-05
18.34999999999911 -5.300793578016651e-05 -8.244956431353422e-06
18.35277777777688 -5.274887367811256e-05 -2.274869608719816e-06
18.35555555555466 -5.184014750795573e-05 3.528737390849792e-06
18.35833333333244 -5.031594951919485e-05 9.098167876051366e-06
18.36111111111021 -4.821711843463231e-05 1.43712495013442e-05
18.36388888888799 -4.559034522337694e-05 1.929192943123052e-05
18.36666666666576 -4.248733406624868e-05 2.381076375022611e-05
18.36944444444354 -3.896393175600034e-05 2.788529910740524e-05
18.37222222222132 -3.507923860767947e-05 3.148034614879113e-05
18.37499999999909 -3.089471361243208e-05 3.456814578968273e-05
18.37777777777687 -2.647328606723611e-05 3.712843078987232e-05
18.38055555555465 -2.187848526512262e-05 3.91483864068375e-05
18.38333333333242 -1.717359905467716e-05 4.062251509789011e-05
18.3861111111102 -1.242087118913263e-05 4.155241131347233e-05
18.38888888888798 -7.680746403045093e-06 4.194645336028469e-05
18.39166666666575 -3.011171097074758e-06 4.181942010848783e-05
18.39444444444353 1.533043603700745e-06 4.119204096812796e-05
18.39722222222131 5.900790805542507e-06 4.009048806396111e-05
18.39999999999908 1.004516437803699e-05 3.854581989567602e-05
18.40277777777686 1.392387980183603e-05 3.659338598417079e-05
18.40555555555463 1.749961723556642e-05 3.42722020789593e-05
18.40833333333241 2.074028584211102e-05 3.162430544206139e-05
18.41111111111019 2.361920950679651e-05 2.869409953849944e-05
18.41388888888796 2.611523511778418e-05 2.552769716107069e-05
18.41666666666574 2.821276554946896e-05 2.217227060774081e-05
18.41944444444352 2.990172038343845e-05 1.867541702450616e-05
18.42222222222129 3.117742820927472e-05 1.508454643835836e-05
18.42499999999907 3.204045506498242e-05 1.14462993429831e-05
18.42777777777685 3.249637419562151e-05 7.805999981445956e-06
18.43055555555462 3.255548282863089e-05 4.207150703862093e-06
18.4333333333324 3.223247208150268e-05 6.909719790439821e-07
18.43611111111018 3.154605643213511e-05 -2.704008180011838e-06
18.43888888888795 3.051856939579714e-05 -5.942312445179374e-06
18.44166666666573 2.917553216703085e-05 -8.99181795046429e-06
18.4444444444435 2.754520200409149e-05 -1.182400432145738e-05
18.44722222222128 2.565810706216252e-05 -1.441414544805672e-05
18.44999999999906 2.354657422562817e-05 -1.674144524425818e-05
18.45277777777683 2.124425625518461e-05 -1.878911835046261e-05
18.45555555555461 1.878566426066776e-05 -2.054441739537821e-05
18.45833333333239 1.620571114208158e-05 -2.199860904161575e-05
18.46111111111016 1.353927121831932e-05 -2.314690158523307e-05
18.46388888888794 1.082076079401617e-05 -2.398832736104082e-05
18.46666666666572 8.083743908209585e-06 -2.452558361983838e-05
18.46944444444349 5.360566972934147e-06 -2.476483588864337e-05
18.47222222222127 2.682025454765797e-06 -2.471548809966001e-05
18.47499999999905 7.706518440465692e-08 -2.438992397872981e-05
18.47777777777682 -2.427479690637842e-06 -2.380322431979067e-05
18.4805555555546 -4.807110662413992e-06 -2.29728648410726e-05
18.48333333333238 -7.039849835204749e-06 -2.191839932362761e-05
18.48611111111015 -9.106385559083008e-06 -2.066113267702083e-05
18.48888888888793 -1.099017888223395e-05 -1.922378846462025e-05
18.4916666666657 -1.267753146377995e-05 -1.763017525642935e-05
18.49444444444348 -1.415761603852159e-05 -1.590485596597832e-05
18.49722222222126 -1.54224709367459e-05 -1.407282407460455e-05
18.49999999999903 -1.6466960532634e-05 -1.215919035719731e-05
18.50277777777681 -1.728870382135926e-05 -1.018888340393506e-05
