16.5 -1.22625521391738e-08 -2.162229838392895e-07
16.50277777777778 -4.602641619416895e-08 -2.188985444445563e-07
16.50555555555555 -8.091947434324181e-08 -2.163811890135105e-07
16.50833333333333 -1.161554572798725e-07 -2.083852843084967e-07
16.51111111111111 -1.508868454060983e-07 -1.947422519523276e-07
16.51388888888888 -1.842219648268708e-07 -1.754126447797139e-07
16.51666666666666 -2.152443442307716e-07 -1.504957825886277e-07
16.51944444444444 -2.430339941147585e-07 -1.202365388826216e-07
16.52222222222221 -2.666901979753461e-07 -8.502891537195219e-08
16.52499999999999 -2.853553389540633e-07 -4.541609854409668e-08
16.52777777777776 -2.98239227071949e-07 -2.086761877565332e-09
16.53055555555554 -3.04643343657049e-07 4.413254275324427e-08
16.53333333333332 -3.039843827648551e-07 9.228897158526348e-08
16.53611111111109 -2.958164460582673e-07 1.413189234589987e-07
16.53888888888887 -2.798512392489047e-07 1.900673896360895e-07
16.54166666666665 -2.559756260217253e-07 2.373108801404704e-07
16.54444444444442 -2.242659202434059e-07 2.81783580764834e-07
16.5472222222222 -1.849983396816537e-07 3.222062896374413e-07
16.54999999999998 -1.386551044985704e-07 3.573175816391716e-07
16.55277777777775 -8.592574104644551e-08 3.859065558976393e-07
16.55555555555553 -2.77032451125916e-08 4.068464389833139e-07
16.55833333333331 3.492513259607735e-08 4.191282470936896e-07
16.56111111111108 1.006925941133201e-07 4.218936571161952e-07
16.56388888888886 1.68172977657688e-07 4.144662014158537e-07
16.56666666666663 2.358062585849837e-07 3.963798866159737e-07
16.56944444444441 3.01929063567475e-07 3.674043442279945e-07
16.57222222222219 3.648097460941996e-07 3.275656519889855e-07
16.57499999999996 4.226874258336335e-07 2.771620198956942e-07
16.57777777777774 4.73814254834644e-07 2.167736143121096e-07
16.58055555555552 5.165000439378148e-07 1.472658966926501e-07
16.58333333333329 5.49158267140748e-07 6.978597925448364e-08
16.58611111111107 5.703523638747747e-07 -1.424835343993932e-08
16.58888888888885 5.788411828896378e-07 -1.031671430341605e-07
16.59166666666662 5.736223600454617e-07 -1.950742818283588e-07
16.5944444444444 5.539723986950579e-07 -2.878808770378937e-07
16.59722222222218 5.194822278742503e-07 -3.793455695381783e-07
16.59999999999995 4.70087051948626e-07 -4.671212198799583e-07
16.60277777777773 4.060893767104692e-07 -5.488071748348694e-07
16.6055555555555 3.281742014075878e-07 -6.220061359017862e-07
16.60833333333328 2.374155032062739e-07 -6.84384472498598e-07
16.61111111111106 1.352733086194356e-07 -7.337346624553708e-07
16.61388888888883 2.35808430904577e-08 -7.680384061801944e-07
16.61666666666661 -9.547852812058479e-08 -7.855288535407113e-07
16.61944444444439 -2.194046114844015e-07 -7.84750308638232e-07
16.62222222222216 -3.45423733648474e-07 -7.646137412563079e-07
16.62499999999994 -4.705416414974942e-07 -7.244464380901451e-07
16.62777777777772 -5.916051946797777e-07 -6.640341743193222e-07
16.63055555555549 -7.05371820279642e-07 -5.836543780970691e-07
16.63333333333327 -8.085854380303187e-07 -4.840988974578365e-07
16.63611111111105 -8.980573204341713e-07 -3.666851601936554e-07
16.63888888888882 -9.707501327406812e-07 -2.332547404389999e-07
16.6416666666666 -1.023863210122326e-06 -8.61586078227464e-08
16.64444444444437 -1.05491698036516e-06 7.177136832136805e-08
16.64722222222215 -1.061834336152483e-06 2.372647616260741e-07
16.64999999999993 -1.043016706976506e-06 4.066685323620697e-07
16.6527777777777 -9.974125812891965e-07 5.760159637989861e-07
16.65555555555548 -9.245762879743576e-07 7.41107614432633e-07
16.65833333333326 -8.247149645485314e-07 8.976029437992245e-07
16.66111111111103 -6.987218182016607e-07 1.041120916871444e-06
16.66388888888881 -5.481940238465991e-07 1.16734756190706e-06
16.66666666666659 -3.754338981396165e-07 1.272148158988702e-06
16.66944444444436 -1.834323356868177e-07 1.351681481004336e-06
16.67222222222214 2.416611248986429e-08 1.402513304554275e-06
16.67499999999992 2.431167051742361e-07 1.421726263580877e-06
16.67777777777769 4.686462455555282e-07 1.407023040619861e-06
16.68055555555547 6.95542324640678e-07 1.356819885444576e-06
16.68333333333324 9.182588219436856e-07 1.270327522888037e-06
16.68611111111102 1.131035923488866e-06 1.147616663442423e-06
16.6888888888888 1.328032445121665e-06 9.896655625677146e-07
16.69166666666657 1.503467806637035e-06 7.983873861567347e-07
16.69444444444435 1.651770602476145e-06 5.766355268339522e-07
16.69722222222213 1.767730370541301e-06 3.281854730508951e-07
16.6999999999999 1.846648884127849e-06 5.769235250908154e-08
16.70277777777768 1.88448709416063e-06 -2.293761566312354e-07
16.70555555555546 1.878003739436027e-06 -5.268312407391891e-07
16.70833333333323 1.824881629349662e-06 -8.278777463109929e-07
16.71111111111101 1.723837692429465e-06 -1.125250758955831e-06
16.71388888888879 1.574713078413355e-06 -1.411371721108161e-06
16.71666666666656 1.37853990257104e-06 -1.678521217468305e-06
16.71944444444434 1.137581626683227e-06 -1.919024969473109e-06
16.72222222222211 8.553445769945488e-07 -2.125449048304793e-06
16.72499999999989 5.36558698039219e-07 -2.290799857089761e-06
16.72777777777767 1.871263222578532e-07 -2.408724062896942e-06
16.73055555555544 -1.85961514317647e-07 -2.473703392551527e-06
16.73333333333322 -5.747408758151612e-07 -2.481239055737245e-06
16.736111111111 -9.704216750634e-07 -2.428020534779992e-06
16.73888888888877 -1.363563335841868e-06 -2.312073590483271e-06
16.74166666666655 -1.744276486460223e-06 -2.132882582015405e-06
16.74444444444433 -2.102446978293693e-06 -1.89148258732923e-06
16.7472222222221 -2.427977749229148e-06 -1.590517336540195e-06
16.74999999999988 -2.71104335123789e-06 -1.23425962806173e-06
16.75277777777766 -2.942351355811383e-06 -8.285916761807911e-07
16.75555555555543 -3.113404361461045e-06 -3.809437257216057e-07
16.75833333333321 -3.216755973066202e-06 9.980975276878367e-08
16.76111111111098 -3.246253919872015e-06 6.034959254726548e-07
16.76388888888876 -3.197263440995342e-06 1.11883005806402e-06
16.76666666666654 -3.066864204155632e-06 1.633640004547749e-06
16.76944444444431 -2.854014340925452e-06 2.135125037523421e-06
16.77222222222209 -2.559675681507479e-06 2.610144260330549e-06
16.77499999999987 -2.186894950714315e-06 3.045528831894342e-06
16.77777777777764 -1.740836536379425e-06 3.428411320412487e-06
16.78055555555542 -1.228763448937429e-06 3.746564710957694e-06
16.7833333333332 -6.599642386938534e-07 3.988742951664043e-06
16.78611111111097 -4.562490293394546e-08 4.145014458035626e-06
16.78888888888875 6.013538279500156e-07 4.207079726215051e-06
16.79166666666653 1.266592018168271e-06 4.168564151157502e-06
16.7944444444443 1.934515615522979e-06 4.025277317114649e-06
16.79722222222208 2.588686412241262e-06 3.775430433035159e-06
16.79999999999986 3.212170797621542e-06 3.419804226091335e-06
16.80277777777763 3.787939916446262e-06 2.961860478165429e-06
16.80555555555541 4.299292664017791e-06 2.407791482115234e-06
16.80833333333318 4.730291925319565e-06 1.766502990123151e-06
16.81111111111096 5.066203637099982e-06 1.049527702196107e-06
16.81388888888874 5.293927648823922e-06 2.708679701262302e-07
16.81666666666651 5.402409008840658e-06 -5.532318637257597e-07
16.81944444444429 5.383018227485749e-06 -1.404581251527297e-06
16.82222222222207 5.229889285254736e-06 -2.263403251367344e-06
16.82499999999984 4.940204670646245e-06 -3.108752422844171e-06
16.82777777777762 4.514417550595623e-06 -3.918983080492473e-06
16.8305555555554 3.956402290580614e-06 -4.672258503882879e-06
16.83333333333317 3.273525937420731e-06 -5.347090186802358e-06
16.83611111111095 2.476634933503359e-06 -5.922894896948718e-06
16.83888888888873 1.579953216580822e-06 -6.380556256432472e-06
16.8416666666665 6.008899371935024e-07 -6.702976781698958e-06
16.84444444444428 -4.40242748465484e-07 -6.875605873916823e-06
16.84722222222205 -1.520599028684323e-06 -6.88692915463813e-06
16.84999999999983 -2.615250782004305e-06 -6.728904816747641e-06
16.85277777777761 -3.697713422078724e-06 -6.397333318195281e-06
16.85555555555538 -4.740536474621679e-06 -5.89214778756445e-06
16.85833333333316 -5.715946989955714e-06 -5.217613927859117e-06
16.86111111111094 -6.596531968575459e-06 -4.38242997948753e-06
16.86388888888871 -7.355944313722273e-06 -3.399719406712002e-06
16.86666666666649 -7.969615480364299e-06 -2.286911365095181e-06
16.86944444444427 -8.415457014074499e-06 -1.06550664279597e-06
16.87222222222204 -8.674532609255683e-06 2.39270410877924e-07
16.87499999999982 -8.731682198062963e-06 1.598930514426453e-06
16.8777777777776 -8.576079933701214e-06 2.982282192942483e-06
16.88055555555537 -8.20170876761008e-06 4.356089210884126e-06
16.88333333333315 -7.607735640669888e-06 5.685810417295995e-06
16.88611111111092 -6.798773102641578e-06 6.93640703754452e-06
16.8888888888887 -5.785015417317038e-06 8.073200020894791e-06
16.89166666666648 -4.58223986637481e-06 9.062757962704103e-06
16.89444444444425 -3.211666983013341e-06 9.873794433855458e-06
16.89722222222203 -1.699676765979446e-06 1.047805233034924e-05
16.89999999999981 -7.738147348846495e-08 1.085115215624537e-05
16.90277777777758 1.619940706486149e-06 1.097338101539093e-05
16.90555555555536 3.353543056918934e-06 1.083039954106539e-05
16.90833333333314 5.082027029932131e-06 1.041384505324744e-05
16.91111111111091 6.762262881586559e-06 9.72181090096008e-06
16.91388888888869 8.350395527130885e-06 8.75918420653129e-06
16.91666666666647 9.802913875098582e-06 7.537827048076731e-06
16.91944444444424 1.10777592962035e-05 6.076589448354294e-06
16.92222222222202 1.213544678994989e-05 4.401146319258846e-06
16.92499999999979 1.294017090542746e-05 2.543654663887556e-06
16.92777777777757 1.346086761813371e-05 5.42231771506372e-07
16.93055555555535 1.367220321315586e-05 -1.559740247456576e-06
16.93333333333312 1.355546181178346e-05 -3.714473560411586e-06
16.9361111111109 1.309930452122547e-05 -5.870782691972391e-06
16.93888888888868 1.230037528417083e-05 -7.975222475619106e-06
16.94166666666645 1.116373133541398e-05 -9.973332611293081e-06
16.94444444444423 9.703079695557479e-06 -1.181096182111841e-05
16.94722222222201 7.940805285976716e-06 -1.343564138583788e-05
16.94999999999978 5.907780954804106e-06 -1.479797527306457e-05
16.95277777777756 3.642954862647735e-06 -1.585301222945253e-05
16.95555555555534 1.192716175507087e-06 -1.656156418137612e-05
16.95833333333311 -1.389954277422324e-06 -1.68914351347109e-05
16.96111111111089 -4.04653593942022e-06 -1.681852552471994e-05
16.96388888888866 -6.714204903822049e-06 -1.63277786619272e-05
16.96666666666644 -9.327231095700165e-06 -1.541393854467389e-05
16.96944444444422 -1.181850751000523e-05 -1.40820918356686e-05
16.97222222222199 -1.412117817212321e-05 -1.234797117504208e-05
16.97499999999977 -1.617032756563416e-05 -1.023800214867958e-05
16.97777777777755 -1.790469114458001e-05 -7.789082047380271e-06
16.98055555555532 -1.926834432880724e-05 -5.048084916814142e-06
16.9833333333331 -2.021232616539276e-05 -2.07109416902673e-06
16.98611111111088 -2.069615370072511e-05 1.077628955763676e-06
16.98888888888865 -2.068918409382742e-05 4.326925693264773e-06
16.99166666666643 -2.017178363365061e-05 7.600246451278982e-06
16.99444444444421 -1.913626609248133e-05 1.081735482211873e-05
16.99722222222198 -1.758756721679284e-05 1.389619360915975e-05
16.99999999999976 -1.55436275573134e-05 1.675487199282065e-05
17.00277777777753 -1.303546217397588e-05 1.931372821518463e-05
17.00555555555531 -1.010690289287743e-05 2.149741839748906e-05
17.00833333333309 -6.814006588739037e-06 2.323697945903661e-05
17.01111111111086 -3.224131242817536e-06 2.447181269197454e-05
17.01388888888864 5.853099126110153e-07 2.515153445051196e-05
17.01666666666642 4.528397216063952e-06 2.523764169000119e-05
17.01944444444419 8.512528927429613e-06 2.470494276244792e-05
17.02222222222197 1.244048555011711e-05 2.354270792650102e-05
17.02499999999975 1.621269104412853e-05 2.175549941121433e-05
17.02777777777752 1.972962113825351e-05 1.936364749703676e-05
17.0305555555553 2.289430325867513e-05 1.640334682141005e-05
17.03333333333308 2.561484810447709e-05 1.292635582394228e-05
17.03611111111085 2.780694978316589e-05 8.999291728814826e-06
17.03888888888863 2.939628980296165e-05 4.702523505130085e-06
17.0416666666664 3.032078020363417e-05 1.286756109284477e-07
17.04444444444418 3.053258275547924e-05 -4.619234242083873e-06
17.04722222222196 2.99998444874249e-05 -9.429989835342169e-06
17.04999999999973 2.870809479804651e-05 -1.418666047687703e-05
17.05277777777751 2.666125599107406e-05 -1.876932208133326e-05
17.05555555555529 2.388222714962792e-05 -2.305795504676911e-05
17.05833333333306 2.041301066801928e-05 -2.693545191609087e-05
17.06111111111084 1.631436130270321e-05 -3.029066252009812e-05
17.06388888888862 1.166494905543948e-05 -3.302140066874057e-05
17.06666666666639 6.560039298442869e-06 -3.503733464471543e-05
17.06944444444417 1.109706006123907e-06 -3.626268387089309e-05
17.07222222222195 -4.563393540129029e-06 -3.663864624002494e-05
17.07499999999972 -1.032664197738307e-05 -3.612548472825677e-05
17.0777777777775 -1.604043079010835e-05 -3.470420803125717e-05
17.08055555555528 -2.156141200582125e-05 -3.237778797615835e-05
17.08333333333305 -2.674596024296387e-05 -2.917186623582478e-05
17.08611111111083 -3.145376473800183e-05 -2.513491421482962e-05
17.0888888888886 -3.555146480128132e-05 -2.033782265197634e-05
17.09166666666638 -3.891623797670831e-05 -1.48729112122419e-05
17.09444444444416 -4.143924818796459e-05 -8.852362804527512e-06
17.09722222222193 -4.302886147254094e-05 -2.406102212635643e-06
17.09999999999971 -4.361353960697089e-05 4.320846504074795e-06
17.10277777777749 -4.314432702637241e-05 1.117147488113999e-05
17.10555555555526 -4.159685389005013e-05 1.798031448073964e-05
17.10833333333304 -3.897278783218596e-05 2.457729555962204e-05
17.11111111111082 -3.530067868917652e-05 3.079185353118138e-05
17.11388888888859 -3.063615408099125e-05 3.645718750089477e-05
17.11666666666637 -2.506143885431646e-05 4.141456801637786e-05
17.11944444444415 -1.868418773309804e-05 4.551758643197535e-05
17.12222222222192 -1.163563768541673e-05 4.863623614887851e-05
17.1249999999997 -4.068104090176216e-06 5.066071659642331e-05
17.12777777777747 3.84813766745305e-06 5.150485424622382e-05
17.13055555555525 1.192852648069733e-05 5.110904120380618e-05
17.13333333333303 1.99783708717996e-05 4.944260093485162e-05
17.1361111111108 2.779739585792915e-05 4.650550231433474e-05
17.13888888888858 3.518457885906289e-05 4.232935722253539e-05
17.14166666666636 4.19431614560476e-05 3.697765306927965e-05
17.14444444444413 4.788571564497011e-05 3.054518955861472e-05
17.14722222222191 5.283913791880363e-05 2.315670830590506e-05
17.14999999999969 5.664944227004142e-05 1.49647241345916e-05
17.15277777777746 5.918622420597686e-05 6.14658751701596e-06
17.15555555555524 6.034667217728728e-05 -3.099171833221041e-06
17.15833333333302 6.005901043797956e-05 -1.255715029795111e-05
17.16111111111079 5.828526818634182e-05 -2.199993594913954e-05
17.16388888888857 5.50232837066016e-05 -3.119342866347838e-05
17.16666666666634 5.030786887600623e-05 -3.990249412700392e-05
17.16944444444412 4.421107847997968e-05 -4.789681883662865e-05
17.1722222222219 3.684154987297106e-05 -5.495682396795083e-05
17.17499999999967 2.834290115190778e-05 -6.087949010075463e-05
17.17777777777745 1.889119963850025e-05 -6.548394252717689e-05
17.18055555555523 8.69153651502333e-06 -6.861664838547395e-05
17.183333333333 -2.026232679136594e-06 -7.015608223777529e-05
17.18611111111078 -1.301249892931116e-05 -7.001672592399885e-05
17.18888888888856 -2.400355761582683e-05 -6.815228145306713e-05
17.19166666666633 -3.472778938374414e-05 -6.455799211623797e-05
17.19444444444411 -4.491222301216289e-05 -5.927198660612528e-05
17.19722222222189 -5.428932538569372e-05 -5.237558328826492e-05
17.19999999999966 -6.260385332653e-05 -4.399251640592732e-05
17.20277777777744 -6.961959563459922e-05 -3.428707233413258e-05
17.20555555555521 -7.512583147950817e-05 -2.346115140869966e-05
17.20833333333299 -7.894333347587604e-05 -1.175029866211512e-05
17.21111111111077 -8.092975041852162e-05 5.812256989914944e-07
17.21388888888854 -8.098421571912431e-05 1.324623876510665e-05
17.21666666666632 -7.905104290747022e-05 2.594116828963941e-05
17.2194444444441 -7.512238886902765e-05 3.835318257805766e-05
17.22222222222187 -6.923978839973844e-05 5.016775327078123e-05
17.22499999999965 -6.149448968082001e-05 6.107647178733688e-05
17.22777777777743 -5.202654882867337e-05 7.078492874126151e-05
17.2305555555552 -4.102267209191436e-05 7.902045874494726e-05
17.23333333333298 -2.871282581929525e-05 8.553955099703822e-05
17.23611111111076 -1.536566622510306e-05 9.013472907365124e-05
17.23888888888853 -1.282872425410468e-06 9.264071148471956e-05
17.24166666666631 1.32075036196972e-05 9.293967774294218e-05
17.24444444444408 2.77585285472094e-05 9.096548271735577e-05
17.24722222222186 4.201255350677643e-05 8.670668457797329e-05
17.24999999999964 5.560986603448385e-05 8.020827821904152e-05
17.25277777777741 6.819762201265511e-05 7.157205610300984e-05
17.25555555555519 7.943883929401679e-05 6.095555131230888e-05
17.25833333333297 8.902122727562146e-05 4.856955246086523e-05
17.26111111111074 9.666562499785345e-05 3.467421615731834e-05
17.26388888888852 0.0001021338244049598 1.95738390307097e-05
17.2666666666663 0.0001052355652807636 3.610387001338098e-06
17.26944444444407 0.0001058345039637483 -1.284408643372132e-05
17.27222222222185 0.0001038529789914771 -2.939596953852589e-05
17.27499999999963 9.92754229269152e-05 -4.56393777267754e-05
17.2777777777774 9.2150300231241e-05 -6.116597939738202e-05
17.28055555555518 8.259048549844609e-05 -7.557512749521296e-05
17.28333333333295 7.077203386464453e-05 -8.848404847869864e-05
17.28611111111073 5.693133506207718e-05 -9.953783278883955e-05
17.28888888888851 4.136068343774636e-05 -0.0001084189696799132
17.29166666666628 2.440233727925294e-05 -0.0001148561745775345
17.29444444444406 6.441180935266275e-06 -0.0001186322689981738
17.29722222222184 -1.210385856816492e-05 -0.0001195908913492604
17.29999999999961 -3.078945345778524e-05 -0.0001176418413144845
17.30277777777739 -4.915835741344123e-05 -0.0001127648905351445
17.30555555555517 -6.6750483273424e-05 -0.0001050119272866099
17.30833333333294 -8.311431062161272e-05 -9.450734203915515e-05
17.31111111111072 -9.781834306913976e-05 -8.144660327471784e-05
17.3138888888885 -0.00011046232729355 -6.609301769316142e-05
17.31666666666627 -0.0001206879453228152 -4.877271488505884e-05
17.31944444444405 -0.0001281886983275684 -2.986794251901414e-05
17.32222222222182 -0.0001327187143032892 -9.808802916453452e-06
17.3249999999996 -0.0001341002332965458 1.093639562215315e-05
17.32777777777738 -0.0001322295518609906 3.187196034784476e-05
17.33055555555515 -0.000127081242659509 5.248656158679926e-05
17.33333333333293 -0.0001187105048120718 7.226563045282651e-05
17.33611111111071 -0.0001072535448296388 9.070410840530301e-05
17.33888888888848 -9.292593573492709e-05 0.0001073192348900737
17.34166666666626 -7.601895210434034e-05 0.0001216630515471883
17.34444444444404 -5.689393003558863e-05 0.0001333343017515888
17.34722222222181 -3.597475216007656e-05 0.0001419894127332376
17.34999999999959 -1.373860746914674e-05 0.0001473522641554431
17.35277777777737 9.294777404429819e-06 0.0001492224715670152
17.35555555555514 3.257519596327892e-05 0.0001474819451139085
17.35833333333292 5.553503156982759e-05 0.0001420995226406586
17.3611111111107 7.760303066739322e-05 0.0001331335209727626
17.36388888888847 9.821844692655764e-05 0.0001207320987286265
17.36666666666625 0.0001168452076161262 0.0001051313772886872
17.36944444444402 0.0001329857459186216 8.665132226521516e-05
17.3722222222218 0.0001461941442677363 6.568944458259139e-05
17.37499999999958 0.0001560882442027162 4.271243666786028e-05
17.37777777777735 0.0001623603976365457 1.824591380959169e-05
17.38055555555513 0.0001647865624968543 -7.137517967586784e-06
17.38333333333291 0.0001632334818659823 -3.283159951350913e-05
17.38611111111068 0.0001576637292559284 -5.821085292746282e-05
17.38888888888846 0.0001481384525258042 -8.264577034062546e-05
17.39166666666624 0.0001348177040300559 -0.0001055183891856954
17.39444444444401 0.0001179583035624971 -0.000126237869362611
17.39722222222179 9.79092420946972e-05 -0.0001442556805144297
17.39999999999957 7.510469667460447e-05 -0.0001590800102679664
17.40277777777734 5.005478856692943e-05 -0.0001702890168907835
17.40555555555512 2.333427619708224e-05 -0.0001775425722175654
17.40833333333289 -4.430569867143329e-06 -0.0001805921725186917
17.41111111111067 -3.257661227772308e-05 -0.0001792887355670763
17.41388888888845 -6.041967129439142e-05 -0.0001735880506312411
17.41666666666622 -8.727115108978861e-05 -0.0001635537033756801
17.419444444444 -0.0001124550640411899 -0.0001493573583923804
17.42222222222178 -0.000135325032063883 -0.0001312763468600904
17.42499999999955 -0.0001552808374403016 -0.000109688574041137
17.42777777777733 -0.0001717840997487376 -8.506482930796815e-05
17.43055555555511 -0.0001843726704863269 -5.795864840721712e-05
17.43333333333288 -0.000192673362590819 -2.89939420020578e-05
17.43611111111066 -0.0001964126678325495 1.149335516974885e-06
17.43888888888844 -0.0001954251602135288 3.175114899237921e-05
17.44166666666621 -0.0001896593370773362 6.206860276324683e-05
17.44444444444399 -0.0001791807103655065 9.135400601764506e-05
17.44722222222176 -0.0001641720269169991 0.0001188733431510897
17.44999999999954 -0.0001449305672903919 0.0001439246919090618
17.45277777777732 -0.0001218625455500039 0.0001658561263083968
17.45555555555509 -9.547470598001779e-05 0.0001840826472009379
17.45833333333287 -6.636328489300761e-05 0.0001981017009211112
17.46111111111065 -3.520057473036273e-05 0.0002075068754498305
17.46388888888842 -2.719391693681412e-06 0.0002119994033783675
17.4666666666662 3.030419451151614e-05 0.0002113971508045053
17.46944444444398 6.306946114605719e-05 0.0002056408300123845
17.47222222222175 9.477051599661694e-05 0.0001947972400131218
17.47499999999953 0.0001246161882164442 0.0001790594111673067
17.47777777777731 0.0001518498336227335 0.0001587436064204147
17.48055555555508 0.0001757685568672619 0.0001342832102675054
17.48333333333286 0.0001957413606884445 0.0001062196154548238
17.48611111111063 0.0002112257527767083 7.519029460700102e-05
17.48888888888841 0.0002217823732773924 4.191431746213565e-05
17.49166666666619 0.0002270872499719125 7.175642260103713e-06
17.49444444444396 0.0002269413427303505 -2.819542972103766e-05
17.49722222222174 0.0002212771026807609 -6.334219610911939e-05
17.49999999999952 0.000210161843174876 -9.740241060181213e-05
17.50277777777729 0.0001937977973266492 -0.0001295295448659698
17.50555555555507 0.0001725188187549165 -0.0001589139280306963
17.50833333333285 0.0001467837661391866 -0.0001848032331151289
17.51111111111062 0.0001171666961903035 -0.0002065217896076535
17.5138888888884 8.434407149655437e-05 -0.0002234882246050883
17.51666666666618 4.907926733488022e-05 -0.000235230970979896
17.51944444444395 1.220473289006685e-05 -0.0002414012292278617
17.52222222222173 -2.539777447098218e-05 -0.0002417830288544907
17.5249999999995 -6.281840988101519e-05 -0.0002363001040196045
17.52777777777728 -9.914140261383426e-05 -0.0002250193750295506
17.53055555555506 -0.0001334676152103206 -0.0002081509102775451
17.53333333333283 -0.0001649369405465255 -0.0001860443303468133
17.53611111111061 -0.0001927499752274704 -0.0001591817050291928
17.53888888888839 -0.0002161884197782881 -0.0001281670827379887
17.54166666666616 -0.0002346336822309191 -9.371287794248529e-05
17.54444444444394 -0.0002475832013387442 -5.66234236009822e-05
17.54722222222172 -0.00025466405792175 -1.777607001447715e-05
17.54999999999949 -0.0002556435065669133 2.189972291893866e-05
17.55277777777727 -0.0002504361335633793 6.144479813836608e-05
17.55555555555505 -0.0002391074287753481 9.98936738388084e-05
17.55833333333282 -0.0002218736471450895 0.000136298301722787
17.5611111111106 -0.0001990979274961728 0.0001697516217032674
17.56388888888837 -0.0001712827299781492 0.0001994103231862476
17.56666666666615 -0.0001390587464888265 0.000224516237471046
17.56944444444393 -0.0001031705283660061 0.0002444158148724495
17.5722222222217 -6.445916024229514e-05 0.0002585771832971812
17.57499999999948 -2.384238600517456e-05 0.0002666043412245592
17.57777777777726 1.770733971376182e-05 0.0002682481060298722
17.58055555555503 5.918634498396471e-05 0.0002634135167326524
17.58333333333281 9.95842062024659e-05 0.0002521634766468917
17.58611111111059 0.0001379085840063581 0.0002347185139327655
17.58888888888836 0.000173209813399316 0.0002114526344047561
17.59166666666614 0.0002046046332533079 0.000182885338722189
17.59444444444392 0.0002312984571037758 0.0001496699728061754
17.59722222222169 0.00025260561911663 0.0001125786735334115
17.59999999999947 0.0002679670755829595 7.248425905724281e-05
17.60277777777724 0.0002769651022129824 3.0339492249298e-05
17.60555555555502 0.0002793345994404043 -1.284578533710139e-05
17.6083333333328 0.0002749707001632923 -5.602909470258348e-05
17.61111111111057 0.0002639324648392173 -9.816073827125e-05
17.61388888888835 0.0002464425453689741 -0.0001382095702827598
17.61666666666613 0.0002228827993504219 -0.0001751884796426238
17.6194444444439 0.0001937859375425201 -0.0002081789492183293
17.62222222222168 0.0001598233871926803 -0.0002363540746560575
17.62499999999946 0.0001217896497143421 -0.0002589994605268352
17.62777777777723 8.058352059947963e-05 -0.0002755314612135289
17.63055555555501 3.71866201185563e-05 -0.0002855122972434178
17.63333333333279 -7.360246798907987e-06 -0.000288661653238685
17.63611111111056 -5.19823259213745e-05 -0.0002848644494534657
17.63888888888834 -9.559712571057567e-05 -0.0002741745728764999
17.64166666666612 -0.0001371409596666237 -0.0002568144537673438
17.64444444444389 -0.0001755951611598258 -0.0002331704767652063
17.64722222222167 -0.0002100113177914211 -0.0002037843197674647
17.64999999999944 -0.0002395348936741667 -0.0001693404159900276
17.65277777777722 -0.0002634266453407135 -0.0001306498324059351
17.655555555555 -0.0002810812894178565 -8.86309486115857e-05
17.65833333333277 -0.0002920429464714017 -4.428740177368586e-05
17.66111111111055 -0.000296016963925223 1.31616643990142e-06
17.66388888888833 -0.0002928778097521686 4.70799679754532e-05
17.6666666666661 -0.0002826728255148095 9.189589617496407e-05
17.66944444444388 -0.0002656217298929483 0.0001346746612399993
17.67222222222166 -0.000242111869495525 0.0001743725613078749
17.67499999999943 -0.0002126893198620301 0.0002100172238223921
17.67777777777721 -0.0001780460434355578 0.0002407316753531747
17.68055555555499 -0.0001390034103069912 0.0002657561376698345
17.68333333333276 -9.649247917105336e-05 0.0002844670027614499
17.68611111111054 -5.153151787102666e-05 0.0002963925082578119
17.68888888888831 -5.201313043302258e-06 0.0003012247156680626
17.69166666666609 4.138112509632034e-05 0.0002988274849884298
17.69444444444387 8.70898153034273e-05 0.0002892402382689046
17.69722222222164 0.0001308173423423222 0.0002726774091928666
17.69999999999942 0.0001715019971273725 0.0002495235829870268
17.7027777777772 0.000208153847127593 0.0002203244383451242
17.70555555555497 0.0002398790895959436 0.0001857737078120326
17.70833333333275 0.0002659020818586226 0.0001466964725881485
17.71111111111053 0.0002855844998037235 0.000104029199465902
17.7138888888883 0.0002984411464377957 5.879700927392093e-05
17.71666666666608 0.0003041520151637772 1.208873571752004e-05
17.71944444444386 0.0003025703052054743 -3.496961090509148e-05
17.72222222222163 0.0002937261870317835 -8.124232036478431e-05
17.72499999999941 0.0002778262211981363 -0.0001256117208896901
17.72777777777718 0.0002552484420675638 -0.0001670054936814458
17.73055555555496 0.0002265332256818753 -0.0002044228881694666
17.73333333333274 0.0001923701659118912 -0.0002369591897116513
17.73611111111051 0.0001535812822854021 -0.0002638278347704943
17.73888888888829 0.0001111009740780036 -0.000284379627035783
17.74166666666607 6.595321605791183e-05 -0.0002981185800665971
17.74444444444384 1.922655968309772e-05 -0.0003047139959590683
17.74722222222162 -2.795244217268621e-05 -0.0003040084832064801
17.7499999999994 -7.444673007331609e-05 -0.0002960217179354985
17.75277777777717 -0.0001191364731961033 -0.0002809498585397282
17.75555555555495 -0.0001609463601847378 -0.0002591606317198244
17.75833333333273 -0.0001988717727501013 -0.0002311842153688468
17.7611111111105 -0.0002320031975979407 -0.0001977001479065611
17.76388888888828 -0.0002595482768094122 -0.0001595205919668756
17.76666666666605 -0.000280850956262941 -0.0001175703703063981
17.76944444444383 -0.0002954072645280432 -7.286427119720767e-05
17.77222222222161 -0.0003028773390446455 -2.648218740844416e-05
17.77499999999938 -0.000303093410174874 2.045729447154869e-05
17.77777777777716 -0.0002960635545133935 6.682420047161203e-05
17.78055555555494 -0.000281971134116653 0.0001115046967646213
17.78333333333271 -0.0002611699454129695 0.0001534281597246592
17.78611111111049 -0.0002341752077943615 0.0001915931229776276
17.78888888888827 -0.0002016506246011415 0.0002250914654943042
17.79166666666604 -0.0001643918458379451 0.0002531302501068459
17.79444444444382 -0.0001233067500847099 0.000275050681756768
17.7972222222216 -7.939304052995259e-05 0.0002903437277228548
17.79999999999937 -3.371371492427156e-05 0.0002986620261916773
17.80277777777715 1.262898002321102e-05 0.0002998278026503021
17.80555555555492 5.852046395062234e-05 0.0002938366133546266
17.8083333333327 0.0001028609428588361 0.0002808568390214463
17.81111111111048 0.0001445920663331485 0.0002612249573000108
17.81388888888825 0.0001827224685756368 0.0002354367268478086
17.81666666666603 0.0002163515701439203 0.0002041345163691608
17.81944444444381 0.0002446910629634457 0.0001680911062620403
17.82222222222158 0.0002670835609824867 0.000128190376252582
17.82499999999936 0.0002830179712595562 8.540536743330224e-05
17.82777777777714 0.0002921412233834627 4.077426969119694e-05
17.83055555555491 0.0002942660868505274 -4.625065950076044e-06
17.83333333333269 0.0002893749039815194 -4.970145712378912e-05
17.83611111111047 0.000277619167700198 -9.337691159319607e-05
17.83888888888824 0.0002593149764384703 -0.00013461268867153
17.84166666666602 0.0002349345000078196 -0.0001724342637829509
17.84444444444379 0.0002050936879542076 -0.0002059545899975269
17.84722222222157 0.0001705365432715849 -0.0002343950958902409
17.84999999999935 0.0001321163671581127 -0.0002571039182175781
17.85277777777712 9.077445272655597e-05 -0.000273570939143727
17.8555555555549 4.751676550894037e-05 -0.0002834392792013397
17.85833333333268 3.389194798880286e-06 -0.0002865129867588314
17.86111111111045 -4.054800871548223e-05 -0.0002827607601912207
17.86388888888823 -8.324597760741774e-05 -0.0002723156377933578
17.86666666666601 -0.0001236925230659288 -0.0002554706902526587
17.86944444444378 -0.0001609363647999802 -0.0002326708487101277
17.87222222222156 -0.0001941097099685485 -0.0002045010956539112
17.87499999999934 -0.0002224486405040888 -0.0001716713337846414
17.87777777777711 -0.0002453108261414305 -0.0001349983274308217
17.88055555555489 -0.0002621901499244097 -9.538518015234645e-05
17.88333333333266 -0.0002727279121054172 -5.379886922712197e-05
17.88611111111044 -0.0002767203651483831 -1.124640141952281e-05
17.88888888888822 -0.0002741224247497517 3.124981616724466e-05
17.89166666666599 -0.0002650474970843269 7.267678189247875e-05
17.89444444444377 -0.0002497634584555821 0.0001120552744673426
17.89722222222155 -0.0002286849177901958 0.0001484632050937994
17.89999999999932 -0.0002023619826409513 0.000181057385216988
17.9027777777771 -0.0001714658333333083 0.0002090931920977657
17.90555555555488 -0.0001367714855886607 0.0002319416706390203
17.90833333333265 -9.913818755975198e-05 0.0002491036770345293
17.91111111111043 -5.948795121061279e-05 0.0002602207460511683
17.91388888888821 -1.878275909301848e-05 0.0002650824471574603
17.91666666666598 2.19989850352034e-05 0.0002636300830977557
17.91944444444376 6.188618023058349e-05 0.0002559566756681272
17.92222222222154 9.99383468960248e-05 0.000242303275067195
17.92499999999931 0.0001352679754033223 0.0002230517190011284
17.92777777777709 0.0001670613698428627 0.000198714053506157
17.93055555555486 0.0001945974943001137 0.0001699189071238986
17.93333333333264 0.0002172643831169974 0.0001373951817163688
17.93611111111042 0.0002345727409016943 0.0001019534851411511
17.93888888888819 0.0002461664308847634 6.446578180055429e-05
17.94166666666597 0.0002518296296959856 2.584377557859447e-05
17.94444444444375 0.000251490510696053 -1.298343490480559e-05
17.94722222222152 0.0002452214045233847 -5.109187698184309e-05
17.9499999999993 0.0002332354723189576 -8.758485072131759e-05
17.95277777777708 0.0002158800120310608 -0.000121614167380247
17.95555555555485 0.0001936265991885694 -0.0001523999734895333
17.95833333333263 0.0001670583386082676 -0.0001792486950534734
17.96111111111041 0.0001368545708822845 -0.0002015686878279047
17.96388888888818 0.0001037734356002934 -0.0002188832406920714
17.96666666666596 6.863274077734317e-05 -0.000230840648114116
17.96944444444373 3.228962382646482e-05 -0.0002372211428306798
17.97222222222151 -4.380487084222629e-06 -0.0002379405591693655
17.97499999999929 -4.050509176649199e-05 -0.0002330506789393186
17.97777777777706 -7.523549951961037e-05 -0.0002227362934458907
17.98055555555484 -0.0001077668709968433 -0.0002073090949356351
17.98333333333262 -0.0001373569450415933 -0.0001871985867013277
17.98611111111039 -0.0001633430134692257 -0.0001629402713457363
17.98888888888817 -0.0001851567553333414 -0.0001351614396618194
17.99166666666595 -0.0002023365996630193 -0.0001045649367794795
17.99444444444372 -0.0002145373504429468 -7.19113264324705e-05
17.9972222222215 -0.0002215368780234769 -3.799990747064551e-05
17.99999999999928 -0.0002232397553847271 -3.64905841052699e-06
18.00277777777705 -0.0002196777938489177 3.032360449793677e-05
18.00555555555483 -0.0002110075090264409 6.312077255149858e-05
18.0083333333326 -0.0001975046221237296 9.398422424544456e-05
18.01111111111038 -0.000179555772419169 0.0001222123957675812
18.01388888888816 -0.0001576476820474222 0.0001471763347340241
18.01666666666593 -0.000132354072685893 0.0001683336749568029
18.01944444444371 -0.0001043206839772976 0.0001852403236038405
18.02222222222149 -7.42487844345307e-05 0.000197559612429763
18.02499999999926 -4.287759629845012e-05 0.0002050687302261592
18.02777777777704 -1.096607574944104e-05 0.0002076623225758056
18.03055555555482 2.072550130070476e-05 0.0002053532156385048
18.03333333333259 5.145369994056202e-05 0.0001982702912871672
18.03611111111037 8.050939885988473e-05 0.0001866536097122015
18.03888888888815 0.0001072341638267599 0.0001708469409573153
18.04166666666592 0.0001310351443648347 0.000151287927190637
18.0444444444437 0.0001513981579624862 0.0001284961514484474
18.04722222222147 0.0001678986756569771 0.0001030594348970159
18.04999999999925 0.0001802104785159433 7.561872232825849e-05
18.05277777777703 0.0001881118149083257 4.685194386255107e-05
18.0555555555548 0.00019148895196151 1.745725913342968e-05
18.05833333333258 0.000190337079618542 -1.186390169270858e-05
18.06111111111036 0.0001847585906238935 -4.042358788309347e-05
18.06388888888813 0.0001749588229830848 -6.756346910412438e-05
18.06666666666591 0.0001612394114384879 -9.266998913411553e-05
18.06944444444369 0.000143989449869584 -0.0001151881846390008
18.07222222222146 0.0001236747159809105 -0.0001346338598358311
18.07499999999924 0.0001008252520815685 -0.0001506038532134357
18.07777777777702 7.602163027661155e-05 -0.0001627841834321307
18.08055555555479 4.988025627242534e-05 -0.0001709559167376666
18.08333333333257 2.303808278452163e-05 -0.0001749986562541391
18.08611111111034 -3.862889026506147e-06 -0.0001748916129046993
18.08888888888812 -3.019094357791581e-05 -0.0001707122769599699
18.0916666666659 -5.533945487031383e-05 -0.000162632766886208
18.09444444444367 -7.874081472229826e-05 -0.0001509139868773508
18.09722222222145 -9.987916723409949e-05 -0.0001358977749232657
18.09999999999923 -0.0001183016664323438 -0.0001179972683384443
18.102777777777 -0.0001336280151980696 -9.768575235832788e-05
18.10555555555478 -0.0001455580898142938 -7.548428887184868e-05
18.10833333333256 -0.0001538775045317465 -5.19484459920583e-05
18.11111111111033 -0.0001584610231692379 -2.765446452742195e-05
18.11388888888811 -0.000159273778578095 -3.185204318271345e-06
18.11666666666589 -0.0001563703144850015 2.08837881715123e-05
18.11944444444366 -0.000149891516466054 4.399775943896884e-05
18.12222222222144 -0.0001400595483554315 6.563546181040406e-05
18.12499999999921 -0.0001271709561007425 8.53208106172756e-05
18.12777777777699 -0.0001115881419043193 0.0001026332281271228
18.13055555555477 -9.372944654802602e-05 0.0001172164536746512
18.13333333333254 -7.405810634909616e-05 0.0001287856410150691
18.13611111111032 -5.30703726826067e-05 0.0001371326089503559
18.1388888888881 -3.1283096056994e-05 0.0001421291585945428
18.14166666666587 -9.221083164220934e-06 0.0001437284190401804
18.14444444444365 1.25954658498112e-05 0.0001419642314649399
18.14722222222143 3.366314123878878e-05 0.0001369486286983145
18.1499999999992 5.350684560599174e-05 0.0001288675118393565
18.15277777777698 7.169039306138563e-05 0.0001179746666444559
18.15555555555476 8.782595264763072e-05 0.0001045842991665345
18.15833333333253 0.0001015821360652551 8.906230172376146e-05
18.16111111111031 0.0001126905667821228 7.181648605910314e-05
18.16388888888808 0.0001209508077708431 5.328604002284833e-05
18.16666666666586 0.0001262335673247145 3.393047694349348e-05
18.16944444444364 0.0001284821455893359 1.421835288478689e-05
18.17222222222141 0.0001277121275368061 -5.383973765641167e-06
18.17499999999919 0.0001240093700605212 -2.442327329556504e-05
18.17777777777697 0.0001175263706869783 -4.246981281350495e-05
18.18055555555474 0.0001084771421696362 -5.912692753816576e-05
18.18333333333252 9.713075013056942e-05 -7.403958584832749e-05
18.1861111111103 8.380369923813656e-05 -8.690176780288946e-05
18.18888888888807 6.885137658236167e-05 -9.746250957441754e-05
18.19166666666585 5.265877848811337e-05 -0.0001055305017509859
18.19444444444363 3.563075870995952e-05 -0.0001109771668038373
18.1972222222214 1.818204162993953e-05 -0.0001137381792561263
18.19999999999918 7.272437550278903e-07 -0.0001138134302601583
18.20277777777696 -1.632885937292716e-05 -0.0001112654754824857
18.20555555555473 -3.260059547555026e-05 -0.0001062165405244724
18.20833333333251 -4.772997853617816e-05 -9.884419076556871e-05
18.21111111111028 -6.139442545051828e-05 -8.937580178234153e-05
18.21388888888806 -7.331344470442336e-05 -7.808199174573924e-05
18.21666666666584 -8.325416411402916e-05 -6.526919792442673e-05
18.21944444444361 -9.103559579034868e-05 -5.127159523661762e-05
18.22222222222139 -9.653156926262252e-05 -3.644256544427816e-05
18.22499999999917 -9.967229728263253e-05 -2.114593094099438e-05
18.22777777777694 -0.0001004445723938479 -5.747167169254115e-06
18.23055555555472 -9.88906250835447e-05 9.395197363944302e-06
18.2333333333325 -9.510570546579077e-05 2.393779444980712e-05
18.23611111111027 -8.92344792639251e-05 3.756005836024451e-05
18.23888888888805 -8.14663547359287e-05 4.997113079929152e-05
18.24166666666583 -7.202987957020652e-05 6.091588457036199e-05
18.2444444444436 -6.118636522657861e-05 7.017994676782013e-05
18.24722222222138 -4.922291036860653e-05 7.759362934986286e-05
18.24999999999915 -3.644500470595962e-05 8.303470347051642e-05
18.25277777777693 -2.316889962513153e-05 8.642998321745061e-05
18.25555555555471 -9.713932444343646e-06 8.775571368756147e-05
18.25833333333248 3.605012904064502e-06 8.703678693207697e-05
18.26111111111026 1.648473425910463e-05 8.434483654434897e-05
18.26388888888804 2.86404664227973e-05 7.979528692908935e-05
18.26666666666581 3.981201668252188e-05 7.354345602877422e-05
18.26944444444359 4.976915303177108e-05 6.577983001510665e-05
18.27222222222137 5.831613882100426e-05 5.672464479156727e-05
18.27499999999914 6.529533086694668e-05 4.662192180012454e-05
18.27777777777692 7.058978266017087e-05 3.573311438569238e-05
18.2805555555547 7.412481961192721e-05 2.43305257426944e-05
18.28333333333247 7.586857863721379e-05 1.26906602562188e-05
18.28611111111025 7.583152917617328e-05 1.087666948613272e-06
18.28888888888802 7.40650164271665e-05 -1.021297305995775e-05
18.2916666666658 7.065888956734168e-05 -2.096037339429548e-05
18.29444444444358 6.573829759219889e-05 -3.092365519759602e-05
18.29722222222135 5.945975270039392e-05 -3.989673343791302e-05
18.29999999999913 5.200657554592611e-05 -4.770238253214168e-05
18.30277777777691 4.358384791919673e-05 -5.419550695501323e-05
18.30555555555468 3.441300632441682e-05 -5.926556355982098e-05
18.30833333333246 2.472621440959775e-05 -6.283810402656863e-05
18.31111111111024 1.476065326750871e-05 -6.487542763936159e-05
18.31388888888801 4.752866347816923e-06 -6.537635594663469e-05
18.31666666666579 -5.066709747448646e-06 -6.437516128178363e-05
18.31944444444357 -1.447890573395613e-05 -6.193970015378658e-05
18.32222222222134 -2.32805596170236e-05 -5.816881974715949e-05
18.32499999999912 -3.128873780043859e-05 -5.318912084069277e-05
18.32777777777689 -3.834435428974667e-05 -4.715117307178323e-05
18.33055555555467 -4.431512176056085e-05 -4.022528841466634e-05
18.33333333333245 -4.909778612343968e-05 -3.259696585021611e-05
18.33611111111022 -5.26196146573172e-05 -2.446212440706358e-05
18.338888888888 -5.483912635192062e-05 -1.602224303523286e-05
18.34166666666578 -5.57460713413597e-05 -7.479524203194928e-06
18.34444444444355 -5.536068380541726e-05 9.678061877640273e-07
18.34722222222133 -5.373224906568235e-05 9.129956808462735e-06
18.34999999999911 -5.093704045822584e-05 1.682969018093432e-05
18.35277777777688 -4.707569461728336e-05 2.390601770154185e-05
18.35555555555466 -4.22701048024347e-05 3.021739765782912e-05
18.35833333333244 -3.665992065130923e-05 3.564437757288922e-05
18.36111111111021 -3.039874910518117e-05 4.009163722286098e-05
18.36388888888799 -2.365015516548068e-05 4.34894042200506e-05
18.36666666666576 -1.658356258192513e-05 4.57942297513286e-05
18.36944444444354 -9.370153597402943e-06 4.698912752708634e-05
18.37222222222132 -2.178863585970846e-06 4.708309387047487e-05
18.37499999999909 4.82743902731572e-06 4.611004082592538e-05
18.37777777777687 1.149550457541289e-05 4.412718688827464e-05
18.38055555555465 1.76849118109611e-05 4.121296118933673e-05
18.38333333333242 2.327087209131991e-05 3.746448651027457e-05
18.3861111111102 2.814657644118225e-05 3.299471414790091e-05
18.38888888888798 3.222504634823386e-05 2.792928933339709e-05
18.39166666666575 3.544046214118068e-05 2.240322951731723e-05
18.39444444444353 3.774895596004292e-05 1.655749938056831e-05
18.39722222222131 3.912886933695887e-05 1.053556594344048e-05
18.39999999999908 3.958048795863496e-05 4.480014706229191e-06
18.40277777777686 3.912527799652471e-05 -1.470696507490688e-06
18.40555555555463 3.780465921369655e-05 -7.185275253504504e-06
18.40833333333241 3.567835966671757e-05 -1.254236034395462e-05
18.41111111111019 3.282240503166842e-05 -1.743296113654729e-05
18.41388888888796 2.932680225147678e-05 -2.176252506735514e-05
18.41666666666574 2.529298222432047e-05 -2.545259857170576e-05
18.41944444444352 2.083106956998571e-05 -2.844205730074686e-05
18.42222222222129 1.605704910747832e-05 -3.068789248149013e-05
18.42499999999907 1.108989857505636e-05 -3.216555112251764e-05
18.42777777777685 6.048755391410892e-06 -3.286883827863508e-05
18.43055555555462 1.050181991324469e-06 -3.280939952262744e-05
18.4333333333324 -3.794410393098326e-06 -3.201581091475618e-05
18.43611111111018 -8.381125532286614e-06 -3.053231192473111e-05
18.43888888888795 -1.261568655464898e-05 -2.84172237897559e-05
18.44166666666573 -1.641524162706763e-05 -2.574110156168011e-05
18.4444444444435 -1.970984015448662e-05 -2.258467251754241e-05
18.44722222222128 -2.244355752603291e-05 -1.903661662656419e-05
18.44999999999906 -2.457525545140937e-05 -1.519124636517643e-05
18.45277777777683 -2.607897391212688e-05 -1.114614336504994e-05
18.45555555555461 -2.694395948531606e-05 -6.99980821763676e-06
18.45833333333239 -2.717434308820487e-05 -2.8493773198679e-06
18.46111111111016 -2.678848785895443e-05 1.211542962641484e-06
18.46388888888794 -2.581803477826119e-05 5.094879187014443e-06
18.46666666666572 -2.430667961329815e-05 8.719890689892647e-06
18.46944444444349 -2.230871972554795e-05 1.201473258419425e-05
18.47222222222127 -1.988741314985503e-05 1.491775488307206e-05
18.47499999999905 -1.711319507462824e-05 1.737851791921816e-05
18.47777777777682 -1.406179841413549e-05 1.935851159120839e-05
18.4805555555546 -1.081232557115132e-05 2.083157333641199e-05
18.48333333333238 -7.445317778674175e-06 2.178400692679815e-05
18.48611111111015 -4.040866643335699e-06 2.22144110482117e-05
18.48888888888793 -6.768097744947869e-07 2.21332330066151e-05
18.4916666666657 2.572951225426474e-06 2.156206867578157e-05
18.49444444444348 5.639976491805057e-06 2.053273484864124e-05
18.49722222222126 8.462628407977469e-06 1.908614438953122e-05
18.49999999999903 1.098720340390648e-05 1.727101794009467e-05
18.50277777777681 1.316883733186732e-05 1.514246836445377e-05
