16.5 1.008601313260104e-07 1.916506791906346e-07
16.50277777777778 1.606968549659721e-07 1.556005287641065e-07
16.50555555555555 2.077968562524558e-07 1.009417991640891e-07
16.50833333333333 2.363981498626819e-07 3.213147543655978e-08
16.51111111111111 2.422858038345481e-07 -4.459791556019789e-08
16.51388888888888 2.233360982653074e-07 -1.217715709224278e-07
16.51666666666666 1.798779835427328e-07 -1.913714172411824e-07
16.51944444444444 1.148217173535509e-07 -2.456385979479323e-07
16.52222222222221 3.352567271106131e-08 -2.779021543902291e-07
16.52499999999999 -5.660211549960802e-08 -2.833487109508785e-07
16.52777777777776 -1.467434575681049e-07 -2.596485101065766e-07
16.53055555555554 -2.274994313456544e-07 -2.073626217567131e-07
16.53333333333332 -2.898352464403041e-07 -1.30074167927701e-07
16.53611111111109 -3.26049033878844e-07 -3.421162657382092e-08
16.53888888888887 -3.306645066009517e-07 7.143747466542971e-08
16.54166666666665 -3.011488632065799e-07 1.764917480780433e-07
16.54444444444442 -2.383692052219936e-07 2.69957980754614e-07
16.5472222222222 -1.467225405098242e-07 3.413411414893293e-07
16.54999999999998 -3.390450358115802e-08 3.817742484622173e-07
16.55277777777775 8.968239041458804e-08 3.850508689883507e-07
16.55555555555553 2.118422208279518e-07 3.484456459447484e-07
16.55833333333331 3.197458240627317e-07 2.732230963757038e-07
16.56111111111108 4.012318432959085e-07 1.647612343651109e-07
16.56388888888886 4.461212520841829e-07 3.225230176562816e-08
16.56666666666663 4.474083383938473e-07 -1.120151098611121e-07
16.56944444444441 4.021953328236804e-07 -2.5374401636134e-07
16.57222222222219 3.122563030580851e-07 -3.779965719537426e-07
16.57499999999996 1.841475852506846e-07 -4.707155320114968e-07
16.57777777777774 2.882439163851679e-08 -5.202498461250263e-07
16.58055555555552 -1.392274583211013e-07 -5.187246423353153e-07
16.58333333333329 -3.032842421442353e-07 -4.631020986095109e-07
16.58611111111107 -4.459926390703341e-07 -3.558024739210953e-07
16.58888888888885 -5.511448012018545e-07 -2.047925353109198e-07
16.59166666666662 -6.054444946893331e-07 -2.30987277864672e-08
16.5944444444444 -6.000785457452326e-07 1.72239823549462e-07
16.59722222222218 -5.319166650331909e-07 3.617036185406604e-07
16.59999999999995 -4.041907227921585e-07 5.251799025863832e-07
16.60277777777773 -2.265499529071938e-07 6.440287383844579e-07
16.6055555555555 -1.444767850212796e-08 7.031224673944635e-07
16.60833333333328 2.121174001706224e-07 6.926430797349588e-07
16.61111111111106 4.304131201136444e-07 6.094341383179837e-07
16.61388888888883 6.171829749797126e-07 4.57738161970205e-07
16.61666666666661 7.510451629243577e-07 2.492045190701454e-07
16.61944444444439 8.148416568297895e-07 2.122438056857791e-09
16.62222222222216 7.97687990348659e-07 -2.600876758693833e-07
16.62499999999994 6.96490691823541e-07 -5.110115402295922e-07
16.62777777777772 5.16741029408115e-07 -7.238209720381714e-07
16.63055555555549 2.724581110245313e-07 -8.740528677679836e-07
16.63333333333327 -1.476399250331982e-08 -9.423078995954228e-07
16.63611111111105 -3.175591142638905e-07 -9.165812383196504e-07
16.63888888888882 -6.053038778202893e-07 -7.939589470804116e-07
16.6416666666666 -8.471236287387126e-07 -5.814643036133032e-07
16.64444444444437 -1.015103687190284e-06 -2.959146313147729e-07
16.64722222222215 -1.087381612542303e-06 3.725524455379842e-08
16.64999999999993 -1.05078937284118e-06 3.861409589381488e-07
16.6527777777777 -9.027419090563499e-07 7.153204131705944e-07
16.65555555555548 -6.521297133116753e-07 9.893475857707959e-07
16.65833333333326 -3.190632538566879e-07 1.176454188443265e-06
16.66111111111103 6.657139953426968e-08 1.252083540161086e-06
16.66388888888881 4.67664048933492e-07 1.201876597411987e-06
16.66666666666659 8.433363050917428e-07 1.023765318227209e-06
16.66944444444436 1.152992638565372e-06 7.289020670019103e-07
16.67222222222214 1.360576761586631e-06 3.412600859682544e-07
16.67499999999992 1.438599395701057e-06 -1.04130108897329e-07
16.67777777777769 1.371502344592769e-06 -5.642024982973671e-07
16.68055555555547 1.15796829350496e-06 -9.918915052270582e-07
16.68333333333324 8.118738508431086e-07 -1.340817709385375e-06
16.68611111111102 3.61708278342054e-07 -1.570169859541273e-06
16.6888888888888 -1.515689011953883e-07 -1.649283168294251e-06
16.69166666666657 -6.780960513609451e-07 -1.561417179711065e-06
16.69444444444435 -1.163810747026352e-06 -1.306292156876647e-06
16.69722222222213 -1.555856272026386e-06 -9.010480722202793e-07
16.6999999999999 -1.808167120354522e-06 -3.794366530232644e-07
16.70277777777768 -1.886658861893776e-06 2.107685178734591e-07
16.70555555555546 -1.773456861841015e-06 8.119728817783968e-07
16.70833333333323 -1.469667353148282e-06 1.362223327896336e-06
16.71111111111101 -9.963193610444181e-07 1.80143092878391e-06
16.71388888888879 -3.932769627230262e-07 2.077745086641099e-06
16.71666666666656 2.838770721821874e-07 2.153420430004583e-06
16.71944444444434 9.687725575927029e-07 2.009534404404118e-06
16.72222222222211 1.590582363847743e-06 1.648998406958071e-06
16.72499999999989 2.081166811492628e-06 1.097453381436141e-06
16.72777777777767 2.382329224075339e-06 4.018399429836436e-07
16.73055555555544 2.452429673771989e-06 -3.733347751427157e-07
16.73333333333322 2.271629998065065e-06 -1.151768847442725e-06
16.736111111111 1.845146894382131e-06 -1.852683157719677e-06
16.73888888888877 1.204064652930485e-06 -2.399003453566876e-06
16.74166666666655 4.034903714506054e-07 -2.725597932569911e-06
16.74444444444433 -4.818989193064918e-07 -2.786711880743539e-06
16.7472222222221 -1.364591995537189e-06 -2.561778685660138e-06
16.74999999999988 -2.152680285634269e-06 -2.058912448258986e-06
16.75277777777766 -2.759204759202516e-06 -1.315592932359918e-06
16.75555555555543 -3.111484241310655e-06 -3.963214051836886e-07
16.75833333333321 -3.159448998201786e-06 6.126687561534228e-07
16.76111111111098 -2.882055713115859e-06 1.61125004603344e-06
16.76388888888876 -2.291011864625225e-06 2.495102973045274e-06
16.76666666666654 -1.431278364848346e-06 3.166366680204138e-06
16.76944444444431 -3.78128526736367e-07 3.544174883006722e-06
16.77222222222209 7.691098472454861e-07 3.573970158955907e-06
16.77499999999987 1.896148752475955e-06 3.234559521765422e-06
16.77777777777764 2.884868302573686e-06 2.542056432326322e-06
16.78055555555542 3.625422201444051e-06 1.550135674099103e-06
16.7833333333332 4.028106454326814e-06 3.463834918338313e-07
16.78611111111097 4.033739409294005e-06 -9.550774141401105e-07
16.78888888888875 3.621392396258583e-06 -2.224109565970248e-06
16.79166666666653 2.812527668217405e-06 -3.327291772344981e-06
16.7944444444443 1.670927727561822e-06 -4.14164323374733e-06
16.79722222222208 2.982087343736525e-07 -4.567958389297549e-06
16.79999999999986 -1.174838158681961e-06 -4.542340528713093e-06
16.80277777777763 -2.600385158507784e-06 -4.044638838034579e-06
16.80555555555541 -3.828094706645353e-06 -3.102751706014791e-06
16.80833333333318 -4.720639018974511e-06 -1.792138880051676e-06
16.81111111111096 -5.168642500903509e-06 -2.303527470989831e-07
16.81388888888874 -5.103458879073003e-06 1.43308997548431e-06
16.81666666666651 -4.506341796722611e-06 3.030671906517596e-06
16.81944444444429 -3.412872656547361e-06 4.39340801198536e-06
16.82222222222207 -1.911948568510457e-06 5.368350667168954e-06
16.82499999999984 -1.391670168811431e-07 5.835288883665218e-06
16.82777777777762 1.734978933483223e-06 5.720860276801163e-06
16.8305555555554 3.521118736005467e-06 5.008476960011762e-06
16.83333333333317 5.029771772093922e-06 3.742825329802545e-06
16.83611111111095 6.091041470478256e-06 2.028205699396495e-06
16.83888888888873 6.573228016710736e-06 2.058515029538524e-08
16.8416666666665 6.398366945225771e-06 -2.086112865321038e-06
16.84444444444428 5.552925375515831e-06 -4.078331715906435e-06
16.84722222222205 4.092307783374434e-06 -5.744130185952735e-06
16.84999999999983 2.138404436769531e-06 -6.895282673714553e-06
16.85277777777761 -1.298951234514212e-07 -7.387968962632161e-06
16.85555555555538 -2.492570873720344e-06 -7.139830674266735e-06
16.85833333333316 -4.709373781910633e-06 -6.14144475465065e-06
16.86111111111094 -6.543821374902164e-06 -4.460754235655965e-06
16.86388888888871 -7.787934427053292e-06 -2.239662061757387e-06
16.86666666666649 -8.28517362188493e-06 3.172263417276241e-07
16.86944444444427 -7.949103390534079e-06 2.96090804453256e-06
16.87222222222204 -6.77563988682085e-06 5.421758980504782e-06
16.87499999999982 -4.847308953847274e-06 7.436561618374835e-06
16.8777777777776 -2.328699630176488e-06 8.776121702665155e-06
16.88055555555537 5.468213249380064e-07 9.270627074824344e-06
16.88333333333315 3.498154648590718e-06 8.830005420966266e-06
16.88611111111092 6.223440643028546e-06 7.456932670636111e-06
16.8888888888887 8.430423623808745e-06 5.25080179392623e-06
16.89166666666648 9.867205023360575e-06 2.401826203229345e-06
16.89444444444425 1.035020412271123e-05 -8.245580331453011e-07
16.89722222222203 9.786291815804142e-06 -4.111809120359598e-06
16.89999999999981 8.186532345005489e-06 -7.122792933576453e-06
16.90277777777758 5.669726130358234e-06 -9.533808494416388e-06
16.90555555555536 2.454927463119954e-06 -1.106874592736404e-05
16.90833333333314 -1.156778466345734e-06 -1.152983222366249e-05
16.91111111111091 -4.809824121915391e-06 -1.082161717997594e-05
16.91388888888869 -8.128585262660049e-06 -8.965406574781788e-06
16.91666666666647 -1.075541112906877e-05 -6.102219964408118e-06
16.91944444444424 -1.23884671776938e-05 -2.483459549837111e-06
16.92222222222202 -1.281545110791119e-05 1.550280818422489e-06
16.92499999999979 -1.193949954357421e-05 5.600585037277762e-06
16.92777777777757 -9.79425411028466e-06 9.249949121488386e-06
16.93055555555535 -6.546051039839622e-06 1.210417887033978e-05
16.93333333333312 -2.482448964664549e-06 1.383420781611844e-05
16.9361111111109 2.01230411748432e-06 1.421296944677347e-05
16.93888888888868 6.492880295156145e-06 1.314328387960307e-05
16.94166666666645 1.0496336968857e-05 1.067347979531473e-05
16.94444444444423 1.3589263309553e-05 6.998606820067348e-06
16.94722222222201 1.541387325863428e-05 2.446499377762918e-06
16.94999999999978 1.572821903908451e-05 -2.550504626687814e-06
16.95277777777756 1.443610594787201e-05 -7.495862988360641e-06
16.95555555555534 1.160317274106625e-05 -1.187747289410225e-05
16.95833333333311 7.456890190137066e-06 -1.521996525934629e-05
16.96111111111089 2.369806150857703e-06 -1.713538072941575e-05
16.96388888888866 -3.172923339822287e-06 -1.736690706496135e-05
16.96666666666644 -8.619003345507963e-06 -1.582085720502218e-05
16.96944444444422 -1.340329488409731e-05 -1.258308851125929e-05
16.97222222222199 -1.70056730137311e-05 -7.91752173717111e-06
16.97499999999977 -1.900660043129902e-05 -2.246179338614629e-06
16.97777777777755 -1.913456703685783e-05 3.887943985658399e-06
16.98055555555532 -1.73001515694915e-05 9.872031714569462e-06
16.9833333333331 -1.361263617464836e-05 1.508388863820772e-05
16.98611111111088 -8.3767494328742e-06 1.895579413027003e-05
16.98888888888865 -2.069075864171236e-06 2.103529294998337e-05
16.99166666666643 4.704241055368383e-06 2.103650914900046e-05
16.99444444444421 1.126487183796814e-05 1.887629486377076e-05
16.99722222222198 1.692941300209376e-05 1.469087107128088e-05
16.99999999999976 2.107968108671425e-05 8.830466489302797e-06
17.00277777777753 2.3229043483805e-05 1.831641473288777e-06
17.00555555555531 2.307777078575788e-05 -5.630717485611883e-06
17.00833333333309 2.055125777227463e-05 -1.280756433318178e-05
17.01111111111086 1.581649410877079e-05 -1.895001722450978e-05
17.01388888888864 9.274238083361961e-06 -2.338655128235476e-05
17.01666666666642 1.526762959280768e-06 -2.55951935778089e-05
17.01944444444419 -6.676431768799708e-06 -2.52630679940643e-05
17.02222222222197 -1.451018044023394e-05 -2.232665314880533e-05
17.02499999999975 -2.11557503818806e-05 -1.69878583495175e-05
17.02777777777752 -2.588540196929286e-05 -9.703337546259376e-06
17.0305555555553 -2.814077111730458e-05 -1.147131015674377e-06
17.03333333333308 -2.759674875249316e-05 7.850514415907242e-06
17.03611111111085 -2.420371848111614e-05 1.638272625513538e-05
17.03888888888863 -1.820298357183256e-05 2.355646345654631e-05
17.0416666666664 -1.011279248967243e-05 2.858492080854461e-05
17.04444444444418 -6.853139185695479e-07 3.087241939881686e-05
17.04722222222196 9.162073868355636e-06 3.008274887697481e-05
17.04999999999973 1.843503783377142e-05 2.618330426984391e-05
17.05277777777751 2.616170469689339e-05 1.945957938309441e-05
17.05555555555529 3.149339284595307e-05 1.049744119372538e-05
17.05833333333306 3.3796326142915e-05 1.338420652576529e-07
17.06111111111084 3.272455138893942e-05 -1.062009213774908e-05
17.06388888888862 2.826586900373479e-05 -2.067666772125536e-05
17.06666666666639 2.075507733450256e-05 -2.898060902468593e-05
17.06944444444417 1.085199941191719e-05 -3.461860479141391e-05
17.07222222222195 -5.146967961511083e-07 -3.691815334103017e-05
17.07499999999972 -1.223331064580005e-05 -3.552515013372806e-05
17.0777777777775 -2.311676363361324e-05 -3.045148131235469e-05
17.08055555555528 -3.202178238598847e-05 -2.208667233283991e-05
17.08333333333305 -3.796774755868115e-05 -1.117113755708518e-05
17.08611111111083 -4.024296883510674e-05 1.267552017488374e-06
17.0888888888886 -3.848701837478282e-05 1.401010693603426e-05
17.09166666666638 -3.273982975186409e-05 2.576394018790566e-05
17.09444444444416 -2.345137346820749e-05 3.529318206199835e-05
17.09722222222193 -1.144956802494519e-05 4.154731807858265e-05
17.09999999999971 2.131694771718878e-06 4.37751805131723e-05
17.10277777777749 1.595836313086273e-05 4.161208300196029e-05
17.10555555555526 2.862614474196734e-05 3.51302405284736e-05
17.10833333333304 3.88019940628353e-05 2.484606417896594e-05
17.11111111111082 4.536302143511361e-05 1.168214218710044e-05
17.11388888888859 4.751847396440657e-05 -3.113693858369739e-06
17.11666666666637 4.490170488015438e-05 -1.80853272098503e-05
17.11944444444415 3.762170329185282e-05 -3.171051855863901e-05
17.12222222222192 2.62675714593751e-05 -4.255450881754352e-05
17.1249999999997 1.186395635084119e-05 -4.941967438841502e-05
17.12777777777747 -4.219583636688497e-06 -5.147575437393242e-05
17.13055555555525 -2.039746838051401e-05 -4.835666572913176e-05
17.13333333333303 -3.502325465224223e-05 -4.021290493682785e-05
17.1361111111108 -4.65559964449735e-05 -2.771274358497594e-05
17.13888888888858 -5.372111134069304e-05 -1.19904657408912e-05
17.14166666666636 -5.564909335046902e-05 5.454725356135517e-06
17.14444444444413 -5.197716176834119e-05 2.290032800006e-05
17.14722222222191 -4.290227114208141e-05 3.856945379984596e-05
17.14999999999969 -2.917853559058264e-05 5.081058294017386e-05
17.15277777777746 -1.205760531399664e-05 5.82700937699295e-05
17.15555555555524 6.823663375999222e-06 6.003968127043861e-05
17.15833333333302 2.559836768073067e-05 5.576280418412254e-05
17.16111111111079 4.235298030796589e-05 4.568801515007063e-05
17.16388888888857 5.532112863942764e-05 3.066210148865508e-05
17.16666666666634 6.306822410231483e-05 1.206191597472039e-05
17.16944444444412 6.464778559199863e-05 -8.329977976124677e-06
17.1722222222219 5.971262628534476e-05 -2.849481636708164e-05
17.17499999999967 4.856819306161913e-05 -4.637631920888059e-05
17.17777777777745 3.21608919706523e-05 -6.008911033071061e-05
17.18055555555523 1.200067452774311e-05 -6.811586491799783e-05
17.183333333333 -9.976136656244127e-06 -6.947271544455011e-05
17.18611111111078 -3.159151830999612e-05 -6.382509701027394e-05
17.18888888888856 -5.064043662337614e-05 -5.154076468261041e-05
17.19166666666633 -6.511450835868247e-05 -3.367275609107468e-05
17.19444444444411 -7.341206428847561e-05 -1.18720254815964e-05
17.19722222222189 -7.451279263698963e-05 1.176334599749109e-05
17.19999999999966 -6.809814023839082e-05 3.488878397319e-05
17.20277777777744 -5.460365872762073e-05 5.514464506304009e-05
17.20555555555521 -3.519604520606949e-05 7.039570003034064e-05
17.20833333333299 -1.167511261594735e-05 7.895448793030845e-05
17.21111111111077 1.369140630970633e-05 7.976532905579907e-05
17.21388888888854 3.838524599480224e-05 7.252915914983708e-05
17.21666666666632 5.988647545531806e-05 5.775484096185946e-05
17.2194444444441 7.592936056569782e-05 3.672971722378884e-05
17.22222222222187 8.473935873107089e-05 1.141020804917323e-05
17.22499999999965 8.522661024638711e-05 -1.575857141381351e-05
17.22777777777743 7.711506467119454e-05 -4.20777223799636e-05
17.2305555555552 6.099238365163325e-05 -6.486155766179703e-05
17.23333333333298 3.827343903585762e-05 -8.171037275445866e-05
17.23611111111076 1.107883639204403e-05 -9.076140406538508e-05
17.23888888888853 -1.796141599645474e-05 -9.08918847942831e-05
17.24166666666631 -4.596108913159768e-05 -8.185230684998189e-05
17.24444444444408 -7.006351121674772e-05 -6.431453450883758e-05
17.24722222222186 -8.773174638119375e-05 -3.982768483818515e-05
17.24999999999964 -9.701381117388964e-05 -1.06838914611342e-05
17.25277777777741 -9.675535895101974e-05 2.029471303696339e-05
17.25555555555519 -8.67369078263292e-05 5.002816451655028e-05
17.25833333333297 -6.77197831500695e-05 7.548384795447403e-05
17.26111111111074 -4.139382792438958e-05 9.398454836895314e-05
17.26388888888852 -1.022974294568219e-05 0.000103488190733284
17.2666666666663 2.275132382143331e-05 0.0001028101957912423
17.26944444444407 5.426960713405985e-05 9.176449491543203e-05
17.27222222222185 8.111188810484044e-05 7.120692296807918e-05
17.27499999999963 0.000100457844470884 4.297422344695524e-05
17.2777777777774 0.0001101745486043107 9.722330388604913e-06
17.28055555555518 0.0001090485180458948 -2.532210304814519e-05
17.28333333333295 9.693033219386283e-05 -5.867382988442535e-05
17.28611111111073 7.47751062231904e-05 -8.693469133527808e-05
17.28888888888851 4.457227960249146e-05 -0.0001071386532112884
17.29166666666628 9.169241846857605e-06 -0.0001170612656143327
17.29444444444406 -2.799582146746932e-05 -0.0001154614136404777
17.29722222222184 -6.322693184300652e-05 -0.0001022293488958457
17.29999999999961 -9.293700409762416e-05 -7.842389011933586e-05
17.30277777777739 -0.000114011912653236 -4.619251469818063e-05
17.30555555555517 -0.0001241350851153204 -8.579774652988649e-06
17.30833333333294 -0.0001220389428799167 3.075910840977363e-05
17.31111111111072 -0.0001076561628812192 6.791264992233487e-05
17.3138888888885 -8.21532716352936e-05 9.910122450562137e-05
17.31666666666627 -4.784059761707128e-05 0.000121060460444951
17.31944444444405 -7.964975797851635e-06 0.0001313811079637218
17.32222222222182 3.359641641886716e-05 0.000128770146170539
17.3249999999996 7.271233205974449e-05 0.000113205097437464
17.32777777777738 0.0001054073858301808 8.596370893708817e-05
17.33055555555515 0.0001282650274856637 4.952336930371162e-05
17.33333333333293 0.000138782794499352 7.337659601810491e-06
17.33611111111071 0.0001356430511569135 -3.649001004339775e-05
17.33888888888848 0.0001188701897304636 -7.760493349682235e-05
17.34166666666626 8.985612731054262e-05 -0.0001118331595528238
17.34444444444404 5.124884305660562e-05 -0.0001356042454491657
17.34722222222181 6.712400538399611e-06 -0.0001463219730605103
17.34999999999959 -3.941998063067777e-05 -0.0001426446781832528
17.35277777777737 -8.256703753375392e-05 -0.0001246451893193886
17.35555555555514 -0.0001183538787718816 -9.383190771948892e-05
17.35833333333292 -0.0001430546683203682 -5.302618162676079e-05
17.3611111111107 -0.0001539788545662894 -6.105499309876405e-06
17.36388888888847 -0.0001497610430649719 4.236428873680574e-05
17.36666666666625 -0.0001305235453108227 8.757290193299282e-05
17.36944444444402 -9.789285631856734e-05 0.0001249425826115128
17.3722222222218 -5.486564938979451e-05 0.0001505908080354879
17.37499999999958 -5.534920560149608e-06 0.0001617320527254433
17.37777777777735 4.529883549612249e-05 0.0001569771562812231
17.38055555555513 9.25945319354132e-05 0.0001364983809351929
17.38333333333291 0.0001315700821450476 0.000102041153526667
17.38611111111068 0.0001581851842745705 5.677853817640586e-05
17.38888888888846 0.0001695586094969958 5.020200930306354e-06
17.39166666666624 0.0001642770178699836 -4.819756400508961e-05
17.39444444444401 0.0001425624545949118 -9.760178062119361e-05
17.39722222222179 0.0001062792816014433 -0.0001382050482092473
17.39999999999957 5.877706571216765e-05 -0.0001658083884358935
17.40277777777734 4.582326525629196e-06 -0.0001774340255298348
17.40555555555512 -5.103259145855286e-05 -0.0001716436075252894
17.40833333333289 -0.0001025624771158719 -0.000148708106746824
17.41111111111067 -0.0001448141213661942 -0.0001106099300319428
17.41388888888845 -0.0001734291618281853 -6.087424602284398e-05
17.41666666666622 -0.0001853322954467444 -4.243579253097105e-06
17.419444444444 -0.0001790588696572049 5.377437244210483e-05
17.42222222222178 -0.0001549271923412182 0.0001074425829049586
17.42499999999955 -0.0001150358784955149 0.0001513620441527681
17.42777777777733 -6.308373161548923e-05 0.0001810144881415378
17.43055555555511 -4.02735191238972e-06 0.0001932259480091244
17.43333333333288 5.639189342885996e-05 0.00018650369347651
17.43611111111066 0.0001122063762728444 0.0001612109989453165
17.43888888888844 0.0001578118156546687 0.0001195598575885591
17.44166666666621 0.0001885297003097328 6.541962771767109e-05
17.44444444444399 0.0002010860913984377 3.957932371655546e-06
17.44722222222176 0.0001939578884986462 -5.885289817077271e-05
17.44999999999954 0.0001675501511142142 -0.0001168166646409542
17.45277777777732 0.0001241843880392826 -0.0001641248683449968
17.45555555555509 6.78962793740428e-05 -0.0001959386019385607
17.45833333333287 4.060257621930047e-06 -0.000208882464074109
17.46111111111065 -6.112414328627123e-05 -0.0002014001562259044
17.46388888888842 -0.0001212350243331861 -0.0001739345020371152
17.4666666666662 -0.000170261267037791 -0.0001289115996330066
17.46944444444398 -0.0002032036035554441 -7.052803272116943e-05
17.47222222222175 -0.0002165834919075268 -4.359638991600597e-06
17.47499999999953 -0.0002088080591438495 6.317168297392024e-05
17.47777777777731 -0.0001803530139736219 0.0001254220670426138
17.48055555555508 -0.0001337430316214291 0.0001761799297186157
17.48333333333286 -7.332897231070191e-05 0.0002102858740177064
17.48611111111063 -4.88146028778246e-06 0.0002241563525413311
17.48888888888841 6.49611813794129e-05 0.0002161579885608217
17.49166666666619 0.000129337732029424 0.0001867936294822063
17.49444444444396 0.000181838869928143 0.0001386794169322337
17.49722222222174 0.0002171455075046643 7.631263689101514e-05
17.49999999999952 0.0002315670481722636 5.650851129673108e-06
17.50277777777729 0.000223425133206568 -6.645825075544517e-05
17.50555555555507 0.0001932431359404523 -0.0001329416028135546
17.50833333333285 0.0001437204530433372 -0.0001871954602783572
17.51111111111062 7.949171661182014e-05 -0.0002237417065926799
17.5138888888884 6.692338232419882e-06 -0.0002387804881951897
17.51666666666618 -6.762881315481713e-05 -0.0002305834508839351
17.51944444444395 -0.0001361932468745977 -0.0001996870263271887
17.52222222222173 -0.000192206716579369 -0.0001488645629151157
17.5249999999995 -0.0002300329819762121 -8.287773514513293e-05
17.52777777777728 -0.0002457605833645114 -8.029477894793893e-06
17.53055555555506 -0.000237605645821559 6.843948299790625e-05
17.53333333333283 -0.0002061093596965923 0.0001390525765906659
17.53611111111061 -0.0001541086498838518 0.000196829601933164
17.53888888888839 -8.648072073759185e-05 0.0002359773694329743
17.54166666666616 -9.68447340874381e-06 0.0002524703533175695
17.54444444444394 6.885796746438907e-05 0.0002444631546922983
17.54722222222172 0.0001414802293737657 0.0002124926251865666
17.54999999999949 0.0002010213500043745 0.0001594478508985697
17.55277777777727 0.0002415326646358043 9.030887069589237e-05
17.55555555555505 0.000258872049448756 1.167778158612422e-05
17.55833333333282 0.0002511261445334844 -6.885348126076902e-05
17.5611111111106 0.0002188176137713029 -0.0001434379646662397
17.56388888888837 0.0001648752929053302 -0.0002047398065140065
17.56666666666615 9.436821426308662e-05 -0.0002466566763742571
17.56944444444393 1.402771302284795e-05 -0.0002649272952159384
17.5722222222217 -6.839717193202323e-05 -0.0002575635260139665
17.57499999999948 -0.0001448890751514493 -0.0002250633022772896
17.57777777777726 -0.0002079437877913034 -0.000170381857565169
17.58055555555503 -0.0002513074986601027 -9.866227925213758e-05
17.58333333333281 -0.0002705972459883295 -1.675003113890329e-05
17.58611111111059 -0.0002637429856318939 6.746255150392109e-05
17.58888888888836 -0.0002312067544106232 0.0001457988092181932
17.59166666666614 -0.0001759559597936609 0.0002105934549822051
17.59444444444392 -0.0001031917681558123 0.0002554438020451183
17.59722222222169 -1.985755540682605e-05 0.0002758427704999773
17.59999999999947 6.602592987436051e-05 0.0002696310404827068
17.60277777777724 0.0001461348013712203 0.0002372230436993569
17.60555555555502 0.0002126507022276452 0.0001815833458430242
17.6083333333328 0.0002590251442670958 0.0001079542497491066
17.61111111111057 0.0002806246558460383 2.335977451419649e-05
17.61388888888835 0.0002751931192012572 -6.406684501336579e-05
17.61666666666613 0.0002430852033024824 -0.0001458675069409403
17.6194444444439 0.0001872469167910536 -0.0002140795567986945
17.62222222222168 0.0001129438724208653 -0.0002620123000602107
17.62499999999946 2.72624754982736e-05 -0.0002849038377425616
17.62777777777723 -6.156848470485239e-05 -0.0002803936725424051
17.63055555555501 -0.0001449706370678853 -0.0002487642075966457
17.63333333333279 -0.0002148465888082137 -0.0001929265833443025
17.63611111111056 -0.0002643676096147412 -0.000118151105611458
17.63888888888834 -0.0002886416574608969 -3.156739511522994e-05
17.64166666666612 -0.0002851963168218589 5.851809423885548e-05
17.64444444444389 -0.0002542289902834699 0.0001434215895780904
17.64722222222167 -0.0001985991578074208 0.0002149213277033267
17.64999999999944 -0.0001235625157872384 0.000266055344745221
17.65277777777722 -3.627189988290376e-05 0.0002918001464393834
17.655555555555 5.490736419690878e-05 0.0002895640130774927
17.65833333333277 0.0001412018709750866 0.0002594465034890563
17.66111111111055 0.0002142766822916441 0.0002042382888972831
17.66388888888833 0.0002670420913282167 0.000129160583340466
17.6666666666661 0.0002943423390692338 4.136870132815277e-05
17.66944444444388 0.000293459284338836 -5.07327922232661e-05
17.67222222222166 0.0002643818219186466 -0.0001382975044122769
17.67499999999943 0.0002098144447892409 -0.0002128893605683953
17.67777777777721 0.0001349235666526065 -0.0002672971460063547
17.68055555555499 4.684561298645604e-05 -0.0002962326135490233
17.68333333333276 -4.59960124882673e-05 -0.0002968444727998788
17.68611111111054 -0.0001346994181408038 -0.0002689982956042249
17.68888888888831 -0.0002107402851001961 -0.0002152949493661374
17.69166666666609 -0.0002667929245283252 -0.0001408254192976928
17.69444444444387 -0.0002974370600065549 -5.268535563223274e-05
17.69722222222164 -0.0002996820379845007 4.07040864176881e-05
17.69999999999942 -0.0002732577541267533 0.0001304038085907147
17.7027777777772 -0.0002206440760949083 0.0002078149991948033
17.70555555555497 -0.0001468357659853524 0.0002655053784146453
17.70833333333275 -5.886541704008578e-05 0.0002979238743089446
17.71111111111053 3.486974819562477e-05 0.0003019348961786847
17.7138888888883 0.0001254124719438405 0.0002771207644107506
17.71666666666608 0.0002041040585549022 0.0002258232032826823
17.71944444444386 0.0002634144159219555 0.0001529199423341587
17.72222222222163 0.0002976637751270614 6.535797230323701e-05
17.72499999999941 0.0003035668004851814 -2.851159857488313e-05
17.72777777777718 0.0002805469432910873 -0.0001197330977955944
17.73055555555496 0.0002307910336536228 -0.0001996034026024457
17.73333333333274 0.0001590391029383227 -0.0002605043225329371
17.73611111111051 7.212987033578077e-05 -0.0002966304409083112
17.73888888888829 -2.16542406363273e-05 -0.0003045427598491816
17.74166666666607 -0.0001133795183267127 -0.0002834953250290175
17.74444444444384 -0.0001943146991688976 -0.0002355038802599473
17.74722222222162 -0.0002567641754523035 -0.0001651504014201019
17.7499999999994 -0.0002948009624548838 -7.914269166364741e-05
17.75277777777717 -0.0003048294943179669 1.432835136893654e-05
17.75555555555495 -0.0002859247828418592 0.000106371906286244
17.75833333333273 -0.0002399160196773085 0.0001882456558188651
17.7611111111105 -0.00017120724526941 0.0002521882458506053
17.76388888888828 -8.635288196081878e-05 0.0002921563058249104
17.76666666666605 6.5706832776492e-06 0.0003043959226551118
17.76944444444383 9.873691509363124e-05 0.0002877945022943187
17.77222222222161 0.0001814102907033815 0.0002439801122706843
17.77499999999938 0.0002467763819013727 0.0001771596272410787
17.77777777777716 0.0002886817792950366 9.371196499288162e-05
17.78055555555494 0.0003032136772480714 1.576009296938463e-06
17.78333333333271 0.0002890645031201716 -9.050775447108003e-05
17.78611111111049 0.000247647688035124 -0.0001738291555772811
17.78888888888827 0.0001829545339252118 -0.0002405343650221575
17.79166666666604 0.0001011668377072864 -0.0002843674971677823
17.79444444444382 1.006312383305634e-05 -0.0003012576400525579
17.7972222222216 -8.17241952678052e-05 -0.0002896962047049005
17.79999999999937 -0.0001655295034527951 -0.0002508696951598265
17.80277777777715 -0.000233474231175122 -0.0001885364308448657
17.80555555555492 -0.0002792088323061997 -0.0001086601491390513
17.8083333333327 -0.0002985064921362564 -1.88364472083893e-05
17.81111111111048 -0.0002896530290955841 7.243249753138965e-05
17.81388888888825 -0.0002535971070243292 0.0001565453933530947
17.81666666666603 -0.0001938478220356649 0.000225614548664398
17.81944444444381 -0.0001161307635902088 0.0002732068484619894
17.82222222222158 -2.783648018428242e-05 0.0002949432682429187
17.82499999999936 6.268525644511071e-05 0.0002889010340353648
17.82777777777714 0.0001469177247706259 0.0002557815818565897
17.83055555555491 0.0002169806435641512 0.0001988298806111684
17.83333333333269 0.0002663687027548874 0.0001235143072166938
17.83611111111047 0.000290555906733981 3.699885072848039e-05
17.83888888888824 0.0002874095671786347 -5.254116149127792e-05
17.84166666666602 0.0002573761677708925 -0.0001366941947701578
17.84444444444379 0.0002034231452617973 -0.0002076047637977149
17.84722222222157 0.0001307437956814549 -0.0002587080081080258
17.84999999999935 4.625481684462073e-05 -0.0002853377843058275
17.85277777777712 -4.206466512989387e-05 -0.0002851519313616803
17.8555555555549 -0.0001259291711857889 -0.0002583360444132156
17.85833333333268 -0.0001975261729774313 -0.0002075682760243986
17.86111111111045 -0.0002502451450537247 -0.0001377503389895941
17.86388888888823 -0.0002792882240661401 -5.553185817708083e-05
17.86666666666601 -0.0002821060496206408 3.132555838324067e-05
17.86944444444378 -0.000258619290963662 0.0001146834761244016
17.87222222222156 -0.0002112068610606923 0.0001867911653923001
17.87499999999934 -0.00014446391794577 0.0002410075121594199
17.87777777777711 -6.475435412676419e-05 0.0002724129649134493
17.88055555555489 2.039845204745447e-05 0.0002782551175884241
17.88333333333266 0.0001030240749289504 0.0002581876688700123
17.88611111111044 0.0001754529940742785 0.0002142822645556901
17.88888888888822 0.000231029704369134 0.0001508142249931366
17.89166666666599 0.0002647245797373346 7.384434453500677e-05
17.89444444444377 0.0002735882300209194 -9.362163727756011e-06
17.89722222222155 0.0002570074064020311 -9.10236669549923e-05
17.89999999999932 0.0002167405042667409 -0.0001635717046747033
17.9027777777771 0.0001567315604157618 -0.0002203536088925239
17.90555555555488 8.272236722576264e-05 -0.0002562428297719081
17.90833333333265 1.700987433994956e-06 -0.0002681009675225082
17.91111111111043 -7.876017594391877e-05 -0.0002550499709859733
17.91388888888821 -0.000151213868920959 -0.000218531145780388
17.91666666666598 -0.0002090284088539577 -0.0001621477731844978
17.91944444444376 -0.000246994942531296 -9.130836482257767e-05
17.92222222222154 -0.0002617959291067819 -1.270597464643323e-05
17.92499999999931 -0.0002522928143529059 6.631613940031733e-05
17.92777777777709 -0.0002196081991550528 0.0001384522127612854
17.93055555555486 -0.0001669972339812572 0.0001971104858414998
17.93333333333264 -9.952265139214713e-05 0.0002370158011398409
17.93611111111042 -2.356594033869101e-05 0.0002546831960740905
17.93888888888819 5.377799823538825e-05 0.0002487200748301075
17.94166666666597 0.0001253651358958928 0.0002199310024320772
17.94444444444375 0.0001846632136687388 0.0001712178263780456
17.94722222222152 0.000226348033596767 0.0001072869275206727
17.9499999999993 0.0002467807128437912 3.419314831999242e-05
17.95277777777708 0.0002443232206793627 -4.123528997091124e-05
17.95555555555485 0.0002194650755168711 -0.0001120361212346955
17.95833333333263 0.0001747519406278072 -0.0001717566372043394
17.96111111111041 0.0001145253306156685 -0.0002150419915537646
17.96388888888818 4.450000144194706e-05 -0.0002381145708767488
17.96666666666596 -2.87797509730979e-05 -0.0002391016182761663
17.96944444444373 -9.855303491951283e-05 -0.0002181829271984902
17.97222222222151 -0.0001584670319336162 -0.0001775474532486333
17.97499999999929 -0.0002031556096016258 -0.0001211655054067826
17.97777777777706 -0.0002287191826813275 -5.440011286352994e-05
17.98055555555484 -0.0002330630091577439 1.650433548555651e-05
17.98333333333262 -0.000216064797662639 8.500731983268638e-05
17.98611111111039 -0.000179558674527122 0.0001448763420213696
17.98888888888817 -0.0001271396780435406 0.0001907541377900132
17.99166666666595 -6.3809416939205e-05 0.0002186373341329614
17.99444444444372 4.502161587761576e-06 0.0002262238805815929
17.9972222222215 7.149308798239662e-05 0.000213099318776264
17.99999999999928 0.0001310714970189271 0.0001807472452922413
18.00277777777705 0.0001779097422053872 0.0001323857157267639
18.00555555555483 0.0002079201049556841 7.264730379208076e-05
18.0083333333326 0.0002186097152490721 7.13460342099258e-06
18.01111111111038 0.0002092840747323145 -5.810611974426884e-05
18.01388888888816 0.0001810829638722373 -0.0001171436099661977
18.01666666666593 0.0001368481526791064 -0.0001647009708208218
18.01944444444371 8.083775981678597e-05 -0.0001966266492166063
18.02222222222149 1.831590339727679e-05 -0.000210255107277196
18.02499999999926 -4.494278059520228e-05 -0.0002046260463706262
18.02777777777704 -0.0001031870624112159 -0.0001805445241093295
18.03055555555482 -0.0001512120845208172 -0.0001404791624124696
18.03333333333259 -0.0001848238300494088 -8.831049479274111e-05
18.03611111111037 -0.0002012037333503486 -2.895498245996083e-05
18.03888888888815 -0.0001991419236583384 3.209886863665555e-05
18.04166666666592 -0.0001791201456743832 8.92984847908423e-05
18.0444444444437 -0.00014323945577867 0.0001375322561427924
18.04722222222147 -9.500203499722328e-05 0.0001725857055350918
18.04999999999925 -3.896958380657837e-05 0.0001915081702472393
18.05277777777703 1.966840879393441e-05 0.0001928582724368299
18.0555555555548 7.557564358549029e-05 0.000176808078764541
18.05833333333258 0.0001237546434808072 0.0001450990842770131
18.06111111111036 0.0001599928656827562 0.0001008567607911794
18.06388888888813 0.0001812295525985633 4.828313744916496e-05
18.06666666666591 0.000185811543621649 -7.742412032893535e-06
18.06944444444369 0.0001736169665856444 -6.211624962739795e-05
18.07222222222146 0.0001460381285066936 -0.0001099753454621331
18.07499999999924 0.0001058278666611057 -0.0001471316237183738
18.07777777777702 5.6825914691635e-05 -0.0001704370677553401
18.08055555555479 3.592379849847004e-06 -0.0001780479155745252
18.08333333333257 -4.901670480583345e-05 -0.0001695660508448509
18.08611111111034 -9.629225398255129e-05 -0.0001460472526239303
18.08888888888812 -0.0001340930683538298 -0.0001098782216748956
18.0916666666659 -0.0001592072879935171 -6.453612616323126e-05
18.09444444444367 -0.0001696229633219723 -1.425474139440519e-05
18.09722222222145 -0.0001646852077961283 3.637080710704471e-05
18.09999999999923 -0.0001451281071310632 8.280381716176511e-05
18.102777777777 -0.0001129811088346383 0.0001209719872783931
18.10555555555478 -7.136093971232237e-05 0.0001476233438865581
18.10833333333256 -2.417017861113312e-05 0.0001606011516391255
18.11111111111033 2.426843633728692e-05 0.0001590148051908477
18.11388888888811 6.960773290184044e-05 0.0001432935643682549
18.11666666666589 0.0001078656757240469 0.0001151208228824205
18.11944444444366 0.0001357739464703951 7.725739449397063e-05
18.12222222222144 0.000151055152696545 3.32720870462906e-05
18.12499999999921 0.0001526053737476996 -1.279424492851855e-05
18.12777777777699 0.0001405677736515419 -5.679959454169912e-05
18.13055555555477 0.0001162931077916726 -9.487264749344423e-05
18.13333333333254 8.219318819617436e-05 -0.000123752269723931
18.13611111111032 4.15028272473235e-05 -0.0001410649929099379
18.1388888888881 -2.026379830449905e-06 -0.0001455170904275046
18.14166666666587 -4.447151297889693e-05 -0.0001369860261044132
18.14444444444365 -8.209126921023349e-05 -0.0001165054174485366
18.14722222222143 -0.0001116547087823414 -8.614731561193283e-05
18.1499999999992 -0.000130717037756731 -4.881469219892199e-05
18.15277777777698 -0.0001378190748202055 -7.964737463913506e-06
18.15555555555476 -0.0001325944228184331 3.271074178409384e-05
18.15833333333253 -0.0001157769858975202 6.961834163781637e-05
18.16111111111031 -8.911053865035588e-05 9.95795331029267e-05
18.16388888888808 -5.517074207740125e-05 0.000120102827528601
18.16666666666586 -1.711754526660544e-05 0.0001295885042323657
18.16944444444364 2.159833345769238e-05 0.0001274493439992767
18.17222222222141 5.754765462420892e-05 0.0001141386969469133
18.17499999999919 8.762545737556135e-05 9.108567044821497e-05
18.17777777777697 0.0001093177811662681 6.054548313583034e-05
18.18055555555474 0.000120909557515767 2.538036317187742e-05
18.18333333333252 0.0001216167211266464 -1.120785599133381e-05
18.1861111111103 0.0001116327468819591 -4.596854442824813e-05
18.18888888888807 9.208765943647614e-05 -7.589015620843853e-05
18.19166666666585 6.492536971577932e-05 -9.84597893504977e-05
18.19444444444363 3.27122744020625e-05 -0.0001118722021840022
18.1972222222214 -1.604199211315656e-06 -0.0001151711187894864
18.19999999999918 -3.496448378701342e-05 -0.0001083120984219714
18.20277777777696 -6.446875140641333e-05 -9.214346300667525e-05
18.20555555555473 -8.762772177658366e-05 -6.830911127070096e-05
18.20833333333251 -0.0001025708438025368 -3.908384449871531e-05
18.21111111111028 -0.0001081946376373832 -7.157500062940746e-06
18.21388888888806 -0.0001042397288015144 2.461173599722215e-05
18.21666666666584 -9.129170476807486e-05 5.34523028555585e-05
18.21944444444361 -7.070776986338543e-05 7.691987688470273e-05
18.22222222222139 -4.447765436603289e-05 9.310286087205216e-05
18.22499999999917 -1.503278626435471e-05 0.0001007756546894587
18.22777777777694 1.497810440708241e-05 9.948767985145118e-05
18.23055555555472 4.292633556085187e-05 8.958211416481979e-05
18.2333333333325 6.643240512836121e-05 7.21446378057874e-05
18.23611111111027 8.356705231864985e-05 4.888862894683066e-05
18.23888888888805 9.300742192299977e-05 2.198864103479739e-05
18.24166666666583 9.413592306098184e-05 -6.121808012754792e-06
18.2444444444436 8.707475236970237e-05 -3.296943611482223e-05
18.24722222222138 7.265488986582073e-05 -5.625773901806959e-05
18.24999999999915 5.232414681638441e-05 -7.406202811421966e-05
18.25277777777693 2.800404411188669e-05 -8.498654847790748e-05
18.25555555555471 1.909487739172064e-06 -8.827105768552049e-05
18.25833333333248 -2.36519517672549e-05 -8.383903371996652e-05
18.26111111111026 -4.648306455419458e-05 -7.228500968345253e-05
18.26388888888804 -6.468457633873073e-05 -5.480392063429397e-05
18.26666666666581 -7.681139580786399e-05 -3.30703200926949e-05
18.26944444444359 -8.198486486467407e-05 -9.07945832290168e-06
18.27222222222137 -7.995255739704709e-05 1.503482422218524e-05
18.27499999999914 -7.109199557294966e-05 3.718886917905241e-05
18.27777777777692 -5.635964360515707e-05 5.552804203653151e-05
18.2805555555547 -3.719125648805537e-05 6.858041853369185e-05
18.28333333333247 -1.536370242991728e-05 7.537274527184754e-05
18.28611111111025 7.168588307217456e-06 7.549976939216141e-05
18.28888888888802 2.84476009442326e-05 6.914235661009511e-05
18.2916666666658 4.668075439393987e-05 5.703440274896144e-05
18.29444444444358 6.0390486464376e-05 4.038298361558154e-05
18.29722222222135 6.853207186532745e-05 2.075010014562537e-05
18.29999999999913 7.057047988642434e-05 -9.256271752063232e-08
18.30277777777691 6.651091563563881e-05 -2.032247216417074e-05
18.30555555555468 5.68818657208521e-05 -3.822453898299473e-05
18.30833333333246 4.267361256122583e-05 -5.233522511327959e-05
18.31111111111024 2.523893293661434e-05 -6.156049269210521e-05
18.31388888888801 6.165743826792439e-06 -6.52582658246728e-05
18.31666666666579 -1.286643838432478e-05 -6.327944137729821e-05
18.31944444444357 -3.023335100497543e-05 -5.596525398319684e-05
18.32222222222134 -4.45034129409375e-05 -4.410263352077424e-05
18.32499999999912 -5.455422125895398e-05 -2.88427570072541e-05
18.32777777777689 -5.965879250489108e-05 -1.159099239932549e-05
18.33055555555467 -5.953513711248292e-05 6.12138004818218e-06
18.33333333333245 -5.435612113377425e-05 2.277206359014574e-05
18.33611111111022 -4.472008315834544e-05 3.697747340614115e-05
18.338888888888 -3.158602773125447e-05 4.76063535999388e-05
18.34166666666578 -1.6180126544858e-05 5.386809127205572e-05
18.34444444444355 1.17509847119215e-07 5.536901797626803e-05
18.34722222222133 1.589544225726912e-05 5.213296094052917e-05
18.34999999999911 2.983209865346543e-05 4.458549598422204e-05
18.35277777777688 4.080525172210913e-05 3.350447937129397e-05
18.35555555555466 4.798083274511991e-05 1.994223082568795e-05
18.35833333333244 5.087421297992429e-05 5.126976535179396e-06
18.36111111111021 4.937967491986913e-05 -9.647332645726153e-06
18.36388888888799 4.376666097359844e-05 -2.313303927261531e-05
18.36666666666576 3.464427096022422e-05 -3.423303252796429e-05
18.36944444444354 2.28981348485472e-05 -4.208863628883045e-05
18.37222222222132 9.605994588509499e-06 -4.614423087350948e-05
18.37499999999909 -4.060083667802452e-06 -4.618393392881771e-05
18.37777777777687 -1.693609105698606e-05 -4.233821049389703e-05
18.38055555555465 -2.79641995421428e-05 -3.506091584260838e-05
18.38333333333242 -3.627845656713119e-05 -2.507976926679936e-05
18.3861111111102 -4.127123101360712e-05 -1.332540497255082e-05
18.38888888888798 -4.263547202831191e-05 -8.45777593378824e-07
18.39166666666575 -4.038007387907733e-05 1.128630511311437e-05
18.39444444444353 -3.48180187266297e-05 2.206445181197219e-05
18.39722222222131 -2.652928720638699e-05 3.063108691604682e-05
18.39999999999908 -1.630258927997493e-05 3.634434125940548e-05
18.40277777777686 -5.061609452545507e-06 3.882435364912578e-05
18.40555555555463 6.217442129466249e-06 3.79758324740761e-05
18.40833333333241 1.658970023997023e-05 3.398584995925799e-05
18.41111111111019 2.521981692539352e-05 2.729797135870897e-05
18.41388888888796 3.144806453123266e-05 1.85657767099551e-05
18.41666666666574 3.483925670682227e-05 8.590454933723209e-06
18.41944444444352 3.521101648274101e-05 -1.751685240188528e-06
18.42222222222129 3.263979188580322e-05 -1.158531642411734e-05
18.42499999999907 2.744495338249019e-05 -2.010927803908616e-05
18.42777777777685 2.015313796094322e-05 -2.666081397668456e-05
18.43055555555462 1.144658148013312e-05 -3.076581465960167e-05
18.4333333333324 2.100381105010016e-06 -3.217138632347681e-05
18.43611111111018 -7.085632958007128e-06 -3.085869637948803e-05
18.43888888888795 -1.535450623829155e-05 -2.703577802358359e-05
18.44166666666573 -2.205361370127305e-05 -2.111166952182525e-05
18.4444444444435 -2.668505951312405e-05 -1.365477317354911e-05
18.44722222222128 -2.894124229677874e-05 -5.339526320777326e-06
18.44999999999906 -2.8723195745713e-05 3.11370724104987e-06
18.45277777777683 -2.614084926978782e-05 1.100024507353698e-05
18.45555555555461 -2.149589787535273e-05 1.768899777721889e-05
18.45833333333239 -1.524939484984939e-05 2.267200542739508e-05
18.46111111111016 -7.977370637085991e-06 2.560180610500426e-05
18.46388888888794 -3.186466171555382e-07 2.631401106017767e-05
18.46666666666572 7.080505619379955e-06 2.483379970204175e-05
18.46944444444349 1.362013484705481e-05 2.13664386740232e-05
18.47222222222127 1.879440889956556e-05 1.627325433526982e-05
18.47499999999905 2.222971609426641e-05 1.003563914751719e-05
18.47777777777682 2.371030247956143e-05 3.21056100929983e-06
18.4805555555546 2.318982680741128e-05 -3.618392539395477e-06
18.48333333333238 2.078845049029756e-05 -9.890199230787948e-06
18.48611111111015 1.677629516386141e-05 -1.511173656543594e-05
18.48888888888793 1.154519555532307e-05 -1.889567501798536e-05
18.4916666666657 5.571564226292296e-06 -2.098810509931385e-05
18.49444444444348 -6.261976096740761e-07 -2.128404124564596e-05
18.49722222222126 -6.532002222857422e-06 -1.983002607638545e-05
18.49999999999903 -1.167436561198203e-05 -1.681415733492634e-05
18.50277777777681 -1.56632847138728e-05 -1.254488488643176e-05
