16.5 -1.536618134044198e-07 1.526132236295298e-07
16.50277777777778 -1.933339896963518e-07 1.125032096240599e-07
16.50555555555555 -2.225320337811133e-07 6.2034460005134e-08
16.50833333333333 -2.385392352151649e-07 3.943378652059456e-09
16.51111111111111 -2.393541161617961e-07 -5.83180237017087e-08
16.51388888888888 -2.238797395113245e-07 -1.207691620805095e-07
16.51666666666666 -1.920640866489428e-07 -1.791382006161884e-07
16.51944444444444 -1.449780900872338e-07 -2.291368607895782e-07
16.52222222222221 -8.482125873312459e-08 -2.667563161621263e-07
16.52499999999999 -1.48491519066871e-08 -2.885650605395733e-07
16.52777777777776 6.077798752371508e-08 -2.919880603246892e-07
16.53055555555554 1.372206408570528e-07 -2.755462645132275e-07
16.53333333333332 2.092490922509421e-07 -2.390367683712116e-07
16.53611111111109 2.715805476061788e-07 -1.836366359092928e-07
16.53888888888887 3.192441086293135e-07 -1.119175045187296e-07
16.54166666666665 3.479499481710831e-07 -2.776343851181792e-08
16.54444444444442 3.544369801679985e-07 6.380921924505297e-08
16.5472222222222 3.3677293629419e-07 1.569244026488063e-07
16.54999999999998 2.945822073411298e-07 2.451987260774476e-07
16.55277777777775 2.291801170681453e-07 3.221545852533995e-07
16.55555555555553 1.435973754644493e-07 3.816690824037148e-07
16.55833333333331 4.248507812023282e-08 4.184295287569942e-07
16.56111111111108 -6.810157888386483e-08 4.283636672007468e-07
16.56388888888886 -1.810341839934739e-07 4.090122330152942e-07
16.56666666666663 -2.885412412402464e-07 3.598132268345319e-07
16.56944444444441 -3.827139824625982e-07 2.822713574062257e-07
16.57222222222219 -4.560571694857819e-07 1.799924036422103e-07
16.57499999999996 -5.020487492941633e-07 5.857045810552486e-08
16.57777777777774 -5.156689797069023e-07 -7.467430156678207e-08
16.58055555555552 -4.938589974078849e-07 -2.110991008880272e-07
16.58333333333329 -4.358709955813636e-07 -3.412643557133491e-07
16.58611111111107 -3.434772676504671e-07 -4.555526327008355e-07
16.58888888888885 -2.210132027513455e-07 -5.448428568133188e-07
16.59166666666662 -7.523952217790039e-08 -6.011951444226879e-07
16.5944444444444 8.497894228395323e-08 -6.184976938100606e-07
16.59722222222218 2.491675486368003e-07 -5.930264571768845e-07
16.59999999999995 4.058855736250629e-07 -5.238711402577396e-07
16.60277777777773 5.434832127874988e-07 -4.131874809883604e-07
16.6055555555555 6.509249194234804e-07 -2.662455423899426e-07
16.60833333333328 7.186240240710021e-07 -9.12564484728189e-08
16.61111111111106 7.392288872133955e-07 1.010251217400435e-07
16.61388888888883 7.083001808800805e-07 2.979092198873935e-07
16.61666666666661 6.24822611229893e-07 4.855599175929944e-07
16.61944444444439 4.915025282992466e-07 6.499205298525889e-07
16.62222222222216 3.148151421431065e-07 7.777166292185319e-07
16.62499999999994 1.047808713176779e-07 8.57468977310878e-07
16.62777777777772 -1.255312212722684e-07 8.80443072277779e-07
16.63055555555549 -3.607550711400528e-07 8.41461595417894e-07
16.63333333333327 -5.841965364031606e-07 7.395110276183351e-07
16.63611111111105 -7.78963230550049e-07 5.780841140722359e-07
16.63888888888882 -9.291831784005107e-07 3.652152996943586e-07
16.6416666666666 -1.021228730158221e-06 1.131859507331858e-07
16.64444444444437 -1.044856075000938e-06 -1.621010404257229e-07
16.64722222222215 -9.941708234786637e-07 -4.420532753929307e-07
16.64999999999993 -8.683369076178085e-07 -7.065791966328867e-07
16.6527777777777 -6.71959443176024e-07 -9.354660627686185e-07
16.65555555555548 -4.150916762142886e-07 -1.109856165812527e-06
16.65833333333326 -1.128406682724233e-07 -1.213718583960529e-06
16.66111111111103 2.154255194758526e-07 -1.23520718437711e-06
16.66388888888881 5.472365570718124e-07 -1.167796715475631e-06
16.66666666666659 8.58482475903172e-07 -1.011098110401662e-06
16.66944444444436 1.125091384500241e-06 -7.712714336658194e-07
16.67222222222214 1.324811485834998e-06 -4.609794978567806e-07
16.67499999999992 1.438971455295536e-06 -9.885571169671424e-08
16.67777777777769 1.45408650722391e-06 2.915056943145725e-07
16.68055555555547 1.363180259839596e-06 6.829926105662062e-07
16.68333333333324 1.166705247235256e-06 1.046771295727e-06
16.68611111111102 8.729673431950427e-07 1.354324290614335e-06
16.6888888888888 4.979904213342774e-07 1.579592872004558e-06
16.69166666666657 6.479551758303611e-08 1.701070076413464e-06
16.69444444444435 -3.978888231422751e-07 1.703683990190062e-06
16.69722222222213 -8.574243588647658e-07 1.580316372275207e-06
16.6999999999999 -1.279466163781678e-06 1.332819134213813e-06
16.70277777777768 -1.630430590802894e-06 9.724202372755405e-07
16.70555555555546 -1.880058818362508e-06 5.194497483413231e-07
16.70833333333323 -2.003888454063487e-06 2.363820190940261e-09
16.71111111111101 -1.985440575671454e-06 -5.439038341918776e-07
16.71388888888879 -1.817938831355563e-06 -1.080180457108648e-06
16.71666666666656 -1.505401045242969e-06 -1.565750118458635e-06
16.71944444444434 -1.062981327834962e-06 -1.961331049951217e-06
16.72222222222211 -5.164900068125288e-07 -2.232125909351111e-06
16.72499999999989 9.892323264166023e-08 -2.350717638451657e-06
16.72777777777767 7.408746596528918e-07 -2.299580964076872e-06
16.73055555555544 1.362528617461456e-06 -2.072994434562432e-06
16.73333333333322 1.915885994048022e-06 -1.678170189182031e-06
16.736111111111 2.355359092640868e-06 -1.135467079866325e-06
16.73888888888877 2.641377203665296e-06 -4.776146214467396e-07
16.74166666666655 2.743748835500582e-06 2.520533625483324e-07
16.74444444444433 2.644508170196348e-06 1.002280505881819e-06
16.7472222222221 2.339996041945285e-06 1.71733510773732e-06
16.74999999999988 1.841969195803394e-06 2.341004562888686e-06
16.75277777777766 1.177593738686361e-06 2.82086310435084e-06
16.75555555555543 3.882559212602778e-07 3.112500952568151e-06
16.75833333333321 -4.727893474641132e-07 3.183386751547683e-06
16.76111111111098 -1.343820698616549e-06 3.016043397286626e-06
16.76388888888876 -2.15890347169705e-06 2.610250947676744e-06
16.76666666666654 -2.852715948966671e-06 1.984048241777683e-06
16.76944444444431 -3.365609359953112e-06 1.173384174200222e-06
16.77222222222209 -3.648523595383298e-06 2.303654231186209e-07
16.77499999999987 -3.667368895558211e-06 -7.798466357250196e-07
16.77777777777764 -3.406501816034231e-06 -1.783328743020056e-06
16.78055555555542 -2.870971976698601e-06 -2.702614781253414e-06
16.7833333333332 -2.087292576933701e-06 -3.462489397685112e-06
16.78611111111097 -1.102588168547851e-06 -3.995938665654217e-06
16.78888888888875 1.790868711372703e-08 -4.249802998733672e-06
16.79166666666653 1.194912696358607e-06 -4.189673742773302e-06
16.7944444444443 2.340466357227801e-06 -3.803606890448168e-06
16.79722222222208 3.364301650033666e-06 -3.104294880192817e-06
16.79999999999986 4.180741430318703e-06 -2.129437313165495e-06
16.80277777777763 4.715630617070856e-06 -9.401777417431215e-07
16.80555555555541 4.912754959854598e-06 3.823819251062028e-07
16.80833333333318 4.7392137642266e-06 1.742425725769297e-06
16.81111111111096 4.189264269921638e-06 3.036114715718109e-06
16.81388888888874 3.286247935660704e-06 4.159280456231397e-06
16.81666666666651 2.082337833833212e-06 5.015571526718664e-06
16.81944444444429 6.560036393189336e-07 5.524435985219315e-06
16.82222222222207 -8.927345090941403e-07 5.628300037364301e-06
16.82499999999984 -2.449012572759607e-06 5.298330041898091e-06
16.82777777777762 -3.891368892215048e-06 4.538242209381633e-06
16.8305555555554 -5.100963025567514e-06 3.385748783328515e-06
16.83333333333317 -5.971090229469303e-06 1.911393994000344e-06
16.83611111111095 -6.416252561336506e-06 2.147268574097975e-07
16.83888888888873 -6.380040940557569e-06 -1.582032839385117e-06
16.8416666666665 -5.841135144770486e-06 -3.342470145437773e-06
16.84444444444428 -4.816839906175985e-06 -4.926035234271725e-06
16.84722222222205 -3.363739517881461e-06 -6.198973386205411e-06
16.84999999999983 -1.575260555546052e-06 -7.045299913258803e-06
16.85277777777761 4.238317155445752e-07 -7.376945493414679e-06
16.85555555555538 2.485730296742137e-06 -7.142215098243501e-06
16.85833333333316 4.450164335830804e-06 -6.331791411304768e-06
16.86111111111094 6.156533709390759e-06 -4.98166831720904e-06
16.86388888888871 7.456710749959333e-06 -3.172613052737153e-06
16.86666666666649 8.227516738685698e-06 -1.026013065857569e-06
16.86944444444427 8.381852410094998e-06 1.303752789819717e-06
16.87222222222204 7.877514362677667e-06 3.639990904434924e-06
16.87499999999982 6.722863294335101e-06 5.7967199279951e-06
16.8777777777776 4.978719127670598e-06 7.593122543153206e-06
16.88055555555537 2.756129602882143e-06 8.868330707297168e-06
16.88333333333315 2.099742069061999e-07 9.49536689718647e-06
16.88611111111092 -2.47129886687675e-06 9.393068731904043e-06
16.8888888888887 -5.079174938039235e-06 8.534924950154256e-06
16.89166666666648 -7.400889383193029e-06 6.953944234841979e-06
16.89444444444425 -9.2363957759119e-06 4.742954185160323e-06
16.89722222222203 -1.041516699761443e-05 2.050067842328831e-06
16.89999999999981 -1.081145412554143e-05 -9.305647219516311e-07
16.90277777777758 -1.035668082114865e-05 -3.972211118549044e-06
16.90555555555536 -9.04781506113232e-06 -6.832338389838852e-06
16.90833333333314 -6.950828017637785e-06 -9.271524006075193e-06
16.91111111111091 -4.198705361957128e-06 -1.107306099311216e-05
16.91388888888869 -9.838947491828585e-07 -1.206168995398261e-05
16.91666666666647 2.454476329608668e-06 -1.211988048607362e-05
16.91944444444424 5.847831212989949e-06 -1.120020358979489e-05
16.92222222222202 8.91863583870857e-06 -9.33258230565013e-06
16.92499999999979 1.140263434846287e-05 -6.625566543778954e-06
16.92777777777757 1.307108929736653e-05 -3.261226288870789e-06
16.93055555555535 1.375119738183025e-05 5.162372587389796e-07
16.93333333333312 1.334290840316992e-05 4.417539372358097e-06
16.9361111111109 1.183058178349225e-05 8.12989563403256e-06
16.93888888888868 9.288262166034461e-06 1.134158682028549e-05
16.94166666666645 5.877822051651933e-06 1.376762392840174e-05
16.94444444444423 1.839772515458104e-06 1.51744460132692e-05
16.94722222222201 -2.522858724600443e-06 1.540155939813702e-05
16.94999999999978 -6.866586807373312e-06 1.437817560085365e-05
16.95277777777756 -1.083392823773708e-05 1.213322363669373e-05
16.95555555555534 -1.408227689336637e-05 8.797582480870316e-06
16.95833333333311 -1.631291592460636e-05 4.597969969475097e-06
16.96111111111089 -1.729775929647268e-05 -1.574079285445511e-07
16.96388888888866 -1.690148708572826e-05 -5.100650724599183e-06
16.96666666666644 -1.509700820012635e-05 -9.831942065375351e-06
16.96944444444422 -1.197264055085093e-05 -1.395128339875491e-05
16.97222222222199 -7.730013092475541e-06 -1.709172205187868e-05
16.97499999999977 -2.672422907564089e-06 -1.895136769152565e-05
16.97777777777755 2.815831931613092e-06 -1.932146098659549e-05
16.98055555555532 8.297840101293097e-06 -1.8107956929323e-05
16.9833333333331 1.331816987208391e-05 -1.534450752978125e-05
16.98611111111088 1.744007449727692e-05 -1.119535009277374e-05
16.98888888888865 2.028283092844418e-05 -5.947385471908156e-06
16.99166666666643 2.155607874010186e-05 8.392468168000292e-09
16.99444444444421 2.108812969252929e-05 6.20504886209049e-06
16.99722222222198 1.884558342975753e-05 1.213551410614758e-05
16.99999999999976 1.494219339728015e-05 1.729337877959526e-05
17.00277777777753 9.63573950357716e-06 2.121546360272096e-05
17.00555555555531 3.312621269573929e-06 2.352264917408584e-05
17.00833333333309 -3.539087204810595e-06 2.395543282697715e-05
17.01111111111086 -1.036636534872955e-05 2.240096221501785e-05
17.01388888888864 -1.659508943016213e-05 1.890886775335878e-05
17.01666666666642 -2.167759435609914e-05 1.369404404665621e-05
17.01944444444419 -2.514008360992147e-05 7.125555537802812e-06
17.02222222222197 -2.662585143539585e-05 -2.980143879672229e-07
17.02499999999975 -2.593045300426191e-05 -7.985280991767086e-06
17.02777777777752 -2.302546859984096e-05 -1.529825448887079e-05
17.0305555555553 -1.806832924930065e-05 -2.1604499225451e-05
17.03333333333308 -1.13967480281431e-05 -2.633107010141472e-05
17.03611111111085 -3.507552994728031e-06 -2.901569885170783e-05
17.03888888888863 4.978955067392738e-06 -2.935073402715667e-05
17.0416666666664 1.336670501167479e-05 -2.721575769110258e-05
17.04444444444418 2.094005920046448e-05 -2.269559110013378e-05
17.04722222222196 2.702407087932142e-05 -1.60815102112254e-05
17.04999999999973 3.104380047976449e-05 -7.854838903019203e-06
17.05277777777751 3.257755581826478e-05 1.346432071160539e-06
17.05555555555529 3.139921784920084e-05 1.077586112678136e-05
17.05833333333306 2.750554199884723e-05 1.963809394534926e-05
17.06111111111084 2.112544190484446e-05 2.715507917400829e-05
17.06388888888862 1.270968851302599e-05 3.263353729667309e-05
17.06666666666639 2.901083186283783e-06 3.552791368697509e-05
17.06944444444417 -7.513143530772708e-06 3.549318756080335e-05
17.07222222222195 -1.76633399075952e-05 3.242254435130809e-05
17.07499999999972 -2.666908561154159e-05 2.646601696562647e-05
17.0777777777775 -3.371468511232579e-05 1.802768656222279e-05
17.08055555555528 -3.812211635226284e-05 7.740793676256402e-06
17.08333333333305 -3.941499860869353e-05 -3.577995762399012e-06
17.08611111111083 -3.736765237357871e-05 -1.499205739275929e-05
17.0888888888886 -3.203437274412019e-05 -2.552121945814415e-05
17.09166666666638 -2.375555830358397e-05 -3.422499840572746e-05
17.09444444444416 -1.313921726675676e-05 -4.028568712612048e-05
17.09722222222193 -1.018462567052438e-06 -4.308404555610209e-05
17.09999999999971 1.161226684327587e-05 -4.226068871091845e-05
17.10277777777749 2.367754530397061e-05 -3.775723313428741e-05
17.10555555555526 3.41115014218554e-05 -2.983279123922584e-05
17.10833333333304 4.19510454530845e-05 -1.90533837895225e-05
17.11111111111082 4.642372409751952e-05 -6.254118700472083e-06
17.11388888888859 4.702228690907966e-05 7.523628857794044e-06
17.11666666666637 4.355889546190534e-05 2.111551059223134e-05
17.11944444444415 3.619341225150353e-05 3.333146344568014e-05
17.12222222222192 2.543226581275105e-05 4.305892923314909e-05
17.1249999999997 1.209684272253243e-05 4.936318540266565e-05
17.12777777777747 -2.736994915627525e-06 5.157583768843954e-05
17.13055555555525 -1.782405308479403e-05 4.936321472922422e-05
17.13333333333303 -3.185304908197776e-05 4.276785421406217e-05
17.1361111111108 -4.355953146486413e-05 3.221838264954531e-05
17.13888888888858 -5.183886493885579e-05 1.85057059906855e-05
17.14166666666636 -5.584928578036686e-05 2.726334033642166e-06
17.14444444444413 -5.509552439738995e-05 -1.380338941634441e-05
17.14722222222191 -4.948484833695968e-05 -2.965564736496614e-05
17.14999999999969 -3.934951572778208e-05 -4.341333769615296e-05
17.15277777777746 -2.543238659346386e-05 -5.379575620832089e-05
17.15555555555524 -8.83559619448809e-06 -5.977673417654027e-05
17.15833333333302 9.064515971695706e-06 -6.068444041592164e-05
17.16111111111079 2.672989512671857e-05 -5.627328296656111e-05
17.16388888888857 4.259166300384009e-05 -4.676047459348552e-05
17.16666666666634 5.518841177888092e-05 -3.282270424151088e-05
17.16944444444412 6.329982341628847e-05 -1.555175457941789e-05
17.1722222222219 6.606350404703512e-05 3.628461204742821e-06
17.17499999999967 6.306397585676649e-05 2.307741991150373e-05
17.17777777777745 5.438485616989802e-05 4.107689827705816e-05
17.18055555555523 4.061822722419666e-05 5.598166538976202e-05
17.183333333333 2.28288266758078e-05 6.636886443528633e-05
17.18611111111078 2.474665876330332e-06 7.117262863139331e-05
17.18888888888856 -1.871033561503511e-05 6.979131455021568e-05
17.19166666666633 -3.886248511528595e-05 6.215674502599147e-05
17.19444444444411 -5.615107934210429e-05 4.875789639481649e-05
17.19722222222189 -6.894371402680205e-05 3.06153045356443e-05
17.19999999999966 -7.595932528816597e-05 9.20678297898102e-06
17.20277777777744 -7.639472796319108e-05 -1.365052984323954e-05
17.20555555555521 -7.001230888667923e-05 -3.595264642923529e-05
17.20833333333299 -5.717961521900882e-05 -5.568313050052386e-05
17.21111111111077 -3.885561313461572e-05 -7.099439170843319e-05
17.21388888888854 -1.652304823424261e-05 -8.037969217478236e-05
17.21666666666632 7.928785726298116e-06 -8.281996108364543e-05
17.2194444444441 3.236190573809751e-05 -7.789125098657568e-05
17.22222222222187 5.457515579919493e-05 -6.582176034847547e-05
17.22499999999965 7.250144541909618e-05 -4.74915579786098e-05
17.22777777777743 8.439916095986749e-05 -2.437313170682388e-05
17.2305555555552 8.902013344305676e-05 1.583782688062953e-06
17.23333333333298 8.573808871105871e-05 2.811443215643381e-05
17.23611111111076 7.462457355953938e-05 5.283508403304265e-05
17.23888888888853 5.646371743243175e-05 7.345608075418557e-05
17.24166666666631 3.270249839366186e-05 8.799300227653788e-05
17.24444444444408 5.338979390318224e-06 9.49565703475939e-05
17.24722222222186 -2.32432502246019e-05 9.350323588871377e-05
17.24999999999964 -5.048098486920462e-05 8.353140284869843e-05
17.25277777777741 -7.386007424581098e-05 6.571274073873845e-05
17.25555555555519 -9.114659888995149e-05 4.145366009126869e-05
17.25833333333297 -0.0001005994034546548 1.278828981819653e-05
17.26111111111074 -0.0001011438737644651 -1.778935418355659e-05
17.26388888888852 -9.248976764446023e-05 -4.754046847746722e-05
17.2666666666663 -7.518051886665645e-05 -7.372549543544354e-05
17.26944444444407 -5.056735824156983e-05 -9.385550098975706e-05
17.27222222222185 -2.07083307662265e-05 -0.0001059279439401647
17.27499999999963 1.180076521325767e-05 -0.0001086246028162438
17.2777777777774 4.404997004058e-05 -0.0001014522301764373
17.28055555555518 7.307426519796566e-05 -8.481120183421595e-05
17.28333333333295 9.612528232857949e-05 -5.998364535246228e-05
17.28611111111073 0.0001109308370695647 -2.903973924289242e-05
17.28888888888851 0.0001159178739721579 5.331567749389419e-06
17.29166666666628 0.0001103770617757352 4.005395282654441e-05
17.29444444444406 9.45520427325873e-05 7.193757901535816e-05
17.29722222222184 6.964283852913726e-05 9.797121887346945e-05
17.29999999999961 3.772059654034999e-05 0.0001156060113866559
17.30277777777739 1.55904247844755e-06 0.0001230042032921686
17.30555555555517 -3.560406165948602e-05 0.0001192286990746415
17.30833333333294 -7.035522380817603e-05 0.0001043540550832274
17.31111111111072 -9.941781327205144e-05 7.948632479857596e-05
17.3138888888885 -0.0001199604389537173 4.668731974452332e-05
17.31666666666627 -0.0001298721787226909 8.807670368690655e-06
17.31944444444405 -0.0001279779905821247 -3.07582557339823e-05
17.32222222222182 -0.0001141724762134632 -6.837481565794598e-05
17.3249999999996 -8.945720403502844e-05 -0.0001004981888673997
17.32777777777738 -5.587543564028441e-05 -0.0001240097251580756
17.33055555555515 -1.634756991980974e-05 -0.0001365182710878174
17.33333333333293 2.55799459916748e-05 -0.0001366022388562662
17.33611111111071 6.605098349900177e-05 -0.0001239670348880657
17.33888888888848 0.0001012533763597475 -9.950076123002246e-05
17.34166666666626 0.0001277775476303399 -6.522022318569592e-05
17.34444444444404 0.0001429464640790212 -2.410941114551101e-05
17.34722222222181 0.0001450850474429584 2.013715793708565e-05
17.34999999999959 0.0001337020264129833 6.344452080352322e-05
17.35277777777737 0.0001095647654392374 0.0001017315146933901
17.35555555555514 7.465721649624235e-05 0.0001312949639234542
17.35833333333292 3.202195279308643e-05 0.0001491677197167073
17.3611111111107 -1.450173603441516e-05 0.0001534159849147329
17.36388888888847 -6.062152366351626e-05 0.000143346202770766
17.36666666666625 -0.0001019869855058531 0.0001195995979127893
17.36944444444402 -0.0001345996069324467 8.412256582792278e-05
17.3722222222218 -0.0001551992966883839 4.001261370088222e-05
17.37499999999958 -0.000161590080781648 -8.748600880894703e-06
17.37777777777735 -0.0001528724890738617 -5.765252965661029e-05
17.38055555555513 -0.0001295582165831053 -0.0001020794977361884
17.38333333333291 -9.355325927265814e-05 -0.0001377347857593361
17.38611111111068 -4.800794095037137e-05 -0.0001610639392512646
17.38888888888846 2.955065390378694e-06 -0.0001696071698380523
17.39166666666624 5.461166770082114e-05 -0.0001622575407406839
17.39444444444401 0.0001020731359132457 -0.0001393959682537123
17.39722222222179 0.0001407485080216988 -0.0001028872127035475
17.39999999999957 0.0001667889541677823 -5.593397801925091e-05
17.40277777777734 0.0001774711027627929 -2.799788611265219e-06
17.40555555555512 0.0001714811583830412 5.157582490742617e-05
17.40833333333289 0.0001490702634762477 0.000102035382448887
17.41111111111067 0.0001120632398656661 0.0001436924376560726
17.41388888888845 6.371654080501816e-05 0.0001724051925816594
17.41666666666622 8.435676525076829e-06 0.0001851888416238973
17.419444444444 -4.862383242002877e-05 0.0001805255795039779
17.42222222222178 -0.000102036121112125 0.0001585401322580925
17.42499999999955 -0.0001466208002411285 0.0001210209183901299
17.42777777777733 -0.0001779459529862735 7.128141361873326e-05
17.43055555555511 -0.0001927694594783614 1.387162715298603e-05
17.43333333333288 -0.0001893746678336008 -4.583566851029089e-05
17.43611111111066 -0.0001677656814496936 -0.0001021466259107462
17.43888888888844 -0.0001297003708823496 -0.0001495892459363327
17.44166666666621 -7.85544809309176e-05 -0.0001834458206535937
17.44444444444399 -1.902645986580998e-05 -0.000200223063625383
17.44722222222176 4.329167395238412e-05 -0.0001980130225524399
17.44999999999954 0.0001024385370363195 -0.0001767074769388431
17.45277777777732 0.0001526536784432415 -0.000138041983105507
17.45555555555509 0.0001889394581993722 -8.546181379893297e-05
17.45833333333287 0.0002075596623831594 -2.381923678493407e-05
17.46111111111065 0.0002064250308634912 4.10717719766995e-05
17.46388888888842 0.0001853258756908159 0.0001029828234386673
17.4666666666662 0.000145986083636836 0.0001558690570884205
17.46944444444398 9.19297324199794e-05 0.000194460361499786
17.47222222222175 2.816970641472102e-05 0.0002147879956131237
17.47499999999953 -3.925468308444247e-05 0.0002145938884244349
17.47777777777731 -0.0001038487301017292 0.0001935803342461975
17.48055555555508 -0.0001592881782971306 0.0001534726112299145
17.48333333333286 -0.0002000395950298587 9.788486814530871e-05
17.48611111111063 -0.0002219143496934871 3.199875683978116e-05
17.48888888888841 -0.0002225006131143907 -3.791712368560615e-05
17.49166666666619 -0.0002014287215315502 -0.0001051027073096409
17.49444444444396 -0.0001604407974378149 -0.0001629604424850597
17.49722222222174 -0.0001032542494844874 -0.0002057045209569138
17.49999999999952 -3.52288975078392e-05 -0.000228941378300401
17.50277777777729 3.713297703948656e-05 -0.0002301230784993788
17.50555555555507 0.0001068073191367295 -0.0002088266647858023
17.50833333333285 0.0001669306127694081 -0.000166828892858036
17.51111111111062 0.0002114775370195503 -0.0001079654371317206
17.5138888888884 0.0002358669512169918 -3.778478870327913e-05
17.51666666666618 0.000237435094193624 3.697242534022095e-05
17.51944444444395 0.0002157269580069929 0.0001090201291812187
17.52222222222173 0.0001725739655793425 0.0001712375729632672
17.5249999999995 0.0001119467327791257 0.0002173748393897834
17.52777777777728 3.959383704390654e-05 0.0002426830544538874
17.53055555555506 -3.750103303091334e-05 0.0002444055610679004
17.53333333333283 -0.0001117925631302985 0.0002220790625876301
17.53611111111061 -0.0001759130940319052 0.0001776118000424338
17.53888888888839 -0.0002234052283201044 0.0001151274854369789
17.54166666666616 -0.0002493747662019296 4.058687363219816e-05
17.54444444444394 -0.0002509977298770364 -3.877877360118193e-05
17.54722222222172 -0.0002278287296398554 -0.000115168750158286
17.54999999999949 -0.0001818769234998553 -0.0001809806205425916
17.55277777777727 -0.0001174385170983167 -0.0002295689763757022
17.55555555555505 -4.069892894278655e-05 -0.0002559193344620183
17.55833333333282 4.085899515539102e-05 -0.000257168592298654
17.5611111111106 0.0001191843483408067 -0.0002329177728614494
17.56388888888837 0.0001864540915891037 -0.0001853027854936169
17.56666666666615 0.0002358567813489369 -0.000118812686843277
17.56944444444393 0.0002622853835316952 -3.987011498247666e-05
17.5722222222217 0.0002628684334814415 4.378732396549131e-05
17.57499999999948 0.0002372840195659831 0.0001238653631521384
17.57777777777726 0.0001878221132510411 0.0001923368140587371
17.58055555555503 0.0001191856088240098 0.0002422488284373618
17.58333333333281 3.804662086946133e-05 0.0002684322777164442
17.58611111111059 -4.76005099483613e-05 0.0002680405748727243
17.58888888888836 -0.0001292269726333048 0.000240861465574235
17.59166666666614 -0.0001986204098756472 0.0001893674624878317
17.59444444444392 -0.0002487139887721669 0.0001184965350017753
17.59722222222169 -0.0002743096715344005 3.518182267205138e-05
17.59999999999947 -0.0002726213351863451 -5.232522344697193e-05
17.60277777777724 -0.0002435806569590004 -0.0001352723777761549
17.60555555555502 -0.0001898719788119252 -0.0002052838627547275
17.6083333333328 -0.0001166894080135449 -0.0002552091837276448
17.61111111111057 -3.123750224717441e-05 -0.0002798572761023364
17.61388888888835 5.797681873637495e-05 -0.0002765402357250994
17.61666666666613 0.0001419917019838536 -0.0002453693179953496
17.6194444444439 0.0002122926938889562 -0.0001892703796378375
17.62222222222168 0.0002616789464024997 -0.0001137140831644888
17.62499999999946 0.0002850048711326634 -2.618516300097646e-05
17.62777777777723 0.0002797204737229343 6.455808617738257e-05
17.63055555555501 0.0002461532400544754 0.0001493609688095903
17.63333333333279 0.0001875001602566419 0.0002195982995998952
17.63611111111056 0.0001095277112817283 0.0002680552130289737
17.63888888888834 2.000742307556759e-05 0.0002896725908297332
17.64166666666612 -7.20580216267571e-05 0.0002820796837798487
17.64444444444389 -0.0001573411924449503 0.0002458574404358345
17.64722222222167 -0.0002271374870618695 0.0001845030204489798
17.64999999999944 -0.0002742573775461809 0.0001040962661994249
17.65277777777722 -0.0002937715097362267 1.269945866795373e-05
17.655555555555 -0.0002835310026693929 -8.045064846154513e-05
17.65833333333277 -0.0002444075933013594 -0.0001658776201788511
17.66111111111055 -0.0001802264998585773 -0.0002348322464533576
17.66388888888833 -9.739619204505205e-05 -0.0002801926419535682
17.6666666666661 -4.270462190664061e-06 -0.000297204551060383
17.66944444444388 8.969393398612695e-05 -0.0002839844467176384
17.67222222222166 0.0001748991701647967 -0.0002417317268447652
17.67499999999943 0.0002425897990490463 -0.0001746258013089159
17.67777777777721 0.0002857566930706314 -8.941613650085646e-05
17.68055555555499 0.0002998677350410936 5.254927923983691e-06
17.68333333333276 0.0002833486035054925 9.97288478232156e-05
17.68611111111054 0.0002377621717653228 0.0001843181107837376
17.68888888888831 0.0001676657715486857 0.0002503029605051917
17.69166666666609 8.015872708055841e-05 0.0002908347327462319
17.69444444444387 -1.583527642922613e-05 0.0003016517783535309
17.69722222222164 -0.0001104786147677348 0.0002815326308274848
17.69999999999942 -0.0001940300295422892 0.0002324377360094081
17.7027777777772 -0.000257850856631034 0.0001593229987815749
17.70555555555497 -0.0002953028832170521 6.964233843938099e-05
17.70833333333275 -0.0003024440473554894 -2.741113689334169e-05
17.71111111111053 -0.0002784485457132624 -0.0001218482181233218
17.7138888888883 -0.000225706069903527 -0.0002039141392728017
17.71666666666608 -0.0001495879760092478 -0.0002651000250714649
17.71944444444386 -5.790279031219878e-05 -0.0002990299820303123
17.72222222222163 3.990403663162851e-05 -0.00030213085811778
17.72499999999941 0.0001337242113950611 -0.0002740137750129985
17.72777777777718 0.0002138339672781602 -0.0002175261743693953
17.73055555555496 0.0002719059302842973 -0.0001384672691346679
17.73333333333274 0.0003018797717037501 -4.499490813261684e-05
17.73611111111051 0.000300600104756952 5.321572782763698e-05
17.73888888888829 0.0002681539268024276 0.0001459748959736931
17.74166666666607 0.0002078709933655208 0.000223638468530209
17.74444444444384 0.0001259856193020364 0.0002781149108905762
17.74722222222162 3.099387228025252e-05 0.0003037134780776077
17.7499999999994 -6.722777356759758e-05 0.0002977441847782032
17.75277777777717 -0.0001584509197963494 0.0002608057289915043
17.75555555555495 -0.0002331635970495485 0.0001967300203351018
17.75833333333273 -0.0002835665678258255 0.0001121879006130286
17.7611111111105 -0.0003043927582552843 1.599627768217791e-05
17.76388888888828 -0.0002934631762143786 -8.18015370415877e-05
17.76666666666605 -0.0002519200684500946 -0.0001709863465891113
17.76944444444383 -0.0001841118378859772 -0.0002422343598734274
17.77222222222161 -9.714084766236193e-05 -0.0002880965887894872
17.77499999999938 -1.208236285648959e-07 -0.0003037829843657819
17.77777777777716 9.677863874788911e-05 -0.0002876682067276133
17.78055555555494 0.0001834002369870074 -0.000241465051195222
17.78333333333271 0.0002506673656363161 -0.0001700465006651371
17.78611111111049 0.0002915399894343461 -8.093446286023072e-05
17.78888888888827 0.0003017568134630879 1.649144532802409e-05
17.79166666666604 0.0002802849400101799 0.000111981940064686
17.79444444444382 0.000229428992345486 0.0001954987714095689
17.7972222222216 0.0001545876640730141 0.000258273864781249
17.79999999999937 6.368301176345656e-05 0.0002937347348810635
17.80277777777715 -3.367742229869444e-05 0.0002981979771994615
17.80555555555492 -0.000127217101651457 0.0002712570904070809
17.8083333333327 -0.0002070779301516016 0.0002158232342336102
17.81111111111048 -0.0002648632610355097 0.0001378143567140865
17.81388888888825 -0.0002945256869009324 4.552551621583417e-05
17.81666666666603 -0.0002930052080710635 -5.125281182768025e-05
17.81944444444381 -0.0002605498633855008 -0.0001422747517600164
17.82222222222158 -0.0002006846831007431 -0.0002179267286948036
17.82499999999936 -0.0001198322929431054 -0.0002702470543970648
17.82777777777714 -2.662566037601125e-05 -0.0002937688031060786
17.83055555555491 6.901364985542678e-05 -0.0002860962027692735
17.83333333333269 0.0001569332827278724 -0.0002481532080525961
17.83611111111047 0.0002278309862616658 -0.0001840779497720215
17.83888888888824 0.0002742431550577085 -0.0001007746240908709
17.84166666666602 0.0002913354954166873 -7.171034137824996e-06
17.84444444444379 0.0002774115082921067 8.673850959525251e-05
17.84722222222157 0.0002340847592179396 0.0001709622738217284
17.84999999999935 0.0001660969784334054 0.0002365775834460678
17.85277777777712 8.080203348024226e-05 0.0002766804861157439
17.8555555555549 -1.262834783740625e-05 0.0002871170368151359
17.85833333333268 -0.0001041914135681149 0.0002669182038781339
17.86111111111045 -0.0001841265156927524 0.0002183923412886871
17.86388888888823 -0.0002439591411037446 0.0001468660506943014
17.86666666666601 -0.0002774037714922614 6.010209149817078e-05
17.86944444444378 -0.0002810288888774118 -3.25422951073034e-05
17.87222222222156 -0.0002546132424294323 -0.0001211254490488903
17.87499999999934 -0.0002011559053963115 -0.000196190586496155
17.87777777777711 -0.0001265400600475877 -0.0002497790284120415
17.88055555555489 -3.88878030431111e-05 -0.0002762783851200818
17.88333333333266 5.232347975207997e-05 -0.000273014808825695
17.88611111111044 0.0001372870580836552 -0.0002405263098196924
17.88888888888822 0.0002069239031054683 -0.0001824887752295155
17.89166666666599 0.0002538565840858988 -0.0001053039650400316
17.89444444444377 0.0002731951193460814 -1.739530054713512e-05
17.89722222222155 0.0002630505848958361 7.171125906990253e-05
17.89999999999932 0.0002247220601751953 0.0001524209448553753
17.9027777777771 0.0001625380866841314 0.0002161061437335384
17.90555555555488 8.337134807813065e-05 0.0002560324123398914
17.90833333333265 -4.11933869485231e-06 0.0002680747156922351
17.91111111111043 -9.043624832175231e-05 0.0002511472436722115
17.91388888888821 -0.0001662755134123292 0.0002073015906103966
17.91666666666598 -0.0002235329118885482 0.000141484321955951
17.91944444444376 -0.0002561735955289782 6.098203076617398e-05
17.92222222222154 -0.0002608719908253017 -2.538414251935025e-05
17.92499999999931 -0.0002373535736185119 -0.0001082255774278604
17.92777777777709 -0.0001884030305458996 -0.0001786087188122193
17.93055555555486 -0.0001195398602385181 -0.0002290214872020056
17.93333333333264 -3.839872565034458e-05 -0.0002541786497692381
17.93611111111042 4.611611986611779e-05 -0.0002515793858706516
17.93888888888819 0.0001248087325540813 -0.0002217578160876037
17.94166666666597 0.0001891941859123188 -0.0001682011389555641
17.94444444444375 0.0002324164876762663 -9.694649456435658e-05
17.94722222222152 0.0002499820394909516 -1.590273755972649e-05
17.9499999999993 0.0002402297690370829 6.602688613067042e-05
17.95277777777708 0.0002044883891583733 0.0001399238507243685
17.95555555555485 0.000146905827717092 0.0001978274238211109
17.95833333333263 7.397189704806358e-05 0.0002335952517155227
17.96111111111041 -6.211235546487678e-06 0.0002435580629686144
17.96388888888818 -8.482892511638318e-05 0.0002268983306588009
17.96666666666596 -0.0001533243044592954 0.0001857135309836857
17.96944444444373 -0.0002043319419722977 0.0001247595603654404
17.97222222222151 -0.0002324727382770692 5.090505203697012e-05
17.97499999999929 -0.0002349239244043172 -2.764111350079649e-05
17.97777777777706 -0.000211703426701761 -0.00010224233921772
17.98055555555484 -0.0001656397778493693 -0.0001647853856429447
17.98333333333262 -0.0001020336123250793 -0.0002085650574042286
17.98611111111039 -2.805071726395029e-05 -0.0002290057408372282
17.98888888888817 4.808412847807723e-05 -0.0002241418198496886
17.99166666666595 0.000118001906229218 -0.000194806251678842
17.99444444444372 0.0001741108750302762 -0.000144509227388941
17.9972222222215 0.0002104231735855532 -7.902322007075282e-05
17.99999999999928 0.000223196216599985 -5.723015548537033e-06
18.00277777777705 0.0002113198845576787 6.724403684048315e-05
18.00555555555483 0.0001764092545458905 0.0001318642320859026
18.0083333333326 0.000122595578493063 0.0001811392676953467
18.01111111111038 5.604169124792115e-05 0.0002098463102615078
18.01388888888816 -1.576169789084411e-05 0.0002150935471841598
18.01666666666593 -8.483864684734936e-05 0.0001966118782833732
18.01944444444371 -0.0001436147657626218 0.0001567532508412313
18.02222222222149 -0.0001857494167719992 0.0001001989851359071
18.02499999999926 -0.000206821672290905 3.341359381592518e-05
18.02777777777704 -0.000204795571205312 -3.609250683466559e-05
18.03055555555482 -0.0001802155221856687 -0.0001006074308417947
18.03333333333259 -0.000136113229990524 -0.0001530744272117921
18.03611111111037 -7.763980993085134e-05 -0.0001878653593328906
18.03888888888815 -1.146718775084293e-05 -0.0002013860638951556
18.04166666666592 5.497192193779091e-05 -0.0001924482625819677
18.0444444444437 0.0001143189676536874 -0.0001623694454202866
18.04722222222147 0.0001601055931664074 -0.0001147929067734234
18.04999999999925 0.0001874601000852148 -5.525141273799947e-05
18.05277777777703 0.0001936269833076238 9.473694474330774e-06
18.0555555555548 0.0001782439703928869 7.212393249365188e-05
18.05833333333258 0.0001433487498961471 0.000125777946971245
18.06111111111036 9.311811849845015e-05 0.0001646171900925849
18.06388888888813 3.337215777594181e-05 0.0001845581512217437
18.06666666666591 -2.909807484750011e-05 0.0001836822711295686
18.06944444444369 -8.730184742113658e-05 0.0001624181855305327
18.07222222222146 -0.000134831463917277 0.0001234592561340669
18.07499999999924 -0.0001665686593544495 7.142922217767227e-05
18.07777777777702 -0.0001792366601950242 1.233686701366422e-05
18.08055555555479 -0.0001717382328573641 -4.711629026619784e-05
18.08333333333257 -0.0001452448545569284 -0.0001002956388577166
18.08611111111034 -0.0001030305495033986 -0.0001413743401224777
18.08888888888812 -5.007269638555438e-05 -0.0001659725870608229
18.0916666666659 7.532014378587831e-06 -0.0001716250007714724
18.09444444444367 6.326819192729767e-05 -0.0001580262105746991
18.09722222222145 0.0001109385014199778 -0.0001270303199207236
18.09999999999923 0.0001453532279249673 -8.240800172190123e-05
18.102777777777 0.0001628958297888753 -2.939219789300979e-05
18.10555555555478 0.0001619027552474665 2.593324546125421e-05
18.10833333333256 0.0001428176386942543 7.733077989846542e-05
18.11111111111033 0.0001081060254876315 0.000119112352530742
18.11388888888811 6.19439946397202e-05 0.0001467692869682465
18.11666666666589 9.719360916587699e-06 0.0001574590165214555
18.11944444444366 -4.259529639145957e-05 0.0001502960753628198
18.12222222222144 -8.912497270902052e-05 0.0001264176814065533
18.12499999999921 -0.0001247520246537604 8.882018433190488e-05
18.12777777777699 -0.0001456792668618892 4.198861912512747e-05
18.13055555555477 -0.0001498343651157381 -8.635345541702422e-06
18.13333333333254 -0.0001370724738729844 -5.728421557476635e-05
18.13611111111032 -0.0001091576122944911 -9.852122904413827e-05
18.1388888888881 -6.952865892458749e-05 -0.0001278479386218338
18.14166666666587 -2.288015858719486e-05 -0.0001421948844281537
18.14444444444365 2.539137143102807e-05 -0.0001402418162755188
18.14722222222143 6.981054617313547e-05 -0.0001225341651272002
18.1499999999992 0.0001054437697183623 -9.138615629268543e-05
18.15277777777698 0.0001284470975433073 -5.058534926109103e-05
18.15555555555476 0.0001364804474532234 -4.935691804295479e-06
18.15833333333253 0.0001289435566102527 4.030611820323161e-05
18.16111111111031 0.0001070101381882595 8.003500382009768e-05
18.16388888888808 7.346006762846956e-05 0.0001098731924800435
18.16666666666586 3.23324192623652e-05 0.0001266523013994566
18.16944444444364 -1.155783878035963e-05 0.0001287487462335958
18.17222222222141 -5.318193147864876e-05 0.0001162370717873039
18.17499999999919 -8.787266456309761e-05 9.084720669265771e-05
18.17777777777697 -0.00011184732855435 5.573426147821886e-05
18.18055555555474 -0.0001226195510460764 1.509071352367515e-05
18.18333333333252 -0.0001192553064853834 -2.635175076909011e-05
18.1861111111103 -0.000102446937596253 -6.387176395256995e-05
18.18888888888807 -7.440033245217299e-05 -9.32954627022973e-05
18.19166666666585 -3.855184899859567e-05 -0.0001114602561026328
18.19444444444363 8.492767426762556e-07 -0.0001165536839703852
18.1972222222214 3.92426145159312e-05 -0.0001082911689118073
18.19999999999918 7.228326226634445e-05 -8.791561742488084e-05
18.20277777777696 9.633286058542727e-05 -5.802256159627122e-05
18.20555555555473 0.0001088594592087538 -2.223444281121101e-05
18.20833333333251 0.000108702359409258 1.523554915402354e-05
18.21111111111028 9.617442824553042e-05 5.007782715215361e-05
18.21388888888806 7.299358576928586e-05 7.838108857340617e-05
18.21666666666584 4.205494013002228e-05 9.707062403571913e-05
18.21944444444361 7.073101242573546e-06 0.0001042411982750755
18.22222222222139 -2.786150359609976e-05 9.934858357233638e-05
18.22499999999917 -5.875953046656794e-05 8.324082424091711e-05
18.22777777777694 -8.218735574431819e-05 5.802913586821017e-05
18.23055555555472 -9.564771479934415e-05 2.681678796174125e-05
18.2333333333325 -9.784423508296978e-05 -6.679736244456641e-06
18.23611111111027 -8.880203290146955e-05 -3.857135240168761e-05
18.23888888888805 -6.983372545259842e-05 -6.524669843548544e-05
18.24166666666583 -4.335825276861491e-05 -8.378013165865174e-05
18.2444444444436 -1.259670538355904e-05 -9.225139148790196e-05
18.24722222222138 1.881700294926137e-05 -8.994212928793305e-05
18.24999999999915 4.726380285516289e-05 -7.73894908118816e-05
18.25277777777693 6.955529386504078e-05 -5.629388069902478e-05
18.25555555555471 8.32900492482593e-05 -2.929493923135995e-05
18.25833333333248 8.711068897219733e-05 3.553368645849098e-07
18.26111111111026 8.083438882477781e-05 2.918217775648147e-05
18.26388888888804 6.544475783088396e-05 5.38938568435033e-05
18.26666666666581 4.294933053125742e-05 7.175647429955325e-05
18.26944444444359 1.612236985285357e-05 8.089514089637259e-05
18.27222222222137 -1.183451294311414e-05 8.048851891493209e-05
18.27499999999914 -3.767266977314181e-05 7.08368108932409e-05
18.27777777777692 -5.84726509868938e-05 5.329842367533997e-05
18.2805555555547 -7.197291115556993e-05 3.010587027822153e-05
18.28333333333247 -7.681409422274671e-05 4.085218587646733e-06
18.28611111111025 -7.267269714209103e-05 -2.168600762431483e-05
18.28888888888802 -6.027138965798893e-05 -4.424128237036912e-05
18.2916666666658 -4.126790056334803e-05 -6.106534459750224e-05
18.29444444444358 -1.803843676406526e-05 -7.03733686859534e-05
18.29722222222135 6.61654251384293e-06 -7.129819699943609e-05
18.29999999999913 2.980804665738478e-05 -6.396625324128393e-05
18.30277777777691 4.889570677905003e-05 -4.945618901746999e-05
18.30555555555468 6.178714809942592e-05 -2.964810884503666e-05
18.30833333333246 6.716576650131455e-05 -6.983753072249478e-06
18.31111111111024 6.462229801215695e-05 1.583213807107658e-05
18.31388888888801 5.467741117274482e-05 3.615298553132075e-05
18.31666666666579 3.869558215140845e-05 5.169608166664225e-05
18.31944444444357 1.870317881288628e-05 6.079766663850662e-05
18.32222222222134 -2.865488702670807e-06 6.258901677893804e-05
18.32499999999912 -2.346261712756107e-05 5.707515472143628e-05
18.32777777777689 -4.072643598175589e-05 4.510964464686913e-05
18.33055555555467 -5.275074064226136e-05 2.827124345318578e-05
18.33333333333245 -5.829380810808742e-05 8.659487347451001e-06
18.33611111111022 -5.690398119984415e-05 -1.136469536762825e-05
18.338888888888 -4.894956495295826e-05 -2.946153665099805e-05
18.34166666666578 -3.555220642274213e-05 -4.35844969086128e-05
18.34444444444355 -1.843424339844856e-05 -5.221034984126442e-05
18.34722222222133 2.997130265637239e-07 -5.45015676204146e-05
18.34999999999911 1.84195592028722e-05 -5.038392998765637e-05
18.35277777777688 3.383371099928835e-05 -4.053268688432569e-05
18.35555555555466 4.482924077790327e-05 -2.627150647558995e-05
18.35833333333244 5.026070826971084e-05 -9.398544512103886e-06
18.36111111111021 4.966704805809183e-05 8.03788899926106e-06
18.36388888888799 4.330490397841565e-05 2.398631714512395e-05
18.36666666666576 3.20969386995903e-05 3.663212459769212e-05
18.36944444444354 1.750367126739054e-05 4.460268351073548e-05
18.37222222222132 1.336129517550944e-06 4.711454056715981e-05
18.37499999999909 -1.446694442253207e-05 4.404710605256972e-05
18.37777777777687 -2.807012454387395e-05 3.593637928628121e-05
18.38055555555465 -3.795318695085154e-05 2.389183701662472e-05
18.38333333333242 -4.307953112390198e-05 9.44855732447438e-06
18.3861111111102 -4.300265212111201e-05 -5.626085460747037e-06
18.38888888888798 -3.79000228755065e-05 -1.954704788070344e-05
18.39166666666575 -2.853261285011581e-05 -3.072167074772238e-05
18.39444444444353 -1.613708324795658e-05 -3.793058140945508e-05
18.39722222222131 -2.26542015415617e-06 -4.045904641563524e-05
18.39999999999908 1.140748488765018e-05 -3.81648378399504e-05
18.40277777777686 2.32846435415999e-05 -3.147658974004514e-05
18.40555555555463 3.203224172442337e-05 -2.132500712404257e-05
18.40833333333241 3.672801789230343e-05 -9.017142186297353e-06
18.41111111111019 3.695641109828226e-05 3.929641813959614e-06
18.41388888888796 3.284093725628929e-05 1.597315459553794e-05
18.41666666666574 2.501196752301008e-05 2.572880106961999e-05
18.41944444444352 1.451577569513628e-05 3.212750128623518e-05
18.42222222222129 2.677480952495757e-06 3.453124189403694e-05
18.42499999999907 -9.064434573305247e-06 3.279397132533053e-05
18.42777777777685 -1.933155371086654e-05 2.72624100676384e-05
18.43055555555462 -2.696613303540699e-05 1.871863372062768e-05
18.4333333333324 -3.116031373778736e-05 8.273121933305096e-06
18.43611111111018 -3.153967543507071e-05 -2.777446688493024e-06
18.43888888888795 -2.81927470672798e-05 -1.310965933816002e-05
18.44166666666573 -2.164476898564612e-05 -2.153063962918324e-05
18.4444444444435 -1.278066737326574e-05 -2.71145675446611e-05
18.44722222222128 -2.728063937791218e-06 -2.9302964255557e-05
18.44999999999906 7.284471036829299e-06 -2.795806910970618e-05
18.45277777777683 1.607627991428048e-05 -2.336455898024491e-05
18.45555555555461 2.265269405623272e-05 -1.618115322913566e-05
18.45833333333239 2.631630666361458e-05 -7.349549440138494e-06
18.46111111111016 2.673914750095362e-05 2.027044410446125e-06
18.46388888888794 2.398852823946514e-05 1.082031545964169e-05
18.46666666666572 1.850508215535169e-05 1.801147139716477e-05
18.46944444444349 1.103725947737805e-05 2.280814937893426e-05
18.47222222222127 2.541576007111552e-06 2.473032559317653e-05
18.47499999999905 -5.938329779658696e-06 2.365608949422718e-05
18.47777777777682 -1.339870271227768e-05 1.982324169490792e-05
18.4805555555546 -1.899341347357683e-05 1.378807733328449e-05
18.48333333333238 -2.212874848713139e-05 6.347771656692742e-06
18.48611111111015 -2.252477254249694e-05 -1.563100558796245e-06
18.48888888888793 -2.023714346101725e-05 -8.988665047390208e-06
18.4916666666657 -1.563819164984842e-05 -1.506618218096925e-05
18.49444444444348 -9.360980541306855e-06 -1.912523407694647e-05
18.49722222222126 -2.214351080374662e-06 -2.076038623249541e-05
18.49999999999903 4.919867114649002e-06 -1.986961516738765e-05
18.50277777777681 1.11945655626742e-05 -1.665515916179291e-05
