16.5 -2.113427043091119e-07 4.729704283190353e-08
16.50277777777778 -2.093476673140889e-07 7.87944029596887e-08
16.50555555555555 -2.027604793003899e-07 1.107111932948212e-07
16.50833333333333 -1.914186861970275e-07 1.423917256965208e-07
16.51111111111111 -1.752515210530066e-07 1.731423956767239e-07
16.51388888888888 -1.54287402065962e-07 2.022442232475951e-07
16.51666666666666 -1.28659757250353e-07 2.289667555881828e-07
16.51944444444444 -9.86109411439906e-08 2.525831147653007e-07
16.52222222222221 -6.449403598337329e-08 2.72385934783783e-07
16.52499999999999 -2.677236309985972e-08 2.877038964814428e-07
16.52777777777776 1.398343043913347e-08 2.979185372090181e-07
16.53055555555554 5.71008002067523e-08 3.02480985815906e-07
16.53333333333332 1.01813288563089e-07 3.009282530989151e-07
16.53611111111109 1.472710518268144e-07 2.928986943978718e-07
16.53888888888887 1.925538611723955e-07 2.781462551605298e-07
16.54166666666665 2.366864494193207e-07 2.565531126522035e-07
16.54444444444442 2.786560165250113e-07 2.281403380064254e-07
16.5472222222222 3.174316476965563e-07 1.930762227917894e-07
16.54999999999998 3.519853409241896e-07 1.516819433105259e-07
16.55277777777775 3.81314286778354e-07 1.04434273865785e-07
16.55555555555553 4.044639939039565e-07 5.196510693178594e-08
16.55833333333331 4.205518101401767e-07 -4.942406954433141e-09
16.56111111111108 4.287903529300342e-07 -6.536122442460975e-08
16.56388888888886 4.285103348840765e-07 -1.282313355926581e-07
16.56666666666663 4.191822521662407e-07 -1.923742331248616e-07
16.56944444444441 4.004363957456446e-07 -2.565108273476433e-07
16.57222222222219 3.72080649316499e-07 -3.192826296754898e-07
16.57499999999996 3.341155534258292e-07 -3.792759446491122e-07
16.57777777777774 2.867461434325287e-07 -4.350487296533757e-07
16.58055555555552 2.303901094742246e-07 -4.851597027504547e-07
16.58333333333329 1.656818794810102e-07 -5.28199204922893e-07
16.58611111111107 9.347229102186096e-08 -5.628212552528711e-07
16.58888888888885 1.482359367071371e-08 -5.877761780487463e-07
16.59166666666662 -6.900039036583813e-08 -6.019431314537423e-07
16.5944444444444 -1.565490247182925e-07 -6.043618293206599e-07
16.59722222222218 -2.462045115810561e-07 -5.942627236185802e-07
16.59999999999995 -3.362063061986448e-07 -5.710949046736047e-07
16.60277777777773 -4.246800495186981e-07 -5.345509821973246e-07
16.6055555555555 -5.096706631436456e-07 -4.845882321102068e-07
16.60833333333328 -5.891791396280871e-07 -4.214453330943164e-07
16.61111111111106 -6.61202453808548e-07 -3.456540727243072e-07
16.61388888888883 -7.237759197435296e-07 -2.580454756977495e-07
16.61666666666661 -7.750172255983088e-07 -1.59749895470881e-07
16.61944444444439 -8.131712979242714e-07 -5.219071450533456e-08
16.62222222222216 -8.366550797018169e-07 6.29285840835964e-08
16.62499999999994 -8.441012554731027e-07 1.836440811825592e-07
16.62777777777772 -8.343999239304775e-07 3.077577910969195e-07
16.63055555555549 -8.067372051825948e-07 4.328705576620661e-07
16.63333333333327 -7.606297780087254e-07 5.564211479814298e-07
16.63611111111105 -6.959543727520886e-07 6.757310622865412e-07
16.63888888888882 -6.129712986840461e-07 7.880544277795215e-07
16.6416666666666 -5.123411608202393e-07 8.906321988752244e-07
16.64444444444437 -3.95134019906748e-07 9.807497494701703e-07
16.64722222222215 -2.628303697369667e-07 1.055796818183211e-06
16.64999999999993 -1.173134466853399e-07 1.113328658336091e-06
16.6527777777777 3.914745457059664e-08 1.151127153995551e-06
16.65555555555548 2.039228101883823e-07 1.167260594699977e-06
16.65833333333326 3.740578042305499e-07 1.160140757219372e-06
16.66111111111103 5.463161391611474e-07 1.128575925168674e-06
16.66388888888881 7.172322818327522e-07 1.071818488349808e-06
16.66666666666659 8.831715018412865e-07 9.896058046646944e-07
16.66944444444436 1.040396856552015e-06 8.821930790605211e-07
16.67222222222214 1.1851420816453e-06 7.503771163608806e-07
16.67499999999992 1.313689162361663e-06 5.955099374350767e-07
16.67777777777769 1.422449193301768e-06 4.195014097516281e-07
16.68055555555547 1.508044988221847e-06 2.248102319810196e-07
16.68333333333324 1.567393780003259e-06 1.442282535978057e-08
16.68611111111102 1.597788258867543e-06 -2.081800813191739e-07
16.6888888888888 1.596974137492039e-06 -4.390691348863602e-07
16.69166666666657 1.563222407985885e-06 -6.739240069466101e-07
16.69444444444435 1.495394470121089e-06 -9.081024351595725e-07
16.69722222222213 1.392998364485378e-06 -1.136719809010464e-06
16.6999999999999 1.256234439272057e-06 -1.354738182223961e-06
16.70277777777768 1.086028915329055e-06 -1.557063333444754e-06
16.70555555555546 8.840539900941928e-07 -1.73864825199148e-06
16.70833333333323 6.527333354239938e-07 -1.894601202575653e-06
16.71111111111101 3.952320944984866e-07 -2.020296327732533e-06
16.71388888888879 1.154307653837843e-07 -2.111484585042664e-06
16.71666666666656 -1.821173308734124e-07 -2.164402693185212e-06
16.71944444444434 -4.922449668876212e-07 -2.175877681167378e-06
16.72222222222211 -8.092459300402994e-07 -2.143424602603727e-06
16.72499999999989 -1.1269652083133e-06 -2.065334994845962e-06
16.72777777777767 -1.438903338832101e-06 -1.940753733258894e-06
16.73055555555544 -1.738333459736551e-06 -1.769742055184483e-06
16.73333333333322 -2.01842926136317e-06 -1.553324706209735e-06
16.736111111111 -2.272401708958571e-06 -1.293519392150091e-06
16.73888888888877 -2.493642114135838e-06 -9.933470014403604e-07
16.74166666666655 -2.675868873917592e-06 -6.56821390852736e-07
16.74444444444433 -2.813274981741378e-06 -2.889178980506469e-07
16.7472222222221 -2.900673251135032e-06 1.044798484707814e-07
16.74999999999988 -2.933636085838382e-06 5.166548147662047e-07
16.75277777777766 -2.908626585159229e-06 9.401526764234302e-07
16.75555555555543 -2.823117794267035e-06 1.366898225847172e-06
16.75833333333321 -2.675696998821186e-06 1.788330659443088e-06
16.76111111111098 -2.466152123244684e-06 2.195555863411874e-06
16.76388888888876 -2.19553752214954e-06 2.579513364723349e-06
16.76666666666654 -1.866216753438778e-06 2.931155188722418e-06
16.76944444444431 -1.481880286426778e-06 3.241633477240636e-06
16.77222222222209 -1.047536524381019e-06 3.502493381053706e-06
16.77499999999987 -5.694750021122223e-07 3.705867457604058e-06
16.77777777777764 -5.520114802115377e-08 3.844667587917472e-06
16.78055555555542 4.866574325817716e-07 3.912770283335201e-06
16.7833333333332 1.046472600201301e-06 3.905191189664377e-06
16.78611111111097 1.613764084318952e-06 3.818244618833938e-06
16.78888888888875 2.177372863462333e-06 3.649684049692204e-06
16.79166666666653 2.725657128732586e-06 3.398819742115235e-06
16.7944444444443 3.246707848686219e-06 3.066609902100243e-06
16.79722222222208 3.728580399543467e-06 2.655722218107698e-06
16.79999999999986 4.159538218963592e-06 2.170563056643585e-06
16.80277777777763 4.528303996951267e-06 1.617272152088336e-06
16.80555555555541 4.824313546235512e-06 1.003681244137009e-06
16.80833333333318 5.037967207851106e-06 3.392357962751615e-07
16.81111111111096 5.160873455790577e-06 -3.651203412004834e-07
16.81388888888874 5.186079275780416e-06 -1.097096692886988e-06
16.81666666666651 5.108281914258456e-06 -1.843242924387381e-06
16.81944444444429 4.924016728976843e-06 -2.58916839590282e-06
16.82222222222207 4.631816124811952e-06 -3.319791499515375e-06
16.82499999999984 4.23233492730006e-06 -4.019615016089285e-06
16.82777777777762 3.728438029695335e-06 -4.673023011395689e-06
16.8305555555554 3.125246741998079e-06 -5.264594135700092e-06
16.83333333333317 2.430140964836206e-06 -5.779425613310488e-06
16.83611111111095 1.65271509737748e-06 -6.203461723993378e-06
16.83888888888873 8.046864540266602e-07 -6.52382020129231e-06
16.8416666666665 -1.002441048787184e-07 -6.729109716155086e-06
16.84444444444428 -1.046578644837553e-06 -6.809731488919806e-06
16.84722222222205 -2.017254039662379e-06 -6.758158086824116e-06
16.84999999999983 -2.993916555143265e-06 -6.569182623923834e-06
16.85277777777761 -3.957235417513968e-06 -6.240131888532937e-06
16.85555555555538 -4.887250676408894e-06 -5.771037380199507e-06
16.85833333333316 -5.763749752473093e-06 -5.16475884074364e-06
16.86111111111094 -6.566666216714325e-06 -4.42705560568329e-06
16.86388888888871 -7.276493602644361e-06 -3.566601974097042e-06
16.86666666666649 -7.874706423422662e-06 -2.594943783893907e-06
16.86944444444427 -8.344180072556841e-06 -1.526394470090652e-06
16.87222222222204 -8.66960094457917e-06 -3.778700574455304e-07
16.87499999999982 -8.837857934973937e-06 8.313362250930356e-07
16.8777777777776 -8.83840647740105e-06 2.079837745548834e-06
16.88055555555537 -8.663596458358027e-06 3.344493433780281e-06
16.88333333333315 -8.308955718883096e-06 4.600797381040638e-06
16.88611111111092 -7.773421409936745e-06 5.823313307322283e-06
16.8888888888887 -7.059512208985801e-06 6.986146958599705e-06
16.89166666666648 -6.173435322388259e-06 8.063448418873916e-06
16.89444444444425 -5.125123279630366e-06 9.02993536523955e-06
16.89722222222203 -3.928196755755814e-06 9.861427482591808e-06
16.89999999999981 -2.599851017931872e-06 1.053538161126527e-05
16.90277777777758 -1.16066505818947e-06 1.103141674601096e-05
16.90555555555536 3.656659792004044e-07 1.133181775556658e-05
16.90833333333314 1.952672869170835e-06 1.142200666222933e-05
16.91111111111091 3.571525051123715e-06 1.129097051997327e-05
16.91388888888869 5.191508616696995e-06 1.093163536284647e-05
16.91666666666647 6.780562548439176e-06 1.034117636325875e-05
16.91944444444424 8.305864737814401e-06 9.521255237919264e-06
16.92222222222202 9.7344579450124e-06 8.478177058307742e-06
16.92499999999979 1.103390464412957e-05 7.222959948320653e-06
16.92777777777757 1.217295865635602e-05 5.771312665035469e-06
16.93055555555535 1.312224063963775e-05 4.143516735431977e-06
16.93333333333312 1.385490390113082e-05 2.364211634381848e-06
16.9361111111109 1.434727665039468e-05 4.620834050256596e-07
16.93888888888868 1.457946673374089e-05 -1.530540893541751e-06
16.94166666666645 1.453591509574138e-05 -3.578188512946702e-06
16.94444444444423 1.420588470939409e-05 -5.64281971550213e-06
16.94722222222201 1.358387250288957e-05 -7.684481496098224e-06
16.94999999999978 1.266993288341602e-05 -9.66202611887951e-06
16.95277777777756 1.146990280587302e-05 -1.153388254241765e-05
16.95555555555534 9.995519939687835e-06 -1.325886726475755e-05
16.95833333333311 8.264427326750112e-06 -1.479701979333462e-05
16.96111111111089 6.300059969313177e-06 -1.611044686896466e-05
16.96388888888866 4.131411003789729e-06 -1.716415878046922e-05
16.96666666666644 1.79267746630816e-06 -1.792688062305795e-05
16.96944444444422 -6.772119052758501e-07 -1.837182120171016e-05
16.97222222222199 -3.23518190640895e-06 -1.847738247536602e-05
16.97499999999977 -5.83470173669293e-06 -1.82277929881845e-05
16.97777777777755 -8.426571687860786e-06 -1.761364964205223e-05
16.98055555555532 -1.095979352240749e-05 -1.663235342478747e-05
16.9833333333331 -1.338251026873131e-05 -1.528842630817502e-05
16.98611111111088 -1.564299922184439e-05 -1.359369844875608e-05
16.98888888888865 -1.769070025891044e-05 -1.15673570348936e-05
16.99166666666643 -1.947726020118873e-05 -9.235850590940886e-06
16.99444444444421 -2.095757291580853e-05 -6.632645233120396e-06
16.99722222222198 -2.209079418734669e-05 -3.797832223880909e-06
16.99999999999976 -2.284131012581832e-05 -7.775891411714808e-07
17.00277777777753 -2.317963803536333e-05 2.37649999131344e-06
17.00555555555531 -2.30832392575243e-05 5.608257235776915e-06
17.00833333333309 -2.253722452843002e-05 8.857844586929735e-06
17.01111111111086 -2.15349338445509e-05 1.206280493968192e-05
17.01388888888864 -2.007837470273487e-05 1.515919332305208e-05
17.01666666666642 -1.817850484333417e-05 1.808277913043838e-05
17.01944444444419 -1.585534824805462e-05 2.077029796534141e-05
17.02222222222197 -1.313793608609936e-05 2.31607299676149e-05
17.02499999999975 -1.006406751404257e-05 2.519658013692543e-05
17.02777777777752 -6.67988866168222e-06 2.682513526743242e-05
17.0305555555553 -3.039291714432072e-06 2.799967168590072e-05
17.03333333333308 7.968603331372243e-07 2.86805880677519e-05
17.03611111111085 4.761674001046451e-06 2.883643820882848e-05
17.03888888888863 8.783317856425309e-06 2.844483975924294e-05
17.0416666666664 1.27862509049604e-05 2.749323657493495e-05
17.04444444444418 1.669256722071076e-05 2.597949449634232e-05
17.04722222222196 2.042343420632098e-05 2.391231299528368e-05
17.04999999999973 2.390059924211605e-05 2.131143820317088e-05
17.05277777777751 2.704793726622891e-05 1.82076662990223e-05
17.05555555555529 2.979301008918691e-05 1.464263003667229e-05
17.05833333333306 3.206860703374378e-05 1.066836526240225e-05
17.06111111111084 3.381423584774186e-05 6.346658542485645e-06
17.06388888888862 3.497753279408193e-05 1.748181406611254e-06
17.06666666666639 3.551556139901578e-05 -3.048578868199187e-06
17.06944444444417 3.539597054508986e-05 -7.958577643743137e-06
17.07222222222195 3.459798442495445e-05 -1.289164196812782e-05
17.07499999999972 3.311319930910477e-05 -1.775404778905549e-05
17.0777777777775 3.094616509522763e-05 -2.245021917282647e-05
17.08055555555528 2.81147331566429e-05 -2.688452010813289e-05
17.08333333333305 2.465015603769292e-05 -3.09631066967843e-05
17.08611111111083 2.059692898943263e-05 -3.45958053090932e-05
17.0888888888886 1.601236812285077e-05 -3.769798067321774e-05
17.09166666666638 1.096592499415213e-05 -4.019235692528686e-05
17.09444444444416 5.538242634063865e-06 -4.201075441042383e-05
17.09722222222193 -1.800367082891701e-07 -4.309570551997537e-05
17.09999999999971 -6.089696619895136e-06 -4.340191408956789e-05
17.10277777777749 -1.208458382107789e-05 -4.28975248639109e-05
17.10555555555526 -1.805343233400212e-05 -4.156517223996648e-05
17.10833333333304 -2.388184469270209e-05 -3.940278089819622e-05
17.11111111111082 -2.945439636268583e-05 -3.64240949745084e-05
17.11388888888859 -3.46568260856756e-05 -3.265891705211412e-05
17.11666666666637 -3.937827204778161e-05 -2.815304338722073e-05
17.11944444444415 -4.35135116605711e-05 -2.296788733870272e-05
17.12222222222192 -4.696516140856196e-05 -1.717978885037559e-05
17.1249999999997 -4.964579270083484e-05 -1.087901392853976e-05
17.12777777777747 -5.14799200036764e-05 -4.168454251579401e-06
17.13055555555525 -5.240581874279215e-05 2.837956777449094e-06
17.13333333333303 -5.237713254835749e-05 1.001708919327121e-05
17.1361111111108 -5.136423235750526e-05 1.723869473931306e-05
17.13888888888858 -4.935529365259254e-05 2.436768476546314e-05
17.14166666666636 -4.635706264803213e-05 3.12665694006635e-05
17.14444444444413 -4.239528747537497e-05 3.779801539608865e-05
17.14722222222191 -3.751479627140854e-05 4.38274764991305e-05
17.14999999999969 -3.177921044866987e-05 4.922584749082881e-05
17.15277777777746 -2.527028820953439e-05 5.387209117596573e-05
17.15555555555524 -1.808690043220747e-05 5.765578671460673e-05
17.15833333333302 -1.034364827580994e-05 6.047954777229246e-05
17.16111111111079 -2.169139086167922e-06 6.226126006550855e-05
17.16388888888857 6.296055710563386e-06 6.293608999715638e-05
17.16666666666634 1.490173020466101e-05 6.245821919738437e-05
17.16944444444412 2.349062414729054e-05 6.080226387399139e-05
17.1722222222219 3.190121082891078e-05 5.796434287850018e-05
17.17499999999967 3.997064468871606e-05 5.396276423426722e-05
17.17777777777745 4.753781626161208e-05 4.883830645877771e-05
17.18055555555523 5.444645858772729e-05 4.265407823295032e-05
17.183333333333 6.054824672549223e-05 3.54949477009392e-05
17.18611111111078 6.57058305998571e-05 2.746654078482731e-05
17.18888888888856 6.979574113469069e-05 1.869381622177889e-05
17.19166666666633 7.271111049966546e-05 9.319233416294365e-06
17.19444444444411 7.436414935525544e-05 -4.99462511317543e-07
17.19722222222189 7.468832719796138e-05 -1.059180607781161e-05
17.19999999999966 7.364020625342274e-05 -2.077748719188202e-05
17.20277777777744 7.120088478337788e-05 -3.086949030410594e-05
17.20555555555521 6.737701208213887e-05 -4.067744367327798e-05
17.20833333333299 6.22013447385293e-05 -5.00111200799473e-05
17.21111111111077 5.57328218096256e-05 -5.868402592915631e-05
17.21388888888854 4.805614525269471e-05 -6.651701241423717e-05
17.21666666666632 3.928086113894314e-05 -7.334184034487518e-05
17.2194444444441 2.953994665603668e-05 -7.900462945178431e-05
17.22222222222187 1.898791752334544e-05 -8.33691235050793e-05
17.22499999999965 7.798480003533176e-06 -8.631970445227631e-05
17.22777777777743 -3.838238983381978e-06 -8.776409198205295e-05
17.2305555555552 -1.571884124555503e-05 -8.763566942586607e-05
17.23333333333298 -2.763013552281866e-05 -8.589538265992397e-05
17.23611111111076 -3.935288633040195e-05 -8.253316558322627e-05
17.23888888888853 -5.066576871450214e-05 -7.756885371477075e-05
17.24166666666631 -6.134945874144451e-05 -7.105255634358314e-05
17.24444444444408 -7.119078531472253e-05 -6.306446732813083e-05
17.24722222222186 -7.998686602774521e-05 -5.371410490479615e-05
17.24999999999964 -8.75491482909871e-05 -4.313898154522382e-05
17.25277777777741 -9.370727698652257e-05 -3.150271579982441e-05
17.25555555555519 -9.831271142891223e-05 -1.899260897464004e-05
17.25833333333297 -0.0001012420174533365 -5.816720199983607e-06
17.26111111111074 -0.0001023997649832647 7.799516249244016e-06
17.26388888888852 -0.0001017209673947721 2.161707783802009e-05
17.2666666666663 -9.9173006307938e-05 3.538748244940546e-05
17.26944444444407 -9.475699398491261e-05 4.885718858584462e-05
17.27222222222185 -8.850853515987909e-05 6.177219013736335e-05
17.27499999999963 -8.04978607050127e-05 7.388272341029081e-05
17.2777777777774 -7.082931686423117e-05 8.494800021716316e-05
17.28055555555518 -5.964020566038382e-05 9.47408785032831e-05
17.28333333333295 -4.709898428353239e-05 0.0001030523813018343
17.28611111111073 -3.340284357132734e-05 0.0001096959758131488
17.28888888888851 -1.87746978615696e-05 0.0001145115271101481
17.29166666666628 -3.459630297045838e-06 0.0001173688453614641
17.29444444444406 1.227915114118815e-05 0.000118170751485923
17.29722222222184 2.816478122942026e-05 0.0001168555937225413
17.29999999999961 4.391155376044269e-05 0.0001133991566037209
17.30277777777739 5.923000342197103e-05 0.0001078159141111554
17.30555555555517 7.383216359036316e-05 0.0001001595902010873
17.30833333333294 8.743690525209299e-05 9.052300221130701e-05
17.31111111111072 9.977525888305642e-05 7.903717568714277e-05
17.3138888888885 0.000110595619529279 6.586973265340367e-05
17.31666666666627 0.0001196687356082176 5.122256906318337e-05
17.31944444444405 0.0001267923841139747 3.53288508153005e-05
17.32222222222182 0.0001317956389540844 1.844937109108475e-05
17.3249999999996 0.0001345426450307211 8.683245531786386e-07
17.32777777777738 0.0001349358183201873 -1.71114340729935e-05
17.33055555555515 0.0001329184014916902 -3.517356859893122e-05
17.33333333333293 0.0001284763153882376 -5.299378908649099e-05
17.33611111111071 0.0001216392587918378 -7.024563246705542e-05
17.33888888888848 0.0001124810221034597 -8.660639339080943e-05
17.34166666666626 0.0001011189946543779 -0.0001017630979820468
17.34444444444404 8.771286007650503e-05 -0.00011541841047111
17.34722222222181 7.246248922620555e-05 -0.0001272963619922057
17.34999999999959 5.560505530083094e-05 -0.0001371477922240031
17.35277777777737 3.741141072161429e-05 -0.0001447553980181231
17.35555555555514 1.818177979795297e-05 -0.0001499382886723958
17.35833333333292 -1.759165148080466e-06 -0.0001525559549940499
17.3611111111107 -2.206776390003623e-05 -0.0001525115686491411
17.36388888888847 -4.238727309285949e-05 -0.0001497545393630363
17.36666666666625 -6.235411419197287e-05 -0.0001442822701401886
17.36944444444402 -8.160435526912903e-05 -0.000136141064594604
17.3722222222218 -9.978031102493801e-05 -0.0001254261554840603
17.37499999999958 -0.0001165371414542292 -0.0001122808393541378
17.37777777777735 -0.0001315493276721132 -9.689471853748937e-05
17.38055555555513 -0.0001445169037811779 -7.95010683184136e-05
17.38333333333291 -0.0001551713262867614 -6.037336355641329e-05
17.38611111111068 -0.0001632808674450945 -3.98210151528922e-05
17.38888888888846 -0.0001686554259974603 -1.818438213276855e-05
17.39166666666624 -0.0001711506578982567 4.170860495569734e-06
17.39444444444401 -0.0001706713407483358 2.685990483451718e-05
17.39722222222179 -0.0001671738985116247 4.948543931970554e-05
17.39999999999957 -0.000160668027508023 7.164460947009061e-05
17.40277777777734 -0.0001512173803898132 9.293618778577104e-05
17.40555555555512 -0.0001389392815454476 0.0001129678247949653
17.40833333333289 -0.0001240034648334026 0.0001313632499357397
17.41111111111067 -0.0001066298424149815 0.0001477692900276994
17.41388888888845 -8.708533139710814e-05 0.0001618625746018284
17.41666666666622 -6.567978268341369e-05 0.0001733558013078772
17.419444444444 -4.276107352858632e-05 0.0001820034409706062
17.42222222222178 -1.870944147315882e-05 0.0001876067705275696
17.42499999999955 6.068847712747948e-06 0.0001900181329209896
17.42777777777733 3.114839201409085e-05 0.0001891443358565477
17.43055555555511 5.609198738388559e-05 0.0001849491159718724
17.43333333333288 8.04582768676324e-05 0.0001774546111217269
17.43611111111066 0.000103809579941508 0.0001667418009066643
17.43888888888844 0.0001257197623750087 0.0001529498939365144
17.44166666666621 0.0001457820044537495 0.0001362746592989442
17.44444444444399 0.0001636163255064422 0.0001169657189535866
17.44722222222176 0.0001788767254070878 9.532283693632861e-05
17.44999999999954 0.0001912578090375067 7.169125998617815e-05
17.45277777777732 0.0002005007675374174 4.645618213822766e-05
17.45555555555509 0.0002063986004084359 2.003642263266108e-05
17.45833333333287 0.0002088004750231828 -7.122578165319131e-06
17.46111111111065 0.000207615134603123 -3.455632654126342e-05
17.46388888888842 0.0002028132820286624 -6.178927703679424e-05
17.4666666666662 0.0001944288846459627 -8.834312870043443e-05
17.46944444444398 0.0001825593642243464 -0.0001137452699299574
17.47222222222175 0.0001673646560582946 -0.0001375372215855896
17.47499999999953 0.0001490651415402782 -0.0001592829264885464
17.47777777777731 0.0001279384789870587 -0.0001785767346131329
17.48055555555508 0.0001043153777052967 -0.0001950509372372977
17.48333333333286 7.857437986223705e-05 -0.0002083827099852558
17.48611111111063 5.113573331226747e-05 -0.0002183003339846079
17.48888888888841 2.245445577973977e-05 -0.0002245885761130896
17.49166666666619 -6.987293627574754e-06 -0.0002270931233424141
17.49444444444396 -3.668840598800498e-05 -0.0002257239822514828
17.49722222222174 -6.613743626100763e-05 -0.0002204577726085866
17.49999999999952 -9.482148923667209e-05 -0.0002113388631952128
17.50277777777729 -0.0001222352216009219 -0.0001984793184239098
17.50555555555507 -0.0001478898004896595 -0.0001820576454254689
17.50833333333285 -0.0001713216582837535 -0.0001623163527643254
17.51111111111062 -0.000192100885670441 -0.0001395583533993253
17.5138888888884 -0.0002098391101546951 -0.0001141422655427691
17.51666666666618 -0.0002241967151612209 -8.647668530414243e-05
17.51944444444395 -0.0002348892655117252 -5.701352405353274e-05
17.52222222222173 -0.0002416930182072877 -2.624052095485197e-05
17.5249999999995 -0.0002444494128760875 5.326943231461936e-06
17.52777777777728 -0.000243068453695623 3.71545914921257e-05
17.53055555555506 -0.0002375309137604438 6.869840440235461e-05
17.53333333333283 -0.000227889313405351 9.941402339046537e-05
17.53611111111061 -0.0002142676455462354 0.0001287662387361852
17.53888888888839 -0.0001968598432790153 0.0001562383949225071
17.54166666666616 -0.0001759270073863104 0.000181341546264501
17.54444444444394 -0.0001517934336325882 0.0002036231990502715
17.54722222222172 -0.0001248415013832127 0.0002226754826978429
17.54999999999949 -9.550550575965058e-05 0.0002381426015717202
17.55277777777727 -6.42645348695177e-05 0.0002497274309531171
17.55555555555505 -3.163451126365529e-05 0.0002571971350261936
17.55833333333282 1.840467648482202e-06 0.0002603877013778002
17.5611111111106 3.559734224564587e-05 0.0002592073051231521
17.56388888888837 6.906369775034706e-05 0.0002536384360365361
17.56666666666615 0.0001016675991529675 0.0002437387436286451
17.56944444444393 0.0001328474825092581 0.000229640577586011
17.5722222222217 0.0001620619292042585 0.0002115492239731449
17.57499999999948 0.0001887991509457819 0.0001897398606839186
17.57777777777726 0.0002125860175006296 0.0001645532783981351
17.58055555555503 0.0002329964664457 0.0001363904353458925
17.58333333333281 0.0002496591443625051 0.0001057059351020772
17.58611111111059 0.0002622641417756211 7.300053605379568e-05
17.58888888888836 0.0002705686995122527 3.881281874311141e-05
17.59166666666614 0.0002744017817642262 3.710152674544529e-06
17.59444444444392 0.0002736674306643061 -3.172088290047621e-05
17.59722222222169 0.0002683468382967929 -6.688445948016047e-05
17.59999999999947 0.0002584990943779245 -0.0001011856690117427
17.60277777777724 0.0002442605909672301 -0.0001340407264010924
17.60555555555502 0.0002258430890962845 -0.0001648870272426113
17.6083333333328 0.0002035304757071774 -0.0001931928851171604
17.61111111111057 0.0001776742623596439 -0.0002184667778611155
17.61388888888835 0.0001486878993828483 -0.0002402659402886725
17.61666666666613 0.0001170400001137419 -0.0002582041518239971
17.6194444444439 8.324658921037713e-05 -0.0002719585811694861
17.62222222222168 4.786250639947527e-05 -0.0002812755662716241
17.62499999999946 1.147211211152377e-05 -0.0002859752261550542
17.62777777777723 -2.532054600753992e-05 -0.0002859548213626571
17.63055555555501 -6.19019369563799e-05 -0.0002811908014037869
17.63333333333279 -9.765944505668392e-05 -0.0002717395003944996
17.63611111111056 -0.0001319917841652854 -0.0002577364655680039
17.63888888888834 -0.0001643192475567642 -0.0002393944271250139
17.64166666666612 -0.0001940936161860584 -0.0002169999415620215
17.64444444444389 -0.0002208075537311135 -0.0001909087637405371
17.64722222222167 -0.0002440033255178677 -0.00016154002513247
17.64999999999944 -0.0002632806899888422 -0.000129369316509631
17.65277777777722 -0.0002783038255975685 -9.492079245833937e-05
17.655555555555 -0.000288807172627039 -5.875843217590164e-05
17.65833333333277 -0.0002946000881640259 -2.147660572134365e-05
17.66111111111055 -0.0002955702329671275 1.630989299052152e-05
17.66388888888833 -0.0002916856308914813 5.397617586709545e-05
17.6666666666661 -0.0002829953644861249 9.08977760877077e-05
17.66944444444388 -0.0002696288939564398 0.0001264611691993154
17.67222222222166 -0.0002517940104709225 0.0001600741196404206
17.67499999999943 -0.0002297734583669175 0.0001911756755331182
17.67777777777721 -0.0002039202837668198 0.0002192456407089147
17.68055555555499 -0.0001746519890404817 0.000243813362042291
17.68333333333276 -0.0001424435930800124 0.0002644656820593453
17.68611111111054 -0.000107819716103493 0.0002808539212914985
17.68888888888831 -7.134582438070112e-05 0.0002926997716605153
17.69166666666609 -3.361878456515808e-05 0.0002998000010392079
17.69444444444387 4.743111009742803e-06 0.0003020298896821091
17.69722222222164 4.311047785148311e-05 0.0002993453411046498
17.69999999999942 8.085335554274389e-05 0.0002917836328220615
17.7027777777772 0.0001173517277443433 0.0002794627957376962
17.70555555555497 0.0001520058672931109 0.0002625796344884316
17.70833333333275 0.0001842463310769571 0.0002414064242956996
17.71111111111053 0.0002135434357271565 0.0002162863424433017
17.7138888888883 0.0002394160544462424 0.0001876277139978454
17.71666666666608 0.0002614395872679226 0.0001558971714580252
17.71944444444386 0.0002792529715498736 0.0001216118462961273
17.72222222222163 0.0002925646162335921 8.533072655600362e-05
17.72499999999941 0.0003011571620978642 4.764532849363041e-05
17.72777777777718 0.0003048909905274945 9.169841485278095e-06
17.73055555555496 0.000303706424873486 -2.946908610641442e-05
17.73333333333274 0.0002976245909127285 -6.76427468824407e-05
17.73611111111051 0.0002867469258267831 -0.0001047307843807396
17.73888888888829 0.0002712533481193672 -0.0001401314377580051
17.74166666666607 0.0002513991235760342 -0.0001732714493345846
17.74444444444384 0.0002275104843577051 -0.0002036154695447112
17.74722222222162 0.0001999790792166112 -0.0002306748030466232
17.7499999999994 0.0001692553523034075 -0.0002540153515532917
17.75277777777717 0.0001358409657384219 -0.0002732646231884984
17.75555555555495 0.000100280396772134 -0.0002881176945509546
17.75833333333273 6.31518537156747e-05 -0.0002983420298998304
17.7611111111105 2.505766560818519e-05 -0.0003037810816562046
17.76388888888828 -1.338569127330325e-05 -0.0003043566173509843
17.76666666666605 -5.15577616852873e-05 -0.0003000697399235637
17.76944444444383 -8.884430369008434e-05 -0.0002910005904716786
17.77222222222161 -0.000124647334675059 -0.0002773067448063695
17.77499999999938 -0.0001583948642718538 -0.0002592203370895716
17.77777777777716 -0.0001895501535529619 -0.0002370439650525275
17.78055555555494 -0.0002176203487873209 -0.0002111454514529888
17.78333333333271 -0.0002421643494563211 -0.0001819515551895775
17.78611111111049 -0.0002627997839449921 -0.0001499407425495759
17.78888888888827 -0.0002792089820975995 -0.0001156351441233433
17.79166666666604 -0.0002911438513452094 -7.959183576874983e-05
17.79444444444382 -0.0002984295821040715 -4.239359239914964e-05
17.7972222222216 -0.0003009671282304856 -4.639271202292753e-06
17.79999999999937 -0.0002987344291856495 3.306601400286017e-05
17.80277777777715 -0.000291786361824118 7.012076320163725e-05
17.80555555555492 -0.0002802534310242578 0.0001059368417871894
17.8083333333327 -0.0002643392293561381 0.000139948952887581
17.81111111111048 -0.0002443167162864567 0.0001716236758314105
17.81388888888825 -0.0002205233867003812 0.0002004679245898913
17.81666666666603 -0.0001933554164793512 0.0002260366908161315
17.81944444444381 -0.0001632608891844045 0.0002479399491031952
17.82222222222158 -0.0001307322223545376 0.0002658486169779861
17.82499999999936 -9.629792422118923e-05 0.0002794994787705022
17.82777777777714 -6.051382169452698e-05 0.0002886990004360245
17.83055555555491 -2.395390801459154e-05 0.0002933259814544105
17.83333333333269 1.279903649584608e-05 0.000293333009665328
17.83611111111047 4.916289475760422e-05 0.0002887467050414376
17.83888888888824 8.456557872790804e-05 0.0002796667585736222
17.84166666666602 0.0001184541578800007 0.0002662637923211347
17.84444444444379 0.0001503036029186021 0.000248776085927475
17.84722222222157 0.0001796250050411791 0.0002275052331977722
17.84999999999935 0.0002059731410332168 0.0002028108093933824
17.85277777777712 0.0002289532665541554 0.0001751041454277094
17.8555555555549 0.0002482270338434997 0.0001448413189247623
17.85833333333268 0.0002635174455431163 0.000112515483900136
17.86111111111045 0.0002746127730991654 7.864867046234243e-05
17.86388888888823 0.0002813693859638521 4.378319331596007e-05
17.86666666666601 0.0002837134562967848 8.47281279845229e-06
17.86944444444378 0.0002816415226971763 -2.672620525513095e-05
17.87222222222156 0.0002752199154077493 -6.126398444988321e-05
17.87499999999934 0.0002645830640739884 -9.460574353988684e-05
17.87777777777711 0.0002499307272228502 -0.0001262401735628075
17.88055555555489 0.0002315241998427648 -0.000155687354005544
17.88333333333266 0.0002096815715337358 -0.0001825060846400468
17.88611111111044 0.0001847721223824037 -0.000206300520656264
17.88888888888822 0.0001572099567962832 -0.0002267260113998405
17.89166666666599 0.0001274469867905452 -0.0002434940572065853
17.89444444444377 9.596538550715737e-05 -0.0002563763142337986
17.89722222222155 6.326963891486238e-05 -0.0002652075935621284
17.89999999999932 2.987832863336293e-05 -0.0002698878178763655
17.9027777777771 -3.684218456089513e-06 -0.0002703829164660496
17.90555555555488 -3.689627767383502e-05 -0.0002667246567956631
17.90833333333265 -6.924693672349855e-05 -0.0002590094282051667
17.91111111111043 -0.0001002440381732288 -0.000247396010124228
17.91388888888821 -0.0001294217298747836 -0.0002321023732458431
17.91666666666598 -0.0001563475069311114 -0.0002134015771570931
17.91944444444376 -0.0001806286386197952 -0.0001916168417258007
17.92222222222154 -0.0002019178850641881 -0.0001671158818897961
17.92499999999931 -0.0002199184212358737 -0.0001403046061973482
17.92777777777709 -0.000234387899814735 -0.0001116202883666734
17.93055555555486 -0.0002451415993030865 -8.152432813085827e-05
17.93333333333264 -0.0002520546193097237 -5.049472264220982e-05
17.93611111111042 -0.0002550631008355405 -1.901837266222515e-05
17.93888888888819 -0.0002541644654295767 1.241665134394849e-05
17.94166666666597 -0.0002494166829826459 4.332875925881438e-05
17.94444444444375 -0.0002409365934217465 7.325028670532881e-05
17.94722222222152 -0.0002288973224191507 0.0001017346200626544
17.9499999999993 -0.0002135248451967406 0.0001283628922525148
17.95277777777708 -0.0001950937653810944 0.0001527501489738985
17.95555555555485 -0.0001739223874482898 0.0001745508950914555
17.95833333333263 -0.0001503671714257668 0.0001934639422071766
17.96111111111041 -0.0001248166670484213 0.0002092364908684932
17.96388888888818 -9.768503138625436e-05 0.0002216673941634583
17.96666666666596 -6.940523899037116e-05 0.0002306095633945924
17.96944444444373 -4.042209678056488e-05 0.0002359714908725438
17.97222222222151 -1.118517722378594e-05 0.0002377178793767895
17.97499999999929 1.785821718943039e-05 0.0002358693822688829
17.97777777777706 4.626994750080277e-05 0.0002305014723689464
17.98055555555484 7.362768330612187e-05 0.0002217424713005063
17.98333333333262 9.95311983947076e-05 0.0002097707838576362
17.98611111111039 0.0001236082234268914 0.0001948113938574372
17.98888888888817 0.0001455197706953147 0.0001771316887341437
17.99166666666595 0.0001649648558599264 0.0001570366896556445
17.99444444444372 0.0001816845524248852 0.0001348637720610181
17.9972222222215 0.0001954653264290514 0.0001109769681337117
17.99999999999928 0.0002061416111601722 8.576094775481792e-05
18.00277777777705 0.000213597594462547 5.961477786495735e-05
18.00555555555483 0.0002177682041624132 3.294556190018786e-05
18.0083333333326 0.0002186392900899689 6.162061035861074e-06
18.01111111111038 0.0002162470139091517 -2.033160258492852e-05
18.01388888888816 0.0002106764702792374 -4.614206357921418e-05
18.01666666666593 0.0002020595745787603 -7.089255956766994e-05
18.01944444444371 0.0001905722633409617 -9.422841948929136e-05
18.02222222222149 0.0001764310635235403 -0.0001158221148026406
18.02499999999926 0.0001598890956234429 -0.0001353778027655187
18.02777777777704 0.0001412315833248883 -0.0001526353003288084
18.03055555555482 0.0001207709487422703 -0.0001673734373104994
18.03333333333259 9.884157730869115e-05 -0.0001794127482644462
18.03611111111037 7.579433991923269e-05 -0.000188617473632701
18.03888888888815 5.199096203101938e-05 -0.0001948968521890127
18.04166666666592 2.779833005696143e-05 -0.0001982056982490584
18.0444444444437 3.582824576568758e-06 -0.0001985442684631057
18.04722222222147 -2.02952323230062e-05 -0.0001959574340350839
18.04999999999925 -4.348693180894931e-05 -0.000190533184761467
18.05277777777703 -6.565985619306404e-05 -0.0001824005011958848
18.0555555555548 -8.65028069200517e-05 -0.0001717266403756897
18.05833333333258 -0.0001057301165874862 -0.0001587138887668185
18.06111111111036 -0.0001230854867906644 -0.0001435958432830659
18.06388888888813 -0.0001383453021937838 -0.0001266332873217821
18.06666666666591 -0.0001513213804315163 -0.0001081097336572771
18.06944444444369 -0.0001618631270782028 -8.8326709701197e-05
18.07222222222146 -0.0001698590748353105 -6.759886303293476e-05
18.07499999999924 -0.0001752377961034631 -4.624896622463008e-05
18.07777777777702 -0.0001779681880696045 -2.460289984536952e-05
18.08055555555479 -0.0001780591391987076 -2.984691145511628e-06
18.08333333333257 -0.0001755585954143578 1.828831663326679e-05
18.08611111111034 -0.0001705520531522223 3.891009305565599e-05
18.08888888888812 -0.0001631605147399226 5.859028083894006e-05
18.0916666666659 -0.0001535379490832829 7.705822682690281e-05
18.09444444444367 -0.000141868307320145 9.406662913310662e-05
18.09722222222145 -0.0001283621488532649 0.0001093947531568314
18.09999999999923 -0.0001132529379250812 0.0001228511769066218
18.102777777777 -9.679307460279706e-05 0.0001342760342299602
18.10555555555478 -7.924972665657442e-05 0.0001435427330161055
18.10833333333256 -6.090053034343295e-05 0.0001505591340497018
18.11111111111033 -4.20292285321695e-05 0.0001552681848323438
18.11388888888811 -2.292131396497217e-05 0.0001576480111996734
18.11666666666589 -3.859743765197869e-06 0.0001577114778277025
18.11944444444366 1.487921136204096e-05 0.0001555052366108178
18.12222222222144 3.302992337973202e-05 0.0001511082892965223
18.12499999999921 5.034111317882861e-05 0.000144630097572678
18.12777777777699 6.657925658887764e-05 0.000136208279930131
18.13055555555477 8.153164569273392e-05 0.0001260059399905235
18.13333333333254 9.500906736478325e-05 0.0001142086755292713
18.13611111111032 0.0001068480677387043 0.000101021321089695
18.1388888888881 0.0001169127784114243 8.666447983934939e-05
18.14166666666587 0.0001250962874791517 7.137090214817656e-05
18.14444444444365 0.0001313215458667614 5.53817692618147e-05
18.14722222222143 0.0001355418067321442 3.894294041540152e-05
18.1499999999992 0.0001377406028908644 2.230122081033558e-05
18.15277777777698 0.0001379312741086631 5.70070609024019e-06
18.15555555555476 0.0001361560626459822 -1.062074363509596e-05
18.15833333333253 0.0001324848015223325 -2.643485051031078e-05
18.16111111111031 0.0001270132255134106 -4.15260407001792e-05
18.16388888888808 0.0001198609398315174 -5.569430010729442e-05
18.16666666666586 0.0001111690857095163 -6.875772805762546e-05
18.16944444444364 0.000101097745662028 -8.055475849415448e-05
18.17222222222141 8.982313400101716e-05 -9.09460240567e-05
18.17499999999919 7.753462021266261e-05 -9.981584448250345e-05
18.17777777777697 6.443163405082991e-05 -0.000107073326934429
18.18055555555474 5.072050166744012e-05 -0.0001126530720575261
18.18333333333252 3.661126180639094e-05 -0.0001165154856766381
18.1861111111103 2.231451004670956e-05 -0.0001186467019964679
18.18888888888807 8.038317347707972e-06 -0.000119058129852804
18.19166666666585 -6.014733248321117e-06 -0.0001177856389192951
18.19444444444363 -1.96503508872443e-05 -0.0001148884077183693
18.1972222222214 -3.268514481089628e-05 -0.0001104474597581235
18.19999999999918 -4.494900255307499e-05 -0.0001045639180623355
18.20277777777696 -5.628720946298509e-05 -9.735701173328245e-05
18.20555555555473 -6.65622852889147e-05 -8.89618709530352e-05
18.20833333333251 -7.565551848401774e-05 -7.95271489623425e-05
18.21111111111028 -8.34681839709973e-05 -6.921251104547067e-05
18.21388888888806 -8.992243524665722e-05 -5.818603138830634e-05
18.21666666666584 -9.496186683589031e-05 -4.662153887492693e-05
18.21944444444361 -9.855174814272826e-05 -3.469595245880365e-05
18.22222222222139 -0.0001006789346173117 -2.2586645717947e-05
18.22499999999917 -0.0001013514667960698 -1.046887860489077e-05
18.22777777777694 -0.0001005978721095307 1.486667712977565e-06
18.23055555555472 -9.846618833700605e-05 1.31162196269701e-05
18.2333333333325 -9.502273116552754e-05 2.426507319401368e-05
18.23611111111027 -9.035063144296192e-05 3.478956267886839e-05
18.23888888888805 -8.454817036717994e-05 4.455881231453984e-05
18.24166666666583 -7.772694299990971e-05 5.345625198025867e-05
18.2444444444436 -7.000988211869277e-05 6.138088158132853e-05
18.24722222222138 -6.152917551465297e-05 6.824827310142582e-05
18.24999999999915 -5.242411040952516e-05 7.39913035175346e-05
18.25277777777693 -4.283887870755291e-05 7.856061595919285e-05
18.25555555555471 -3.292037633710392e-05 8.192481058977177e-05
18.25833333333248 -2.281602899242697e-05 8.407037063386225e-05
18.26111111111026 -1.267167518931107e-05 8.500133271415715e-05
18.26388888888804 -2.629535736840227e-06 8.473871414424316e-05
18.26666666666581 7.173703462023833e-06 8.331971300733455e-05
18.26944444444359 1.660867088588624e-05 8.07966996957208e-05
18.27222222222137 2.555492955140578e-05 7.723602106104903e-05
18.27499999999914 3.390241928679992e-05 7.271664040550131e-05
18.27777777777692 4.155270576336629e-05 6.732863821179098e-05
18.2805555555547 4.842002425829806e-05 6.117159975219294e-05
18.28333333333247 5.443210951869409e-05 5.435291653181782e-05
18.28611111111025 5.953080651158571e-05 4.698602890932657e-05
18.28888888888802 6.367246022339295e-05 3.918863720749053e-05
18.2916666666658 6.682808596336051e-05 3.108090819444912e-05
18.29444444444358 6.898332478759475e-05 2.278370299906321e-05
18.29722222222135 7.013819164573502e-05 1.4416851350903e-05
18.29999999999913 7.030662662564146e-05 6.097495533375973e-06
18.30277777777691 6.951586219729526e-05 -2.06147435618681e-06
18.30555555555468 6.780562160700052e-05 -9.952874300210868e-06
18.30833333333246 6.522716552234299e-05 -1.747655213719603e-05
18.31111111111024 6.184220565926331e-05 -2.454057039824129e-05
18.31388888888801 5.772170542199089e-05 -3.106223395955602e-05
18.31666666666579 5.294458854589546e-05 -3.69689529392757e-05
18.31944444444357 4.759637735209681e-05 -4.219893398358049e-05
18.32222222222134 4.176778250147147e-05 -4.670169581256226e-05
18.32499999999912 3.555326608531319e-05 -5.043840758407557e-05
18.32777777777689 2.904959951956222e-05 -5.338205125035867e-05
18.33055555555467 2.235443704045699e-05 -5.551741158682263e-05
18.33333333333245 1.556492464666289e-05 -5.684089993663794e-05
18.33611111111022 8.776363127950908e-06 -5.736021990402016e-05
18.338888888888 2.080942382470299e-06 -5.709388522182407e-05
18.34166666666578 -4.433437409493922e-06 -5.607060178951395e-05
18.34444444444355 -1.068424399156571e-05 -5.432852741009234e-05
18.34722222222133 -1.65952787923512e-05 -5.191442403402984e-05
18.34999999999911 -2.209752045668593e-05 -4.888271833578325e-05
18.35277777777688 -2.712983847089437e-05 -4.529448719865734e-05
18.35555555555466 -3.16395713487096e-05 -4.121638516524836e-05
18.35833333333244 -3.558296598809281e-05 -3.671953112730617e-05
18.36111111111021 -3.892547692429023e-05 -3.187837148578633e-05
18.36388888888799 -4.164192625797188e-05 -2.676953672165243e-05
18.36666666666576 -4.371652700444796e-05 -2.14707077921402e-05
18.36944444444354 -4.514277446320051e-05 -1.605950802360767e-05
18.37222222222132 -4.592321192409942e-05 -1.061243523026035e-05
18.37499999999909 -4.606907858843469e-05 -5.203847667215607e-06
18.37777777777687 -4.559984897107587e-05 9.498384666641074e-08
18.38055555555465 -4.454267425250408e-05 5.21674670561616e-06
18.38333333333242 -4.293173705470121e-05 1.009887077029471e-05
18.3861111111102 -4.080753191657365e-05 1.468421826107305e-05
18.38888888888798 -3.821608433862042e-05 1.892167309298732e-05
18.39166666666575 -3.52081216526188e-05 2.276662511837119e-05
18.39444444444353 -3.183820915255302e-05 2.618134640863737e-05
18.39722222222131 -2.816386490358817e-05 2.9135258348431e-05
18.39999999999908 -2.424466643441792e-05 3.160508991120712e-05
18.40277777777686 -2.014136212563942e-05 3.357492901327332e-05
18.40555555555463 -1.591499954647662e-05 3.503617028397944e-05
18.40833333333241 -1.16260822772542e-05 3.598736392663097e-05
18.41111111111019 -7.33376590442994e-06 3.643397156103464e-05
18.41388888888796 -3.095102904583458e-06 3.638803602304641e-05
18.41666666666574 1.035654936659419e-06 3.586777303798443e-05
18.41944444444352 5.00768907630667e-06 3.489709347558321e-05
18.42222222222129 8.774175452950997e-06 3.35050655292047e-05
18.42499999999907 1.229276938371548e-05 3.172532663817853e-05
18.42777777777685 1.552601036268298e-05 2.959545528945366e-05
18.43055555555462 1.844164428080298e-05 2.71563129947829e-05
18.4333333333324 2.101286184642348e-05 2.445136674674432e-05
18.43611111111018 2.321845321069764e-05 2.152600211743157e-05
18.43888888888795 2.504287997724933e-05 1.842683688556731e-05
18.44166666666573 2.647626688582002e-05 1.520104467050125e-05
18.4444444444435 2.751431649121583e-05 1.189569752731034e-05
18.44722222222128 2.815815110136228e-05 8.557135827131563e-06
18.44999999999906 2.841408708091163e-05 5.230373025691643e-06
18.45277777777683 2.829334736247567e-05 1.958542123604212e-06
18.45555555555461 2.781171862965777e-05 -1.21761023927843e-06
18.45833333333239 2.698916014102739e-05 -4.260177023132242e-06
18.46111111111016 2.584937154943992e-05 -7.134487270903299e-06
18.46388888888794 2.441932733649279e-05 -9.809442704608336e-06
18.46666666666572 2.272878562872329e-05 -1.225779226903205e-05
18.46944444444349 2.080977919329401e-05 -1.445634341004318e-05
18.47222222222127 1.869609633133237e-05 -1.638610980415996e-05
18.47499999999905 1.642275920192977e-05 -1.803239615043708e-05
18.47777777777682 1.402550682744931e-05 -1.938482148228108e-05
18.4805555555546 1.154028965823624e-05 -2.043728324731272e-05
18.48333333333238 9.002782122316289e-06 -2.118786512771718e-05
18.48611111111015 6.447919062520789e-06 -2.163869222507022e-05
18.48888888888793 3.909461380565645e-06 -2.17957378060444e-05
18.4916666666657 1.419595575547713e-06 -2.166858629420548e-05
18.49444444444348 -9.914288054025629e-07 -2.127015759500944e-05
18.49722222222126 -3.295620483226856e-06 -2.061639815438372e-05
18.49999999999903 -5.46752392099553e-06 -1.972594437534557e-05
18.50277777777681 -7.4844510642375e-06 -1.861976415287529e-05
