16.5 2.098520065679929e-07 5.352461363446434e-08
16.50277777777778 2.202517286789831e-07 3.904074488971568e-08
16.50555555555555 2.298342234923443e-07 2.334544920446465e-08
16.50833333333333 2.384841025954347e-07 6.469140706418366e-09
16.51111111111111 2.460854059918767e-07 -1.154806346886116e-08
16.51388888888888 2.525223431515382e-07 -3.065606763013958e-08
16.51666666666666 2.57680072130616e-07 -5.079457379542512e-08
16.51944444444444 2.614455134764044e-07 -7.189291384346507e-08
16.52222222222221 2.637081952441114e-07 -9.386994144322012e-08
16.52499999999999 2.643611250749343e-07 -1.166339874379265e-07
16.52777777777776 2.633016849159721e-07 -1.400828821091905e-07
16.53055555555554 2.604325436080958e-07 -1.641040474645006e-07
16.53333333333332 2.5566258222894e-07 -1.885746623733581e-07
16.53611111111109 2.489078267591037e-07 -2.133619030291353e-07
16.53888888888887 2.400923823421791e-07 -2.383232608317569e-07
16.54166666666665 2.291493631374876e-07 -2.633069393767333e-07
16.54444444444442 2.160218115195549e-07 -2.881523317953254e-07
16.5472222222222 2.006636001649826e-07 -3.12690579224452e-07
16.54999999999998 1.830403103864875e-07 -3.367452106943675e-07
16.55277777777775 1.631300799294553e-07 -3.601328642062095e-07
16.55555555555553 1.409244133386682e-07 -3.826640882397039e-07
16.55833333333331 1.164289479377842e-07 -4.041442223770906e-07
16.56111111111108 8.966416843791795e-08 -4.243743551659126e-07
16.56388888888886 6.066606321359987e-08 -4.4315235676289e-07
16.56666666666663 2.948671534775884e-08 -4.602739833181326e-07
16.56944444444441 -3.805178338198351e-09 -4.755340494666491e-07
16.57222222222219 -3.912386689464901e-08 -4.887276647044786e-07
16.57499999999996 -7.636618990827731e-08 -4.996515288372663e-07
16.57777777777774 -1.154113133784043e-07 -5.081052811088623e-07
16.58055555555552 -1.561205626520828e-07 -5.138928970453395e-07
16.58333333333329 -1.983373579090004e-07 -5.16824126494897e-07
16.58611111111107 -2.4188725727903e-07 -5.167159658064779e-07
16.58888888888885 -2.865781122216766e-07 -5.133941565759841e-07
16.59166666666662 -3.32200339292215e-07 -5.066947029021642e-07
16.5944444444444 -3.78527311874712e-07 -4.964653986381804e-07
16.59722222222218 -4.253158748659592e-07 -4.825673557053389e-07
16.59999999999995 -4.723069846652064e-07 -4.648765241527593e-07
16.60277777777773 -5.192264761472582e-07 -4.432851943106482e-07
16.6055555555555 -5.657859575910558e-07 -4.177034710913369e-07
16.60833333333328 -6.116838337883398e-07 -3.880607102527528e-07
16.61111111111106 -6.56606456789004e-07 -3.543069062498438e-07
16.61388888888883 -7.002294029357552e-07 -3.164140211699e-07
16.61666666666661 -7.422188740232049e-07 -2.743772441744821e-07
16.61944444444439 -7.822332195741224e-07 -2.282161708624621e-07
16.62222222222216 -8.199245763755953e-07 -1.779758920217021e-07
16.62499999999994 -8.549406205540803e-07 -1.237279813593461e-07
16.62777777777772 -8.869264266058711e-07 -6.557137198642385e-08
16.63055555555549 -9.15526426934755e-07 -3.6331116928768e-09
16.63333333333327 -9.403864645928341e-07 6.193101262829216e-08
16.63611111111105 -9.611559310772118e-07 1.309359906471429e-07
16.63888888888882 -9.77489980208577e-07 2.031672531318743e-07
16.6416666666666 -9.890518083159789e-07 2.783804935889722e-07
16.64444444444437 -9.955149901786985e-07 3.563016546452933e-07
16.64722222222215 -9.965658594381202e-07 4.366270861321169e-07
16.64999999999993 -9.919059214944794e-07 5.190238810977987e-07
16.6527777777777 -9.812542862518104e-07 6.031303951698199e-07
16.65555555555548 -9.643501074734416e-07 6.885569538320207e-07
16.65833333333326 -9.409550149682577e-07 7.748867512568563e-07
16.66111111111103 -9.108555253426149e-07 8.616769433674658e-07
16.66388888888881 -8.738654166421257e-07 9.484599367755958e-07
16.66666666666659 -8.298280518585261e-07 1.034744874178816e-06
16.66944444444436 -7.786186360111121e-07 1.120019315691382e-06
16.67222222222214 -7.201463913229508e-07 1.203751114437347e-06
16.67499999999992 -6.543566349032359e-07 1.285390483568527e-06
16.67777777777769 -5.812327433324239e-07 1.364372250665748e-06
16.68055555555547 -5.007979886097063e-07 1.440118294276155e-06
16.68333333333324 -4.131172300906638e-07 1.512040156109116e-06
16.68611111111102 -3.182984472898922e-07 1.579541821189258e-06
16.6888888888888 -2.164940987806905e-07 1.64202265703657e-06
16.69166666666657 -1.079022928595867e-07 1.698880501731598e-06
16.69444444444435 7.232243804802826e-09 1.749514889522529e-06
16.69722222222213 1.286174126932642e-07 1.793330401461988e-06
16.6999999999999 2.559132175404235e-07 1.829740127416123e-06
16.70277777777768 3.887314776175956e-07 1.858169224693524e-06
16.70555555555546 5.266357908647789e-07 1.878058557482892e-06
16.70833333333323 6.691417565431988e-07 1.888868400292918e-06
16.71111111111101 8.157174659778875e-07 1.890082187649477e-06
16.71388888888879 9.657842687962775e-07 1.88121029143887e-06
16.71666666666656 1.118717820800648e-06 1.861793806492788e-06
16.71944444444434 1.27384941830198e-06 1.831408324301336e-06
16.72222222222211 1.430467622329825e-06 1.78966767412271e-06
16.72499999999989 1.587820174693637e-06 1.736227610228532e-06
16.72777777777767 1.745116206340778e-06 1.670789423604087e-06
16.73055555555544 1.901528736910503e-06 1.593103456098126e-06
16.73333333333322 2.056197462764572e-06 1.502972494814583e-06
16.736111111111 2.208231829152853e-06 1.400255024437484e-06
16.73888888888877 2.356714380493646e-06 1.284868315212441e-06
16.74166666666655 2.500704381083593e-06 1.156791324445356e-06
16.74444444444433 2.639241696847614e-06 1.016067389658226e-06
16.7472222222221 2.771350927066688e-06 8.628066919266214e-07
16.74999999999988 2.89604577332697e-06 6.971884684568744e-07
16.75277777777766 3.012333631289603e-06 5.194629541004536e-07
16.75555555555543 3.119220389234037e-06 3.299530322909261e-07
16.75833333333321 3.215715415752317e-06 1.290555767789743e-07
16.76111111111098 3.30083671741117e-06 -8.275753341404301e-08
16.76388888888876 3.373616245724478e-06 -3.049387422693219e-07
16.76666666666654 3.433105331350313e-06 -5.368645034307828e-07
16.76944444444431 3.478380222087449e-06 -7.778353390393117e-07
16.77222222222209 3.50854769998878e-06 -1.027076283019293e-06
16.77499999999987 3.522750751740336e-06 -1.283737719502071e-06
16.77777777777764 3.520174265399102e-06 -1.546896625359273e-06
16.78055555555542 3.500050725630814e-06 -1.81555822403175e-06
16.7833333333332 3.461665878756028e-06 -2.088658055944197e-06
16.78611111111097 3.404364338211355e-06 -2.365064468847916e-06
16.78888888888875 3.327555100457281e-06 -2.643581529391628e-06
16.79166666666653 3.230716940934593e-06 -2.922952355130214e-06
16.7944444444443 3.113403659377739e-06 -3.20186286404544e-06
16.79722222222208 2.975249143662094e-06 -3.478945936450949e-06
16.79999999999986 2.815972221368237e-06 -3.752785981956232e-06
16.80277777777763 2.635381268429212e-06 -4.021923901907853e-06
16.80555555555541 2.433378544548646e-06 -4.284862435499439e-06
16.80833333333318 2.209964225581133e-06 -4.540071875478306e-06
16.81111111111096 1.965240103716705e-06 -4.785996137167861e-06
16.81388888888874 1.699412927140102e-06 -5.021059162297513e-06
16.81666666666651 1.412797351810618e-06 -5.243671636988827e-06
16.81944444444429 1.105818479167087e-06 -5.452238001107287e-06
16.82222222222207 7.790139548471059e-07 -5.645163724151498e-06
16.82499999999984 4.330356049997919e-07 -5.820862820855422e-06
16.82777777777762 6.865058834989771e-08 -5.977765577791694e-06
16.8305555555554 -3.132579560315663e-07 -6.114326460453377e-06
16.83333333333317 -7.116907834318588e-07 -6.229032168607135e-06
16.83611111111095 -1.125532956782309e-06 -6.320409806123906e-06
16.83888888888873 -1.553554812503796e-06 -6.387035130060734e-06
16.8416666666665 -1.99441349057555e-06 -6.427540842439353e-06
16.84444444444428 -2.446655038125701e-06 -6.440624887029992e-06
16.84722222222205 -2.908717093319856e-06 -6.425058712421955e-06
16.84999999999983 -3.378932153769854e-06 -6.379695461841729e-06
16.85277777777761 -3.855531430987453e-06 -6.303478049504133e-06
16.85555555555538 -4.336649289715432e-06 -6.19544708279635e-06
16.85833333333316 -4.820328268137532e-06 -6.054748589294807e-06
16.86111111111094 -5.304524672185877e-06 -5.880641507499025e-06
16.86388888888871 -5.787114734260885e-06 -5.672504900258598e-06
16.86666666666649 -6.265901323842287e-06 -5.429844850134785e-06
16.86944444444427 -6.73862119455586e-06 -5.152300996434561e-06
16.87222222222204 -7.20295274942459e-06 -4.83965267432681e-06
16.87499999999982 -7.656524303165249e-06 -4.491824617343558e-06
16.8777777777776 -8.096922817611826e-06 -4.108892185639752e-06
16.88055555555537 -8.521703083575131e-06 -3.691086083696672e-06
16.88333333333315 -8.928397319795579e-06 -3.238796532605537e-06
16.88611111111092 -9.314525157016853e-06 -2.752576863776904e-06
16.8888888888887 -9.677603972739472e-06 -2.233146502759875e-06
16.89166666666648 -1.001515953978879e-05 -1.681393313930099e-06
16.89444444444425 -1.032473694959266e-05 -1.098375279004922e-06
16.89722222222203 -1.060391176890666e-05 -4.853214847811867e-07
16.89999999999981 -1.085030138675739e-05 1.563676020100807e-07
16.90277777777758 -1.106157650654004e-05 8.251205920557518e-07
16.90555555555536 -1.123547273656238e-05 1.519196379564582e-06
16.90833333333314 -1.136980223084441e-05 2.236686110631647e-06
16.91111111111091 -1.146246533072105e-05 2.975515924294068e-06
16.91388888888869 -1.151146215670446e-05 3.73345047352121e-06
16.91666666666647 -1.15149040992044e-05 4.508097230034326e-06
16.91944444444424 -1.147102515604331e-05 5.296911573539367e-06
16.92222222222202 -1.137819306429429e-05 6.097202662440868e-06
16.92499999999979 -1.123492017374401e-05 6.906140079696338e-06
16.92777777777757 -1.103987400934985e-05 7.720761243856288e-06
16.93055555555535 -1.079188747029437e-05 8.537979571881673e-06
16.93333333333312 -1.048996861379024e-05 9.354593376700679e-06
16.9361111111109 -1.013330997249188e-05 1.016729547901295e-05
16.93888888888868 -9.72129735541485e-06 1.09726835092727e-05
16.94166666666645 -9.253518083426609e-06 1.176727087240209e-05
16.94444444444423 -8.729768611906928e-06 1.25474983443243e-05
16.94722222222201 -8.15006149481228e-06 1.33097462661545e-05
16.94999999999978 -7.514631646356901e-06 1.405034729861678e-05
16.95277777777756 -6.823941858631926e-06 1.476559969620169e-05
16.95555555555534 -6.078687535889449e-06 1.545178105754087e-05
16.95833333333311 -5.279800608758328e-06 1.610516250570685e-05
16.96111111111089 -4.428452594481396e-06 1.672202324938901e-05
16.96388888888866 -3.526056772174593e-06 1.729866547346341e-05
16.96666666666644 -2.574269445312551e-06 1.783142950507642e-05
16.96944444444422 -1.574990266912509e-06 1.831670919929083e-05
16.97222222222199 -5.30361606412517e-07 1.875096748637155e-05
16.97499999999977 5.572330592190726e-07 1.91307520211305e-05
16.97777777777755 1.685171743777166e-06 1.945271087323303e-05
16.98055555555532 2.850597549389882e-06 1.971360819617395e-05
16.9833333333331 4.050423269194553e-06 1.991033981160454e-05
16.98611111111088 5.281336997004909e-06 2.003994864500419e-05
16.98888888888865 6.539808741674015e-06 2.009963994815928e-05
16.99166666666643 7.82209803980165e-06 2.00867962437698e-05
16.99444444444421 9.12426255615457e-06 1.999899192750029e-05
16.99722222222198 1.044216765710928e-05 1.983400746317495e-05
16.99999999999976 1.177149693810015e-05 1.958984310740076e-05
17.00277777777753 1.310776368205442e-05 1.926473210077395e-05
17.00555555555531 1.444632322151841e-05 1.885715326400496e-05
17.00833333333309 1.578238617328857e-05 1.83658429386799e-05
17.01111111111086 1.711103251022404e-05 1.778980621412314e-05
17.01388888888864 1.842722643117746e-05 1.712832738369994e-05
17.01666666666642 1.972583198608771e-05 1.638097957620303e-05
17.01944444444419 2.100162940975676e-05 1.554763351032542e-05
17.02222222222197 2.224933211422254e-05 1.462846532300064e-05
17.02499999999975 2.346360428641996e-05 1.362396342530349e-05
17.02777777777752 2.463907903457867e-05 1.253493434272008e-05
17.0305555555553 2.57703770239276e-05 1.136250750003141e-05
17.03333333333308 2.685212553945115e-05 1.010813891456561e-05
17.03611111111085 2.787897791096536e-05 8.773613765360906e-06
17.03888888888863 2.884563323347225e-05 7.361047809653795e-06
17.0416666666664 2.974685631366455e-05 5.872887622297654e-06
17.04444444444418 3.057749777171416e-05 4.31190963776428e-06
17.04722222222196 3.133251422586259e-05 2.681217978914217e-06
17.04999999999973 3.200698848616641e-05 9.842410610313563e-07
17.05277777777751 3.259614968266115e-05 -7.752730357466144e-07
17.05555555555529 3.309539325261298e-05 -2.593262427936994e-06
17.05833333333306 3.350030071102784e-05 -4.465358521711257e-06
17.06111111111084 3.380665912855181e-05 -6.386894330386354e-06
17.06388888888862 3.401048024102152e-05 -8.352914004500668e-06
17.06666666666639 3.410801911546457e-05 -1.035818355803726e-05
17.06944444444417 3.409579229805232e-05 -1.239720276951351e-05
17.07222222222195 3.397059537067519e-05 -1.446421823209421e-05
17.07499999999972 3.372951984410451e-05 -1.655323752221067e-05
17.0777777777775 3.336996931741283e-05 -1.86580444517628e-05
17.08055555555528 3.288967483525887e-05 -2.077221536439425e-05
17.08333333333305 3.228670937684808e-05 -2.288913643224681e-05
17.08611111111083 3.155950141294204e-05 -2.500202190517642e-05
17.0888888888886 3.070684746993201e-05 -2.710393326066009e-05
17.09166666666638 2.972792364317743e-05 -2.918779919850822e-05
17.09444444444416 2.862229600487478e-05 -3.124643642107108e-05
17.09722222222193 2.738992985542143e-05 -3.32725711359351e-05
17.09999999999971 2.603119777068579e-05 -3.525886121507666e-05
17.10277777777749 2.454688640185104e-05 -3.719791894116029e-05
17.10555555555526 2.293820198820278e-05 -3.908233426914113e-05
17.10833333333304 2.120677454791976e-05 -4.090469852854685e-05
17.11111111111082 1.935466071600124e-05 -4.265762848976356e-05
17.11388888888859 1.738434520331827e-05 -4.433379071545202e-05
17.11666666666637 1.529874085530747e-05 -4.592592611667159e-05
17.11944444444415 1.310118729376574e-05 -4.742687463170717e-05
17.12222222222192 1.079544812997232e-05 -4.882959994459145e-05
17.1249999999997 8.385706742530898e-06 -5.012721415937555e-05
17.12777777777747 5.876560618079229e-06 -5.131300234574538e-05
17.13055555555525 3.27301425840274e-06 -5.238044687130253e-05
17.13333333333303 5.804706622427173e-07 -5.332325143597711e-05
17.1361111111108 -2.195278604600886e-06 -5.413536472435733e-05
17.13888888888858 -5.048064732404467e-06 -5.481100359252765e-05
17.14166666666636 -7.971354360255827e-06 -5.534467570691253e-05
17.14444444444413 -1.095826361006051e-05 -5.573120155402236e-05
17.14722222222191 -1.400157342829254e-05 -5.596573574160583e-05
17.14999999999969 -1.709374619765623e-05 -5.60437875135264e-05
17.15277777777746 -2.022694357569838e-05 -5.596124040306835e-05
17.15555555555524 -2.33930455133641e-05 -5.571437095161792e-05
17.15833333333302 -2.658367040184348e-05 -5.529986642263093e-05
17.16111111111079 -2.979019629198211e-05 -5.471484144366321e-05
17.16388888888857 -3.30037831266331e-05 -5.395685351251362e-05
17.16666666666634 -3.621539592230871e-05 -5.302391730711194e-05
17.16944444444412 -3.941582883318308e-05 -5.191451774239035e-05
17.1722222222219 -4.259573002692422e-05 -5.062762172135223e-05
17.17499999999967 -4.5745627298908e-05 -4.916268853169138e-05
17.17777777777745 -4.885595434831634e-05 -4.751967884360655e-05
17.18055555555523 -5.191707763724728e-05 -4.569906226888894e-05
17.183333333333 -5.491932375142951e-05 -4.370182344604352e-05
17.18611111111078 -5.785300717923879e-05 -4.152946662095053e-05
17.18888888888856 -6.070845842388219e-05 -3.918401869729755e-05
17.19166666666633 -6.347605236216543e-05 -3.666803073629087e-05
17.19444444444411 -6.614623676208334e-05 -3.398457788976292e-05
17.19722222222189 -6.870956087065192e-05 -3.113725775629385e-05
17.19999999999966 -7.115670398272844e-05 -2.813018715490213e-05
17.20277777777744 -7.347850390147193e-05 -2.496799731601473e-05
17.20555555555521 -7.56659852009515e-05 -2.165582749466709e-05
17.20833333333299 -7.771038720197227e-05 -1.819931701608116e-05
17.21111111111077 -7.960319157263562e-05 -1.460459576871754e-05
17.21388888888854 -8.133614946631479e-05 -1.087827316522135e-05
17.21666666666632 -8.290130811077372e-05 -7.027425596379841e-06
17.2194444444441 -8.429103676394362e-05 -3.059582408555457e-06
17.22222222222187 -8.549805195341141e-05 1.017289560695147e-06
17.22499999999965 -8.651544191909166e-05 5.194802848820661e-06
17.22777777777743 -8.733669018068281e-05 9.464167592093423e-06
17.2305555555552 -8.795569815430526e-05 1.381621105844095e-05
17.23333333333298 -8.836680674549433e-05 1.824139843620957e-05
17.23611111111076 -8.856481684898625e-05 2.272985482195831e-05
17.23888888888853 -8.854500868888709e-05 2.727138834639407e-05
17.24166666666631 -8.830315993670197e-05 3.185551437380178e-05
17.24444444444408 -8.78355625480421e-05 3.647148070721529e-05
17.24722222222186 -8.713903826321327e-05 4.110829372798338e-05
17.24999999999964 -8.621095272080859e-05 4.575474539549877e-05
17.25277777777741 -8.504922813761445e-05 5.039944103052511e-05
17.25555555555519 -8.36523545129287e-05 5.503082780234587e-05
17.25833333333297 -8.2019399319501e-05 5.963722383859624e-05
17.26111111111074 -8.015001564840671e-05 6.4206847873963e-05
17.26388888888852 -7.804444877962207e-05 6.872784935285145e-05
17.2666666666663 -7.570354115499589e-05 7.318833889941166e-05
17.26944444444407 -7.312873573545586e-05 7.757641906728754e-05
17.27222222222185 -7.032207772864977e-05 8.188021528085927e-05
17.27499999999963 -6.72862146790498e-05 8.608790687878283e-05
17.2777777777774 -6.402439491660977e-05 9.018775817100015e-05
17.28055555555518 -6.05404643658899e-05 9.416814941979663e-05
17.28333333333295 -5.683886172171335e-05 9.801760765647689e-05
17.28611111111073 -5.292461200315069e-05 0.0001017248372452148
17.28888888888851 -4.880331850175514e-05 0.0001052787501070736
17.29166666666628 -4.448115314533785e-05 0.0001086684955179582
17.29444444444406 -3.996484530267824e-05 0.0001118834893960182
17.29722222222184 -3.526166905996645e-05 0.0001149134429953874
17.29999999999961 -3.037942900317358e-05 0.00011774839092545
17.30277777777739 -2.532644454624175e-05 0.0001203787184166574
17.30555555555517 -2.011153284765318e-05 0.0001227951877566937
17.30833333333294 -1.474399036336568e-05 0.0001249889638231183
17.31111111111072 -9.233573087130044e-06 0.0001269516386417514
17.3138888888885 -3.590475533344335e-06 0.0001286752549029547
17.31666666666627 2.174691479650453e-06 0.0001301523283712988
17.31944444444405 8.050924182889618e-06 0.0001313758691276173
17.32222222222182 1.402685028344042e-05 0.0001323394015858386
17.3249999999996 2.00907543949808e-05 0.0001330369832311031
17.32777777777738 2.623060440336884e-05 0.0001334632220291679
17.33055555555515 3.243407869326664e-05 0.0001336132924615244
17.33333333333293 3.868859416158981e-05 0.000133482950144508
17.33611111111071 4.498133494046549e-05 0.0001330685449950437
17.33888888888848 5.129928175119806e-05 0.0001323670329100634
17.34166666666626 5.762924180900909e-05 0.0001313759859309704
17.34444444444404 6.395787919797454e-05 0.0001300936008686648
17.34722222222181 7.027174563279709e-05 0.0001285187063700381
17.34999999999959 7.655731152595391e-05 0.0001266507684100055
17.35277777777737 8.280099727560682e-05 0.000124489894199214
17.35555555555514 8.898920469206562e-05 0.0001220368345004966
17.35833333333292 9.51083484783613e-05 0.0001192929843531604
17.3611111111107 0.0001011448876824996 0.0001162603822076289
17.36388888888847 0.0001070853570389881 0.0001129417074774252
17.36666666666625 0.000112916398117324 0.0001093402765209688
17.36944444444402 0.0001186247901976016 0.0001054600370681585
17.3722222222218 0.000124197480793377 0.0001013055611125263
17.37499999999958 0.0001296216157438487 9.688203629335406e-05
17.37777777777735 0.0001348845687998769 9.219525579505467e-05
17.38055555555513 0.0001399739706286096 8.725160679740186e-05
17.38333333333291 0.0001448777371654311 8.205805751132354e-05
17.38611111111068 0.000149584097243007 7.662214284019991e-05
17.38888888888846 0.0001540816194300403 7.095194871003588e-05
17.39166666666624 0.0001583592380151683 6.505609511440787e-05
17.39444444444401 0.0001624062780743078 5.894371792315508e-05
17.39722222222179 0.0001662124795620481 5.262444950852218e-05
17.39999999999957 0.0001697680203717396 4.610839824263275e-05
17.40277777777734 0.0001730635383114755 3.940612692490851e-05
17.40555555555512 0.0001760901519468112 3.252863019895067e-05
17.40833333333289 0.0001788394802643806 2.548731102205053e-05
17.41111111111067 0.0001813036611142179 1.829395625103927e-05
17.41388888888845 0.000183475368392178 1.09607114108167e-05
17.41666666666622 0.0001853478279274847 3.500054713883159e-06
17.419444444444 0.0001869148320443251 -4.075229600872467e-06
17.42222222222178 0.0001881707527699972 -1.175207853931874e-05
17.42499999999955 0.0001891105536662545 -1.951717816135538e-05
17.42777777777733 0.0001897298002638759 -2.73569918578002e-05
17.43055555555511 0.0001900246690848839 -3.525778902074608e-05
17.43333333333288 0.0001899919552403546 -4.320567403500382e-05
17.43611111111066 0.0001896290785956058 -5.118661551823438e-05
17.43888888888844 0.0001889340884984349 -5.918647573631349e-05
17.44166666666621 0.0001879056670699896 -6.719104012127348e-05
17.44444444444399 0.0001865431310613128 -7.51860468198811e-05
17.44722222222176 0.0001848464322827238 -8.315721620100685e-05
17.44999999999954 0.0001828161566158459 -9.109028025230607e-05
17.45277777777732 0.0001804535216232904 -9.897101179490045e-05
17.45555555555509 0.0001777603727724299 -0.0001067852534495403
17.45833333333287 0.0001747391782947105 -0.0001145189462862684
17.46111111111065 0.0001713930227047201 -0.000122158158092035
17.46388888888842 0.0001677255990050796 -0.0001296891111942507
17.4666666666662 0.0001637411996094186 -0.0001370982097757776
17.46944444444398 0.0001594447060141349 -0.0001443720666247545
17.47222222222175 0.0001548415772570002 -0.0001514975292589264
17.47499999999953 0.0001499378371994329 -0.0001584617053711565
17.47777777777731 0.0001447400606748591 -0.000165251987541601
17.48055555555508 0.0001392553585458145 -0.0001718560771669818
17.48333333333286 0.0001334913617147216 -0.000178262007559333
17.48611111111063 0.0001274562041376276 -0.0001844581661678389
17.48888888888841 0.0001211585048883983 -0.0001904333158826923
17.49166666666619 0.0001146073493264554 -0.0001961766153801586
17.49444444444396 0.0001078122694195202 -0.0002016776384729383
17.49722222222174 0.0001007832232750986 -0.0002069263924321878
17.49999999999952 9.353057393849132e-05 -0.0002119133352492041
17.50277777777729 8.606506751044543e-05 -0.0002166293918106884
17.50555555555507 7.839781064432231e-05 -0.0002210659689615614
17.50833333333285 7.054024748008052e-05 -0.000225214969434221
17.51111111111062 6.250413607276469e-05 -0.000229068804625807
17.5138888888884 5.430152437668566e-05 -0.0002326204062074488
17.51666666666618 4.594472584158794e-05 -0.0002358632365537593
17.51944444444395 3.744629468296932e-05 -0.0002387912979824782
17.52222222222173 2.881900088457518e-05 -0.0002413991407982746
17.5249999999995 2.007580499202803e-05 -0.0002436818701372287
17.52777777777728 1.122983275525826e-05 -0.000245635151611525
17.53055555555506 2.294349682802721e-06 -0.0002472552157565819
17.53333333333283 -6.717264443265615e-06 -0.0002485388612862011
17.53611111111061 -1.579154102539188e-05 -0.0002494834571634656
17.53888888888839 -2.491494803249106e-05 -0.0002500869434983323
17.54166666666616 -3.407391524941611e-05 -0.0002503478312849517
17.54444444444394 -4.325485933812562e-05 -0.0002502652009950173
17.54722222222172 -5.244420866099241e-05 -0.0002498387000451578
17.54999999999949 -6.16284278146857e-05 -0.0002490685391590913
17.55277777777727 -7.079404182311362e-05 -0.0002479554876480586
17.55555555555505 -7.992765994591459e-05 -0.0002465008676336508
17.55833333333282 -8.90159990523566e-05 -0.0002447065472411607
17.5611111111106 -9.804590651763484e-05 -0.0002425749327925202
17.56388888888837 -0.0001070043826000606 -0.0002401089600293815
17.56666666666615 -0.0001158786022577919 -0.0002373120843993817
17.56944444444393 -0.0001246559363653797 -0.0002341882704405897
17.5722222222217 -0.000133323972297599 -0.0002307419802979834
17.57499999999948 -0.0001418705338399919 -0.000226978161412407
17.57777777777726 -0.000150283700398892 -0.0002229022334180799
17.58055555555503 -0.000158551825480547 -0.0002185200742879483
17.58333333333281 -0.000166663554406821 -0.0002138380057709746
17.58611111111059 -0.0001746078412476012 -0.0002088627781590034
17.58888888888836 -0.000182373964943309 -0.000203601554427745
17.59166666666614 -0.0001899515445968765 -0.0001980618937946198
17.59444444444392 -0.0001973305539167652 -0.0001922517347367537
17.59722222222169 -0.0002045013347936723 -0.0001861793775138501
17.59999999999947 -0.0002114546099976715 -0.0001798534662393074
17.60277777777724 -0.0002181814949839113 -0.0001732829705434972
17.60555555555502 -0.0002246735087935898 -0.0001664771668783281
17.6083333333328 -0.0002309225840487612 -0.0001594456194999571
17.61111111111057 -0.0002369210760301104 -0.0001521981611807325
17.61388888888835 -0.0002426617708362233 -0.0001447448736926879
17.61666666666613 -0.0002481378926246899 -0.0001370960681039114
17.6194444444439 -0.0002533431099333462 -0.0001292622649352148
17.62222222222168 -0.0002582715410863184 -0.0001212541742174707
17.62499999999946 -0.0002629177586893974 -0.0001130826754922149
17.62777777777723 -0.0002672767932216993 -0.0001047587977966249
17.63055555555501 -0.0002713441357311073 -9.629369967653129e-05
17.63333333333279 -0.0002751157396459027 -8.769864926279988e-05
17.63611111111056 -0.0002785880217131596 -7.898500445382177e-05
17.63888888888834 -0.0002817578620787032 -7.016419323966639e-05
17.64166666666612 -0.0002846226035235694 -6.124769420612232e-05
17.64444444444389 -0.0002871800498739627 -5.224701725502712e-05
17.64722222222167 -0.0002894284636041711 -4.317368456949906e-05
17.64999999999944 -0.0002913665626499921 -3.403921186952102e-05
17.65277777777722 -0.0002929935164565643 -2.485508997324302e-05
17.655555555555 -0.0002943089412803631 -1.563276671053952e-05
17.65833333333277 -0.0002953128947704178 -6.383629209002375e-06
17.66111111111055 -0.0002960058698527203 2.881013422164419e-06
17.66388888888833 -0.0002963887879429677 1.214994697501172e-05
17.6666666666661 -0.0002964629915145182 2.1412068573317e-05
17.66944444444388 -0.0002962302360482256 3.065640263050198e-05
17.67222222222166 -0.0002956926813923613 3.987211630553632e-05
17.67499999999943 -0.0002948528825605481 4.904853444470404e-05
17.67777777777721 -0.0002937137799983167 5.817515397919699e-05
17.68055555555499 -0.0002922786893448089 6.724165778029616e-05
17.68333333333276 -0.000290551290723387 7.623792793375683e-05
17.68611111111054 -0.0002885356175881346 8.515405843812042e-05
17.68888888888831 -0.0002862360451582489 9.398036730532876e-05
17.69166666666609 -0.0002836572784718168 0.0001027074080517554
17.69444444444387 -0.000280804340086547 0.0001113259805795421
17.69722222222164 -0.000277682557463797 0.0001198271414246683
17.69999999999942 -0.0002742975500591079 0.0001282022133854644
17.7027777777772 -0.000270655216156677 0.0001364427945085201
17.70555555555497 -0.0002667617194764858 0.0001445407664347945
17.70833333333275 -0.0002626234755792123 0.0001524883021128175
17.71111111111053 -0.0002582471381076958 0.0001602778728609914
17.7138888888883 -0.0002536395848857589 0.0001679022547961857
17.71666666666608 -0.0002488079039103263 0.000175354534618254
17.71944444444386 -0.0002437593792593626 0.0001826281147635205
17.72222222222163 -0.0002385014769505258 0.0001897167179214902
17.72499999999941 -0.0002330418307731419 0.0001966143909280485
17.72777777777718 -0.0002273882281174974 0.0002033155080442387
17.73055555555496 -0.000221548595839322 0.0002098147736147443
17.73333333333274 -0.0002155309861703007 0.0002161072241324397
17.73611111111051 -0.0002093435627117978 0.000222188229704562
17.73888888888829 -0.000202994586528585 0.0002280534949396327
17.74166666666607 -0.0001964924023641697 0.0002336990592673897
17.74444444444384 -0.0001898454250113817 0.0002391212966944571
17.74722222222162 -0.0001830621258434853 0.0002443169150234712
17.7499999999994 -0.0001761510195406572 0.000249282954537369
17.75277777777717 -0.0001691206510258864 0.0002540167861691024
17.75555555555495 -0.0001619795826196149 0.0002585161091779565
17.75833333333273 -0.0001547363814566379 0.0002627789483314505
17.7611111111105 -0.0001473996071489845 0.0002668036506314527
17.76388888888828 -0.0001399777997377096 0.0002705888815838288
17.76666666666605 -0.0001324794679350897 0.0002741336210380397
17.76944444444383 -0.0001249130776744742 0.0002774371586124186
17.77222222222161 -0.0001172870409798679 0.0002804990887238101
17.77499999999938 -0.0001096097051684589 0.0002833193052395364
17.77777777777716 -0.0001018893423977995 0.0002858979957703784
17.78055555555494 -9.413413956563836e-05 0.0002882356356244636
17.78333333333271 -8.635218857085689e-05 0.0002903329814411932
17.78611111111049 -7.855147695008762e-05 0.0002921910645225356
17.78888888888827 -7.073987888516847e-05 0.0002938111838846773
17.79166666666604 -6.292514660299076e-05 0.0002951948990449415
17.79444444444382 -5.511490215700694e-05 0.0002963440225675887
17.7972222222216 -4.731662961005046e-05 0.0002972606123840481
17.79999999999937 -3.953766760957197e-05 0.0002979469639095324
17.80277777777715 -3.178520236762693e-05 0.0002984056019731938
17.80555555555492 -2.406626104049238e-05 0.0002986392725818949
17.8083333333327 -1.638770550972481e-05 0.0002986509345357116
17.81111111111048 -8.756226573455671e-06 0.0002984437509130931
17.81388888888825 -1.178338531858284e-06 0.0002980210804448044
17.81666666666603 6.339625814074116e-06 0.0002973864687936362
17.81944444444381 1.379151978020053e-05 0.0002965436397576751
17.82222222222158 2.117138699949312e-05 0.0002954964864146135
17.82499999999936 2.847346524968216e-05 0.0002942490622227494
17.82777777777714 3.569218987305408e-05 0.0002928055720967457
17.83055555555491 4.282219682521833e-05 0.0002911703634720178
17.83333333333269 4.985832533383485e-05 0.0002893479173753405
17.83611111111047 5.6795620191289e-05 0.0002873428395146138
17.83888888888824 6.362933367351168e-05 0.000285159851404309
17.84166666666602 7.035492710344737e-05 0.0002828037815386511
17.84444444444379 7.696807205441107e-05 0.0002802795566286173
17.84722222222157 8.346465121624205e-05 0.000277592192912134
17.84999999999935 8.984075891586123e-05 0.000274746787554123
17.85277777777712 9.609270131434811e-05 0.0002717485101447624
17.8555555555549 0.0001022169962812514 0.0002686025943095957
17.85833333333268 0.0001082103729554704 0.0002653143294428122
17.86111111111045 0.00011406977101322 0.0002618890525694026
17.86388888888823 0.0001197923396332302 0.000258332140353876
17.86666666666601 0.0001253754361889992 0.0002546490012566385
17.86944444444378 0.0001308166246661236 0.0002508450678516243
17.87222222222156 0.0001361136738170147 0.0002469257893128207
17.87499999999934 0.0001412645550686685 0.0002428966240744532
17.87777777777711 0.0001462674401872172 0.0002387630326754738
17.88055555555489 0.0001511206987176982 0.0002345304707903746
17.88333333333266 0.000155822895200227 0.0002302043824581022
17.88611111111044 0.0001603727861827442 0.0002257901935087691
17.88888888888822 0.0001647693170370846 0.0002212933051953957
17.89166666666599 0.0001690116185891368 0.0002167190880351645
17.89444444444377 0.000173099003572655 0.0002120728758653467
17.89722222222155 0.0001770309629237809 0.0002073599601121466
17.89999999999932 0.0001808071619195362 0.000202585584281291
17.9027777777771 0.000184427436176272 0.0001977549386684593
17.90555555555488 0.0001878917875150644 0.0001928731552947244
17.90833333333265 0.000191200379709968 0.0001879453030632043
17.91111111111043 0.00019435353412156 0.0001829763831458106
17.91388888888821 0.0001973517252347206 0.0001779713245919507
17.91666666666598 0.0002001955761047389 0.00017293498016538
17.91944444444376 0.0002028858537244757 0.00016787212240602
17.92222222222154 0.0002054234643206589 0.0001627874399181275
17.92499999999931 0.0002078094485912828 0.0001576855338807564
17.92777777777709 0.0002100449768911708 0.0001525709147819764
17.93055555555486 0.0002121313443761046 0.0001474479993735058
17.93333333333264 0.0002140699661140369 0.0001423211078442638
17.93611111111042 0.0002158623721724579 0.0001371944612097719
17.93888888888819 0.0002175102026892461 0.0001320721789166165
17.94166666666597 0.0002190152029378149 0.0001269582766545047
17.94444444444375 0.000220379218390763 0.0001218566643789549
17.94722222222152 0.0002216041897923881 0.0001167711445366898
17.9499999999993 0.0002226921482474335 0.0001117054104896707
17.95277777777708 0.0002236452103313379 0.0001066630451373545
17.95555555555485 0.0002244655732304307 0.0001016475197300726
17.95833333333263 0.0002251555099178684 9.666219287059645e-05
17.96111111111041 0.0002257173643723015 9.171030969776067e-05
17.96388888888818 0.0002261535468445475 8.67950012488195e-05
17.96666666666596 0.0002264665291776236 8.191928399708857e-05
17.96944444444373 0.0002266588401868207 7.708605955627543e-05
17.97222222222151 0.0002267330611037525 7.229811454974052e-05
17.97499999999929 0.0002266918210901762 6.755812063629949e-05
17.97777777777706 0.0002265377928246127 6.286863469276309e-05
17.98055555555484 0.0002262736881680883 5.823209914036415e-05
17.98333333333262 0.0002259022539110826 5.365084241674622e-05
17.98611111111039 0.0002254262676065441 4.912707958359214e-05
17.98888888888817 0.0002248485334921391 4.466291306510261e-05
17.99166666666595 0.0002241718785043333 4.02603335148619e-05
17.99444444444372 0.0002233991483880754 3.592122080107781e-05
17.9972222222215 0.0002225332039041363 3.164734510707963e-05
17.99999999999928 0.0002215769171364333 2.74403681431283e-05
18.00277777777705 0.0002205331679019046 2.330184445972602e-05
18.00555555555483 0.0002194048402643756 1.923322286059753e-05
18.0083333333326 0.0002181948191541975 1.523584790952786e-05
18.01111111111038 0.0002169059870951484 1.131096152303662e-05
18.01388888888816 0.000215541221039632 7.459704646376017e-06
18.01666666666593 0.0002141033893131721 3.683119006693343e-06
18.01944444444371 0.0002125953486689826 -1.785106255882227e-08
18.02222222222149 0.0002110199414530497 -3.64235673088593e-06
18.02499999999926 0.0002093799928801548 -7.18964271771843e-06
18.02777777777704 0.0002076783084209025 -1.065904528337037e-05
18.03055555555482 0.0002059176712997442 -1.404999016833304e-05
18.03333333333259 0.0002041008401037033 -1.736199048594574e-05
18.03611111111037 0.0002022305465015227 -2.059464457256481e-05
18.03888888888815 0.0002003094930725053 -2.374763380071184e-05
18.04166666666592 0.0001983403512444585 -2.682072035903186e-05
18.0444444444437 0.0001963257593398578 -2.981374500334513e-05
18.04722222222147 0.0001942683207291571 -3.272662478368946e-05
18.04999999999925 0.0001921706020900304 -3.555935075136696e-05
18.05277777777703 0.0001900351317715272 -3.831198564916867e-05
18.0555555555548 0.0001878643982615213 -4.098466158949843e-05
18.05833333333258 0.0001856608487558886 -4.357757772447336e-05
18.06111111111036 0.000183426887828089 -4.609099791034343e-05
18.06388888888813 0.0001811648761973147 -4.852524837053383e-05
18.06666666666591 0.0001788771295929768 -5.088071536176033e-05
18.06944444444369 0.0001765659177144432 -5.315784284402848e-05
18.07222222222146 0.0001742334632836107 -5.535713015910202e-05
18.07499999999924 0.0001718819411878151 -5.747912972161606e-05
18.07777777777702 0.0001695134777121866 -5.952444472231074e-05
18.08055555555479 0.0001671301498579411 -6.149372684982579e-05
18.08333333333257 0.0001647339847453458 -6.338767403100532e-05
18.08611111111034 0.0001623269590987055 -6.520702819332802e-05
18.08888888888812 0.0001599109988110304 -6.695257305168335e-05
18.0916666666659 0.000157487978586151 -6.8625131921587e-05
18.09444444444367 0.0001550597216561267 -7.022556556036433e-05
18.09722222222145 0.0001526279995711192 -7.175477003928202e-05
18.09999999999923 0.0001501945320592403 -7.321367464832115e-05
18.102777777777 0.0001477609869550811 -7.460323983345784e-05
18.10555555555478 0.0001453289801926676 -7.592445517113659e-05
18.10833333333256 0.0001429000758621425 -7.717833737844701e-05
18.11111111111033 0.000140475786326376 -7.83659283625642e-05
18.11388888888811 0.0001380575723960822 -7.948829330910112e-05
18.11666666666589 0.0001356468435602695 -8.054651881159518e-05
18.11944444444366 0.0001332449582703594 -8.154171104209724e-05
18.12222222222144 0.0001308532242742702 -8.24749939655651e-05
18.12499999999921 0.0001284728990000858 -8.33475075960868e-05
18.12777777777699 0.0001261051899847039 -8.416040629877134e-05
18.13055555555477 0.0001237512553469026 -8.491485713540735e-05
18.13333333333254 0.0001214122043014604 -8.56120382559412e-05
18.13611111111032 0.0001190890977127481 -8.625313733520381e-05
18.1388888888881 0.0001167829486847127 -8.683935005633998e-05
18.14166666666587 0.0001144947231858963 -8.73718786400759e-05
18.14444444444365 0.0001122253407068792 -8.785193042062132e-05
18.14722222222143 0.0001099756749478785 -8.82807164683772e-05
18.1499999999992 0.0001077465545349239 -8.865945025897022e-05
18.15277777777698 0.0001055387637617603 -8.898934638936173e-05
18.15555555555476 0.0001033530433564496 -8.927161933996106e-05
18.15833333333253 0.0001011900912698508 -8.950748228340236e-05
18.16111111111031 9.905056348450721e-05 -8.969814593933953e-05
18.16388888888808 9.693507484194549e-05 -8.984481747503552e-05
18.16666666666586 9.484419988668373e-05 -8.994869945135915e-05
18.16944444444364 9.277847372505533e-05 -9.001098881383795e-05
18.17222222222141 9.07383928971337e-05 -9.003287592836261e-05
18.17499999999919 8.872441626006746e-05 -9.001554366101125e-05
18.17777777777697 8.673696588165288e-05 -8.996016650113634e-05
18.18055555555474 8.477642794154956e-05 -8.986790972792361e-05
18.18333333333252 8.284315364005893e-05 -8.973992861869546e-05
18.1861111111103 8.093746011154389e-05 -8.95773676994117e-05
18.18888888888807 7.905963134245252e-05 -8.938136003566467e-05
18.19166666666585 7.720991909132845e-05 -8.915302656436028e-05
18.19444444444363 7.538854381069922e-05 -8.889347546449276e-05
18.1972222222214 7.35956955684644e-05 -8.860380156700655e-05
18.19999999999918 7.183153496864547e-05 -8.828508580225435e-05
18.20277777777696 7.009619406960885e-05 -8.793839468468927e-05
18.20555555555473 6.838977729901951e-05 -8.75647798337772e-05
18.20833333333251 6.67123623643515e-05 -8.716527753028506e-05
18.21111111111028 6.506400115811149e-05 -8.674090830705498e-05
18.21388888888806 6.344472065676031e-05 -8.629267657336793e-05
18.21666666666584 6.185452381241232e-05 -8.582157027206743e-05
18.21944444444361 6.029339043633975e-05 -8.532856056855989e-05
18.22222222222139 5.876127807414778e-05 -8.481460157047054e-05
18.22499999999917 5.725812287076855e-05 -8.428063007758516e-05
18.22777777777694 5.578384042571243e-05 -8.372756536059652e-05
18.23055555555472 5.433832663708066e-05 -8.315630896813299e-05
18.2333333333325 5.292145853419988e-05 -8.256774456093568e-05
18.23611111111027 5.153309509819317e-05 -8.196273777229155e-05
18.23888888888805 5.017307806982818e-05 -8.134213609390276e-05
18.24166666666583 4.884123274438301e-05 -8.070676878612556e-05
18.2444444444436 4.753736875289559e-05 -8.005744681180859e-05
18.24722222222138 4.6261280829413e-05 -7.939496279274874e-05
18.24999999999915 4.501274956411773e-05 -7.872009098782871e-05
18.25277777777693 4.37915421415687e-05 -7.803358729208485e-05
18.25555555555471 4.259741306413481e-05 -7.733618925567779e-05
18.25833333333248 4.143010486021617e-05 -7.66286161219797e-05
18.26111111111026 4.028934877690476e-05 -7.591156888392684e-05
18.26388888888804 3.917486545712439e-05 -7.518573035774327e-05
18.26666666666581 3.808636560090024e-05 -7.44517652732305e-05
18.26944444444359 3.70235506106113e-05 -7.371032037984693e-05
18.27222222222137 3.598611322041384e-05 -7.296202456763159e-05
18.27499999999914 3.497373810909593e-05 -7.220748900243892e-05
18.27777777777692 3.398610249721348e-05 -7.144730727438253e-05
18.2805555555547 3.302287672758755e-05 -7.068205555904003e-05
18.28333333333247 3.208372482970319e-05 -6.991229279047964e-05
18.28611111111025 3.116830506799719e-05 -6.913856084542249e-05
18.28888888888802 3.027627047364315e-05 -6.836138473792548e-05
18.2916666666658 2.940726936044388e-05 -6.758127282376662e-05
18.29444444444358 2.856094582456163e-05 -6.679871701392747e-05
18.29722222222135 2.773694022824993e-05 -6.601419299652446e-05
18.29999999999913 2.693488966762291e-05 -6.522816046654907e-05
18.30277777777691 2.615442842495184e-05 -6.444106336272417e-05
18.30555555555468 2.539518840504059e-05 -6.365333011100069e-05
18.30833333333246 2.465679955639166e-05 -6.2865373874011e-05
18.31111111111024 2.393889027690726e-05 -6.207759280597027e-05
18.31388888888801 2.324108780470059e-05 -6.129037031243557e-05
18.31666666666579 2.256301859379613e-05 -6.050407531444933e-05
18.31944444444357 2.190430867534312e-05 -5.971906251649523e-05
18.32222222222134 2.126458400416292e-05 -5.893567267783766e-05
18.32499999999912 2.064347079124178e-05 -5.815423288670876e-05
18.32777777777689 2.004059582197988e-05 -5.737505683694712e-05
18.33055555555467 1.945558676095078e-05 -5.659844510658876e-05
18.33333333333245 1.88880724428372e-05 -5.582468543805075e-05
18.33611111111022 1.833768315036018e-05 -5.505405301944811e-05
18.338888888888 1.780405087903413e-05 -5.428681076669311e-05
18.34166666666578 1.728680958921437e-05 -5.352320960600542e-05
18.34444444444355 1.678559544578464e-05 -5.27634887564395e-05
18.34722222222133 1.630004704548519e-05 -5.200787601215691e-05
18.34999999999911 1.582980563243002e-05 -5.125658802406438e-05
18.35277777777688 1.537451530199713e-05 -5.050983058053956e-05
18.35555555555466 1.493382319328234e-05 -4.976779888695071e-05
18.35833333333244 1.450737967059201e-05 -4.903067784369568e-05
18.36111111111021 1.409483849405785e-05 -4.829864232248842e-05
18.36388888888799 1.369585697979953e-05 -4.757185744066699e-05
18.36666666666576 1.331009614990797e-05 -4.685047883326596e-05
18.36944444444354 1.293722087239009e-05 -4.613465292266434e-05
18.37222222222132 1.257689999163984e-05 -4.542451718557401e-05
18.37499999999909 1.222880644939517e-05 -4.472020041719612e-05
18.37777777777687 1.189261739673681e-05 -4.402182299236243e-05
18.38055555555465 1.156801429722079e-05 -4.332949712349016e-05
18.38333333333242 1.125468302151799e-05 -4.264332711520376e-05
18.3861111111102 1.095231393385725e-05 -4.196340961546433e-05
18.38888888888798 1.066060197044438e-05 -4.128983386309742e-05
18.39166666666575 1.037924671024067e-05 -4.062268193157627e-05
18.39444444444353 1.010795243825919e-05 -3.996202896896841e-05
18.39722222222131 9.846428201783641e-06 -3.930794343392316e-05
18.39999999999908 9.59438785962568e-06 -3.866048732764169e-05
18.40277777777686 9.351550124726296e-06 -3.801971642170963e-05
18.40555555555463 9.117638600454719e-06 -3.738568048175469e-05
18.40833333333241 8.892381810695609e-06 -3.675842348684277e-05
18.41111111111019 8.675513224037986e-06 -3.613798384457554e-05
18.41388888888796 8.466771272356457e-06 -3.552439460182374e-05
18.41666666666574 8.265899363977979e-06 -3.491768365107826e-05
18.41944444444352 8.072645891563928e-06 -3.431787393236896e-05
18.42222222222129 7.886764235194614e-06 -3.37249836307436e-05
18.42499999999907 7.70801276056638e-06 -3.31390263692716e-05
18.42777777777685 7.536154812720689e-06 -3.256001139758548e-05
18.43055555555462 7.370958705525231e-06 -3.198794377592486e-05
18.4333333333324 7.212197706944378e-06 -3.142282455471849e-05
18.43611111111018 7.059650020467714e-06 -3.086465094967921e-05
18.43888888888795 6.913098762856116e-06 -3.031341651244902e-05
18.44166666666573 6.77233193831838e-06 -2.976911129679515e-05
18.4444444444435 6.637142409398691e-06 -2.923172202039097e-05
18.44722222222128 6.507327864702454e-06 -2.870123222219554e-05
18.44999999999906 6.382690783683013e-06 -2.817762241548069e-05
18.45277777777683 6.263038398597449e-06 -2.766087023651524e-05
18.45555555555461 6.148182653839734e-06 -2.715095058897705e-05
18.45833333333239 6.037940162841216e-06 -2.664783578410064e-05
18.46111111111016 5.932132162599807e-06 -2.615149567663624e-05
18.46388888888794 5.830584466095682e-06 -2.566189779664593e-05
18.46666666666572 5.733127412678401e-06 -2.5179007477206e-05
18.46944444444349 5.639595816558774e-06 -2.470278797805227e-05
18.47222222222127 5.549828913629573e-06 -2.423320060524173e-05
18.47499999999905 5.463670306602207e-06 -2.377020482687561e-05
18.47777777777682 5.380967908721752e-06 -2.331375838495458e-05
18.4805555555546 5.301573886118461e-06 -2.286381740341954e-05
18.48333333333238 5.225344598918117e-06 -2.242033649245232e-05
18.48611111111015 5.15214054124088e-06 -2.198326884909147e-05
18.48888888888793 5.081826280183523e-06 -2.155256635424198e-05
18.4916666666657 5.014270393902487e-06 -2.112817966613256e-05
18.49444444444348 4.949345408887236e-06 -2.071005831030532e-05
18.49722222222126 4.886927736537818e-06 -2.029815076620032e-05
18.49999999999903 4.826897609128999e-06 -1.989240455040242e-05
18.50277777777681 4.769139015226986e-06 -1.949276629663181e-05
