16.5 -1.150029278358344e-07 1.835131480698794e-07
16.50277777777778 -5.955788466791846e-09 2.236057520086705e-07
16.50555555555555 1.121061220043445e-07 2.019925684178359e-07
16.50833333333333 2.057584787908529e-07 1.207475274194192e-07
16.51111111111111 2.463551963463404e-07 -7.085514968532775e-10
16.51388888888888 2.186281777068246e-07 -1.300347960581322e-07
16.51666666666666 1.260088700278445e-07 -2.304362666218236e-07
16.51944444444444 -9.094698417728791e-09 -2.709974797641764e-07
16.52222222222221 -1.504927989948489e-07 -2.360201169310699e-07
16.52499999999999 -2.577518807486019e-07 -1.305919578194384e-07
16.52777777777776 -2.976093682966866e-07 1.948473868581144e-08
16.53055555555554 -2.540849894285297e-07 1.73770153684451e-07
16.53333333333332 -1.342678130967255e-07 2.879165045762717e-07
16.53611111111109 3.219383527165548e-08 3.262544480258555e-07
16.53888888888887 2.001789281220158e-07 2.727099658027656e-07
16.54166666666665 3.211448865562337e-07 1.367696486397571e-07
16.54444444444442 3.569790721441542e-07 -4.757238087769127e-08
16.5472222222222 2.91748051226983e-07 -2.300529360215883e-07
16.54999999999998 1.377888651106177e-07 -3.576525140461109e-07
16.55277777777775 -6.600798934196117e-08 -3.89807706699329e-07
16.55555555555553 -2.637469681453642e-07 -3.110129121070376e-07
16.55833333333331 -3.976521349888581e-07 -1.369709163928075e-07
16.56111111111108 -4.247376312817841e-07 8.792724832090806e-08
16.56388888888886 -3.302732657346261e-07 3.016354628874484e-07
16.56666666666663 -1.33911096025209e-07 4.41349549068386e-07
16.56944444444441 1.137971437684701e-07 4.617329549149304e-07
16.57222222222219 3.441105158493021e-07 3.492468469295187e-07
16.57499999999996 4.889385879762515e-07 1.281503118151259e-07
16.57777777777774 5.00717913268723e-07 -1.441260534333046e-07
16.58055555555552 3.675939781213072e-07 -3.915791196749473e-07
16.58333333333329 1.191709312550654e-07 -5.405952038386363e-07
16.58611111111107 -1.794641926073626e-07 -5.415694213349571e-07
16.58888888888885 -4.444595175907466e-07 -3.849107839927414e-07
16.59166666666662 -5.964705860348286e-07 -1.063927975487224e-07
16.5944444444444 -5.841088661608043e-07 2.204033809913149e-07
16.59722222222218 -4.007221088977439e-07 5.03176547193909e-07
16.59999999999995 -8.916953479235804e-08 6.566832299798777e-07
16.60277777777773 2.675759849214479e-07 6.280931374570537e-07
16.6055555555555 5.68155845527839e-07 4.144742148331131e-07
16.60833333333328 7.213098873545189e-07 6.678528104667648e-08
16.61111111111106 6.732049101534704e-07 -3.216528747867855e-07
16.61388888888883 4.255273599378066e-07 -6.398167827378635e-07
16.61666666666661 3.845200949146876e-08 -7.903753361809346e-07
16.61944444444439 -3.833402235481725e-07 -7.190422125706241e-07
16.62222222222216 -7.185639902179476e-07 -4.331483822521808e-07
16.62499999999994 -8.638409215198981e-07 -3.307620339137567e-09
16.62777777777772 -7.65107337047117e-07 4.533749594239973e-07
16.63055555555549 -4.365034408513342e-07 8.047773506016667e-07
16.63333333333327 3.958499069728271e-08 9.415918338781784e-07
16.63611111111105 5.325186744864762e-07 8.1079517685715e-07
16.63888888888882 8.988003219154051e-07 4.34651096257768e-07
16.6416666666666 1.023423113119697e-06 -9.123765821378961e-08
16.64444444444437 8.553811041883822e-07 -6.215497818927558e-07
16.64722222222215 4.265359441018062e-07 -1.000926477285441e-06
16.64999999999993 -1.527352149869755e-07 -1.109024391232455e-06
16.6527777777777 -7.212537083331739e-07 -8.980085389799464e-07
16.65555555555548 -1.111384155500423e-06 -4.109830499632344e-07
16.65833333333326 -1.197963418133036e-06 2.252320276566631e-07
16.66111111111103 -9.37676397476785e-07 8.324109059792696e-07
16.66388888888881 -3.866934687666205e-07 1.230319137169183e-06
16.66666666666659 3.099465056555463e-07 1.289668451161991e-06
16.66944444444436 9.557824705000554e-07 9.732266524044684e-07
16.67222222222214 1.35777528689695e-06 3.522411684294274e-07
16.67499999999992 1.38340963133617e-06 -4.081532712312109e-07
16.67777777777769 1.003332283394475e-06 -1.092093159674064e-06
16.68055555555547 3.060717139281245e-07 -1.493673134536968e-06
16.68333333333324 -5.211726644614591e-07 -1.478279517987855e-06
16.68611111111102 -1.242011621676076e-06 -1.026485946350263e-06
16.6888888888888 -1.637786408821437e-06 -2.465031036479652e-07
16.69166666666657 -1.573173008186433e-06 6.503572481965677e-07
16.69444444444435 -1.04098974323779e-06 1.406127664362378e-06
16.69722222222213 -1.717291837314608e-07 1.78971658513594e-06
16.6999999999999 7.970749748855275e-07 1.666766928277586e-06
16.70277777777768 1.584926427872301e-06 1.04494652854624e-06
16.70555555555546 1.948865566377318e-06 7.982609688132712e-08
16.70833333333323 1.757499651656301e-06 -9.626886819750334e-07
16.71111111111101 1.036253244392975e-06 -1.778759363673527e-06
16.71388888888879 -3.123775179576545e-08 -2.114406682105555e-06
16.71666666666656 -1.148531596155862e-06 -1.843551169103673e-06
16.71944444444434 -1.987811974838278e-06 -1.01259683167491e-06
16.72222222222211 -2.285254266749161e-06 1.635877093136453e-07
16.72499999999989 -1.922824114870163e-06 1.355878550961621e-06
16.72777777777767 -9.71453318434284e-07 2.21206833569027e-06
16.73055555555544 3.194243553047207e-07 2.46003216246585e-06
16.73333333333322 1.585912658538214e-06 1.992926332190151e-06
16.736111111111 2.451272485013821e-06 9.100907366632969e-07
16.73888888888877 2.637041586082288e-06 -5.009999320708732e-07
16.74166666666655 2.051155644728957e-06 -1.839687226399982e-06
16.74444444444433 8.255765635555896e-07 -2.704886876084414e-06
16.7472222222221 -7.105892181036882e-07 -2.814228901795578e-06
16.74999999999988 -2.118082775198865e-06 -2.094487583911665e-06
16.75277777777766 -2.972048169640809e-06 -7.147904197846367e-07
16.75555555555543 -2.989153951059967e-06 9.504543634461912e-07
16.75833333333321 -2.119566904092349e-06 2.421759095385257e-06
16.76111111111098 -5.744427839718418e-07 3.251520772237078e-06
16.76388888888876 1.222803246549785e-06 3.158959706957374e-06
16.76666666666654 2.751102380212143e-06 2.122703795818203e-06
16.76944444444431 3.541648652332307e-06 4.011004955123879e-07
16.77222222222209 3.320344140631648e-06 -1.529740972194433e-06
16.77499999999987 2.099875778857406e-06 -3.106167591217107e-06
16.77777777777764 1.912198149963179e-07 -3.84030610898126e-06
16.78055555555542 -1.873214211338582e-06 -3.4695353097032e-06
16.7833333333332 -3.486616350133218e-06 -2.046736318578448e-06
16.78611111111097 -4.14484832206726e-06 5.881221087773564e-08
16.78888888888875 -3.602270800306487e-06 2.254948187958895e-06
16.79166666666653 -1.958631257503147e-06 3.891650809095632e-06
16.7944444444443 3.526273779009501e-07 4.452062676865036e-06
16.79722222222208 2.676376247366552e-06 3.713782772072529e-06
16.79999999999986 4.319944128275449e-06 1.830624184933441e-06
16.80277777777763 4.758122026962639e-06 -6.938163152147751e-07
16.80555555555541 3.798789965285669e-06 -3.138562096226357e-06
16.80833333333318 1.657531877257897e-06 -4.769568386000082e-06
16.81111111111096 -1.085858306771791e-06 -5.058541235164228e-06
16.81388888888874 -3.642114987950529e-06 -3.851498127062871e-06
16.81666666666651 -5.237920959686195e-06 -1.43397092506237e-06
16.81944444444429 -5.348138508193106e-06 1.532040543447793e-06
16.82222222222207 -3.865610393843597e-06 4.187098338626752e-06
16.82499999999984 -1.154416616790274e-06 5.721650643764697e-06
16.82777777777762 2.035366572064861e-06 5.621003213273677e-06
16.8305555555554 4.772932497827379e-06 3.834349225514115e-06
16.83333333333317 6.216585010642403e-06 8.132750667643464e-07
16.83611111111095 5.870472027782356e-06 -2.598453910535119e-06
16.83888888888873 3.750491515960084e-06 -5.398292664981685e-06
16.8416666666665 4.049694545494679e-07 -6.71766076796809e-06
16.84444444444428 -3.2234210399398e-06 -6.089115421002412e-06
16.84722222222205 -6.06100323280935e-06 -3.606418500245776e-06
16.84999999999983 -7.218859115384326e-06 7.595892216436123e-08
16.85277777777761 -6.268736593038902e-06 3.911764264754157e-06
16.85555555555538 -3.394182032792868e-06 6.757930152493828e-06
16.85833333333316 6.347342908605054e-07 7.713148350199096e-06
16.86111111111094 4.664225252424434e-06 6.400385092492115e-06
16.86388888888871 7.484873245446542e-06 3.105588718835094e-06
16.86666666666649 8.192436206988652e-06 -1.276214516092471e-06
16.86944444444427 6.474387394090514e-06 -5.480650420599718e-06
16.87222222222204 2.732303235377755e-06 -8.236460729494566e-06
16.87499999999982 -2.004743767386162e-06 -8.647534632775983e-06
16.8777777777776 -6.359843733552116e-06 -6.480396731093888e-06
16.88055555555537 -9.006048575107295e-06 -2.265971973498571e-06
16.88333333333315 -9.068139888068187e-06 2.823990200085187e-06
16.88611111111092 -6.407464437287259e-06 7.299414892756736e-06
16.8888888888887 -1.698367864899556e-06 9.78562765240166e-06
16.89166666666648 3.73676952902631e-06 9.442831014610597e-06
16.89444444444425 8.295625356600914e-06 6.244134950073789e-06
16.89722222222203 1.056574196203929e-05 1.021556918604965e-06
16.89999999999981 9.759089812519439e-06 -4.74485585045605e-06
16.90277777777758 5.978566452258163e-06 -9.343235091626788e-06
16.90555555555536 2.280865844686807e-07 -1.133542155209519e-05
16.90833333333314 -5.848781591910989e-06 -1.000334551118425e-05
16.91111111111091 -1.04353534348219e-05 -5.598678876669061e-06
16.91388888888869 -1.208213399578838e-05 6.888044216533964e-07
16.91666666666647 -1.016104728846546e-05 7.047629037547754e-06
16.91944444444424 -5.092330658958132e-06 1.156329792093539e-05
16.92222222222202 1.734955751745594e-06 1.279175852862755e-05
16.92499999999979 8.33881648026817e-06 1.021676767961356e-05
16.92777777777757 1.27164653890166e-05 4.447525192384484e-06
16.93055555555535 1.344858710330379e-05 -2.915036066023266e-06
16.93333333333312 1.015433970969065e-05 -9.71788268204119e-06
16.9361111111109 3.652647411777381e-06 -1.388222011212171e-05
16.93888888888868 -4.232276919837029e-06 -1.403535670159029e-05
16.94166666666645 -1.117827396735097e-05 -9.957030270900532e-06
16.94444444444423 -1.504580407833229e-05 -2.696730308113105e-06
16.94722222222201 -1.453331722917721e-05 5.688192890078221e-06
16.94999999999978 -9.607751839281739e-06 1.271113891777424e-05
16.95277777777756 -1.569750451757687e-06 1.619027487097322e-05
16.95555555555534 7.282291735269819e-06 1.492233919637191e-05
16.95833333333311 1.430513626014888e-05 9.089314076543079e-06
16.96111111111089 1.729647683258271e-05 2.629507836177281e-07
16.96388888888866 1.518106513998588e-05 -9.011779221602069e-06
16.96666666666644 8.384716186984925e-06 -1.594626212738561e-05
16.96944444444422 -1.230811974009479e-06 -1.834305133059626e-05
16.97222222222199 -1.087126410379548e-05 -1.528710835619501e-05
16.97499999999977 -1.761770339862732e-05 -7.477480092535904e-06
16.97777777777755 -1.930649195273331e-05 2.916698922183711e-06
16.98055555555532 -1.521730197752467e-05 1.285246960804297e-05
16.9833333333331 -6.352023553808372e-06 1.92997242686278e-05
16.98611111111088 4.797504293897711e-06 2.016125032631585e-05
16.98888888888865 1.494395859741709e-05 1.494800073126838e-05
16.99166666666643 2.096959353212892e-05 4.99407130308431e-06
16.99444444444421 2.087989795930098e-05 -6.873260253987527e-06
16.99722222222198 1.445543685282897e-05 -1.713088038666818e-05
16.99999999999976 3.391101077441081e-06 -2.26015602695667e-05
17.00277777777753 -9.140838107217432e-06 -2.143334902335183e-05
17.00555555555531 -1.939474788093376e-05 -1.371613059422264e-05
17.00833333333309 -2.416688566067724e-05 -1.532820157363998e-06
17.01111111111086 -2.179114832623534e-05 1.159355395579842e-05
17.01388888888864 -1.270735456489452e-05 2.171325431323331e-05
17.01666666666642 5.88333350100295e-07 2.563393850520247e-05
17.01944444444419 1.422078794705893e-05 2.192182783895854e-05
17.02222222222197 2.406013931369561e-05 1.140764977726638e-05
17.02499999999975 2.696836167173417e-05 -2.976671675924633e-06
17.02777777777752 2.179333404491905e-05 -1.700762728469464e-05
17.0305555555553 9.797389751940577e-06 -2.640511432833071e-05
17.03333333333308 -5.632729654657848e-06 -2.813331610280129e-05
17.03611111111085 -1.993454410965975e-05 -2.137352706045154e-05
17.03888888888863 -2.87138574798126e-05 -7.859387388659346e-06
17.0416666666664 -2.90898081585384e-05 8.552738208864716e-06
17.04444444444418 -2.063075094053829e-05 2.297712014881122e-05
17.04722222222196 -5.579537549601236e-06 3.094808779709861e-05
17.04999999999973 1.172811058910444e-05 2.979710496725388e-05
17.05277777777751 2.610583063753883e-05 1.95344728400473e-05
17.05555555555529 3.306572830138327e-05 2.947486465507795e-06
17.05833333333306 3.021324105964281e-05 -1.514495424650156e-05
17.06111111111084 1.805598676460316e-05 -2.928590040579412e-05
17.06388888888862 -4.26828009416268e-08 -3.502116669629957e-05
17.06666666666639 -1.878362241969648e-05 -3.029561789099483e-05
17.06944444444417 -3.247724512972415e-05 -1.616917554249956e-05
17.07222222222195 -3.676562134682285e-05 3.391761472425316e-06
17.07499999999972 -3.000169590875784e-05 2.261832053842606e-05
17.0777777777775 -1.385132240885999e-05 3.563451055556739e-05
17.08055555555528 7.094737207994326e-06 3.824761882605685e-05
17.08333333333305 2.661678333420286e-05 2.928977661128809e-05
17.08611111111083 3.870722195560847e-05 1.108396126209729e-05
17.0888888888886 3.941358755236105e-05 -1.114014344577107e-05
17.09166666666638 2.811986959450579e-05 -3.074003903990712e-05
17.09444444444416 7.853752272032085e-06 -4.164005514953431e-05
17.09722222222193 -1.550945362472025e-05 -4.020856992910117e-05
17.09999999999971 -3.494227721141916e-05 -2.645463692513905e-05
17.10277777777749 -4.437323908436188e-05 -4.153367156966853e-06
17.10555555555526 -4.057705294417842e-05 2.017653926573671e-05
17.10833333333304 -2.426040435728756e-05 3.917083645849936e-05
17.11111111111082 1.763384251934036e-08 4.684309819866537e-05
17.11388888888859 2.510721187889624e-05 4.046391440552739e-05
17.11666666666637 4.33663276827675e-05 2.15082259785103e-05
17.11944444444415 4.898274058687424e-05 -4.651953400130017e-06
17.12222222222192 3.981547891315936e-05 -3.025886927813943e-05
17.1249999999997 1.817498589134277e-05 -4.746290725188586e-05
17.12777777777747 -9.733758968123671e-06 -5.072289533122989e-05
17.13055555555525 -3.558026705968726e-05 -3.858067434266007e-05
17.13333333333303 -5.138871285197008e-05 -1.424451758789762e-05
17.1361111111108 -5.199289929479456e-05 1.523795868587265e-05
17.13888888888858 -3.671227609444726e-05 4.101143567747539e-05
17.14166666666636 -9.708718834146957e-06 5.506647254037219e-05
17.14444444444413 2.112957616003267e-05 5.272183019679818e-05
17.14722222222191 4.648376266804016e-05 3.416822271919392e-05
17.14999999999969 5.841429475461481e-05 4.568637242347518e-06
17.15277777777746 5.283977896462037e-05 -2.736324967606295e-05
17.15555555555524 3.091298284459127e-05 -5.192025809426235e-05
17.15833333333302 -1.16450062915926e-06 -6.134664372791196e-05
17.16111111111079 -3.388288158363523e-05 -5.227925023285418e-05
17.16388888888857 -5.723601915748835e-05 -2.691894969430107e-05
17.16666666666634 -6.377550093982232e-05 7.468345752289654e-06
17.16944444444412 -5.097667551323031e-05 4.06214631525081e-05
17.1722222222219 -2.216783601441207e-05 6.233890714573913e-05
17.17499999999967 1.430859922939418e-05 6.561170893009322e-05
17.17777777777745 4.750109905602727e-05 4.88740190812436e-05
17.18055555555523 6.713044644058342e-05 1.665203901435824e-05
17.183333333333 6.676648908322823e-05 -2.16383324062335e-05
17.18611111111078 4.592045211695742e-05 -5.443325375977371e-05
17.18888888888856 1.037594211218789e-05 -7.150695120587173e-05
17.19166666666633 -2.939748604009955e-05 -6.715311992814696e-05
17.19444444444411 -6.131923942395608e-05 -4.207406622372621e-05
17.19722222222189 -7.536088066499828e-05 -3.357117962716059e-06
17.19999999999966 -6.66887571870523e-05 3.751257943546196e-05
17.20277777777744 -3.730359324809954e-05 6.80509614652981e-05
17.20555555555521 4.372604423994419e-06 7.858241859004247e-05
17.20833333333299 4.58966589801261e-05 6.529637136468064e-05
17.21111111111077 7.451193364882551e-05 3.159009449226757e-05
17.21388888888854 8.106126685919535e-05 -1.276624659977214e-05
17.21666666666632 6.290677322677954e-05 -5.444951312164898e-05
17.2194444444441 2.492857906884548e-05 -8.057856953845455e-05
17.22222222222187 -2.176099981384182e-05 -8.26886367826953e-05
17.22499999999965 -6.305817748860611e-05 -5.946069221686954e-05
17.22777777777743 -8.612175135295428e-05 -1.732950847045939e-05
17.2305555555552 -8.335941548024381e-05 3.127779366602976e-05
17.23333333333298 -5.491086787379623e-05 7.159774955018199e-05
17.23611111111076 -8.820142527846532e-06 9.100867084794861e-05
17.23888888888853 4.122114963738663e-05 8.297447805576791e-05
17.24166666666631 7.993252696285687e-05 4.9224109785332e-05
17.24444444444408 9.510492985922608e-05 -5.543190231990522e-07
17.24722222222186 8.144310982256055e-05 -5.147935183249925e-05
17.24999999999964 4.238327775259911e-05 -8.791747756949383e-05
17.25277777777741 -1.072984505383767e-05 -9.827688074066048e-05
17.25555555555519 -6.192496309631515e-05 -7.868549656504784e-05
17.25833333333297 -9.540004201459883e-05 -3.438913077586242e-05
17.26111111111074 -0.0001003941792582839 2.162297605339359e-05
17.26388888888852 -7.463523497143694e-05 7.241570936434784e-05
17.2666666666663 -2.526199141664556e-05 0.0001022222621737878
17.26944444444407 3.313056354786661e-05 0.0001013325147451218
17.27222222222185 8.27957486752e-05 6.924181014262436e-05
17.27499999999963 0.0001082232202344737 1.504317116454367e-05
17.2777777777774 0.0001009764746769184 -4.512988400351212e-05
17.28055555555518 6.247298267032053e-05 -9.289733379952603e-05
17.28333333333295 3.796102807364297e-06 -0.0001132417644510849
17.28611111111073 -5.747916012513596e-05 -9.922249351613003e-05
17.28888888888851 -0.0001025428689951254 -5.431702439511904e-05
17.29166666666628 -0.0001171194885384891 8.392872437861773e-06
17.29444444444406 -9.598182892081857e-05 7.001851595478605e-05
17.29722222222184 -4.478473978461638e-05 0.0001115473521351939
17.29999999999961 2.141411200612516e-05 0.0001197039225718213
17.30277777777739 8.257138438779837e-05 9.118350246219542e-05
17.30555555555517 0.0001197211835369578 3.391120909366038e-05
17.30833333333294 0.0001208518843825674 -3.513471745431204e-05
17.31111111111072 8.477713707824846e-05 -9.494637673232757e-05
17.3138888888885 2.175719023387462e-05 -0.000126873312449951
17.31666666666627 -4.939905612522361e-05 -0.0001204329320304005
17.31944444444405 -0.0001069396138830641 -7.673561983705239e-05
17.32222222222182 -0.0001328146815835346 -8.410118717130648e-06
17.3249999999996 -0.0001183328502644291 6.402978890866701e-05
17.32777777777738 -6.705751641428258e-05 0.0001183375077231274
17.33055555555515 6.015350781039079e-06 0.0001373619195340212
17.33333333333293 7.882942463947982e-05 0.0001144570972394896
17.33611111111071 0.0001289199697400672 5.57691631849042e-05
17.33888888888848 0.0001403412207941293 -2.137731170227164e-05
17.34166666666626 0.0001087341323892521 -9.3582410977557e-05
17.34444444444404 4.292636416798414e-05 -0.0001384640117784971
17.34722222222181 -3.750712442095755e-05 -0.0001415923435040872
17.34999999999959 -0.000108057759744288 -0.0001011185425427627
17.35277777777737 -0.0001467476916618724 -2.861562334597261e-05
17.35555555555514 -0.000140972646543222 5.421051976533471e-05
17.35833333333292 -9.159388133322601e-05 0.0001220121918845806
17.3611111111107 -1.295484821266491e-05 0.0001535543443968819
17.36388888888847 7.126930927310836e-05 0.0001383610802784434
17.36666666666625 0.0001351937737378418 8.017513689413434e-05
17.36944444444402 0.0001586770281856268 -3.906532224386267e-06
17.3722222222218 0.0001336620395820849 -8.844371160519105e-05
17.37499999999958 6.69107449342415e-05 -0.0001473460024457318
17.37777777777735 -2.178808233992336e-05 -0.0001619231038468353
17.38055555555513 -0.0001054752906896074 -0.0001268089838939265
17.38333333333291 -0.0001582122844463223 -5.188406864330698e-05
17.38611111111068 -0.0001631188568604632 4.047954369759009e-05
17.38888888888846 -0.0001177677273686437 0.0001220904863712163
17.39166666666624 -3.521427356786279e-05 0.0001675407374741061
17.39444444444401 5.974271064656878e-05 0.0001621140634403883
17.39722222222179 0.0001380047028808994 0.0001065393027525238
17.39999999999957 0.0001750892336973155 1.705653460488004e-05
17.40277777777734 0.0001587863961413679 -7.931400590404038e-05
17.40555555555512 9.316230570902937e-05 -0.0001529269047298365
17.40833333333289 -2.398476468062533e-06 -0.0001806305899757865
17.41111111111067 -9.890774833452486e-05 -0.0001530455608246394
17.41388888888845 -0.0001665646540462225 -7.771463197969115e-05
17.41666666666622 -0.0001839578011180603 2.292586112329961e-05
17.419444444444 -0.0001448370555976833 0.0001182200882263741
17.42222222222178 -6.031452806127453e-05 0.0001786295083483338
17.42499999999955 4.426854477828328e-05 0.0001848892038344925
17.42777777777733 0.0001369335678860962 0.0001341454438199893
17.43055555555511 0.0001888426837488974 4.11208869306705e-05
17.43333333333288 0.0001832734531813705 -6.614011402959553e-05
17.43611111111066 0.0001209970375773049 -0.000154722247769176
17.43888888888844 2.033273371439058e-05 -0.0001969408760174468
17.44166666666621 -8.822842818903922e-05 -0.0001789941899864013
17.44444444444399 -0.0001712573211130574 -0.0001054618952405968
17.44722222222176 -0.0002026821212860172 1.812138226744215e-06
17.44999999999954 -0.0001719742773011722 0.0001101999737884393
17.45277777777732 -8.765504685679736e-05 0.000186213123604343
17.45555555555509 2.503940267251235e-05 0.0002058515698173798
17.45833333333287 0.0001317049112150182 0.0001621794865310408
17.46111111111065 0.000199273429523239 6.773687405207023e-05
17.46388888888842 0.0002062670405936271 -4.904131002241319e-05
17.4666666666662 0.0001496215196961949 -0.0001523827431734176
17.46944444444398 4.591258673927466e-05 -0.000210137912515436
17.47222222222175 -7.348065298054818e-05 -0.0002037842218046998
17.47499999999953 -0.0001718685158642571 -0.0001343602632767458
17.47777777777731 -0.0002185286381599552 -2.243075688795927e-05
17.48055555555508 -0.0001983013828991593 9.799554930315945e-05
17.48333333333286 -0.0001165051812904368 0.0001897994460582454
17.48611111111063 2.419110325143196e-06 0.0002241964472162962
17.48888888888841 0.0001222049809422845 0.0001897634678692535
17.49166666666619 0.0002058218512621114 9.621577045728095e-05
17.49444444444396 0.0002269270832699075 -2.830996601942295e-05
17.49722222222174 0.0001781654469734736 -0.0001457150077495812
17.49999999999952 7.370101832262387e-05 -0.0002195982463862438
17.50277777777729 -5.488154300284696e-05 -0.0002265469167291247
17.50555555555507 -0.0001681255536623912 -0.0001635548151307428
17.50833333333285 -0.0002308144592738969 -4.921782565195965e-05
17.51111111111062 -0.0002229281190136964 8.174556888244157e-05
17.5138888888884 -0.0001460331396768648 0.0001890376445311028
17.51666666666618 -2.306837694781812e-05 0.0002391866095233315
17.51944444444395 0.0001084917953763055 0.0002159931464506833
17.52222222222173 0.0002080609601358458 0.0001257565777901113
17.5249999999995 0.000244467790672459 -4.403533056748747e-06
17.52777777777728 0.0002057184028950279 -0.0001346947495682251
17.53055555555506 0.0001029353044170742 -0.0002248215489312914
17.53333333333283 -3.281718401684168e-05 -0.0002464542952440615
17.53611111111061 -0.0001599210914086686 -0.0001921369633590883
17.53888888888839 -0.0002389695432344087 -7.783181451140551e-05
17.54166666666616 -0.0002449912256287172 6.176056747182638e-05
17.54444444444394 -0.0001753402577854954 0.0001837374422515821
17.54722222222172 -5.075808832599531e-05 0.0002501867053458726
17.54999999999949 9.079689392651161e-05 0.0002399773413617451
17.55277777777727 0.0002057185322343068 0.0001554786342485739
17.55555555555505 0.0002581936318021771 2.207163485957001e-05
17.55833333333282 0.0002313690050373265 -0.0001194718622020146
17.5611111111106 0.0001327607439117628 -0.0002254555004433377
17.56388888888837 -7.829544401341473e-06 -0.0002627564439104752
17.56666666666615 -0.0001473215614058562 -0.0002191831047506613
17.56944444444393 -0.0002425641715276663 -0.0001074517155478742
17.5722222222217 -0.0002636927980154078 3.851300216616781e-05
17.57499999999948 -0.0002034988503061694 0.000173880855916539
17.57777777777726 -7.987011467384753e-05 0.0002566931262233926
17.58055555555503 6.951880675927013e-05 0.0002608770586632553
17.58333333333281 0.0001986920867859679 0.0001844583631290817
17.58611111111059 0.0002675313813506529 5.038371084047024e-05
17.58888888888836 0.0002542444918499732 -0.0001003672975549617
17.59166666666614 0.0001622660053504034 -0.0002213139095851712
17.59444444444392 1.940410545726247e-05 -0.0002748154975793613
17.59722222222169 -0.0001305674908523533 -0.0002437943536597167
17.59999999999947 -0.000241330079360665 -0.0001371864213518823
17.60277777777724 -0.0002783359406090271 1.261969885065143e-05
17.60555555555502 -0.0002295917714778743 0.0001596259725580694
17.6083333333328 -0.0001095412944932598 0.0002583579884621786
17.61111111111057 4.520867891669983e-05 0.0002779425334213321
17.61388888888835 0.0001870560974754011 0.0002117683401336404
17.61666666666613 0.0002720567628472391 7.970485201576848e-05
17.6194444444439 0.0002735488537108804 -7.786198764701909e-05
17.62222222222168 0.0001905213832294654 -0.0002123873024278848
17.62499999999946 4.809818153775775e-05 -0.0002821347271490957
17.62777777777723 -0.0001100658094942316 -0.0002651354512151263
17.63055555555501 -0.0002351743323603817 -0.0001661118598773257
17.63333333333279 -0.0002883560584231315 -1.518245217701273e-05
17.63611111111056 -0.0002527517839979162 0.0001413026979802326
17.63888888888834 -0.0001388609283574622 0.0002550061752817734
17.64166666666612 1.854883848425654e-05 0.0002905464628471437
17.64444444444389 0.0001710612026555973 0.0002365168002567249
17.64722222222167 0.0002715145036889448 0.0001091452100191462
17.64999999999944 0.0002885977285723914 -5.257844461398813e-05
17.65277777777722 0.0002166181222585347 -0.0001988455815258351
17.655555555555 7.739082824047131e-05 -0.000284381426989964
17.65833333333277 -8.637460978210108e-05 -0.0002824710309475144
17.66111111111055 -0.0002241853884495728 -0.0001933098208351516
17.66388888888833 -0.0002933463713785591 -4.406632760770508e-05
17.6666666666661 -0.0002721988929839025 0.0001194007733503588
17.66944444444388 -0.0001669088016601092 0.0002466447236407405
17.67222222222166 -9.674606801509455e-06 0.0002982119204038009
17.67499999999943 0.0001511255422344385 0.0002578857335522549
17.67777777777721 0.0002658309392894416 0.0001377898574565488
17.68055555555499 0.0002988484707575464 -2.525597576886879e-05
17.68333333333276 0.000239706967667883 -0.0001810327148559823
17.68611111111054 0.0001063794724412325 -0.0002814026014957469
17.68888888888831 -6.018114253156888e-05 -0.0002951975831037148
17.69166666666609 -0.0002086311394333232 -0.0002179066565240741
17.69444444444387 -0.0002930765239958794 -7.314849585555732e-05
17.69722222222164 -0.0002872739364830179 9.455068460457267e-05
17.69999999999942 -0.0001927937388215118 0.0002334641894522234
17.7027777777772 -3.860382951159381e-05 0.0003006337082782827
17.70555555555497 0.0001278186849016215 0.000275165826238705
17.70833333333275 0.0002551186453115923 0.0001647369084963445
17.71111111111053 0.0003039240481878776 3.279299125122331e-06
17.7138888888883 0.000259034178717882 -0.000159453756439338
17.71666666666608 0.0001341582363095618 -0.0002732327826043983
17.71944444444386 -3.227409992521338e-05 -0.0003028696844403624
17.72222222222163 -0.000188949073182097 -0.0002391100903561183
17.72499999999941 -0.000287503484080951 -0.0001015256630188619
17.72777777777718 -0.0002974669249121678 6.749837539526888e-05
17.73055555555496 -0.0002156909332411665 0.0002158319736807694
17.73333333333274 -6.734451920701572e-05 0.0002976922136276776
17.73611111111051 0.0001018389112169456 0.0002877866793829463
17.73888888888829 0.000239672926170863 0.0001891351029681913
17.74166666666607 0.0003036297160633917 3.214825053669021e-05
17.74444444444384 0.0002739733917132568 -0.0001347548164769079
17.74722222222162 0.0001598555166313297 -0.0002600936575302304
17.7499999999994 -3.511453419783054e-06 -0.0003052193355653826
17.75277777777717 -0.000165729025629601 -0.0002562424873493117
17.75555555555495 -0.0002767742671903844 -0.0001283119983141073
17.75833333333273 -0.0003024388773302151 3.907491409736495e-05
17.7611111111105 -0.0002348763886408021 0.0001942779303909741
17.76388888888828 -9.50027156109312e-05 0.0002894591703206969
17.76666666666605 7.398488063447058e-05 0.0002953409708206689
17.76944444444383 0.0002199603344045051 0.0002102191838098984
17.77222222222161 0.0002979617417051192 6.045485288008658e-05
17.77499999999938 0.0002840519277636732 -0.0001076968826023811
17.77777777777716 0.0001826700666505569 -0.0002423855375835292
17.78055555555494 2.521472447179376e-05 -0.0003021675620337384
17.78333333333271 -0.0001396892948493731 -0.0002687691230182402
17.78611111111049 -0.0002612203776313464 -0.0001526756923285087
17.78888888888827 -0.0003020362010111443 1.016245635462426e-05
17.79166666666604 -0.0002497569606161714 0.0001694728978950125
17.79444444444382 -0.0001207216192672477 0.0002761950810438333
17.7972222222216 4.512293000532146e-05 0.0002976015058771189
17.79999999999937 0.0001965997300356169 0.0002273415197733044
17.80277777777715 0.000287107804257012 8.732302739399514e-05
17.80555555555492 0.0002889703987386891 -7.912464029311875e-05
17.8083333333327 0.0002019040056519503 -0.0002206710449801346
17.81111111111048 5.301491848471343e-05 -0.0002938277767348438
17.81388888888825 -0.0001116471609951075 -0.000276320220600876
17.81666666666603 -0.0002413442110045614 -0.0001738731563283895
17.81944444444381 -0.0002962969908706218 -1.834201460015045e-05
17.82222222222158 -0.0002598946932509623 0.000142201088360295
17.82499999999936 -0.000143716780119606 0.000258338413625123
17.82777777777714 1.615142455384121e-05 0.0002945304177054015
17.83055555555491 0.0001703367032105337 0.0002399986013391146
17.83333333333269 0.0002714390529350947 0.0001119326156052839
17.83611111111047 0.0002886147617504011 -4.993164520615621e-05
17.83888888888824 0.0002169913253093852 -0.0001956517255153637
17.84166666666602 7.903871986776548e-05 -0.0002805007582555836
17.84444444444379 -8.248508996620269e-05 -0.0002787058017210526
17.84722222222157 -0.0002177980076753933 -0.0001912793805433447
17.84999999999935 -0.0002854489756998269 -4.556359847299098e-05
17.85277777777712 -0.0002650243958973646 0.0001133275323609559
17.8555555555549 -0.0001633081386339403 0.0002364870395064482
17.85833333333268 -1.203629327486741e-05 0.0002862801178340061
17.86111111111045 0.0001420124687827774 0.0002478512602851325
17.86388888888823 0.0002514941674303855 0.000133552922555499
17.86666666666601 0.0002830602978754088 -2.102335861060593e-05
17.86944444444378 0.0002275206540669007 -0.0001681386015390077
17.87222222222156 0.0001025096784061902 -0.0002626614616969601
17.87499999999934 -5.31140892875171e-05 -0.0002759227029888493
17.87777777777711 -0.0001913562708551125 -0.0002044131293134943
17.88055555555489 -0.0002698991978540605 -7.068543207631076e-05
17.88333333333266 -0.0002650636913759153 8.376199547330889e-05
17.88611111111044 -0.0001789475201481749 0.0002113727207223347
17.88888888888822 -3.858873966879935e-05 0.000273185951197977
17.89166666666599 0.0001125285895510552 0.0002507377252639964
17.89444444444377 0.0002279561128570662 0.0001515723600355333
17.89722222222155 0.0002725673347590411 6.720335838705033e-06
17.89999999999932 0.0002332512759462683 -0.0001390179521839797
17.9027777777771 0.0001227569244421356 -0.0002409382337526089
17.90555555555488 -2.443582531558952e-05 -0.0002681534416898187
17.90833333333265 -0.0001628828568534391 -0.0002129558571348008
17.91111111111043 -0.0002502158711203995 -9.298209964354695e-05
17.91388888888821 -0.000260115080971247 5.442095627105182e-05
17.91666666666598 -0.0001902403586671649 0.0001838297636154088
17.91944444444376 -6.273127697208716e-05 0.0002557508670797861
17.92222222222154 8.280908649211791e-05 0.0002486789204635968
17.92499999999931 0.0002016226081044745 0.0001655228637385834
17.92777777777709 0.0002575688854513241 3.248146551472457e-05
17.93055555555486 0.0002341216729395959 -0.0001092138363305115
17.93333333333264 0.0001392421391794428 -0.0002160853414899218
17.93611111111042 2.69480544126806e-06 -0.0002557569587131385
17.93888888888819 -0.0001332941977514476 -0.0002167634783894594
17.94166666666597 -0.0002271032069463124 -0.0001118489898196422
17.94444444444375 -0.0002504599058923141 2.618935074609599e-05
17.94722222222152 -0.0001969606492434454 0.0001547592316456427
17.9499999999993 -8.379766483111224e-05 0.0002346227674216109
17.95277777777708 5.376164026954818e-05 0.0002418757353221885
17.95555555555485 0.0001733716191669986 0.0001750979540153299
17.95833333333263 0.0002386507273888747 5.553749628574114e-05
17.96111111111041 0.0002302501652968517 -7.964904810988022e-05
17.96388888888818 0.0001515806191579285 -0.0001889500327807607
17.96666666666596 2.750493846599203e-05 -0.0002392516171070471
17.96944444444373 -0.0001035203174886913 -0.0002158704108482423
17.97222222222151 -0.0002013703207547267 -0.0001268262286913234
17.97499999999929 -0.0002365444311745711 -1.161610427640962e-07
17.97777777777706 -0.0001990583958968034 0.0001250903346744692
17.98055555555484 -0.0001012566965922594 0.0002105655259597486
17.98333333333262 2.623966922650565e-05 0.0002306983332688326
17.98611111111039 0.000144123436298561 0.0001801635567614174
17.98888888888817 0.000216524785404319 7.52904782999825e-05
17.99166666666595 0.0002219275555838148 -5.120630468489454e-05
17.99444444444372 0.0001595554054825919 -0.0001604356138319756
17.9972222222215 4.933517540250495e-05 -0.0002192911803063921
17.99999999999928 -7.446544011396442e-05 -0.0002104856342845036
18.00277777777705 -0.0001738956159011141 -0.0001376160196723008
18.00555555555483 -0.0002189586272073003 -2.37806720791498e-05
18.0083333333326 -0.0001966591311495044 9.574077659376509e-05
18.01111111111038 -0.0001147326199570495 0.0001844249739218839
18.01388888888816 1.007076280110009e-06 0.000215667918240133
18.01666666666593 0.0001148010838735955 0.0001807609964081104
18.01944444444371 0.0001919969996538003 9.129038677914193e-05
18.02222222222149 0.000209602032859435 -2.46915020724924e-05
18.02499999999926 0.00016312372865632 -0.0001314622437438271
18.02777777777704 6.766565580900728e-05 -0.0001966348241254773
18.03055555555482 -4.697005357384427e-05 -0.0002009808539252183
18.03333333333259 -0.0001455882806468362 -0.0001440924848247457
18.03611111111037 -0.0001984085655559285 -4.421961597994335e-05
18.03888888888815 -0.000190055427911535 6.75779360994407e-05
18.04166666666592 -0.0001240182867395742 0.0001570914081881415
18.0444444444437 -2.129261666982209e-05 0.0001974317290783026
18.04722222222147 8.629093294445945e-05 0.0001771019121868362
18.04999999999925 0.0001659311408375405 0.0001032514611705608
18.05277777777703 0.0001938569529973339 -8.008285667371415e-07
18.0555555555548 0.0001624153519037034 -0.0001029272951445114
18.05833333333258 8.213543787966467e-05 -0.0001721125384317052
18.06111111111036 -2.177627453427392e-05 -0.0001878712248697963
18.06388888888813 -0.0001173487105264374 -0.0001463034252326061
18.06666666666591 -0.0001756836668615285 -6.100101544429033e-05
18.06944444444369 -0.0001796906958402542 4.138276673470754e-05
18.07222222222146 -0.0001290802887697299 0.0001294603825051363
18.07499999999924 -4.016118812167623e-05 0.0001767323711963975
18.07777777777702 5.94054277368711e-05 0.0001695552234553061
18.08055555555479 0.0001392102672359984 0.0001110606452777074
18.08333333333257 0.0001753824673665893 1.990660919262828e-05
18.08611111111034 0.0001577227717624629 -7.566720190151288e-05
18.08888888888812 9.255414390492949e-05 -0.0001465875336616589
18.0916666666659 5.017476592374825e-07 -0.0001717894652756496
18.09444444444367 -9.002977186396238e-05 -0.0001444637930987257
18.09722222222145 -0.0001516203244603045 -7.386020909138967e-05
18.09999999999923 -0.0001661359398858873 1.781822365549461e-05
18.102777777777 -0.0001300557088801652 0.0001023936777699962
18.10555555555478 -5.526337900588261e-05 0.0001543729066828985
18.10833333333256 3.48497891189964e-05 0.0001586266674940533
18.11111111111033 0.0001126976860439746 0.0001147775972586721
18.11388888888811 0.0001549423088826036 3.70292180206525e-05
18.11666666666589 0.0001494836422668467 -5.042269880885291e-05
18.11944444444366 9.890518411491142e-05 -0.0001209174681315242
18.12222222222144 1.94008508991654e-05 -0.0001534545467458714
18.12499999999921 -6.440083968442287e-05 -0.0001389410833695609
18.12777777777699 -0.0001270636610317603 -8.270622089455214e-05
18.13055555555477 -0.0001500605416818337 -2.596149536443255e-06
18.13333333333254 -0.0001272405359847801 7.668239987104063e-05
18.13611111111032 -6.64363187371955e-05 0.000131179390328099
18.1388888888881 1.319441340163779e-05 0.0001449318366567211
18.14166666666587 8.719937006485601e-05 0.0001146261605167139
18.14444444444365 0.0001333373428406253 5.033529357822754e-05
18.14722222222143 0.0001382562109248142 -2.780924524550663e-05
18.1499999999992 0.0001013402936632753 -9.591643766639403e-05
18.15277777777698 3.462406187975729e-05 -0.0001336364799226364
18.15555555555476 -4.111646438524931e-05 -0.0001302332904716593
18.15833333333253 -0.0001028293387152542 -8.761935320063625e-05
18.16111111111031 -0.0001321984839136076 -1.950211174455435e-05
18.16388888888808 -0.0001210702442081658 5.301411066038096e-05
18.16666666666586 -7.36901456431382e-05 0.0001079627399625873
18.16944444444364 -5.145559746002554e-06 0.0001291640294698797
18.17222222222141 6.342977562901221e-05 0.0001109776475563422
18.17499999999919 0.0001113677284564448 5.976662279005494e-05
18.17777777777697 0.0001246889686033669 -8.294209781274306e-06
18.18055555555474 0.0001001655853727433 -7.231970298840174e-05
18.18333333333252 4.604711993067724e-05 -0.0001131189888551378
18.1861111111103 -2.06913387597879e-05 -0.0001189405135081864
18.18888888888807 -7.966741722567179e-05 -8.884005550662575e-05
18.19166666666585 -0.0001133117494472295 -3.271209545234454e-05
18.19444444444363 -0.000112093494895443 3.194574964184416e-05
18.1972222222214 -7.719972302221506e-05 8.548194443053365e-05
18.19999999999918 -1.992237914839496e-05 0.0001120585766469071
18.20277777777696 4.198289656799843e-05 0.0001043267658778187
18.20555555555473 8.979569309488719e-05 6.543306356847571e-05
18.20833333333251 0.0001094860947808033 7.817924840590155e-06
18.21111111111028 9.581981273984972e-05 -5.075305810624405e-05
18.21388888888806 5.371592283888189e-05 -9.266206474592245e-05
18.21666666666584 -3.482947668909186e-06 -0.0001057317034552992
18.21944444444361 -5.823022263998267e-05 -8.674962449664754e-05
18.22222222222139 -9.415286446713617e-05 -4.220950785188181e-05
18.22499999999917 -0.0001009403589690427 1.388384572658401e-05
18.22777777777694 -7.728786327965351e-05 6.441062213268782e-05
18.23055555555472 -3.105881510963495e-05 9.435557994579427e-05
18.2333333333325 2.331016449730999e-05 9.52614793417324e-05
18.23611111111027 6.931097298377464e-05 6.759836756587628e-05
18.23888888888805 9.337059478052526e-05 2.039149081482325e-05
18.24166666666583 8.884602483954261e-05 -3.170855427324774e-05
18.2444444444436 5.783501035898166e-05 -7.296648405090394e-05
18.24722222222138 1.031710938689161e-05 -9.130839761346535e-05
18.24999999999915 -3.904603866233094e-05 -8.184379764669874e-05
18.25277777777693 -7.542869177719497e-05 -4.81399248606511e-05
18.25555555555471 -8.828684341317406e-05 -9.268486846403186e-07
18.25833333333248 -7.440099580621233e-05 4.530883159542087e-05
18.26111111111026 -3.864210115053026e-05 7.676318084836268e-05
18.26388888888804 7.706466310018355e-06 8.442851716110871e-05
18.26666666666581 5.05009033270736e-05 6.665804797723388e-05
18.26944444444359 7.704724607742929e-05 2.94563490982883e-05
18.27222222222137 7.98582435049335e-05 -1.552798499570583e-05
18.27499999999914 5.87477471336854e-05 -5.464234650962133e-05
18.27777777777692 2.06826152896926e-05 -7.636754745629656e-05
18.2805555555547 -2.250015562992039e-05 -7.470077885836283e-05
18.28333333333247 -5.776759304859089e-05 -5.079369326542674e-05
18.28611111111025 -7.481780570095424e-05 -1.240563527926679e-05
18.28888888888802 -6.907871515951023e-05 2.86017934575984e-05
18.2916666666658 -4.290904759093313e-05 5.992353095869029e-05
18.29444444444358 -4.694897037213566e-06 7.249658035321577e-05
18.29722222222135 3.382693485159355e-05 6.311061724269486e-05
18.29999999999913 6.116756795519053e-05 3.519559389616893e-05
18.30277777777691 6.950516676972465e-05 -2.395112913272281e-06
18.30555555555468 5.690940870844622e-05 -3.818352038252311e-05
18.30833333333246 2.774309647540357e-05 -6.15656852040137e-05
18.31111111111024 -8.824412479419075e-06 -6.594564231749305e-05
18.31388888888801 -4.169194925470759e-05 -5.058101444933835e-05
18.31666666666579 -6.119052066910775e-05 -2.062893884726121e-05
18.31944444444357 -6.191908597602371e-05 1.456681016171911e-05
18.32222222222134 -4.422326173041201e-05 4.438354614925218e-05
18.32499999999912 -1.391802299923308e-05 6.011951700357572e-05
18.32777777777689 1.960900972140453e-05 5.752398947994421e-05
18.33055555555467 4.629897931394702e-05 3.792503604722255e-05
18.33333333333245 5.843316409212069e-05 7.662905391982792e-06
18.33611111111022 5.285487226473075e-05 -2.394956899549977e-05
18.338888888888 3.176568295732424e-05 -4.748666588819163e-05
18.34166666666578 1.904143334374956e-06 -5.621336131618799e-05
18.34444444444355 -2.759774799540981e-05 -4.80011069226775e-05
18.34722222222133 -4.800119706206148e-05 -2.581464277479078e-05
18.34999999999911 -5.354191952639809e-05 3.329176423364178e-06
18.35277777777688 -4.304595674145334e-05 3.057228016126833e-05
18.35555555555466 -2.013130144313959e-05 4.790181190128027e-05
18.35833333333244 8.018755962960311e-06 5.049921769221248e-05
18.36111111111021 3.290009875439827e-05 3.806582225987095e-05
18.36388888888799 4.725094463660919e-05 1.476503808712867e-05
18.36666666666576 4.716302437487102e-05 -1.215628060886304e-05
18.36944444444354 3.312968969872399e-05 -3.461504795117246e-05
18.37222222222132 9.755447661081126e-06 -4.611286605573466e-05
18.37499999999909 -1.574251824964179e-05 -4.360748962839585e-05
18.37777777777687 -3.575660538101546e-05 -2.829877064012486e-05
18.38055555555465 -4.455243545391443e-05 -5.132715741207141e-06
18.38333333333242 -3.990230875626737e-05 1.878635125000665e-05
18.3861111111102 -2.362631946560189e-05 3.636863972669764e-05
18.38888888888798 -9.181218040961476e-07 4.263397550272872e-05
18.39166666666575 2.130376704277942e-05 3.611205559606154e-05
18.39444444444353 3.649822369932308e-05 1.915761281070664e-05
18.39722222222131 4.042027847263099e-05 -2.875352766591765e-06
18.39999999999908 3.22956797173808e-05 -2.331683148294458e-05
18.40277777777686 1.49300736481547e-05 -3.619451930034659e-05
18.40555555555463 -6.242335254888685e-06 -3.797174856782249e-05
18.40833333333241 -2.48526667297792e-05 -2.850615912261402e-05
18.41111111111019 -3.550774888845253e-05 -1.09735215371301e-05
18.41388888888796 -3.534568176320096e-05 9.184313164249545e-06
18.41666666666574 -2.479029774895966e-05 2.594245287882615e-05
18.41944444444352 -7.310530035383324e-06 3.44882622573291e-05
18.42222222222129 1.170884782893345e-05 3.259568151633509e-05
18.42499999999907 2.662046988516462e-05 2.118865527855357e-05
18.42777777777685 3.318570676991124e-05 3.956872218515134e-06
18.43055555555462 2.977120609435721e-05 -1.382876953808964e-05
18.4333333333324 1.773559545924622e-05 -2.69231935785233e-05
18.43611111111018 9.220356238184412e-07 -3.164830464599066e-05
18.43888888888795 -1.556137175208556e-05 -2.69172410242137e-05
18.44166666666573 -2.688845684732731e-05 -1.445943828968334e-05
18.4444444444435 -2.992223880474631e-05 1.790211314840494e-06
18.44722222222128 -2.407408834943718e-05 1.692761994949737e-05
18.44999999999906 -1.138270100243728e-05 2.65546844176056e-05
18.45277777777683 4.181218222142618e-06 2.805114625826302e-05
18.45555555555461 1.79513884988775e-05 2.127726295350079e-05
18.45833333333239 2.596020713499966e-05 8.522412739028668e-06
18.46111111111016 2.607571595649543e-05 -6.256832703200928e-06
18.46388888888794 1.855748517254157e-05 -1.865873676894224e-05
18.46666666666572 5.890488112550381e-06 -2.514265931167789e-05
18.46944444444349 -8.026775323028218e-06 -2.40333862111933e-05
18.47222222222127 -1.907723352718851e-05 -1.594075824713372e-05
18.47499999999905 -2.413846056335037e-05 -3.494145440940577e-06
18.47777777777682 -2.195813537773043e-05 9.50402211697744e-06
18.4805555555546 -1.344851882423337e-05 1.92353365803961e-05
18.48333333333238 -1.336356266374839e-06 2.298238165511904e-05
18.48611111111015 1.070420541614103e-05 1.988035834327919e-05
18.48888888888793 1.916183262118744e-05 1.109784868312613e-05
18.4916666666657 2.170719221825064e-05 -5.836862063328143e-07
18.49444444444348 1.78268205443863e-05 -1.164504205535414e-05
18.49722222222126 8.901736085483138e-06 -1.88853403965602e-05
18.49999999999903 -2.270090954662622e-06 -2.034338679727259e-05
18.50277777777681 -1.234579633532901e-05 -1.58206806961092e-05
