16.5 -1.545896054569442e-07 1.516733424501417e-07
16.50277777777778 -1.441842726489677e-07 1.710143247459474e-07
16.50555555555555 -1.316001328068598e-07 1.898688635140158e-07
16.50833333333333 -1.168267306218665e-07 2.080096920444697e-07
16.51111111111111 -9.987579774786993e-08 2.252025973124959e-07
16.51388888888888 -8.078250388824267e-08 2.412084479010488e-07
16.51666666666666 -5.960653618715129e-08 2.557853966591295e-07
16.51944444444444 -3.643298529156636e-08 2.68691245038965e-07
16.52222222222221 -1.137301726739457e-08 2.796859535688117e-07
16.52499999999999 1.543568836215018e-08 2.88534280461338e-07
16.52777777777776 4.382875282654144e-08 2.950085279534766e-07
16.53055555555554 7.361518130542904e-08 2.988913736556855e-07
16.53333333333332 1.045777299461797e-07 2.999787619824101e-07
16.53611111111109 1.364735693657354e-07 2.980828286747325e-07
16.53888888888887 1.69035254872125e-07 2.930348295382999e-07
16.54166666666665 2.01972010972473e-07 2.846880428363546e-07
16.54444444444442 2.349713348320474e-07 2.729206133265117e-07
16.5472222222222 2.677009202396395e-07 2.576383047408623e-07
16.54999999999998 2.998109003377176e-07 2.387771266069317e-07
16.55277777777775 3.309364039119136e-07 2.163058007197435e-07
16.55555555555553 3.607004164428152e-07 1.902280323221353e-07
16.55833333333331 3.887169334209467e-07 1.605845511576312e-07
16.56111111111108 4.145943896622022e-07 1.27454888037978e-07
16.56388888888886 4.379393445571018e-07 9.095885344064271e-08
16.56666666666663 4.583603993973361e-07 5.125768591982031e-08
16.56944444444441 4.754723191736516e-07 8.55483979769266e-09
16.57222222222219 4.889003275840048e-07 -3.690361630702751e-08
16.57499999999996 4.982845404653362e-07 -8.4829016048598e-08
16.57777777777774 5.032844995170056e-07 -1.348905500484057e-07
16.58055555555552 5.035837650578754e-07 -1.867161784275514e-07
16.58333333333329 4.988945237023636e-07 -2.398940172020304e-07
16.58611111111107 4.889621642933073e-07 -2.939742105064622e-07
16.58888888888885 4.735697732364533e-07 -3.484712962177519e-07
16.59166666666662 4.525424985840162e-07 -4.02867067840387e-07
16.5944444444444 4.257517308506687e-07 -4.566139305340156e-07
16.59722222222218 3.931190476547055e-07 -5.091387439357731e-07
16.59999999999995 3.546198688880887e-07 -5.598471390135752e-07
16.60277777777773 3.102867692681875e-07 -6.081282906134517e-07
16.6055555555555 2.602123958287097e-07 -6.533601216986403e-07
16.60833333333328 2.045519391991431e-07 -6.949149095606905e-07
16.61111111111106 1.435251094026248e-07 -7.321652585887357e-07
16.61388888888883 7.741756939925172e-08 -7.644903985512063e-07
16.61666666666661 6.58178270165682e-09 -7.912827618579376e-07
16.61944444444439 -6.856276489260531e-08 -8.119547879769555e-07
16.62222222222216 -1.475300050955143e-07 -8.259458981568572e-07
16.62499999999994 -2.297684191872956e-07 -8.327295789083188e-07
16.62777777777772 -3.146628876137722e-07 -8.318205083998618e-07
16.63055555555549 -4.015372763906928e-07 -8.227816560821203e-07
16.63333333333327 -4.896577730820206e-07 -8.052312825362236e-07
16.63611111111105 -5.7823697815787e-07 -7.788497638071836e-07
16.63888888888882 -6.664387501711771e-07 -7.433861623837202e-07
16.6416666666666 -7.533837954698996e-07 -6.986644655822395e-07
16.64444444444437 -8.381559851560763e-07 -6.445894114244472e-07
16.64722222222215 -9.198093737710334e-07 -5.811518222158489e-07
16.64999999999993 -9.973758858133128e-07 -5.084333669653714e-07
16.6527777777777 -1.06987362774888e-06 -4.266106755728282e-07
16.65555555555548 -1.136315774751227e-06 -3.359587303613177e-07
16.65833333333326 -1.195719973079963e-06 -2.368534640763583e-07
16.66111111111103 -1.247118190878839e-06 -1.297734979006158e-07
16.66388888888881 -1.289566942327877e-06 -1.530095835602255e-08
16.66666666666659 -1.322157802617494e-06 1.058786818407252e-07
16.66944444444436 -1.344028124221292e-06 2.329777868548668e-07
16.67222222222214 -1.354371858515417e-06 3.651088047502013e-07
16.67499999999992 -1.352450381027528e-06 5.012876098098889e-07
16.67777777777769 -1.337603213576226e-06 6.404379621313885e-07
16.68055555555547 -1.309258532376922e-06 7.813970964257651e-07
16.68333333333324 -1.266943347918969e-06 9.229224412962002e-07
16.68611111111102 -1.21029324013642e-06 1.063699459111039e-06
16.6888888888888 -1.139061531174569e-06 1.202350584990312e-06
16.69166666666657 -1.053127777948331e-06 1.337445231507359e-06
16.69444444444435 -9.525054677621671e-07 1.467510813552886e-06
16.69722222222213 -8.373488025394069e-07 1.591044735556341e-06
16.6999999999999 -7.079584607460207e-07 1.706527270994163e-06
16.70277777777768 -5.647862308838505e-07 1.812435252000166e-06
16.70555555555546 -4.084384165109109e-07 1.907256475011306e-06
16.70833333333323 -2.396779200860536e-07 1.989504716907721e-06
16.71111111111101 -5.94249215486382e-08 2.057735245134844e-06
16.71388888888879 1.312439226398439e-07 2.110560694990785e-06
16.71666666666656 3.310978232340853e-07 2.146667177724928e-06
16.71944444444434 5.387557958471839e-07 2.164830474487458e-06
16.72222222222211 7.526922304092098e-07 2.163932163589086e-06
16.72499999999989 9.712441162129522e-07 2.142975522120058e-06
16.72777777777767 1.192619931267527e-06 2.101101037838005e-06
16.73055555555544 1.414910188908858e-06 2.037601363478673e-06
16.73333333333322 1.636099618171073e-06 1.951935543369478e-06
16.736111111111 1.854080937516055e-06 1.843742341512436e-06
16.73888888888877 2.066670164215097e-06 1.712852501240417e-06
16.74166666666655 2.271623384218542e-06 1.559299769176607e-06
16.74444444444433 2.466654889810246e-06 1.383330520620852e-06
16.7472222222221 2.649456574987266e-06 1.185411829637065e-06
16.74999999999988 2.817718461413554e-06 9.662378350921056e-07
16.75277777777766 2.969150211246475e-06 7.267342636316193e-07
16.75555555555543 3.101503467213916e-06 4.68060982128799e-07
16.75833333333321 3.212594845310713e-06 1.916124653770891e-07
16.76111111111098 3.300329391470055e-06 -1.009839202319797e-07
16.76388888888876 3.362724300818711e-06 -4.078718997874494e-07
16.76666666666654 3.397932686751272e-06 -7.269726043649869e-07
16.76944444444431 3.404267177271915e-06 -1.055993262202292e-06
16.77222222222209 3.380223107988812e-06 -1.392438291076392e-06
16.77499999999987 3.324501074961443e-06 -1.733622794595092e-06
16.77777777777764 3.236028606440694e-06 -2.076688442358051e-06
16.78055555555542 3.113980710512583e-06 -2.41862169042487e-06
16.7833333333332 2.957799055881601e-06 -2.756274274420137e-06
16.78611111111097 2.767209545583006e-06 -3.086385883185445e-06
16.78888888888875 2.542238048377667e-06 -3.405608896291639e-06
16.79166666666653 2.283224059999423e-06 -3.710535044254775e-06
16.7944444444443 1.99083207631272e-06 -3.997723826167127e-06
16.79722222222208 1.66606047282977e-06 -4.26373249588724e-06
16.79999999999986 1.31024769986118e-06 -4.505147405234733e-06
16.80277777777763 9.250756198523236e-07 -4.71861647098809e-06
16.80555555555541 5.125698330412846e-07 -4.900882512209399e-06
16.80833333333318 7.509685945876282e-08 -5.048817185693788e-06
16.81111111111096 -3.846419307575096e-07 -5.159455230481729e-06
16.81388888888874 -8.636197207508672e-07 -5.230028717526596e-06
16.81666666666651 -1.358497038316606e-06 -5.258000988087506e-06
16.81944444444429 -1.865637960095034e-06 -5.241099954345293e-06
16.82222222222207 -2.381129722666581e-06 -5.177350428371285e-06
16.82499999999984 -2.900805702646291e-06 -5.065105141051785e-06
16.82777777777762 -3.420271695044507e-06 -4.903074111043951e-06
16.8305555555554 -3.934935385659386e-06 -4.690352025456408e-06
16.83333333333317 -4.440038879496869e-06 -4.426443298780698e-06
16.83611111111095 -4.930694113352042e-06 -4.111284484769434e-06
16.83888888888873 -5.401920947212636e-06 -3.745263727449506e-06
16.8416666666665 -5.848687696191679e-06 -3.329236952370889e-06
16.84444444444428 -6.265953832830558e-06 -2.864540517404492e-06
16.84722222222205 -6.648714558910131e-06 -2.353000063998479e-06
16.84999999999983 -6.992046916967437e-06 -1.796935334548765e-06
16.85277777777761 -7.291157084634091e-06 -1.199160749483856e-06
16.85555555555538 -7.541428470207574e-06 -5.629815684920924e-07
16.85833333333316 -7.738470205698014e-06 1.078145059691662e-07
16.86111111111094 -7.878165614402922e-06 8.089703885733536e-07
16.86388888888871 -7.956720214005491e-06 1.535777401511584e-06
16.86666666666649 -7.970708803635995e-06 2.283097821886618e-06
16.86944444444427 -7.917121174456342e-06 3.045392170239006e-06
16.87222222222204 -7.793405978377441e-06 3.816751180618496e-06
16.87499999999982 -7.597512288655502e-06 4.590932347754903e-06
16.8777777777776 -7.327928389505903e-06 5.361400901429391e-06
16.88055555555537 -6.983717339643689e-06 6.121375012350838e-06
16.88333333333315 -6.564548866857753e-06 6.8638749882546e-06
16.88611111111092 -6.070727167451035e-06 7.581776173831016e-06
16.8888888888887 -5.503214205550469e-06 8.267865224094972e-06
16.89166666666648 -4.863648132970297e-06 8.914899378131297e-06
16.89444444444425 -4.154356480298434e-06 9.51566831948316e-06
16.89722222222203 -3.378363804168066e-06 1.00630581710052e-05
16.89999999999981 -2.539393513974328e-06 1.055011713639298e-05
16.90277777777758 -1.641863643513289e-06 1.097012226812364e-05
16.90555555555536 -6.908763787666686e-07 1.131664681268179e-05
16.90833333333314 3.077987978164166e-07 1.158362755901923e-05
16.91111111111091 1.347748434180576e-06 1.176543159564805e-05
16.91388888888869 2.421944939680614e-06 1.185692186583981e-05
16.91666666666647 3.522782896435742e-06 1.185352089945841e-05
16.91944444444424 4.642121768735562e-06 1.175127209423325e-05
16.92222222222202 5.771334868398795e-06 1.154689791900989e-05
16.92499999999979 6.901364373530512e-06 1.123785441686055e-05
16.92777777777757 8.022782137342633e-06 1.082238139707189e-05
16.93055555555535 9.125855963365489e-06 1.029954772197653e-05
16.93333333333312 1.020062096381343e-05 9.669291117467013e-06
16.9361111111109 1.123695555985369e-05 8.9324519647202e-06
16.93888888888868 1.222466162645393e-05 8.090800565195355e-06
16.94166666666645 1.315354823107314e-05 7.147057411104152e-06
16.94444444444423 1.401351836514978e-05 6.104906039233223e-06
16.94722222222201 1.479465802079088e-05 4.968998096848458e-06
16.94999999999978 1.548732692269986e-05 3.74495030428876e-06
16.95277777777756 1.608225018785143e-05 2.439333059221946e-06
16.95555555555534 1.657061015302151e-05 1.05965049225532e-06
16.95833333333311 1.694413758371425e-05 -3.856881481622355e-07
16.96111111111089 1.719520145740191e-05 -1.887405831833415e-06
16.96388888888866 1.731689649999701e-05 -3.435403780021309e-06
16.96666666666644 1.730312764714299e-05 -5.018816095281401e-06
16.96944444444422 1.714869060173727e-05 -6.626072809601657e-06
16.97222222222199 1.68493476661425e-05 -8.244971093580473e-06
16.97499999999977 1.640189804204188e-05 -9.862754290498073e-06
16.97777777777755 1.580424181292067e-05 -1.146619836050091e-05
16.98055555555532 1.505543685370089e-05 -1.304170524299141e-05
16.9833333333331 1.415574794916519e-05 -1.457540256984014e-05
16.98611111111088 1.310668744722539e-05 -1.605324908954827e-05
16.98888888888865 1.191104682486149e-05 -1.746114509301361e-05
16.99166666666643 1.057291860311552e-05 -1.878504706661357e-05
16.99444444444421 9.097708112988174e-06 -2.001108573767888e-05
16.99722222222198 7.492134685512488e-06 -2.112568662274907e-05
16.99999999999976 5.764221916858245e-06 -2.211569213996002e-05
17.00277777777753 3.923276741871839e-06 -2.296848430493102e-05
17.00555555555531 1.979857137067021e-06 -2.367210699451065e-05
17.00833333333309 -5.427163456393832e-08 -2.421538673572549e-05
17.01111111111086 -2.166192229445243e-06 -2.458805095828235e-05
17.01388888888864 -4.341901775056761e-06 -2.478084263871689e-05
17.01666666666642 -6.566389562771694e-06 -2.478563026290162e-05
17.01944444444419 -8.823725576854992e-06 -2.459551204143775e-05
17.02222222222197 -1.109715945364142e-05 -2.420491332964577e-05
17.02499999999975 -1.336922936495636e-05 -2.360967623053948e-05
17.02777777777752 -1.562188022093371e-05 -2.280714039530861e-05
17.0305555555553 -1.783659049146e-05 -2.179621408143177e-05
17.03333333333308 -1.999450685231082e-05 -2.057743458343377e-05
17.03611111111085 -2.207658577354398e-05 -1.91530172152374e-05
17.03888888888863 -2.406374108405955e-05 -1.752689209572971e-05
17.0416666666664 -2.593699646854587e-05 -1.570472807025261e-05
17.04444444444418 -2.767764178222301e-05 -1.369394318954082e-05
17.04722222222196 -2.926739200533253e-05 -1.150370126396422e-05
17.04999999999973 -3.068854760444843e-05 -9.144894113619495e-06
17.05277777777751 -3.192415502137969e-05 -6.630109243845455e-06
17.05555555555529 -3.295816597416237e-05 -3.973582789475553e-06
17.05833333333306 -3.377559422809419e-05 -1.191137689707752e-06
17.06111111111084 -3.436266847920323e-05 1.699892823088903e-06
17.06388888888862 -3.470697998771175e-05 4.680756212843706e-06
17.06666666666639 -3.479762360578816e-05 7.731385774412328e-06
17.06944444444417 -3.462533086196679e-05 1.083051945382526e-05
17.07222222222195 -3.418259379456662e-05 1.395583176953065e-05
17.07499999999972 -3.346377826795564e-05 1.708407812595292e-05
17.0777777777775 -3.246522555873474e-05 2.01912506900763e-05
17.08055555555528 -3.118534106361911e-05 2.325274488441288e-05
17.08333333333305 -2.962466905659672e-05 2.624353543801174e-05
17.08611111111083 -2.778595250971477e-05 2.913836083084097e-05
17.0888888888886 -2.567417708875263e-05 3.191191486820175e-05
17.09166666666638 -2.329659854191256e-05 3.453904403083535e-05
17.09444444444416 -2.066275281540878e-05 3.699494916466333e-05
17.09722222222193 -1.778444835410078e-05 3.925539000215244e-05
17.09999999999971 -1.467574017685239e-05 4.129689094619732e-05
17.10277777777749 -1.135288545454668e-05 4.309694649780253e-05
17.10555555555526 -7.834280462277549e-06 4.463422467137577e-05
17.10833333333304 -4.14037892544451e-06 4.588876671682662e-05
17.11111111111082 -2.935919307565163e-07 4.684218145625162e-05
17.11388888888859 3.681830273115342e-06 4.747783254519531e-05
17.11666666666637 7.759934106390284e-06 4.778101698474314e-05
17.11944444444415 1.191321548735565e-05 4.773913324087302e-05
17.12222222222192 1.611278887466976e-05 4.734183737199144e-05
17.1249999999997 2.032857158802288e-05 4.658118562405059e-05
17.12777777777747 2.452948232745728e-05 4.545176202502377e-05
17.13055555555525 2.868365267206951e-05 4.395078959656054e-05
17.13333333333303 3.275865020630889e-05 4.207822389971872e-05
17.1361111111108 3.672171179729084e-05 3.983682774353049e-05
17.13888888888858 4.053998543161017e-05 3.723222600876101e-05
17.14166666666636 4.418077891484265e-05 3.427293967429521e-05
17.14444444444413 4.761181364397017e-05 3.097039827859011e-05
17.14722222222191 5.080148158178883e-05 2.733893020332534e-05
17.14999999999969 5.371910349496441e-05 2.339573032902557e-05
17.15277777777746 5.633518646424278e-05 1.916080478224995e-05
17.15555555555524 5.862167863679061e-05 1.465689266965059e-05
17.15833333333302 6.055221916813987e-05 9.909364874109094e-06
17.16111111111079 6.210238129421699e-05 4.946100171621916e-06
17.16388888888857 6.324990648376689e-05 -2.02660887756849e-07
17.16666666666634 6.397492764769436e-05 -5.504483706333587e-06
17.16944444444412 6.426017942490578e-05 -1.092492816043483e-05
17.1722222222219 6.409119362389171e-05 -1.642775692393129e-05
17.17499999999967 6.34564779756149e-05 -2.197516242408684e-05
17.17777777777745 6.234767644564504e-05 -2.752801108895154e-05
17.18055555555523 6.075970946172919e-05 -3.304610338260785e-05
17.183333333333 5.869089253637317e-05 -3.848844796958415e-05
17.18611111111078 5.614303190180218e-05 -4.381354820571969e-05
17.18888888888856 5.312149592616055e-05 -4.897969901950507e-05
17.19166666666633 4.963526124373846e-05 -5.394529212848674e-05
17.19444444444411 4.569693270776624e-05 -5.866912742859598e-05
17.19722222222189 4.132273645992185e-05 -6.311072830417623e-05
17.19999999999966 3.65324856058698e-05 -6.723065853100339e-05
17.20277777777744 3.134951818828074e-05 -7.099083838731444e-05
17.20555555555521 2.580060735774057e-05 -7.435485754731221e-05
17.20833333333299 1.991584385451366e-05 -7.728828231041823e-05
17.21111111111077 1.372849113077331e-05 -7.975895471600446e-05
17.21388888888854 7.274813659467587e-06 -8.173728111017579e-05
17.21666666666632 5.938791934631816e-07 -8.319650776621374e-05
17.2194444444441 -6.272664047645383e-06 -8.411298121574702e-05
17.22222222222187 -1.328083407406813e-05 -8.446639102137376e-05
17.22499999999965 -2.038458431280155e-05 -8.423999281510014e-05
17.22777777777743 -2.753609369369484e-05 -8.342080953826728e-05
17.2305555555552 -3.468607585543248e-05 -8.199980894839831e-05
17.23333333333298 -4.178410551385027e-05 -7.997205560513946e-05
17.23611111111076 -4.877895987013862e-05 -7.73368357104762e-05
17.23888888888853 -5.561897278386055e-05 -7.409775335678613e-05
17.24166666666631 -6.225239930001082e-05 -7.026279692851882e-05
17.24444444444408 -6.86277879980826e-05 -6.584437460860282e-05
17.24722222222186 -7.469435852952286e-05 -6.08593181569347e-05
17.24999999999964 -8.040238162528555e-05 -5.532885435483329e-05
17.25277777777741 -8.570355879139918e-05 -4.927854374352547e-05
17.25555555555519 -9.055139886627931e-05 -4.273818652596455e-05
17.25833333333297 -9.490158859084917e-05 -3.574169574656187e-05
17.26111111111074 -9.871235434098545e-05 -2.832693811215382e-05
17.26388888888852 -0.0001019448121924133 -2.053554306651967e-05
17.2666666666663 -0.0001045633035302566 -1.241268097957543e-05
17.26944444444407 -0.0001065357134801045 -4.00681155716341e-06
17.27222222222185 -0.000107833769522905 4.630596181393587e-06
17.27499999999963 -0.0001084333177637514 1.344537077772403e-05
17.2777777777774 -0.0001083145744522831 2.238097025532238e-05
17.28055555555518 -0.0001074623505006509 3.13788370667555e-05
17.28333333333295 -0.0001058662469121234 4.037877384543019e-05
17.28611111111073 -0.0001035208192187786 4.931933755153701e-05
17.28888888888851 -0.0001004257092288091 5.813824942997593e-05
17.29166666666628 -9.65857426018181e-05 6.677281804245533e-05
17.29444444444406 -9.20109910021451e-05 7.516037249973609e-05
17.29722222222184 -8.67167978246803e-05 8.323870290305024e-05
17.29999999999961 -8.072376674238891e-05 9.094650490817039e-05
17.30277777777739 -7.40577125888794e-05 9.822382525178748e-05
17.30555555555517 -6.674957435992486e-05 0.0001050125050289381
17.30833333333294 -5.883529039409029e-05 0.0001112566174825338
17.31111111111072 -5.035563607095916e-05 0.0001169028970627773
17.3138888888885 -4.135602464564773e-05 0.0001219011565343187
17.31666666666627 -3.188627211625744e-05 0.0001262046889542146
17.31944444444405 -2.200032729635303e-05 0.0001297706514127475
17.32222222222182 -1.175596853380007e-05 0.0001325604275219578
17.3249999999996 -1.214468779550924e-06 0.0001345399657535847
17.32777777777738 9.559769038069089e-06 0.0001356800908671268
17.33055555555515 2.049960413693627e-05 0.0001359567858303468
17.33333333333293 3.153557507942001e-05 0.0001353514418168188
17.33611111111071 4.259633940990166e-05 0.0001338510740674156
17.33888888888848 5.360913290240225e-05 0.0001314485016234692
17.34166666666626 6.450024541270812e-05 0.0001281424891771508
17.34444444444404 7.519551017465126e-05 0.0001239378495377909
17.34722222222181 8.562080324600466e-05 0.0001188455054800878
17.34999999999959 9.570254969886917e-05 0.0001128825100184358
17.35277777777737 0.0001053682330621019 0.0001060720244406466
17.35555555555514 0.0001145469044612599 9.844325373011058e-05
17.35833333333292 0.0001231696878643191 9.003133930788216e-05
17.3611111111107 0.000131170277830829 8.087720933088972e-05
17.36388888888847 0.0001384854261766352 7.102738708948515e-05
17.36666666666625 0.0001450554140085988 6.053375835239331e-05
17.36944444444402 0.0001508245056504175 4.945329880957919e-05
17.3722222222218 0.0001557413810749955 3.784776305936815e-05
17.37499999999958 0.000159759543577136 2.578333687515875e-05
17.37777777777735 0.0001628376995641601 1.333025476488126e-05
17.38055555555513 0.0001649401075095534 5.623851031596228e-07
17.38333333333291 0.0001660368933048152 -1.244321463259462e-05
17.38611111111068 0.0001661043294564404 -2.560676975441655e-05
17.38888888888846 0.0001651250758070032 -3.884628439975695e-05
17.39166666666624 0.0001630883797094793 -5.20780585277169e-05
17.39444444444401 0.0001599902338513017 -6.521722251644632e-05
17.39722222222179 0.0001558334902070649 -7.817828584795053e-05
17.39999999999957 0.0001506279288938025 -9.087569623724607e-05
17.40277777777734 0.0001443902810091721 -0.0001032244054582146
17.40555555555512 0.0001371442048478647 -0.0001151404380394571
17.40833333333289 0.0001289202152130669 -0.0001265414589523333
17.41111111111067 0.0001197555658657077 -0.0001373473363881449
17.41388888888845 0.0001096940854816505 -0.0001474806957253083
17.41666666666622 9.878596781465918e-05 -0.0001568674608175889
17.419444444444 8.708751708668838e-05 -0.0001654373787937111
17.42222222222178 7.466084994689841e-05 -0.0001731245246440505
17.42499999999955 6.157355565181769e-05 -0.0001798677819836891
17.42777777777733 4.789831642124554e-05 -0.0001856112965196037
17.43055555555511 3.371249021386599e-05 -0.0001903048989149545
17.43333333333288 1.909765844270629e-05 -0.0001939044939316199
17.43611111111066 4.139141408844362e-06 -0.0001963724129444551
17.43888888888844 -1.107451552590907e-05 -0.0001976777271537845
17.44166666666621 -2.645208178652808e-05 -0.0001977965190764367
17.44444444444399 -4.190020401113545e-05 -0.0001967121101670781
17.44722222222176 -5.732398743952582e-05 -0.0001944152427099935
17.44999999999954 -7.262759249418025e-05 -0.0001909042144237064
17.45277777777732 -8.771484265880543e-05 -0.000186184964536062
17.45555555555509 -0.0001024898396589444 -0.0001802711104119561
17.45833333333287 -0.0001168575818779533 -0.0001731839341488272
17.46111111111065 -0.0001307245818963549 -0.0001649523188934381
17.46388888888842 -0.0001439994790281823 -0.0001556126349740906
17.4666666666662 -0.0001565936427393141 -0.0001452085762855853
17.46944444444398 -0.0001684217628758142 -0.0001337909477028975
17.47222222222175 -0.0001794024226986284 -0.0001214174046372985
17.47499999999953 -0.0001894586508201337 -0.0001081521461765484
17.47777777777731 -0.0001985184482618823 -9.406556357299784e-05
17.48055555555508 -0.000206515287005544 -7.923384615153257e-05
17.48333333333286 -0.0002133885765851999 -6.373854700631809e-05
17.48611111111063 -0.0002190840954710635 -4.766611113569722e-05
17.48888888888841 -0.0002235543842183804 -3.110736892779704e-05
17.49166666666619 -0.0002267590976012629 -1.415699815327337e-05
17.49444444444396 -0.0002286653132159315 3.087042155255596e-06
17.49722222222174 -0.000229247794321139 2.052410235822497e-05
17.49999999999952 -0.0002284892049823294 3.805145364172356e-05
17.50277777777729 -0.0002263802758985733 5.556491632255142e-05
17.50555555555507 -0.0002229199196158183 7.295950099345614e-05
17.50833333333285 -0.0002181152941634797 9.013005838113521e-05
17.51111111111062 -0.0002119818144920089 0.0001069719337189636
17.5138888888884 -0.0002045431114347518 0.0001233816213961422
17.51666666666618 -0.0001958309382645196 0.0001392574156327455
17.51944444444395 -0.0001858850252635729 0.0001545000529462736
17.52222222222173 -0.0001747528830701748 0.0001690133422212346
17.5249999999995 -0.0001624895559053707 0.00018270477826628
17.52777777777728 -0.0001491573261158954 0.0001954861348456313
17.53055555555506 -0.0001348253717945904 0.0002072740332983157
17.53333333333283 -0.0001195693795473103 0.0002179904830163775
17.53611111111061 -0.0001034711147784117 0.0002275633902294131
17.53888888888839 -8.661795214390396e-05 0.000235927031749641
17.54166666666616 -6.910236908834459e-05 0.0002430224905556711
17.54444444444394 -5.102140562541547e-05 0.0002487980503409226
17.54722222222172 -3.247609374500189e-05 0.0002532095464183724
17.54999999999949 -1.357086002994508e-05 0.000256220670656763
17.55277777777727 5.587094756108162e-06 0.0002578032284216503
17.55555555555505 2.488843520030931e-05 0.0002579373458067916
17.55833333333282 4.422234585316528e-05 0.0002566116257639599
17.5611111111106 6.347719678819975e-05 0.0002538232520713433
17.56388888888837 8.254121590305488e-05 0.0002495780404187367
17.56666666666615 0.0001013031637141657 0.0002438904362304922
17.56944444444393 0.0001196530063813406 0.0002367834591921304
17.5722222222217 0.0001374825827152452 0.0002282885947895595
17.57499999999948 0.0001546862609576864 0.0002184456335135392
17.57777777777726 0.0001711615811990914 0.0002073024587161931
17.58055555555503 0.0001868098793908151 0.0001949147844367209
17.58333333333281 0.0002015368890324525 0.0001813458448345141
17.58611111111059 0.0002152533167648036 0.0001666660371737317
17.58888888888836 0.0002278753882696787 0.0001509525205999571
17.59166666666614 0.000239325361073537 0.0001342887732287089
17.59444444444392 0.0002495320010700586 0.0001167641103265929
17.59722222222169 0.0002584310198129317 9.847316661043494e-05
17.59999999999947 0.0002659654698872012 7.951534591034171e-05
17.60277777777724 0.0002720860959389223 5.999424164458261e-05
17.60555555555502 0.0002767516392304332 4.001703173307714e-05
17.6083333333328 0.0002799290938893761 1.96938517247172e-05
17.61111111111057 0.0002815939133291443 -8.628499521700373e-07
17.61388888888835 0.0002817301656387857 -2.153897060739732e-05
17.61666666666613 0.0002803306370659848 -4.221942169136748e-05
17.6194444444439 0.000277396883046911 -6.278880284524926e-05
17.62222222222168 0.0002729392265690612 -8.313207744394017e-05
17.62499999999946 0.0002669767039852341 -0.0001031352454785196
17.62777777777723 0.0002595369587263927 -0.0001226860096576778
17.63055555555501 0.0002506560836874476 -0.0001416744306624411
17.63333333333279 0.000240378413377012 -0.0001599935675762687
17.63611111111056 0.0002287562672342171 -0.0001775400996160855
17.63888888888834 0.0002158496458134906 -0.0001942149254262541
17.64166666666612 0.0002017258818265106 -0.0002099237363506528
17.64444444444389 0.0001864592483029569 -0.0002245775602769678
17.64722222222167 0.0001701305263858744 -0.0002380932728475184
17.64999999999944 0.0001528265355235858 -0.0002503940730429299
17.65277777777722 0.0001346396290291471 -0.0002614099203895189
17.655555555555 0.0001156671581911589 -0.0002710779312828247
17.65833333333277 9.601090828811999e-05 -0.0002793427321933615
17.66111111111055 7.577651001753651e-05 -0.0002861567677954978
17.66388888888833 5.507282998815202e-05 -0.0002914805623483206
17.6666666666661 3.401134402741397e-05 -0.0002952829329571464
17.66944444444388 1.270549714020249e-05 -0.0002975411536474429
17.67222222222166 -8.729945978779938e-06 -0.0002982410694905957
17.67499999999943 -3.017955595070757e-05 -0.0002973771603335666
17.67777777777721 -5.152789528754525e-05 -0.0002949525539957887
17.68055555555499 -7.266017261877385e-05 -0.0002909789891060379
17.68333333333276 -9.346289066979751e-05 -0.0002854767280608077
17.68611111111054 -0.000113824484177753 -0.000278474420884787
17.68888888888831 -0.0001336359440020141 -0.0002700089210699716
17.69166666666609 -0.0001527914238019027 -0.000260125054755083
17.69444444444387 -0.0001711888257890784 -0.000248875344878504
17.69722222222164 -0.0001887303622034022 -0.0002363196922057385
17.69999999999942 -0.0002053230893484453 -0.0002225250153707922
17.7027777777772 -0.0002208794111956595 -0.0002075648523136097
17.70555555555497 -0.0002353175497836832 -0.0001915189257055631
17.70833333333275 -0.0002485619798624343 -0.0001744726751483506
17.71111111111053 -0.0002605438254559815 -0.0001565167591231765
17.7138888888883 -0.0002712012162806992 -0.0001377465298094031
17.71666666666608 -0.0002804796022015099 -0.0001182614840441188
17.71944444444386 -0.0002883320241848756 -9.816469379792134e-05
17.72222222222163 -0.000294719340474291 -7.7562219649024e-05
17.72499999999941 -0.0002996104069993177 -5.656251079830493e-05
17.72777777777718 -0.000302982211308277 -3.527579522064007e-05
17.73055555555496 -0.0003048199595976947 -1.381346358598926e-05
17.73333333333274 -0.0003051171166994952 7.7125494330686e-06
17.73611111111051 -0.0003038753991645006 2.919038284660022e-05
17.73888888888829 -0.0003011047218612343 5.050886245958213e-05
17.74166666666607 -0.0002968230987793312 7.155810590241399e-05
17.74444444444384 -0.0002910564989947047 9.223011614183423e-05
17.74722222222162 -0.0002838386590063598 0.0001124193601582642
17.7499999999994 -0.0002752108529052169 0.0001320233295719966
17.75277777777717 -0.0002652216220674283 0.0001509430801561348
17.75555555555495 -0.0002539264662831777 0.0001690837473297536
17.75833333333273 -0.0002413874984518029 0.0001863550348760616
17.7611111111105 -0.0002276730651464608 0.00020267167435229
17.76388888888828 -0.0002128573355483941 0.0002179538528208117
17.76666666666605 -0.0001970198613954368 0.0002321276067673014
17.76944444444383 -0.0001802451107368184 0.0002451251802824704
17.77222222222161 -0.0001626219784064874 0.0002568853458176644
17.77499999999938 -0.0001442432762327631 0.0002673536860605608
17.77777777777716 -0.0001252052060851288 0.0002764828357221399
17.78055555555494 -0.000105606818922897 0.0002842326822738512
17.78333333333271 -8.554946305473815e-05 0.0002905705249239073
17.78611111111049 -6.513622484872831e-05 0.000295471191371187
17.78888888888827 -4.447136512519446e-05 0.0002989171121302787
17.79166666666604 -2.365975446890947e-05 0.000300898352464137
17.79444444444382 -2.806310643058482e-06 0.0003014126022114713
17.7972222222216 1.798455874299828e-05 0.0003004651240317478
17.79999999999937 3.860950524871926e-05 0.0002980686608272703
17.80277777777715 5.896677730805292e-05 0.0002942433033264099
17.80555555555492 7.895674374891905e-05 0.0002890163190293585
17.8083333333327 9.848240036225646e-05 0.0002824219439240081
17.81111111111048 0.0001174498568862178 0.0002745011385774001
17.81388888888825 0.0001357688019322468 0.0002653013103870136
17.81666666666603 0.0001533529435181286 0.0002548760039535626
17.81944444444381 0.0001701204230721444 0.0002432845616810324
17.82222222222158 0.0001859942009165706 0.0002305917568697341
17.82499999999936 0.0002009024114726908 0.0002168674016691996
17.82777777777714 0.0002147786865824592 0.0002021859323957789
17.83055555555491 0.0002275624455838948 0.0001866259747871169
17.83333333333269 0.0002391991509571327 0.000170269891865615
17.83611111111047 0.0002496405285907401 0.000153203317125218
17.83888888888824 0.0002588447519180587 0.0001355146758146191
17.84166666666602 0.0002667765893993279 0.0001172946971041524
17.84444444444379 0.0002734075150320305 9.863591994662661e-05
17.84722222222157 0.0002787157817938511 7.963219542031205e-05
17.84999999999935 0.0002826864581241214 6.037818833923139e-05
17.85277777777712 0.0002853114277643369 4.096888085928301e-05
17.8555555555549 0.0002865893534740976 2.149908076884594e-05
17.85833333333268 0.00028652560533651 2.062937080370126e-06
17.86111111111045 0.0002851321545540812 -1.724653455205871e-05
17.86388888888823 0.0002824274338143254 -3.633791413486373e-05
17.86666666666601 0.000278436165475534 -5.512182504114258e-05
17.86944444444378 0.0002731891589819504 -7.351136489862037e-05
17.87222222222156 0.0002667230790675713 -9.142251757875802e-05
17.87499999999934 0.0002590801864434154 -0.0001087745443472884
17.87777777777711 0.000250308052790638 -0.000125490352376068
17.88055555555489 0.00024045925199107 -0.0001414968389822726
17.88333333333266 0.0002295910296316953 -0.0001567252101104194
17.88611111111044 0.0002177649528989498 -0.0001711112717551411
17.88888888888822 0.0002050465430559549 -0.0001845956931837043
17.89166666666599 0.0001915048927529272 -0.0001971242409968978
17.89444444444377 0.0001772122704675261 -0.0002086479832430431
17.89722222222155 0.0001622437143963463 -0.0002191234629844759
17.89999999999932 0.0001466766181460694 -0.0002285128408847555
17.9027777777771 0.000130590310566816 -0.0002367840065721955
17.90555555555488 0.0001140656320678586 -0.0002439106587050039
17.90833333333265 9.718450972416759e-05 -0.0002498723538417742
17.91111111111043 8.002953346024064e-05 -0.0002546545243831318
17.91388888888821 6.268353553313322e-05 -0.0002582484660229381
17.91666666666598 4.522917549254557e-05 -0.0002606512952988594
17.91944444444376 2.774853271592077e-05 -0.0002618658779885699
17.92222222222154 1.032270854153139e-05 -0.0002619007292409961
17.92499999999931 -6.968560073766236e-06 -0.0002607698864699881
17.92777777777709 -2.404727353809602e-05 -0.0002584927561654399
17.93055555555486 -4.083752752840665e-05 -0.0002550939358970132
17.93333333333264 -5.726585420554174e-05 -0.0002506030128952824
17.93611111111042 -7.326154525525069e-05 -0.0002450543406948206
17.93888888888819 -8.875695539404354e-05 -0.0002384867954140846
17.94166666666597 -0.000103687785117666 -0.0002309435133238575
17.94444444444375 -0.0001179933415959346 -0.0002224716114274223
17.94722222222152 -0.0001316167767677247 -0.0002131218928294889
17.9499999999993 -0.0001445053018267354 -0.0002029485387177913
17.95277777777708 -0.0001566103774300875 -0.0001920087888179269
17.95555555555485 -0.0001678878791100463 -0.0001803626122035047
17.95833333333263 -0.0001782982375100547 -0.0001680723703579379
17.96111111111041 -0.0001878065532101765 -0.0001552024743853998
17.96388888888818 -0.0001963826860465233 -0.0001418190382611029
17.96666666666596 -0.0002040013189671719 -0.0001279895299937042
17.96944444444373 -0.0002106419966049609 -0.000113782422539793
17.97222222222151 -0.000216289138874186 -9.926684627804209e-05
17.97499999999929 -0.0002209320300278892 -8.451224479828437e-05
17.97777777777706 -0.0002245647837298531 -6.958803571263922e-05
17.98055555555484 -0.0002271862848152079 -5.456327812133047e-05
17.98333333333262 -0.0002288001085174011 -3.950634830706647e-05
17.98611111111039 -0.0002294144180451424 -2.44846251439244e-05
17.98888888888817 -0.0002290418414857548 -9.564186627249808e-06
17.99166666666595 -0.0002276993290992364 5.190481157571772e-06
17.99444444444372 -0.0002254079921472394 1.971676141021032e-05
17.9972222222215 -0.0002221929244717926 3.395416921143505e-05
17.99999999999928 -0.0002180830081026278 4.784459832024299e-05
18.00277777777705 -0.0002131107042255656 6.133255126405874e-05
18.00555555555483 -0.0002073118308915003 7.436535191509233e-05
18.0083333333326 -0.0002007253288830429 8.689333986013818e-05
18.01111111111038 -0.0001933930171836386 9.887004598413609e-05
18.01388888888816 -0.0001853593395163837 0.000110252348794557
18.01666666666593 -0.0001766711034306016 0.0001210006111291132
18.01944444444371 -0.0001673772134183239 0.0001310787969988418
18.02222222222149 -0.0001575283995384989 0.000140454568427811
18.02499999999926 -0.000147176943015759 0.00014909936225698
18.02777777777704 -0.0001363764002593511 0.0001569884469864636
18.03055555555482 -0.0001251813267223131 0.0001641009598304693
18.03333333333259 -0.0001136470019863816 0.0001704199242582243
18.03611111111037 -0.0001018291574190324 0.0001759322483875675
18.03888888888815 -8.978370770084587e-05 0.0001806287046888889
18.04166666666592 -7.756648747119409e-05 0.0001845038915408931
18.0444444444437 -6.523299428169242e-05 0.0001875561772604169
18.04722222222147 -5.283813898475791e-05 0.0001897876273029579
18.04999999999925 -4.043600461782987e-05 0.0001912039153993724
18.05277777777703 -2.807961477500042e-05 0.0001918142194569823
18.0555555555548 -1.582071238151038e-05 0.000191631103110927
18.05833333333258 -3.70954971126018e-06 0.0001906703838618603
18.06111111111036 8.205309590913515e-06 0.0001889509887806542
18.06388888888813 1.987717580262623e-05 0.0001864947987991136
18.06666666666591 3.126140513659809e-05 0.0001833264826369408
18.06944444444369 4.231555795562695e-05 0.0001794733214410374
18.07222222222146 5.299954276079762e-05 0.0001749650252319002
18.07499999999924 6.327574560653224e-05 0.0001698335422641338
18.07777777777702 7.310914467572537e-05 0.0001641128624159705
18.08055555555479 8.24674098362619e-05 0.0001578388157213454
18.08333333333257 9.132098707583733e-05 0.0001510488671544264
18.08611111111034 9.964316779405513e-05 0.0001437819087646428
18.08888888888812 0.0001074101430071637 0.0001360780502438325
18.0916666666659 0.0001146010425947187 0.0001279784089860889
18.09444444444367 0.0001211979597895636 0.0001195249006742773
18.09722222222145 0.0001271859611817402 0.0001107600313955746
18.09999999999923 0.0001325530825717585 0.0001017266922529625
18.102777777777 0.0001372903110688176 9.246795740263433e-05
18.10555555555478 0.0001413915538910613 8.302688639920099e-05
18.10833333333256 0.000144853594374364 7.344633169011715e-05
18.11111111111033 0.000147676035749248 6.376875204617875e-05
18.11388888888811 0.0001498612332883144 5.403603266708768e-05
18.11666666666589 0.0001514142154689678 4.428931264365999e-05
18.11944444444366 0.0001523425948313827 3.456882040486591e-05
18.12222222222144 0.000152656469244287 2.491371771656171e-05
18.12499999999921 0.0001523683143170267 1.536195274546003e-05
18.12777777777699 0.0001514928677201623 5.950122635202516e-06
18.13055555555477 0.0001500470061936019 -3.286654012532922e-06
18.13333333333254 0.000148049616035315 -1.231485442350331e-05
18.13611111111032 0.0001455214578723011 -2.110265843257897e-05
18.1388888888881 0.0001424850265199441 -2.962004455288067e-05
18.14166666666587 0.0001389644067363368 -3.783887518054834e-05
18.14444444444365 0.000134985125674249 -4.573297084283951e-05
18.14722222222143 0.0001305740028253936 -5.327817345372805e-05
18.1499999999992 0.00012575899824056 -6.045239859510093e-05
18.15277777777698 0.0001205690597930713 -6.723567689687712e-05
18.15555555555476 0.0001150339702356532 -7.361018463801001e-05
18.15833333333253 0.0001091841947775883 -7.956026374192068e-05
18.16111111111031 0.0001030507298852414 -8.507243138451173e-05
18.16388888888808 9.666495398084452e-05 -9.013537947785671e-05
18.16666666666586 9.00584806847971e-05 -9.473996433333816e-05
18.16944444444364 8.326301521380403e-05 -9.887918684688646e-05
18.17222222222141 7.631021451313187e-05 -0.0001025481635839781
18.17499999999919 6.923155166473871e-05 -0.0001057440891746189
18.17777777777697 6.205818507604463e-05 -0.0001084661904573705
18.18055555555474 5.482083291310261e-05 -0.0001107156728386214
18.18333333333252 4.754965320489217e-05 -0.0001124956593545433
18.1861111111103 4.027413000089779e-05 -0.0001138111229447023
18.18888888888807 3.302296592623267e-05 -0.0001146688124612115
18.19166666666585 2.582398143335459e-05 -0.0001150771729519142
18.19444444444363 1.870402101065409e-05 -0.0001150462607653421
18.1972222222214 1.168886656331254e-05 -0.0001145876540330442
18.19999999999918 4.803158143318453e-06 -0.0001137143590885224
18.20277777777696 -1.929677838071442e-06 -0.0001124407133835681
18.20555555555473 -8.487492820571349e-06 -0.0001107822854610253
18.20833333333251 -1.484947267341005e-05 -0.0001087557725386833
18.21111111111028 -2.099618662523061e-05 -0.0001063788962521897
18.21388888888806 -2.690962856616046e-05 -0.0001036702970953663
18.21666666666584 -3.257325077815017e-05 -0.0001006494280846515
18.21944444444361 -3.797199018422099e-05 -9.73364481602895e-05
18.22222222222139 -4.30922872386948e-05 -9.375211582147258e-05
18.22499999999917 -4.792209761351465e-05 -8.991768347371698e-05
18.22777777777694 -5.245089686197037e-05 -8.58547929484968e-05
18.23055555555472 -5.666967827064393e-05 -8.158537263274202e-05
18.2333333333325 -6.05709441338414e-05 -7.713153662414633e-05
18.23611111111027 -6.414869070864479e-05 -7.251548630393016e-05
18.23888888888805 -6.739838712949477e-05 -6.77594146939215e-05
18.24166666666583 -7.031694857993644e-05 -6.288541393912179e-05
18.2444444444436 -7.290270403607635e-05 -5.791538623028074e-05
18.24722222222138 -7.515535891088145e-05 -5.287095845373304e-05
18.24999999999915 -7.707595294062329e-05 -4.777340082879632e-05
18.25277777777693 -7.866681366570958e-05 -4.264354976421103e-05
18.25555555555471 -7.993150586581807e-05 -3.750173513811364e-05
18.25833333333248 -8.087477731581404e-05 -3.236771217765827e-05
18.26111111111026 -8.150250123312997e-05 -2.72605980864304e-05
18.26388888888804 -8.182161578936256e-05 -2.219881354102092e-05
18.26666666666581 -8.184006105944502e-05 -1.72000291503229e-05
18.26944444444359 -8.156671378017421e-05 -1.228111694510379e-05
18.27222222222137 -8.101132028671619e-05 -7.458106939646642e-06
18.27499999999914 -8.018442799092549e-05 -2.746148781303094e-06
18.27777777777692 -7.909731575881687e-05 1.84052151879656e-06
18.2805555555547 -7.776192353669104e-05 6.288609805869567e-06
18.28333333333247 -7.61907815660917e-05 1.058578700512933e-05
18.28611111111025 -7.439693951731842e-05 1.472070742336765e-05
18.28888888888802 -7.239389585922245e-05 1.868302222350338e-05
18.2916666666658 -7.019552777054584e-05 2.246338818461281e-05
18.29444444444358 -6.781602188394671e-05 2.605347187874139e-05
18.29722222222135 -6.526980613937108e-05 2.944594941136738e-05
18.29999999999913 -6.25714830078709e-05 3.263450188761302e-05
18.30277777777691 -5.973576433124099e-05 3.561380677935166e-05
18.30555555555468 -5.677740800556086e-05 3.837952538160949e-05
18.30833333333246 -5.371115672048943e-05 4.09282865562472e-05
18.31111111111024 -5.055167894793102e-05 4.325766697152035e-05
18.31388888888801 -4.731351235683948e-05 4.536616805330251e-05
18.31666666666579 -4.401100981229336e-05 4.725318987140196e-05
18.31944444444357 -4.065828809997546e-05 4.891900218905913e-05
18.32222222222134 -3.726917949855184e-05 5.036471290858357e-05
18.32499999999912 -3.385718630553986e-05 5.159223414839074e-05
18.32777777777689 -3.043543840391181e-05 5.260424618892053e-05
18.33055555555467 -2.701665394054232e-05 5.340415952482919e-05
18.33333333333245 -2.361310316940988e-05 5.399607526083712e-05
18.33611111111022 -2.023657549749134e-05 5.438474408623746e-05
18.338888888888 -1.689834975402452e-05 5.457552406081541e-05
18.34166666666578 -1.36091676893197e-05 5.457433744083498e-05
18.34444444444355 -1.037921069414701e-05 5.438762676921073e-05
18.34722222222133 -7.218079716343762e-06 5.402231044845661e-05
18.34999999999911 -4.134778338264063e-06 5.348573800858128e-05
18.35277777777688 -1.137698965631229e-06 5.278564527511012e-05
18.35555555555466 1.765387933768972e-06 5.193010963461846e-05
18.35833333333244 4.567341613884167e-06 5.092750558687377e-05
18.36111111111021 7.261655940081927e-06 4.978646076371685e-05
18.36388888888799 9.842461477146925e-06 4.851581258555963e-05
18.36666666666576 1.230452487714401e-05 4.712456571655426e-05
18.36944444444354 1.464324567668671e-05 4.562185046935189e-05
18.37222222222132 1.685465061984338e-05 4.40168823001497e-05
18.37499999999909 1.893538562986633e-05 4.231892252384514e-05
18.37777777777687 2.088270555764658e-05 4.053724036868683e-05
18.38055555555465 2.26944618400127e-05 3.868107647865368e-05
18.38333333333242 2.436908820441718e-05 3.675960796110934e-05
18.3861111111102 2.59055845597342e-05 3.478191506630234e-05
18.38888888888798 2.730349921517431e-05 3.275694957442474e-05
18.39166666666575 2.85629095706976e-05 3.069350495531923e-05
18.39444444444353 2.968440142321393e-05 2.86001883552587e-05
18.39722222222131 3.066904703279247e-05 2.648539445501514e-05
18.39999999999908 3.151838209267548e-05 2.435728123317112e-05
18.40277777777686 3.223438174558933e-05 2.222374765880189e-05
18.40555555555463 3.281943578693858e-05 2.009241332840261e-05
18.40833333333241 3.327632319329995e-05 1.797060005231635e-05
18.41111111111019 3.360818611152876e-05 1.586531538747672e-05
18.41388888888796 3.381850344045075e-05 1.378323810476717e-05
18.41666666666574 3.391106413327576e-05 1.173070557132212e-05
18.41944444444352 3.38899403446048e-05 9.713703020356375e-06
18.42222222222129 3.375946054116629e-05 7.737854674579125e-06
18.42499999999907 3.352418269056894e-05 5.808416681823951e-06
18.42777777777685 3.318886763695675e-05 3.93027181614127e-06
18.43055555555462 3.275845276697336e-05 2.107925891549088e-06
18.4333333333324 3.223802606366902e-05 3.455058304440481e-07
18.43611111111018 3.163280064000748e-05 -1.353240675773013e-06
18.43888888888795 3.094808983758211e-05 -2.984943980574281e-06
18.44166666666573 3.018928296987499e-05 -4.546609841250931e-06
18.4444444444435 2.936182178316766e-05 -6.035615396423967e-06
18.44722222222128 2.847117770181897e-05 -7.449703838581423e-06
18.44999999999906 2.752282991834713e-05 -8.786977860177399e-06
18.45277777777683 2.652224438231228e-05 -1.004589195385586e-05
18.45555555555461 2.547485373583526e-05 -1.122524364848483e-05
18.45833333333239 2.438603823727818e-05 -1.232416376377935e-05
18.46111111111016 2.326110770851708e-05 -1.334210576679866e-05
18.46388888888794 2.210528453527205e-05 -1.427883431364198e-05
18.46666666666572 2.092368774408716e-05 -1.513441305948588e-05
18.46944444444349 1.972131817381006e-05 -1.590919181951428e-05
18.47222222222127 1.85030447540841e-05 -1.660379316219062e-05
18.47499999999905 1.727359189778892e-05 -1.721909851529713e-05
18.47777777777682 1.603752800957287e-05 -1.775623386331963e-05
18.4805555555546 1.479925510754034e-05 -1.82165551131059e-05
18.48333333333238 1.356299955063829e-05 -1.860163320253405e-05
18.48611111111015 1.233280385988099e-05 -1.89132390246049e-05
18.48888888888793 1.111251961745574e-05 -1.915332823682686e-05
18.4916666666657 9.905801423869621e-06 -1.932402602302137e-05
18.49444444444348 8.716101889768477e-06 -1.942761187176371e-05
18.49722222222126 7.546667635716989e-06 -1.946650443262896e-05
18.49999999999903 6.400536270187826e-06 -1.944324650823252e-05
18.50277777777681 5.280534313258518e-06 -1.936049023677254e-05
