16.5 -1.970537133158662e-07 8.984755418908205e-08
16.50277777777778 -1.853361036090636e-07 1.252418957323573e-07
16.50555555555555 -1.673322567609447e-07 1.592755352657035e-07
16.50833333333333 -1.431622308341761e-07 1.908431100008888e-07
16.51111111111111 -1.131386889088886e-07 2.188401742917542e-07
16.51388888888888 -7.777014120220279e-08 2.421964768750287e-07
16.51666666666666 -3.775848410508094e-08 2.599103791278539e-07
16.51944444444444 6.009459864076398e-09 2.710834446623156e-07
16.52222222222221 5.247653362132518e-08 2.749541626608877e-07
16.52499999999999 1.004359228928088e-07 2.70929726809786e-07
16.52777777777776 1.485576855298851e-07 2.586147814986818e-07
16.53055555555554 1.954207058278495e-07 2.378360693800647e-07
16.53333333333332 2.395494545613938e-07 2.08661970805737e-07
16.53611111111109 2.794547497717377e-07 1.71416016510038e-07
16.53888888888887 3.136775404381224e-07 1.266835795867596e-07
16.54166666666665 3.408345811659732e-07 7.531110961654004e-08
16.54444444444442 3.596647368194619e-07 1.839745797279245e-08
16.5472222222222 3.690745571525395e-07 -4.272294500092609e-08
16.54999999999998 3.681816978714983e-07 -1.065050679753613e-07
16.55277777777775 3.563547403482884e-07 -1.712261717450419e-07
16.55555555555553 3.332479806029243e-07 -2.350261222231364e-07
16.55833333333331 2.988298212687537e-07 -2.959543720223901e-07
16.56111111111108 2.534035088919876e-07 -3.520226102189684e-07
16.56388888888886 1.976191125989874e-07 -4.012618457639961e-07
16.56666666666663 1.324758369637841e-07 -4.417824789670651e-07
16.56944444444441 5.931399847904345e-08 -4.718357353664123e-07
16.57222222222219 -2.020373342419036e-08 -4.898746945536254e-07
16.57499999999996 -1.041219294846625e-07 -4.946130497984414e-07
16.57777777777774 -1.902326047386117e-07 -4.850796883407997e-07
16.58055555555552 -2.761254758611209e-07 -4.606671914700723e-07
16.58333333333329 -3.592473757607202e-07 -4.211724210802177e-07
16.58611111111107 -4.369695979380862e-07 -3.668274867442734e-07
16.58888888888885 -5.066616287466267e-07 -2.98319574226569e-07
16.59166666666662 -5.657694390803758e-07 -2.167983606433686e-07
16.5944444444444 -6.118962585850399e-07 -1.23870039193071e-07
16.59722222222218 -6.428835550825777e-07 -2.157732165551266e-08
16.59999999999995 -6.568897985177319e-07 8.763482798079769e-08
16.60277777777773 -6.524645101293503e-07 2.00967559693089e-07
16.6055555555555 -6.286150899803309e-07 3.153299989185926e-07
16.60833333333328 -5.848639838915978e-07 4.274135558289199e-07
16.61111111111106 -5.212938966235648e-07 5.337771972053188e-07
16.61388888888883 -4.385789820012067e-07 6.309417770883899e-07
16.61666666666661 -3.380002403749585e-07 7.154911366212217e-07
16.61944444444439 -2.214437247071408e-07 7.841773442508076e-07
16.62222222222216 -9.138059156237677e-08 8.340271677657329e-07
16.62499999999994 4.917147708461861e-08 8.624466614730278e-07
16.62777777777772 1.967054227309993e-07 8.673206256651922e-07
16.63055555555549 3.472999095475646e-07 8.471036599760065e-07
16.63333333333327 4.967111777147855e-07 8.008995936119371e-07
16.63611111111105 6.404798816113039e-07 7.285262375116087e-07
16.63888888888882 7.740505907186046e-07 6.305626671168335e-07
16.6416666666666 8.929011164189783e-07 5.083766074886706e-07
16.64444444444437 9.926783691263322e-07 3.641299496637891e-07
16.64722222222215 1.069337064485197e-06 2.007609699619033e-07
16.64999999999993 1.119277300553622e-06 2.194244086308935e-08
16.6527777777777 1.139476833974675e-06 -1.679845013693328e-07
16.65555555555548 1.12761380385421e-06 -3.641001480525788e-07
16.65833333333326 1.082175696259998e-06 -5.610183418494514e-07
16.66111111111103 1.00255051557928e-06 -7.530188619749102e-07
16.66388888888881 8.890964334282016e-07 -9.341972758131629e-07
16.66666666666659 7.431866195550078e-07 -1.098628781165436e-06
16.66944444444436 5.672265163383056e-07 -1.240541948919224e-06
16.67222222222214 3.646414891244943e-07 -1.35449775003641e-06
16.67499999999992 1.39833554809013e-07 -1.435568834239547e-06
16.67777777777769 -1.018932569305237e-07 -1.479513739206413e-06
16.68055555555547 -3.544384427249635e-07 -1.482940564292141e-06
16.68333333333324 -6.110400488021608e-07 -1.443454654031125e-06
16.68611111111102 -8.644368033956275e-07 -1.35978501218692e-06
16.6888888888888 -1.107054042728686e-06 -1.231884510620363e-06
16.69166666666657 -1.331209222397983e-06 -1.060999467563825e-06
16.69444444444435 -1.529331990646073e-06 -8.497048407523617e-07
16.69722222222213 -1.69419309074542e-06 -6.019021007823482e-07
16.6999999999999 -1.819135783556938e-06 -3.227778024761713e-07
16.70277777777768 -1.898303062849629e-06 -1.872193538636758e-08
16.70555555555546 -1.926853696175634e-06 3.027937170563335e-07
16.70833333333323 -1.901160079853896e-06 6.333757768850748e-07
16.71111111111101 -1.818981059672591e-06 9.639053713532243e-07
16.71388888888879 -1.679603245463679e-06 1.284766263682914e-06
16.71666666666656 -1.483944937780891e-06 1.586099984902062e-06
16.71944444444434 -1.234617582133832e-06 1.858081864911913e-06
16.72222222222211 -9.359406576540953e-07 2.091210914203479e-06
16.72499999999989 -5.939070731610915e-07 2.276605721273061e-06
16.72777777777767 -2.160974586348535e-07 2.406297936672029e-06
16.73055555555544 1.884568275902401e-07 2.473514540742154e-06
16.73333333333322 6.094606427181212e-07 2.472939961063803e-06
16.736111111111 1.035589069041797e-06 2.400949234121229e-06
16.73888888888877 1.454764056434075e-06 2.255803803252819e-06
16.74166666666655 1.854467769428044e-06 2.03780221366925e-06
16.74444444444433 2.22208531380565e-06 1.74937889917399e-06
16.7472222222221 2.545268266823908e-06 1.395145439904374e-06
16.74999999999988 2.812309375052067e-06 9.818700834369577e-07
16.75277777777766 3.012517955895296e-06 5.18392932329912e-07
16.75555555555543 3.136584979628509e-06 1.547597170271163e-08
16.75833333333321 3.176926548696802e-06 -5.144110041496739e-07
16.76111111111098 3.127994552910488e-06 -1.057365557084605e-06
16.76388888888876 2.986543677533458e-06 -1.598383893855866e-06
16.76666666666654 2.751844681100654e-06 -2.121741398542236e-06
16.76944444444431 2.425834936237306e-06 -2.611413725589661e-06
16.77222222222209 2.013198624517416e-06 -3.051528133981149e-06
16.77499999999987 1.521370669905568e-06 -3.426833330658286e-06
16.77777777777764 9.604604488062481e-07 -3.723174956217463e-06
16.78055555555542 3.430934829281831e-07 -3.927963035570767e-06
16.7833333333332 -3.158283498117702e-07 -4.030617270872976e-06
16.78611111111097 -9.994451227652993e-07 -4.022976004859185e-06
16.78888888888875 -1.689330262321989e-06 -3.899655050632423e-06
16.79166666666653 -2.365947198938207e-06 -3.658343378448706e-06
16.7944444444443 -3.009161114825389e-06 -3.300023868308043e-06
16.79722222222208 -3.598793515548617e-06 -2.829108963623673e-06
16.79999999999986 -4.115205492197932e-06 -2.253483067357892e-06
16.80277777777763 -4.539894007406605e-06 -1.584445866616733e-06
16.80555555555541 -4.856084393703214e-06 -8.365534014370893e-07
16.80833333333318 -5.049301548961841e-06 -2.735654417276319e-08
16.81111111111096 -5.107902093177848e-06 8.229604466506856e-07
16.81388888888874 -5.023550042855115e-06 1.692035571479825e-06
16.81666666666651 -4.791619379807923e-06 2.555870167456343e-06
16.81944444444429 -4.411508240757835e-06 3.389443725939627e-06
16.82222222222207 -3.886851317842563e-06 4.167388036565361e-06
16.82499999999984 -3.22561940704209e-06 4.864703819897764e-06
16.82777777777762 -2.440097824791964e-06 5.45750096763689e-06
16.8305555555554 -1.546738570815407e-06 5.923741925976293e-06
16.83333333333317 -5.65884571472192e-07 6.243966702388322e-06
16.83611111111095 4.786319954420055e-07 6.401977504419205e-06
16.83888888888873 1.560011515311568e-06 6.385461172082949e-06
16.8416666666665 2.649119327910376e-06 6.186528367275738e-06
16.84444444444428 3.715215455116766e-06 5.802149940589047e-06
16.84722222222205 4.726764966976217e-06 5.234472994868414e-06
16.84999999999983 5.652309161720935e-06 4.491001873296127e-06
16.85277777777761 6.461375047616692e-06 3.584632565542664e-06
16.85555555555538 7.125398464840236e-06 2.533532777560134e-06
16.85833333333316 7.618634661214344e-06 1.360864060483866e-06
16.86111111111094 7.919029309949739e-06 9.434683728687592e-08
16.86388888888871 8.009022885839702e-06 -1.234326215006848e-06
16.86666666666649 7.876262034720772e-06 -2.590218302977564e-06
16.86944444444427 7.514193093322534e-06 -3.936003470252783e-06
16.87222222222204 6.922515233881372e-06 -5.232929309215084e-06
16.87499999999982 6.107473787090608e-06 -6.441864383696294e-06
16.8777777777776 5.081978081226488e-06 -7.524403822862514e-06
16.88055555555537 3.865532544460888e-06 -8.444003675365548e-06
16.88333333333315 2.4839747492754e-06 -9.167112474749763e-06
16.88611111111092 9.690194107470238e-07 -9.664267156556428e-06
16.8888888888887 -6.423870549947112e-07 -9.911120059183358e-06
16.89166666666648 -2.308891101977463e-06 -9.889364285067092e-06
16.89444444444425 -3.985719794811702e-06 -9.587526221557843e-06
16.89722222222203 -5.625810328557209e-06 -9.001596519142952e-06
16.89999999999981 -7.181054898728976e-06 -8.135474267175104e-06
16.90277777777758 -8.603630006321038e-06 -7.001203433396668e-06
16.90555555555536 -9.847375505541284e-06 -5.618985754260651e-06
16.90833333333314 -1.086918577374045e-05 -4.016960062276614e-06
16.91111111111091 -1.16303734254297e-05 -2.23074437324592e-06
16.91388888888869 -1.209796510304613e-05 -3.027437678181909e-07
16.91666666666647 -1.224588912711747e-05 1.718765992118627e-06
16.91944444444424 -1.205601621787499e-05 3.78076226478325e-06
16.92222222222202 -1.15190171163814e-05 5.826783193816569e-06
16.92499999999979 -1.063500470869929e-05 7.798389382220685e-06
16.92777777777757 -9.413933129207734e-06 9.636744023048286e-06
16.93055555555535 -7.875732191834269e-06 1.128427103466904e-05
16.93333333333312 -6.050162240538311e-06 1.268634681950959e-05
16.9361111111109 -3.976381961802053e-06 1.379297846188472e-05
16.93888888888868 -1.702229674037043e-06 1.456041963007552e-05
16.94166666666645 7.167731093734393e-07 1.495267524607102e-05
16.94444444444423 3.21867868365995e-06 1.494284719354413e-05
16.94722222222201 5.736605358946893e-06 1.451427597210199e-05
16.94999999999978 8.200431704663263e-06 1.366143725415924e-05
16.95277777777756 1.053865251350792e-05 1.239055769842478e-05
16.95555555555534 1.268034989193413e-05 1.07199210177726e-05
16.95833333333311 1.455722770697332e-05 8.679843045285939e-06
16.96111111111089 1.610565373173686e-05 6.312303209452653e-06
16.96388888888866 1.726865139866953e-05 3.670229201919461e-06
16.96666666666644 1.799778221675157e-05 8.164414553172087e-07
16.96944444444422 1.825486072349977e-05 -2.177725923499047e-06
16.97222222222199 1.801344636500686e-05 -5.234101180101553e-06
16.97499999999977 1.726006092071643e-05 -8.269611755665007e-06
16.97777777777755 1.599508595687546e-05 -1.119843691573913e-05
16.98055555555532 1.423330219687054e-05 -1.39343232011248e-05
16.9833333333331 1.200404148231452e-05 -1.63930030245855e-05
16.98611111111088 9.350931963908105e-06 -1.849465148567822e-05
16.98888888888865 6.331228062868271e-06 -2.016631289153437e-05
16.99166666666643 3.014728301357599e-06 -2.134422672180904e-05
16.99444444444421 -5.177039938869636e-07 -2.197598297880165e-05
16.99722222222198 -4.175990189197992e-06 -2.202243908762562e-05
16.99999999999976 -7.86301752187001e-06 -2.145933476571544e-05
17.00277777777753 -1.147710251600558e-05 -2.027854751939284e-05
17.00555555555531 -1.491467728506474e-05 -1.848893954030704e-05
17.00833333333309 -1.807313079738391e-05 -1.611675660149155e-05
17.01111111111086 -2.085373023932539e-05 -1.320555087103314e-05
17.01388888888864 -2.316454256030168e-05 -9.815612099154198e-06
17.01666666666642 -2.492327333785823e-05 -6.022905075272788e-06
17.01944444444419 -2.605993942022927e-05 -1.917525241068508e-06
17.02222222222197 -2.651929348903566e-05 2.398301498477133e-06
17.02499999999975 -2.626292277254361e-05 6.81263480359271e-06
17.02777777777752 -2.52709505976051e-05 1.120659852684659e-05
17.0305555555553 -2.354327819527849e-05 1.545745646810529e-05
17.03333333333308 -2.110031500010609e-05 1.944190899060322e-05
17.03611111111085 -1.798315836953475e-05 2.303952523208881e-05
17.03888888888863 -1.425319789897484e-05 2.613621876149393e-05
17.0416666666664 -9.991134965561549e-06 2.862767003564689e-05
17.04444444444418 -5.295424398461801e-06 3.042259711371802e-05
17.04722222222196 -2.801618079296751e-07 3.144577693309091e-05
17.04999999999973 4.927543355323375e-06 3.164072310964492e-05
17.05277777777751 1.019065296939896e-05 3.097193268867293e-05
17.05555555555529 1.536567267714156e-05 2.942662345129314e-05
17.05833333333306 2.030642721379312e-05 2.701589510395009e-05
17.06111111111084 2.486804278349937e-05 2.377526169655471e-05
17.06388888888862 2.89110315091424e-05 1.976451860453155e-05
17.06666666666639 3.230536652388889e-05 1.506692498023698e-05
17.06944444444417 3.49344327641919e-05 9.787701281941161e-06
17.07222222222195 3.66987381629158e-05 4.051860826032044e-06
17.07499999999972 3.751927283928399e-05 -1.998586248309041e-06
17.0777777777775 3.734041006576152e-05 -8.207999215996921e-06
17.08055555555528 3.613225219023634e-05 -1.441096782228724e-05
17.08333333333305 3.389233714265613e-05 -2.043657632793686e-05
17.08611111111083 3.064663640213728e-05 -2.611296432838687e-05
17.0888888888886 2.644979299984653e-05 -3.127206628934608e-05
17.09166666666638 2.138456785952208e-05 -3.575440285683038e-05
17.09444444444416 1.556048403508484e-05 -3.941379142128524e-05
17.09722222222193 9.111680637776785e-06 -4.21218414060441e-05
17.09999999999971 2.19401085290247e-06 -4.377210147957189e-05
17.10277777777749 -5.018559201980321e-06 -4.428373142718137e-05
17.10555555555526 -1.23381725712788e-05 -4.360458072241742e-05
17.10833333333304 -1.956782638260318e-05 -4.171356876482639e-05
17.11111111111082 -2.650652369672342e-05 -3.862227804411916e-05
17.11388888888859 -3.295470133144853e-05 -3.437569079312674e-05
17.11666666666637 -3.871979087501317e-05 -2.905202154802792e-05
17.11944444444415 -4.362176193314212e-05 -2.276162190368408e-05
17.12222222222192 -4.749849248523352e-05 -1.564495901899337e-05
17.1249999999997 -5.021081129544589e-05 -7.869695420075236e-06
17.12777777777747 -5.164706176030264e-05 3.730763459617248e-07
17.13055555555525 -5.172704538009221e-05 8.873365371657825e-06
17.13333333333303 -5.040521609750295e-05 1.740747770523317e-05
17.1361111111108 -4.767301381060126e-05 2.574375101272602e-05
17.13888888888858 -4.356024607415532e-05 3.364868547687504e-05
17.14166666666636 -3.81354508757963e-05 4.089331248431472e-05
17.14444444444413 -3.150519982985004e-05 4.725963131134073e-05
17.14722222222191 -2.38123295011535e-05 5.254693710670127e-05
17.14999999999969 -1.523311810944008e-05 5.657786131160345e-05
17.15277777777746 -5.973454772421286e-06 5.920394844895342e-05
17.15555555555524 3.735922106667206e-06 6.03106010162204e-05
17.15833333333302 1.364501255843928e-05 5.98212369537333e-05
17.16111111111079 2.349083811128063e-05 5.770052161072408e-05
17.16388888888857 3.300426634711776e-05 5.395655793811531e-05
17.16666666666634 4.191720365703631e-05 4.864194430710558e-05
17.16944444444412 4.996996776476255e-05 4.185363827220209e-05
17.1722222222219 5.691864128722044e-05 3.373159604441618e-05
17.17499999999967 6.254220256719515e-05 2.445619060030862e-05
17.17777777777745 6.664923052463239e-05 1.424444534401705e-05
17.18055555555523 6.908398646936052e-05 3.345154129328288e-06
17.183333333333 6.973168767498053e-05 -7.967008712337158e-06
17.18611111111078 6.852280485267896e-05 -1.939825385500911e-05
17.18888888888856 6.543623814353536e-05 -3.064315556689494e-05
17.19166666666633 6.050125337605456e-05 -4.139265685466911e-05
17.19444444444411 5.37980914751845e-05 -5.13423950138541e-05
17.19722222222189 4.545719829359083e-05 -6.020112705686553e-05
17.19999999999966 3.565705889015415e-05 -6.769902585975327e-05
17.20277777777744 2.462065843732114e-05 -7.359561538355334e-05
17.20555555555521 1.261063047134487e-05 -7.768711720758198e-05
17.20833333333299 -7.680896183545291e-08 -7.981299091824374e-05
17.21111111111077 -1.311900663417666e-05 -7.98614674987243e-05
17.21388888888854 -2.617492904585352e-05 -7.777389746250607e-05
17.21666666666632 -3.889393357434964e-05 -7.354776358329443e-05
17.2194444444441 -5.09250317963234e-05 -6.723824105223669e-05
17.22222222222187 -6.192640371902566e-05 -5.895822494196022e-05
17.22499999999965 -7.157490866830793e-05 -4.887678504379372e-05
17.22777777777743 -7.957533229744871e-05 -3.721605043094203e-05
17.2305555555552 -8.566910995299794e-05 -2.424656935906174e-05
17.23333333333298 -8.964227460180892e-05 -1.028123317107313e-05
17.23611111111076 -9.133239264270746e-05 4.332105478874895e-06
17.23888888888853 -9.063427294356285e-05 1.921915071085814e-05
17.24166666666631 -8.7504262915249e-05 3.398861312977093e-05
17.24444444444408 -8.196297971701205e-05 4.824235596461333e-05
17.24722222222186 -7.409636397053454e-05 6.158597769793037e-05
17.24999999999964 -6.4054986668606e-05 7.363955308203005e-05
17.25277777777741 -5.205158619282121e-05 8.404824351409536e-05
17.25555555555519 -3.835686029012931e-05 9.24924845209147e-05
17.25833333333297 -2.329358621316133e-05 9.869746285106122e-05
17.26111111111074 -7.229189676614914e-06 0.0001024416084360725
17.26388888888852 9.433071510480074e-06 0.0001035638470889406
17.2666666666663 2.626410160559588e-05 0.0001019693878627906
17.26944444444407 4.281989445372299e-05 9.763385388553283e-05
17.27222222222185 5.865311891798273e-05 9.060560640328554e-05
17.27499999999963 7.33250626298464e-05 8.100615770998068e-05
17.2777777777774 8.64176180109348e-05 6.902861845397871e-05
17.28055555555518 9.754498636782283e-05 5.493417720588874e-05
17.28333333333295 0.0001063647764160987 3.904666375597814e-05
17.28611111111073 0.000112588183018699 2.1745300936005e-05
17.28888888888851 0.0001159889501542542 3.45580135501608e-06
17.29166666666628 0.0001164108488444812 -1.535998615177954e-05
17.29444444444406 0.0001137734354075935 -3.421563173536407e-05
17.29722222222184 0.0001080758971774876 -5.261259483460088e-05
17.29999999999961 9.939884073457695e-05 -7.005329209047692e-05
17.30277777777739 8.790393054251078e-05 -8.605442252533098e-05
17.30555555555517 7.383134232531132e-05 -0.0001001601955875017
17.30833333333294 5.749505407535678e-05 -0.0001119551029934928
17.31111111111072 3.92760566903688e-05 -0.0001210758803256707
17.3138888888885 1.961362429136378e-05 -0.0001272223191152131
17.31666666666627 -1.005160339405055e-06 -0.0001301666144454643
17.31944444444405 -2.205737860752014e-05 -0.000129760966466037
17.32222222222182 -4.299745520448431e-05 -0.0001259431958738156
17.3249999999996 -6.327121304038257e-05 -0.0001187401824143402
17.32777777777738 -8.233044345880309e-05 -0.0001082689905820214
17.33055555555515 -9.964761026992273e-05 -9.473560656154296e-05
17.33333333333293 -0.0001147302951858316 -7.843127350778743e-05
17.33611111111071 -0.0001271349917351808 -5.972647684754077e-05
17.33888888888848 -0.0001364798648769303 -3.906269566706155e-05
17.34166666666626 -0.0001424561142367446 -1.694209867116121e-05
17.34444444444404 -0.0001448376097845305 6.084578077587745e-06
17.34722222222181 -0.0001434885091939535 2.943168106998569e-05
17.34999999999959 -0.0001383686151421573 5.249347988625211e-05
17.35277777777737 -0.0001295362872387633 7.465982317125562e-05
17.35555555555514 -0.0001171487857094045 9.533220617105201e-05
17.35833333333292 -0.0001014599908081217 0.0001139398276783875
17.3611111111107 -8.281551145327289e-05 0.0001299552070449747
17.36388888888847 -6.164526693358244e-05 0.0001429089361963456
17.36666666666625 -3.84536948138114e-05 0.0001524031574103313
17.36944444444402 -1.380780449717729e-05 0.0001581233847437187
17.3722222222218 1.167664258493854e-05 0.0001598483248760794
17.37499999999958 3.735049021798753e-05 0.0001574574009212293
17.37777777777735 6.254769932520833e-05 0.0001509357393083813
17.38055555555513 8.660259452797056e-05 0.00014037644376209
17.38333333333291 0.0001088673987266592 0.000125980050099998
17.38611111111068 0.0001287295940880588 0.0001080511292275698
17.38888888888846 0.0001456286449994327 8.699208140724399e-05
17.39166666666624 0.0001590716281496223 6.329424060771949e-05
17.39444444444401 0.0001686473368620476 3.752648144834405e-05
17.39722222222179 0.0001740384607175891 1.032159092831364e-05
17.39999999999957 0.0001750314866323262 -1.763926916622235e-05
17.40277777777734 0.0001715240228461861 -4.564362736210368e-05
17.40555555555512 0.0001635293113881874 -7.296586676094773e-05
17.40833333333289 0.0001511777659155934 -9.888602437725251e-05
17.41111111111067 0.0001347154485597781 -0.000122708737619095
17.41388888888845 0.0001144994795632451 -0.0001437818388428199
17.41666666666622 9.099045495376628e-05 -0.0001615141009563663
17.419444444444 6.474202810173265e-05 -0.000175391652400371
17.42222222222178 3.638788857109102e-05 -0.0001849926082668159
17.42499999999955 6.626444076679237e-06 -0.0001899995052368243
17.42777777777733 -2.379642340072602e-05 -0.0001902091804961353
17.43055555555511 -5.410610007261757e-05 -0.0001855397975701789
17.43333333333288 -8.351900851411119e-05 -0.0001760347935542622
17.43611111111066 -0.0001112628950970023 -0.0001618636007009095
17.43888888888844 -0.0001365971096806859 -0.0001433190787498383
17.44166666666621 -0.0001588323437652125 -0.0001208116805761997
17.44444444444399 -0.0001773493006218482 -9.48604604221421e-05
17.44722222222176 -0.0001916157923176328 -6.608111884977745e-05
17.44999999999954 -0.0002012017936279901 -3.517135932989901e-05
17.45277777777732 -0.0002057920308246438 -2.893905842022673e-06
17.45555555555509 -0.0002051957430917359 2.994240303492938e-05
17.45833333333287 -0.0001993533244173294 6.250297219642337e-05
17.46111111111065 -0.0001883396324694797 9.394874486421095e-05
17.46388888888842 -0.0001723638362040248 0.0001234578879334957
17.4666666666662 -0.000151765763564777 0.0001502473047440611
17.46944444444398 -0.0001270088022921159 0.0001735934101219244
17.47222222222175 -9.866949813514584e-05 0.0001928516153853871
17.47499999999953 -6.742408323703717e-05 0.0002074739985945803
17.47777777777731 -3.403225075257021e-05 0.0002170246770745796
17.48055555555508 6.814324055383573e-07 0.0002211924541950372
17.48333333333286 3.584801649294146e-05 0.0002198003792195458
17.48611111111063 7.057605043224266e-05 0.0002128119360951359
17.48888888888841 0.000103974298833851 0.0002003336623907185
17.49166666666619 0.0001351747117497264 0.0001826140910363415
17.49444444444396 0.0001633550516905235 0.0001600390026980761
17.49722222222174 0.0001877605853134345 0.0001331230730620152
17.49999999999952 0.0002077242656755863 0.0001024980944566464
17.50277777777729 0.000222684864706419 6.889804258852445e-05
17.50555555555507 0.0002322025638270002 3.314134425313662e-05
17.50833333333285 0.0002359715722861821 -3.889221592462017e-06
17.51111111111062 0.000233829416281222 -4.126849113405762e-05
17.5138888888884 0.000225762625449725 -7.805219973708256e-05
17.51666666666618 0.0002119086347371799 -0.0001133009916730554
17.51944444444395 0.0001925538166203649 -0.0001461045402531057
17.52222222222173 0.0001681276586886225 -0.0001756051547478388
17.5249999999995 0.0001391932020471669 -0.0002010202583908192
17.52777777777728 0.0001064339542658655 -0.0002216631458548299
17.53055555555506 7.063758405555612e-05 -0.0002369614683405196
17.53333333333283 3.267679102155199e-05 -0.0002464729489002315
17.53611111111061 -6.512179602596789e-06 -0.000249897898516604
17.53888888888839 -4.595284246730764e-05 -0.0002470881830702848
17.54166666666616 -8.465301169350474e-05 -0.0002380523806659417
17.54444444444394 -0.0001216299518789976 -0.0002229569655591639
17.54722222222172 -0.0001559354973457236 -0.0002021234566542782
17.54999999999949 -0.0001866804925425772 -0.0001760215725921528
17.55277777777727 -0.0002130579194216225 -0.0001452585391093024
17.55555555555505 -0.0002343641070967032 -0.0001105647949093084
17.55833333333282 -0.0002500174644965925 -7.277643709796931e-05
17.5611111111106 -0.0002595742369499555 -3.2814833779997e-05
17.56388888888837 -0.0002627408611961536 8.336092604742413e-06
17.56666666666615 -0.0002593825783639231 4.965434426595691e-05
17.56944444444393 -0.0002495280588371176 9.010547339681635e-05
17.5722222222217 -0.0002333698942262176 0.0001286687045473371
17.57499999999948 -0.0002112609172796438 0.000164362888026356
17.57777777777726 -0.0001837064177705394 0.0001962716187793543
17.58055555555503 -0.0001513524284024432 0.000223566872874108
17.58333333333281 -0.0001149703568215077 0.0002455305482663164
17.58611111111059 -7.543833524161637e-05 0.0002615733470776755
17.58888888888836 -3.371974546105709e-05 0.0002712505019729527
17.59166666666614 9.160548091540824e-06 0.0002742739277199221
17.59444444444392 5.214166320074665e-05 0.0002705204686840691
17.59722222222169 9.415322212301413e-05 0.0002600360115593467
17.59999999999947 0.0001341422607156033 0.00024303533754923
17.60277777777724 0.0001710998409688678 0.0002198976967915334
17.60555555555502 0.0002040866881095145 0.0001911581972658974
17.6083333333328 0.0002322571955564008 0.0001574952079072824
17.61111111111057 0.0002548811801048924 0.0001197140783801095
17.61388888888835 0.0002713628248134561 7.87275732824625e-05
17.61666666666613 0.0002812563168045569 3.553350395484777e-05
17.6194444444439 0.0002842777697984033 -8.80988565914732e-06
17.62222222222168 0.0002803131145813552 -5.321016344611855e-05
17.62499999999946 0.0002694217423824306 -9.656792460413026e-05
17.62777777777723 0.0002518357936901143 -0.0001378042921216147
17.63055555555501 0.0002279550956265231 -0.0001758880068991581
17.63333333333279 0.0001983378617644272 -0.0002098614206426391
17.63611111111056 0.0001636873763770928 -0.0002388647307272593
17.63888888888834 0.0001248349877610104 -0.0002621578392626151
17.64166666666612 8.271982982671691e-05 -0.000279139277486241
17.64444444444389 3.836577516638836e-05 -0.0002893617098953158
17.64722222222167 -7.143805888390824e-06 -0.0002925436183221343
17.64999999999944 -5.269284894858188e-05 -0.0002885768622825674
17.65277777777722 -9.716028999205615e-05 -0.000277529915922267
17.655555555555 -0.0001394479548715646 -0.0002596466910914376
17.65833333333277 -0.0001785079422907205 -0.0002353409677015345
17.66111111111055 -0.0002133688105202627 -0.0002051865636994111
17.66388888888833 -0.0002431599075745607 -0.0001699034848910646
17.6666666666661 -0.0002671332308170525 -0.0001303403966986792
17.66944444444388 -0.0002846822638371118 -8.745385313414126e-05
17.67222222222166 -0.0002953573143475062 -4.228480045022229e-05
17.67499999999943 -0.0002988769648609152 4.067058023301625e-06
17.67777777777721 -0.0002951353457526963 5.04703951722123e-05
17.68055555555499 -0.0002842050455129261 9.579021291946993e-05
17.68333333333276 -0.0002663355828419199 0.0001389159152470072
17.68611111111054 -0.0002419474769493719 0.0001787887990990548
17.68888888888831 -0.0002116220631336147 0.0002144282756115713
17.69166666666609 -0.0001760873076264086 0.0002449561662657834
17.69444444444387 -0.0001361999760779374 0.0002696184672454894
17.69722222222164 -9.292460138937267e-05 0.0002878040392320243
17.69999999999942 -4.730977656074423e-05 0.0002990597574518066
17.7027777777772 -4.623648199649494e-07 0.0003031017459944516
17.70555555555497 4.647972914660444e-05 0.0002998224189717431
17.70833333333275 9.23755478013933e-05 0.0002892931564606179
17.71111111111053 0.0001361091320482595 0.000271762552686585
17.7138888888883 0.0001766169375754723 0.0002476502847729537
17.71666666666608 0.0002129139356534197 0.0002175367597993638
17.71944444444386 0.0002441177519243093 0.0001821488031100089
17.72222222222163 0.0002694702469923811 0.0001423417491544543
17.72499999999941 0.0002883560077514006 9.907838514923098e-05
17.72777777777718 0.0003003172966479996 5.340527531751252e-05
17.73055555555496 0.0003050650954756364 6.427057477767429e-06
17.73333333333274 0.0003024859785297817 -4.072064727691989e-05
17.73611111111051 0.0002926446545112057 -8.689903828082726e-05
17.73888888888829 0.0002757821247977 -0.0001309939630523408
17.74166666666607 0.0002523095148647377 -0.0001719430812740844
17.74444444444384 0.0002227977429854251 -0.0002087616958428706
17.74722222222162 0.0001879632931692684 -0.0002405666171892637
17.7499999999994 0.0001486504550712907 -0.0002665974780735766
17.75277777777717 0.0001058104799156009 -0.000286234981438554
17.75555555555495 6.047817622691152e-05 -0.0002990156418824948
17.75833333333273 1.374653054531652e-05 -0.0003046426699109039
17.7611111111105 -3.326001521705286e-05 -0.000302992745071077
17.76388888888828 -7.941296752584661e-05 -0.000294118526864488
17.76666666666605 -0.0001236071899101599 -0.0002782468584015023
17.76944444444383 -0.0001647876433473528 -0.0002557727244118637
17.77222222222161 -0.0002019748047746074 -0.0002272491297958264
17.77499999999938 -0.0002342881459375088 -0.0001933731647920536
17.77777777777716 -0.0002609671057152003 -0.0001549686155787899
17.78055555555494 -0.0002813890537613347 -0.0001129655624467135
17.78333333333271 -0.000295083820078871 -6.837747956139882e-05
17.78611111111049 -0.0003017444520071771 -2.227640906297795e-05
17.78888888888827 -0.000301233954823951 2.42331735752013e-05
17.79166666666604 -0.0002935878723233778 7.004115734190223e-05
17.79444444444382 -0.0002790126668158957 0.000114058598569323
17.7972222222216 -0.0002578799614057828 0.0001552438746551565
17.79999999999937 -0.0002307168085736481 0.0001926275543750266
17.80277777777715 -0.00019819224552892 0.0002253353860154669
17.80555555555492 -0.0001611004861329763 0.0002526088545883361
17.8083333333327 -0.0001203411792775258 0.0002738228225714974
17.81111111111048 -7.689723251667384e-05 0.0002884998433173901
17.81388888888825 -3.181075585948911e-05 0.0002963208205355004
17.81666666666603 1.384227731254427e-05 0.0002971317789059485
17.81944444444381 5.897802822663275e-05 0.000290946607619123
17.82222222222158 0.0001025308140953472 0.0002779457379990015
17.82499999999936 0.000143478521640977 0.0002584708158961316
17.82777777777714 0.0001808668011417947 0.0002330155267650016
17.83055555555491 0.0002138314639247452 0.0002022128238791128
17.83333333333269 0.0002416185545618856 0.000166818895770133
17.83611111111047 0.0002636016299513232 0.0001276942856209309
17.83888888888824 0.0002792958492712912 8.578264123055954e-05
17.84166666666602 0.0002883685596792637 4.208762774022072e-05
17.84444444444379 0.0002906461504683506 -2.351424597170042e-06
17.84722222222157 0.0002861170409918158 -4.648453960731461e-05
17.84999999999935 0.0002749307626793083 -8.927617244518353e-05
17.85277777777712 0.0002573931905550127 -0.0001297297401049485
17.8555555555549 0.0002339580724806127 -0.0001669110191681874
17.85833333333268 0.0002052150926411375 -0.0001999698576664503
17.86111111111045 0.0001718747874354701 -0.0002281596939836652
17.86388888888823 0.0001347507050324568 -0.0002508544336221182
17.86666666666601 9.473926264739877e-05 -0.0002675623029382361
17.86944444444378 5.279780673364698e-05 -0.0002779363757384771
17.87222222222156 9.921419583119556e-06 -0.0002817815520242229
17.87499999999934 -3.288095947220387e-05 -0.0002790578560257754
17.87777777777711 -7.461051941444565e-05 -0.0002698800107900123
17.88055555555489 -0.0001143020941275351 -0.0002545133367588822
17.88333333333266 -0.0001510466522987408 -0.0002333661097949752
17.88611111111044 -0.0001840122334647507 -0.0002069785978502552
17.88888888888822 -0.0002124628461607205 -0.0001760090729549357
17.89166666666599 -0.0002357748984882328 -0.0001412171646074822
17.89444444444377 -0.0002534507955161415 -0.0001034449803899631
17.89722222222155 -0.0002651294101055025 -6.35964683653142e-05
17.89999999999932 -0.0002705932121258091 -2.261553252581799e-05
17.9027777777771 -0.0002697719236588013 1.853656353666594e-05
17.90555555555488 -0.0002627426525742441 5.890395884148251e-05
17.90833333333265 -0.0002497265417456303 9.755857979964446e-05
17.91111111111043 -0.0002310820540872271 0.0001336216198580556
17.91388888888821 -0.0002072950925515268 0.000166283614448893
17.91666666666598 -0.0001789662273795107 0.000194822651440365
17.91944444444376 -0.0001467953685419902 0.0002186203076048344
17.92222222222154 -0.0001115642779771395 0.0002371749610899905
17.92499999999931 -7.411736265672097e-05 0.0002501121969674495
17.92777777777709 -3.534122474597143e-05 0.0002571920958895827
17.93055555555486 3.856531557528804e-06 0.0002583132728885774
17.93333333333264 4.256872588138158e-05 0.0002535136124686784
17.93611111111042 7.990975095565684e-05 0.0002429677254467458
17.93888888888819 0.0001150359495383653 0.0002269812305709579
17.94166666666597 0.0001471647483987467 0.0002059820379492047
17.94444444444375 0.0001755921148074329 0.0001805088800296046
17.94722222222152 0.0001997079469022408 0.0001511973977092233
17.9499999999993 0.0002190090637941787 0.0001187641427355922
17.95277777777708 0.0002331095229404677 8.3988901746536e-05
17.95555555555485 0.0002417480595453043 4.769578114489083e-05
17.95833333333263 0.0002447925138461314 1.073351488652713e-05
17.96111111111041 0.0002422411853467255 -2.604453120812261e-05
17.96388888888818 0.0002342211265792789 -6.180018491950416e-05
17.96666666666596 0.0002209834610536624 -9.57296603415033e-05
17.96944444444373 0.0002028958789787256 -0.0001270816773032161
17.97222222222151 0.0001804325285274511 -0.000155174099043996
17.97499999999929 0.000154161578404537 -0.0001794087209611368
17.97777777777706 0.0001247307779932601 -0.0001992838925432141
17.98055555555484 9.285138330438505e-05 -0.0002144047106430841
17.98333333333262 5.928084950765669e-05 -0.0002244905835347762
17.98611111111039 2.480471333725439e-05 -0.0002293800302373475
17.98888888888817 -9.781899197661968e-06 -0.0002290326467233728
17.99166666666595 -4.36927027251693e-05 -0.000223528238250695
17.99444444444372 -7.616819168896759e-05 -0.00021306318353763
17.9972222222215 -0.0001064926790982445 -0.0001979441602842701
17.99999999999928 -0.0001340100531580083 -0.0001785794211663371
18.00277777777705 -0.0001581379066052958 -0.0001554678635428223
18.00555555555483 -0.000178379737558668 -0.0001291861835551399
18.0083333333326 -0.000194334970990915 -0.0001003744450406349
18.01111111111038 -0.0002057066052283338 -6.972042493940177e-05
18.01388888888816 -0.0002123063467628124 -3.794311907177815e-05
18.01666666666593 -0.0002140571576902426 -5.77580492916912e-06
18.01944444444371 -0.0002109932017616827 2.605093865296626e-05
18.02222222222149 -0.0002032572358918552 5.682586128697301e-05
18.02499999999926 -0.000191095552590787 8.587294196033998e-05
18.02777777777704 -0.0001748506338282815 0.0001125662066730893
18.03055555555482 -0.0001549517270808643 0.0001363431400984191
18.03333333333259 -0.0001319035986570036 0.0001567164072648542
18.03611111111037 -0.0001062737569246614 0.0001732836458310271
18.03888888888815 -7.867846802255835e-05 0.0001857351388287096
18.04166666666592 -4.976790848072148e-05 0.0001938592305200015
18.0444444444437 -2.021081254769124e-05 0.0001975454029524816
18.04722222222147 9.321023211732371e-06 0.0001967849865587957
18.04999999999925 3.816801926308691e-05 0.0001916695334137279
18.05277777777703 6.569752965984512e-05 0.000182386935245915
18.0555555555548 9.131766896096204e-05 0.0001692154187871346
18.05833333333258 0.0001144899497244834 0.0001525155974094935
18.06111111111036 0.0001347404642710024 0.0001327207992543156
18.06388888888813 0.0001516693833770902 0.0001103259273381539
18.06666666666591 0.0001649585879845519 8.587513573374967e-05
18.06944444444369 0.0001743772967815561 5.994862735151702e-05
18.07222222222146 0.0001797856014756735 3.314889273087991e-05
18.07499999999924 0.0001811358715305393 6.086715445778408e-06
18.07777777777702 0.0001784720399012074 -2.063273174064037e-05
18.08055555555479 0.0001719268297234116 -4.64233847826274e-05
18.08333333333257 0.0001617170278863468 -7.073108115070308e-05
18.08611111111034 0.0001481369539393303 -9.304537094135851e-05
18.08888888888812 0.0001315503109349384 -0.0001129100981839241
18.0916666666659 0.0001123806378121701 -0.0001299325377853331
18.09444444444367 9.110061012223204e-05 -0.0001437909113042462
18.09722222222145 6.822045680053146e-05 -0.0001542401457156944
18.09999999999923 4.427577495311216e-05 -0.0001611157824929195
18.102777777777 1.98150320850392e-05 -0.000164335988642345
18.10555555555478 -4.612954180341531e-06 -0.0001639016657346861
18.10833333333256 -2.847127487750257e-05 -0.0001598946964372401
18.11111111111033 -5.124665538958263e-05 -0.0001524744096021413
18.11388888888811 -7.24603948275353e-05 -0.0001418723836781876
18.11666666666589 -9.167828960945179e-05 -0.0001283857432693224
18.11944444444366 -0.0001085193401729531 -0.0001123691343411063
18.12222222222144 -0.0001226630721076615 -9.422558927225183e-05
18.12499999999921 -0.0001338553384183504 -7.439651320374426e-05
18.12777777777699 -0.0001419125072581002 -5.335103760164552e-05
18.13055555555477 -0.0001467239783544399 -3.157499545695578e-05
18.13333333333254 -0.0001482530105903155 -9.559775027902671e-06
18.13611111111032 -0.0001465358818691298 1.220869440351563e-05
18.1388888888881 -0.000141679439623114 3.326058041863077e-05
18.14166666666587 -0.0001338571352968615 5.315217911458462e-05
18.14444444444365 -0.0001233036681103919 7.147512998188347e-05
18.14722222222143 -0.0001103083917213062 8.786462710482706e-05
18.1499999999992 -9.520766151282545e-05 0.0001020064670676786
18.15277777777698 -7.837631968707108e-05 0.0001136428041693644
18.15555555555476 -6.021852982551878e-05 0.0001225765159248384
18.15833333333253 -4.115818188055881e-05 0.0001286741155796346
18.16111111111031 -2.162909261972662e-05 0.0001318671826649858
18.16388888888808 -2.065225394931763e-06 0.0001321523166872384
18.16666666666586 1.710885307457836e-05 0.0001295896521008088
18.16944444444364 3.54870721642392e-05 0.0001243000040354212
18.17222222222141 5.269032163718328e-05 0.0001164607431680595
18.17499999999919 6.837410859852781e-05 0.0001063005240562523
18.17777777777697 8.22352575532147e-05 9.409301367489319e-05
18.18055555555474 9.401752938994763e-05 8.014978540710702e-05
18.18333333333252 0.0001035160625970664 6.481255802635166e-05
18.1861111111103 0.0001105805689381889 4.844496905324441e-05
18.18888888888807 0.0001151172454605269 3.142407719266261e-05
18.19166666666585 0.0001170893944028261 1.413178934369115e-05
18.19444444444363 0.000116516771624782 -3.053595944536435e-06
18.1972222222214 0.0001134737119668533 -1.976554453576194e-05
18.19999999999918 0.0001080861058694537 -3.565696999242071e-05
18.20277777777696 0.0001005273251056047 -5.040728707118172e-05
18.20555555555473 9.10132161471003e-05 -6.372869677710788e-05
18.20833333333251 7.979629710791911e-05 -7.537158527607647e-05
18.21111111111028 6.715930809287405e-05 -8.51289419476248e-05
18.21388888888806 5.340827491257332e-05 -9.28397263043856e-05
18.21666666666584 3.886525239256861e-05 -9.839113881079753e-05
18.21944444444361 2.386091587571401e-05 -0.0001017197762118232
18.22222222222139 8.727168059151705e-06 -0.0001028116772459836
18.22499999999917 -6.210076841513502e-06 -0.0001017012890114048
18.22777777777694 -2.063777820636094e-05 -9.846940725199559e-05
18.23055555555472 -3.426218177850762e-05 -9.324016496498794e-05
18.2333333333325 -4.681463302275175e-05 -8.617716257925904e-05
18.23611111111027 -5.805668097209215e-05 -7.747884916565013e-05
18.23888888888805 -6.778438135222984e-05 -6.737327743264051e-05
18.24166666666583 -7.583172812346334e-05 -5.611236542596703e-05
18.2444444444436 -8.20731638840231e-05 -4.396580475825071e-05
18.24722222222138 -8.642514133337069e-05 -3.121475879046114e-05
18.24999999999915 -8.884672969741786e-05 -1.814549449665075e-05
18.25277777777693 -8.933928119020862e-05 -5.043088857540621e-06
18.25555555555471 -8.79451927690686e-05 7.814655280810375e-06
18.25833333333248 -8.474581721799337e-05 2.016295765885289e-05
18.26111111111026 -7.985859459108853e-05 3.175535837024063e-05
18.26388888888804 -7.34334899443042e-05 4.236846336145378e-05
18.26666666666581 -6.564883581475709e-05 5.180605131789833e-05
18.26944444444359 -5.67066878711757e-05 5.990247224445104e-05
18.27222222222137 -4.682780941785754e-05 6.652528571035929e-05
18.27499999999914 -3.62464049137537e-05 7.157710497211505e-05
18.27777777777692 -2.520472436312931e-05 7.499663158762405e-05
18.2805555555547 -1.394765939155652e-05 7.675888328339456e-05
18.28333333333247 -2.717448162262851e-06 7.687463533347836e-05
18.28611111111025 8.251399825950937e-06 7.538911219466791e-05
18.28888888888802 1.873685636873509e-05 7.237998128279157e-05
18.2916666666658 2.853371224771536e-05 6.795471428151734e-05
18.29444444444358 3.745741962876342e-05 6.224739300448683e-05
18.29722222222135 4.534737218163293e-05 5.541504639020302e-05
18.29999999999913 5.206957032760472e-05 4.763361255621414e-05
18.30277777777691 5.751863408136697e-05 3.909362488908352e-05
18.30555555555468 6.161914133007619e-05 2.99957238634381e-05
18.30833333333246 6.432628473166525e-05 2.054609669265655e-05
18.31111111111024 6.562585538692524e-05 1.095194507875348e-05
18.31388888888801 6.553357572339455e-05 1.417077375234288e-06
18.31666666666579 6.409381733871429e-05 -7.862284443599969e-06
18.31944444444357 6.137775162565201e-05 -1.670140029379423e-05
18.32222222222134 5.748099162102918e-05 -2.493053647883444e-05
18.32499999999912 5.252079250399156e-05 -3.239805617167605e-05
18.32777777777689 4.663288537615689e-05 -3.897302438144982e-05
18.33055555555467 3.996802429429624e-05 -4.454728811843623e-05
18.33333333333245 3.268832994153383e-05 -4.903700511345085e-05
18.33611111111022 2.496351481495833e-05 -5.238360721900089e-05
18.338888888888 1.696707440603121e-05 -5.455419724477836e-05
18.34166666666578 8.872526638352526e-06 -5.554139018204234e-05
18.34444444444355 8.49777914084514e-07 -5.536262130460585e-05
18.34722222222133 -6.93831134530588e-06 -5.405895426898783e-05
18.34999999999911 -1.433909562044295e-05 -5.169343187501645e-05
18.35277777777688 -2.121298965530127e-05 -4.834902042368837e-05
18.35555555555466 -2.743594121789214e-05 -4.412620548731283e-05
18.35833333333244 -3.290149193099087e-05 -3.914030229103908e-05
18.36111111111021 -3.752239704916919e-05 -3.351854773187145e-05
18.36388888888799 -4.123178551491688e-05 -2.739704330795857e-05
18.36666666666576 -4.398385210214371e-05 -2.091761890567006e-05
18.36944444444354 -4.575408371973972e-05 -1.422468654005267e-05
18.37222222222132 -4.653903178787359e-05 -7.4621508420502e-06
18.37499999999909 -4.635565181946602e-05 -7.704394352529785e-07
18.37777777777687 -4.52402397614468e-05 5.716288519910804e-06
18.38055555555465 -4.324700212533721e-05 1.187270326953078e-05
18.38333333333242 -4.044630333800683e-05 1.758458937988189e-05
18.3861111111102 -3.692263897507929e-05 2.275081664857252e-05
18.38888888888798 -3.277238753328196e-05 2.728496710979902e-05
18.39166666666575 -2.810139611619979e-05 3.111659663116271e-05
18.39444444444353 -2.302245684103653e-05 3.419211813873762e-05
18.39722222222131 -1.765273094174063e-05 3.647530199512948e-05
18.39999999999908 -1.211117649138399e-05 3.794739731267778e-05
18.40277777777686 -6.516033464682655e-06 3.860688584190158e-05
18.40555555555463 -9.82416603273759e-07 3.846888738123274e-05
18.40833333333241 4.379937659217661e-06 3.756424227382514e-05
18.41111111111019 9.46872897717438e-06 3.59383023751551e-05
18.41388888888796 1.419092004412551e-05 3.364946679972391e-05
18.41666666666574 1.84643034111651e-05 3.076750271622035e-05
18.41944444444352 2.221878547433427e-05 2.737169441182013e-05
18.42222222222129 2.539737175584796e-05 2.354886576654437e-05
18.42499999999907 2.795684449403057e-05 1.939132216629194e-05
18.42777777777685 2.986813035948074e-05 1.49947577640072e-05
18.43055555555462 3.111636269329101e-05 1.045617291315782e-05
18.4333333333324 3.170064888346281e-05 5.871844610348755e-06
18.43611111111018 3.163355924134864e-05 1.335389973419788e-06
18.43888888888795 3.094035890854019e-05 -3.064040759020252e-06
18.44166666666573 2.965800882979854e-05 -7.243409386147894e-06
18.4444444444435 2.783396560129772e-05 -1.112724541590702e-05
18.44722222222128 2.552481299606393e-05 -1.464888966874604e-05
18.44999999999906 2.279476014917889e-05 -1.775150856606046e-05
18.45277777777683 1.9714042741411e-05 -2.038886733032175e-05
18.45555555555461 1.635726405816172e-05 -2.252585581862805e-05
18.45833333333239 1.280171254292938e-05 -2.413876611085682e-05
18.46111111111016 9.125691450786069e-06 -2.521532616613803e-05
18.46388888888794 5.406894490679909e-06 -2.575449874698463e-05
18.46666666666572 1.720858991757453e-06 -2.576605929896319e-05
18.46944444444349 -1.860474784955667e-06 -2.526997048746387e-05
18.47222222222127 -5.270072956235101e-06 -2.429557456781803e-05
18.47499999999905 -8.446964486699299e-06 -2.288062765072907e-05
18.47777777777682 -1.13372274163837e-05 -2.10702021864037e-05
18.4805555555546 -1.38947916920898e-05 -1.891548560730905e-05
18.48333333333238 -1.608204978916566e-05 -1.647250403524092e-05
18.48611111111015 -1.787027064831528e-05 -1.380080028129146e-05
18.48888888888793 -1.923981669607451e-05 -1.09620950688005e-05
18.4916666666657 -2.018016778328022e-05 -8.018959522668983e-06
18.49444444444348 -2.06897596856069e-05 -5.033525538283823e-06
18.49722222222126 -2.077564829598368e-05 -2.066258723183431e-06
18.49999999999903 -2.045301374163167e-05 8.251837434851528e-07
18.50277777777681 -1.974452133084207e-05 3.586990696612937e-06
