16.5 -7.731372041241084e-08 2.02300117551432e-07
16.50277777777778 -1.492230446691951e-07 1.666357905351657e-07
16.50555555555555 -2.054329991090872e-07 1.056695943208495e-07
16.50833333333333 -2.37140803725405e-07 2.609130469520821e-08
16.51111111111111 -2.383262400206584e-07 -6.238580070563456e-08
16.51388888888888 -2.067746228533983e-07 -1.481606682528185e-07
16.51666666666666 -1.44643281242819e-07 -2.192200481060278e-07
16.51944444444444 -5.846121092907796e-08 -2.647727976861492e-07
16.52222222222221 4.147736351508355e-08 -2.768270334727039e-07
16.52499999999999 1.422832257437307e-07 -2.514871272023959e-07
16.52777777777776 2.300825161546748e-07 -1.897709853996153e-07
16.53055555555554 2.918736384124663e-07 -9.780095789041455e-08
16.53333333333332 3.173894074038455e-07 1.370121560414514e-08
16.53611111111109 3.007056930402139e-07 1.305928560808699e-07
16.53888888888887 2.413552889324598e-07 2.370442009764288e-07
16.54166666666665 1.4475811837351e-07 3.17624089318206e-07
16.54444444444442 2.18612969725461e-08 3.594708236643852e-07
16.5472222222222 -1.120144361067316e-07 3.542513865471612e-07
16.54999999999998 -2.390148161165909e-07 2.996214442070658e-07
16.55277777777775 -3.410683547879126e-07 1.999486939727918e-07
16.55555555555553 -4.023876440253886e-07 6.614891260533962e-08
16.55833333333331 -4.118188133348744e-07 -8.540209237564633e-08
16.56111111111108 -3.647007143832535e-07 -2.3479064153516e-07
16.56388888888886 -2.63941149869463e-07 -3.611086428430175e-07
16.56666666666663 -1.201073582998969e-07 -4.453041978061296e-07
16.56944444444441 4.954759006209565e-08 -4.729610426910165e-07
16.57222222222219 2.230569633630392e-07 -4.366130990975229e-07
16.57499999999996 3.76501191575733e-07 -3.372392295872142e-07
16.57777777777774 4.87222789984032e-07 -1.846745809975485e-07
16.58055555555552 5.370748174847752e-07 3.190633189538469e-09
16.58333333333329 5.1524964415057e-07 2.02392414562027e-07
16.58611111111107 4.202636973386878e-07 3.858539351263749e-07
16.58888888888885 2.60764382658396e-07 5.269748676622935e-07
16.59166666666662 5.496891863680408e-08 6.033862820439952e-07
16.5944444444444 -1.712753038182244e-07 6.00354552062394e-07
16.59722222222218 -3.876259683850308e-07 5.133331811202219e-07
16.59999999999995 -5.632135562045088e-07 3.492485656081655e-07
16.60277777777773 -6.709374647204313e-07 1.262569422322912e-07
16.6055555555555 -6.915073252775642e-07 -1.280919929443225e-07
16.60833333333328 -6.16644313322297e-07 -3.801289494462968e-07
16.61111111111106 -4.509377239845625e-07 -5.944077657643516e-07
16.61388888888883 -2.120091081338361e-07 -7.385737523070838e-07
16.61666666666661 7.114735378950447e-08 -7.881051853184375e-07
16.61944444444439 3.615305554152822e-07 -7.302513868179498e-07
16.62222222222216 6.188380544324393e-07 -5.665608453395744e-07
16.62499999999994 8.049325898436884e-07 -3.135531914240183e-07
16.62777777777772 8.89346019001045e-07 -1.322695367333481e-09
16.63055555555549 8.540457628348995e-07 3.298600807922156e-07
16.63333333333327 6.967439130329761e-07 6.345944159587854e-07
16.63611111111105 4.321897557287487e-07 8.684336316234968e-07
16.63888888888882 9.11366062274225e-08 9.942121067250505e-07
16.6416666666666 -2.830162387553754e-07 9.877352820187744e-07
16.64444444444437 -6.395761382349978e-07 8.41987724479327e-07
16.64722222222215 -9.272705574445402e-07 5.69171360697597e-07
16.64999999999993 -1.101454887678241e-06 2.001506349111793e-07
16.6527777777777 -1.130823941622095e-06 -2.187771946970747e-07
16.65555555555548 -1.002645162124028e-06 -6.314938537497829e-07
16.65833333333326 -7.256804726104866e-07 -9.794047524589309e-07
16.66111111111103 -3.302403927305662e-07 -1.209581012494587e-06
16.66388888888881 1.348128288102009e-07 -1.282592109464141e-06
16.66666666666659 6.07873875451228e-07 -1.178898172801432e-06
16.66944444444436 1.022561029598449e-06 -9.028062852086025e-07
16.67222222222214 1.316839925486398e-06 -4.832806442323162e-07
16.67499999999992 1.442077548999854e-06 2.869919094661441e-08
16.67777777777769 1.370734726523111e-06 5.660648812742793e-07
16.68055555555547 1.101520682993873e-06 1.054225550743815e-06
16.68333333333324 6.611235151050284e-07 1.421213206123358e-06
16.68611111111102 1.020649231033746e-07 1.608057529413962e-06
16.6888888888888 -5.032469785351683e-07 1.577926037437599e-06
16.69166666666657 -1.071646076930386e-06 1.322653601578235e-06
16.69444444444435 -1.520405883137962e-06 8.655753026345828e-07
16.69722222222213 -1.779032290085044e-06 2.600393787303925e-07
16.6999999999999 -1.800004337482291e-06 -4.164431459798555e-07
16.70277777777768 -1.566868058815148e-06 -1.071834649353034e-06
16.70555555555546 -1.098372109466983e-06 -1.611839914724643e-06
16.70833333333323 -4.478222311821653e-07 -1.953210120093041e-06
16.71111111111101 3.02533016969346e-07 -2.036241496977862e-06
16.71388888888879 1.051572772196289e-06 -1.834635146083626e-06
16.71666666666656 1.692650005096986e-06 -1.361154546962625e-06
16.71944444444434 2.128494300800467e-06 -6.680275460551396e-07
16.72222222222211 2.285628785966822e-06 1.582689328123567e-07
16.72499999999989 2.126209280944438e-06 1.007419135866371e-06
16.72777777777767 1.655441777015999e-06 1.75968190152954e-06
16.73055555555544 9.232617122700964e-07 2.30247214310713e-06
16.73333333333322 1.97058390307505e-08 2.546858065530297e-06
16.736111111111 -9.357198855950625e-07 2.441604030232613e-06
16.73888888888877 -1.809493287390551e-06 1.982605180450951e-06
16.74166666666655 -2.47240633105066e-06 1.216098476301708e-06
16.74444444444433 -2.818304689646336e-06 2.348368604444885e-07
16.7472222222221 -2.780568816380195e-06 -8.32621406138944e-07
16.74999999999988 -2.343841955744632e-06 -1.838357355969026e-06
16.75277777777766 -1.549052951916697e-06 -2.635228760286163e-06
16.75555555555543 -4.90636422427261e-07 -3.0980123855658e-06
16.75833333333321 6.940855590168027e-07 -3.142566819300614e-06
16.76111111111098 1.842269117760974e-06 -2.740148963485512e-06
16.76388888888876 2.787537034070292e-06 -1.924554881950503e-06
16.76666666666654 3.383680364357231e-06 -7.906597897030309e-07
16.76944444444431 3.52675438155109e-06 5.159072748834954e-07
16.77222222222209 3.172297139676941e-06 1.81695446058364e-06
16.77499999999987 2.344921447570658e-06 2.925593751032876e-06
16.77777777777764 1.138480018366562e-06 3.672652893496209e-06
16.78055555555542 -2.937343709202416e-07 3.931962215761769e-06
16.7833333333332 -1.757881948343051e-06 3.640806804335267e-06
16.78611111111097 -3.045328688826523e-06 2.81232993549872e-06
16.78888888888875 -3.961911540486978e-06 1.537661599467175e-06
16.79166666666653 -4.356678700677626e-06 -2.308943188890933e-08
16.7944444444443 -4.145924191115382e-06 -1.660277310543097e-06
16.79722222222208 -3.328790584779989e-06 -3.14234395607653e-06
16.79999999999986 -1.991733203022408e-06 -4.248070270824491e-06
16.80277777777763 -3.006064355697679e-07 -4.799035535773756e-06
16.80555555555541 1.519140541821515e-06 -4.687599518561511e-06
16.80833333333318 3.211922152477184e-06 -3.896119941593668e-06
16.81111111111096 4.527373555647517e-06 -2.50415981476137e-06
16.81388888888874 5.25679600456459e-06 -6.82008192484856e-07
16.81666666666651 5.265466914487455e-06 1.329265498793278e-06
16.81944444444429 4.515915053200244e-06 3.249037543929776e-06
16.82222222222207 3.078314572029576e-06 4.795697614524181e-06
16.82499999999984 1.125820041589525e-06 5.727346073738675e-06
16.82777777777762 -1.085261851486867e-06 5.878826491743005e-06
16.8305555555554 -3.248370226747336e-06 5.189528830442978e-06
16.83333333333317 -5.048554887497309e-06 3.717450615232353e-06
16.83611111111095 -6.207688529470978e-06 1.636767446897942e-06
16.83888888888873 -6.526628856729559e-06 -7.815792183705032e-07
16.8416666666665 -5.918046902217233e-06 -3.204323222737173e-06
16.84444444444428 -4.424673276922334e-06 -5.281101798252457e-06
16.84722222222205 -2.219568276560374e-06 -6.694440324084396e-06
16.84999999999983 4.125332885675423e-07 -7.207462311482967e-06
16.85277777777761 3.111042415761595e-06 -6.702266275167291e-06
16.85555555555538 5.488149837531176e-06 -5.20291293205313e-06
16.85833333333316 7.183833276056803e-06 -2.878903359613205e-06
16.86111111111094 7.919542986439602e-06 -2.766628786769101e-08
16.86388888888871 7.542676097547712e-06 2.962439210927313e-06
16.86666666666649 6.054898830006481e-06 5.664179963158824e-06
16.86944444444427 3.619386755971994e-06 7.671718234676801e-06
16.87222222222204 5.448864802218426e-07 8.660708114365323e-06
16.87499999999982 -2.752215769741735e-06 8.439440808176724e-06
16.8777777777776 -5.803360280751685e-06 6.983134221778082e-06
16.88055555555537 -8.153572787776029e-06 4.445536043753481e-06
16.88333333333315 -9.428412626760143e-06 1.145040182395531e-06
16.88611111111092 -9.392385929594386e-06 -2.473892649501414e-06
16.8888888888887 -7.98987308423515e-06 -5.899566937817231e-06
16.89166666666648 -5.361742928293438e-06 -8.624512557498341e-06
16.89444444444425 -1.834054509982469e-06 -1.02197292227449e-05
16.89722222222203 2.120838652430031e-06 -1.040098673956977e-05
16.89999999999981 5.946408133798998e-06 -9.077098727937073e-06
16.90277777777758 9.079306095234987e-06 -6.372244473535352e-06
16.90555555555536 1.103135202738759e-05 -2.617838364294162e-06
16.90833333333314 1.146436002703914e-05 1.686302670469989e-06
16.91111111111091 1.024650455566049e-05 5.937251120218714e-06
16.91388888888869 7.481095248215173e-06 9.512393353441973e-06
16.91666666666647 3.502249542945075e-06 1.185960392206496e-05
16.91944444444424 -1.16344729521695e-06 1.258125910788448e-05
16.92222222222202 -5.865252038608088e-06 1.149947721589266e-05
16.92499999999979 -9.917907678728793e-06 8.6921406676952e-06
16.92777777777757 -1.270044759409705e-05 4.49306167735834e-06
16.93055555555535 -1.375007224306156e-05 -5.453839491159667e-07
16.93333333333312 -1.283708236940034e-05 -5.723388419716718e-06
16.9361111111109 -1.000899179588858e-05 -1.028970123890852e-05
16.93888888888868 -5.595931273829708e-06 -1.354950031719382e-05
16.94166666666645 -1.747907154818999e-07 -1.496882456676433e-05
16.94444444444423 5.504494145801815e-06 -1.426005325786303e-05
16.94722222222201 1.062137376548588e-05 -1.143500185275384e-05
16.94999999999978 1.440205243817997e-05 -6.816365128137632e-06
16.95277777777756 1.623518359608793e-05 -1.003957409344524e-06
16.95555555555534 1.576878223186382e-05 5.201296658835405e-06
16.95833333333311 1.297324464970441e-05 1.090630446404218e-05
16.96111111111089 8.159688372507256e-06 1.525308950994013e-05
16.96388888888866 1.948936054039628e-06 1.754646835635758e-05
16.96666666666644 -4.806456181201892e-06 1.736331536169766e-05
16.96944444444422 -1.113768691743039e-05 1.462649514960964e-05
16.97222222222199 -1.609731797527406e-05 9.631013400023809e-06
16.97499999999977 -1.889966211833394e-05 3.016447146742079e-06
16.97777777777755 -1.904335021886596e-05 -4.312606701896365e-06
16.98055555555532 -1.639721231975511e-05 -1.130856678106097e-05
16.9833333333331 -1.123520989388483e-05 -1.692919427242625e-05
16.98611111111088 -4.213072900424355e-06 -2.029142870539302e-05
16.98888888888865 3.712398471383776e-06 -2.08082368790098e-05
16.99166666666643 1.141188204670645e-05 -1.828752441515944e-05
16.99444444444421 1.774295720002816e-05 -1.297687616908765e-05
16.99722222222198 2.171813229068177e-05 -5.545218411650212e-06
16.99999999999976 2.265698215942453e-05 2.998541739545558e-06
17.00277777777753 2.02992167976357e-05 1.144050562963717e-05
17.00555555555531 1.486031201172062e-05 1.853266334764292e-05
17.00833333333309 7.019073098030874e-06 2.317586056688225e-05
17.01111111111086 -2.163851467477172e-06 2.458825706569489e-05
17.01388888888864 -1.138729001601128e-05 2.24337223616666e-05
17.01666666666642 -1.929222536881956e-05 1.688949317587762e-05
17.01944444444419 -2.466045113451232e-05 8.640572636028482e-06
17.02222222222197 -2.660040738385219e-05 -1.201292740471016e-06
17.02499999999975 -2.469211460385686e-05 -1.124511369056406e-05
17.02777777777752 -1.906804767253905e-05 -2.001545284539662e-05
17.0305555555553 -1.041536161526474e-05 -2.616752091939387e-05
17.03333333333308 1.040266106237654e-07 -2.869146731637966e-05
17.03611111111085 1.100692905142775e-05 -2.707510333721111e-05
17.03888888888863 2.069609546617551e-05 -2.139923395710597e-05
17.0416666666664 2.769249839616511e-05 -1.234875710945576e-05
17.04444444444418 3.085917602335039e-05 -1.134543901003729e-06
17.04722222222196 2.958303301653516e-05 1.066581150719086e-05
17.04999999999973 2.388592109354728e-05 2.132788822018353e-05
17.05277777777751 1.444571334704055e-05 2.923065836257441e-05
17.05555555555529 2.520727907669845e-06 3.310099689406265e-05
17.05833333333306 -1.021500944197427e-05 3.221588360664796e-05
17.06111111111084 -2.190459828267045e-05 2.653057094554219e-05
17.06388888888862 -3.077715897956314e-05 1.671078764565555e-05
17.06666666666639 -3.541413934036011e-05 4.060501124793391e-06
17.06944444444417 -3.497327389119121e-05 -9.647994728029269e-06
17.07222222222195 -2.933522241561524e-05 -2.242007325434443e-05
17.07499999999972 -1.914810775540279e-05 -3.232708076470942e-05
17.0777777777775 -5.759460954379612e-06 -3.779558287054199e-05
17.08055555555528 8.958513459694929e-06 -3.785446708786563e-05
17.08333333333305 2.286829039733025e-05 -3.230147772629653e-05
17.08611111111083 3.387546720136306e-05 -2.176134073695339e-05
17.0888888888886 4.024210317298092e-05 -7.622782428689989e-06
17.09166666666638 4.08583786053343e-05 8.140636580156677e-06
17.09444444444416 3.543049071029997e-05 2.324340649805995e-05
17.09722222222193 2.455366348053489e-05 3.541736660404631e-05
17.09999999999971 9.655175246715548e-06 4.275029991141355e-05
17.10277777777749 -7.188810071139515e-06 4.398358574899953e-05
17.10555555555526 -2.353980797583561e-05 3.872295705182211e-05
17.10833333333304 -3.694787486110556e-05 2.752773495378223e-05
17.11111111111082 -4.531662590971192e-05 1.186084212699228e-05
17.11388888888859 -4.722833915744541e-05 -6.097904376008505e-06
17.11666666666637 -4.217910639773212e-05 -2.375216084739711e-05
17.11944444444415 -3.068567024796898e-05 -3.846217865996294e-05
17.12222222222192 -1.424343868987665e-05 -4.793741738312037e-05
17.1249999999997 4.863262728755328e-06 -5.059057572891148e-05
17.12777777777747 2.387546015169149e-05 -4.579869623665529e-05
17.13055555555525 3.995559878694743e-05 -3.402901647637705e-05
17.13333333333303 5.060892485589679e-05 -1.680603507149597e-05
17.1361111111108 5.406793277814244e-05 3.480748064609053e-06
17.13888888888858 4.958100742632226e-05 2.390507843437462e-05
17.14166666666636 3.755873056304822e-05 4.142363308465869e-05
17.14444444444413 1.95510794634181e-05 5.332734439120095e-05
17.14722222222191 -1.946788192434223e-06 5.765776314860751e-05
17.14999999999969 -2.383681289252088e-05 5.352484123337625e-05
17.15277777777746 -4.286199864363978e-05 4.127515894744826e-05
17.15555555555524 -5.608884875071401e-05 2.248036375916404e-05
17.15833333333302 -6.135715099366392e-05 -2.584189145527557e-07
17.16111111111079 -5.762851773925569e-05 -2.366693077896506e-05
17.16388888888857 -4.517801921948454e-05 -4.426667280296284e-05
17.16666666666634 -2.559499148405463e-05 -5.888961809463693e-05
17.16944444444412 -1.58667521377668e-06 -6.516292793297224e-05
17.1722222222219 2.339221267099299e-05 -6.188987545666887e-05
17.17499999999967 4.563393253498671e-05 -4.926638369138713e-05
17.17777777777745 6.17258698333573e-05 -2.889534817232197e-05
17.18055555555523 6.907168928748262e-05 -3.590122786369282e-06
17.183333333333 6.630627199674605e-05 2.300999321418888e-05
17.18611111111078 5.353866490595176e-05 4.696039179553241e-05
17.18888888888856 3.238107435198444e-05 6.459388724396181e-05
17.19166666666633 5.752830401180966e-06 7.307981009784567e-05
17.19444444444411 -2.251819896038008e-05 7.087458562638435e-05
17.19722222222189 -4.824303642794701e-05 5.799260307859514e-05
17.19999999999966 -6.749004647381047e-05 3.605104128896094e-05
17.20277777777744 -7.718346063710644e-05 8.074950752257389e-06
17.20555555555521 -7.559121755817096e-05 -2.191538293032219e-05
17.20833333333299 -6.262525546790343e-05 -4.947925622432201e-05
17.21111111111077 -3.990332963834514e-05 -7.041084156499578e-05
17.21388888888854 -1.055585423258499e-05 -8.13786211389963e-05
17.21666666666632 2.12007555458406e-05 -8.045209482217105e-05
17.2194444444441 5.066687376047911e-05 -6.743298767365205e-05
17.22222222222187 7.335290715100698e-05 -4.393521114521116e-05
17.22499999999965 8.566109547846261e-05 -1.319410430925687e-05
17.22777777777743 8.545267357978111e-05 2.037421159199017e-05
17.2305555555552 7.241146686298475e-05 5.180416964466762e-05
17.23333333333298 4.814313353504552e-05 7.631303849756517e-05
17.23611111111076 1.598743692346509e-05 9.002652356022643e-05
17.23888888888853 -1.943635288788953e-05 9.058794275438845e-05
17.24166666666631 -5.288990384086812e-05 7.755565693442344e-05
17.24444444444408 -7.92882085867806e-05 5.252270872876765e-05
17.24722222222186 -9.44703921951652e-05 1.893274415280511e-05
17.24999999999964 -9.585242787078331e-05 -1.838850636981412e-05
17.25277777777741 -8.285981563599757e-05 -5.392333275829542e-05
17.25555555555519 -5.706870451900648e-05 -8.227558197114423e-05
17.25833333333297 -2.20260623600347e-05 -9.898804427211628e-05
17.26111111111074 1.723273730906796e-05 -0.0001012401950175261
17.26388888888852 5.490422182748236e-05 -8.831749366632811e-05
17.2666666666663 8.527252516200093e-05 -6.177503983614424e-05
17.26944444444407 0.0001035746860641032 -2.526256503785831e-05
17.27222222222185 0.0001067448548692857 1.597185742013929e-05
17.27499999999963 9.39215357986659e-05 5.583285331975325e-05
17.2777777777774 6.663478373691703e-05 8.827661335078002e-05
17.28055555555518 2.863656054059746e-05 0.000108225392543485
17.28333333333295 -1.460942763824044e-05 0.0001123595667337771
17.28611111111073 -5.671002920583596e-05 9.96640840810907e-05
17.28888888888851 -9.128563330560336e-05 7.164015824163374e-05
17.29166666666628 -0.0001129351106181783 3.214149487711061e-05
17.29444444444406 -0.0001180770426154978 -1.314975538456213e-05
17.29722222222184 -0.0001055365831811527 -5.753706888951145e-05
17.29999999999961 -7.678254514315999e-05 -9.429758233077912e-05
17.30277777777739 -3.576995971684265e-05 -0.0001176986602423587
17.30555555555517 1.159788616617992e-05 -0.0001238895513195533
17.30833333333294 5.831580169818641e-05 -0.0001115297879568933
17.31111111111072 9.731066322163259e-05 -8.205249690988813e-05
17.3138888888885 0.000122510733397718 -3.951370573926433e-05
17.31666666666627 0.0001297889226493684 9.959589400087778e-06
17.31944444444405 0.0001176337733498071 5.904855406122731e-05
17.32222222222182 8.743975179393909e-05 0.0001003232752016512
17.3249999999996 4.336366143217174e-05 0.0001273658909857276
17.32777777777738 -8.241338392260257e-06 0.0001357665517838516
17.33055555555515 -5.973813135417024e-05 0.0001238379467102139
17.33333333333293 -0.0001033340008757554 9.293325325463853e-05
17.33611111111071 -0.0001322585577175618 4.730995741484756e-05
17.33888888888848 -0.0001418134039513045 -6.450284439213331e-06
17.34166666666626 -0.0001301310626757864 -6.038779444296954e-05
17.34444444444404 -9.852117379192207e-05 -0.0001063415892919608
17.34722222222181 -5.134195633669305e-05 -0.000137183015132449
17.34999999999959 4.594225076153864e-06 -0.0001479200195473095
17.35277777777737 6.100123101349236e-05 -0.0001365012407357717
17.35555555555514 0.0001093449352553847 -0.000104190943275429
17.35833333333292 0.0001421333929230117 -5.544828836273989e-05
17.3611111111107 0.0001540765198734071 2.681566532645941e-06
17.36388888888847 0.0001429359856194282 6.158252183116924e-05
17.36666666666625 0.0001099292818417286 0.0001123430550912417
17.36944444444402 5.961689222833459e-05 0.0001471036587882079
17.3722222222218 -7.212805151524503e-07 0.0001602726136997943
17.37499999999958 -6.213610212915737e-05 0.0001494222106535292
17.37777777777735 -0.0001153350591146745 0.0001157222374068996
17.38055555555513 -0.0001520876070778873 6.38350618045401e-05
17.38333333333291 -0.0001664976048794573 1.277144514741471e-06
17.38611111111068 -0.0001559462642351014 -6.266671838021623e-05
17.38888888888846 -0.0001215552278314048 -0.0001183201211070654
17.39166666666624 -6.808949807169376e-05 -0.0001570788465345491
17.39444444444401 -3.303757350561318e-06 -0.0001727404012613219
17.39722222222179 6.31793807684265e-05 -0.0001624939595614478
17.39999999999957 0.0001212974451608029 -0.0001274130877378876
17.40277777777734 0.0001620707874697192 -7.236636636625249e-05
17.40555555555512 0.0001789895251665287 -5.348203056329387e-06
17.40833333333289 0.0001690506077547229 6.367931172780821e-05
17.41111111111067 0.0001332801199620006 0.0001242662302946735
17.41388888888845 7.665135870394126e-05 0.0001670566287523974
17.41666666666622 7.399786664149435e-06 0.0001852331257031574
17.419444444444 -6.417189097231142e-05 0.0001756010545056489
17.42222222222178 -0.000127225633289898 0.0001391401515810807
17.42499999999955 -0.000172029345006456 8.092976095349063e-05
17.42777777777733 -0.0001914589932010567 9.447541167717763e-06
17.43055555555511 -0.0001821297203459414 -6.466259749005034e-05
17.43333333333288 -0.0001449765944276043 -0.000130174730239958
17.43611111111066 -8.51865245698457e-05 -0.0001769816744438279
17.43888888888844 -1.148029937303394e-05 -0.0001976545760490386
17.44166666666621 6.515694903068571e-05 -0.000188620644635228
17.44444444444399 0.0001331124773347786 -0.0001507725099623851
17.44722222222176 0.0001819061077709275 -8.940634255792092e-05
17.44999999999954 0.0002038070002110493 -1.348676911667608e-05
17.45277777777732 0.0001950575333253357 6.566043964967942e-05
17.45555555555509 0.0001565106783295516 0.0001360376714417718
17.45833333333287 9.357372928019815e-05 0.0001867948786188317
17.46111111111065 1.545561131462925e-05 0.0002099030916856405
17.46388888888842 -6.617847592452948e-05 0.0002014238105296242
17.4666666666662 -0.0001389489110592862 0.0001621736713794602
17.46944444444398 -0.0001916399559510583 9.767310366990947e-05
17.47222222222175 -0.0002159294021547912 1.737552025319715e-05
17.47499999999953 -0.0002077026738928878 -6.671631247995919e-05
17.47777777777731 -0.0001677439293938483 -0.0001418445582393734
17.48055555555508 -0.000101688875371616 -0.000196433038892654
17.48333333333286 -1.923530548767134e-05 -0.0002218722380432719
17.48611111111063 6.727898750486865e-05 -0.0002138771537109432
17.48888888888841 0.0001447227020878539 -0.0001732038411966074
17.49166666666619 0.000201165554420387 -0.0001056055332659666
17.49444444444396 0.0002277176931768944 -2.102397468610997e-05
17.49722222222174 0.000219930175708946 6.787125894920667e-05
17.49999999999952 0.0001785358272897908 0.0001475811244423052
17.50277777777729 0.0001094077358049065 0.0002058286583250497
17.50555555555507 2.273081671250627e-05 0.0002334516851905753
17.50833333333285 -6.849754211682389e-05 0.000225844627334285
17.51111111111062 -0.0001504172683377681 0.0001837224255900805
17.5138888888884 -0.0002104132398348623 0.000113080402528232
17.51666666666618 -0.0002390599957933646 2.434548421267926e-05
17.51944444444395 -0.0002316034273717752 -6.916184936283413e-05
17.52222222222173 -0.0001887463793106649 -0.000153228209828494
17.5249999999995 -0.0001166088061002756 -0.000214909930248752
17.52777777777728 -2.585807496132206e-05 -0.0002445283149457801
17.53055555555506 6.986773262586003e-05 -0.0002371895986273896
17.53333333333283 0.0001560106337403781 -0.000193590726459115
17.53611111111061 0.0002193091158864924 -0.0001199786641669112
17.53888888888839 0.0002498422889524487 -2.725921119183122e-05
17.54166666666616 0.0002425863433800637 7.061822948072896e-05
17.54444444444394 0.0001982388903994305 0.0001587608138636232
17.54722222222172 0.0001231762303007042 0.0002236009556134318
17.54999999999949 2.854011615112074e-05 0.0002549875724105672
17.55277777777727 -7.141581341446878e-05 0.0002477771212335576
17.55555555555505 -0.0001614745980819309 0.0002026747708592544
17.55833333333282 -0.0002277754031322 0.0001261883832923751
17.5611111111106 -0.000259949883895338 2.969268709566053e-05
17.56388888888837 -0.000252745728951856 -7.226234896961363e-05
17.56666666666615 -0.0002068828347431364 -0.0001641473988579866
17.56944444444393 -0.0001290027140069865 -0.0002318222341836866
17.5722222222217 -3.070956398824599e-05 -0.0002647150651940644
17.57499999999948 7.315905237307529e-05 -0.0002574763818024375
17.57777777777726 0.000166774189457612 -0.0002108482060609212
17.58055555555503 0.0002357310787155469 -0.0001316076090415327
17.58333333333281 0.0002692691438377458 -3.158419314324893e-05
17.58611111111059 0.0002619537958758485 7.41064582319175e-05
17.58888888888836 0.0002145567542650251 0.0001693495062106616
17.59166666666614 0.0001339923304031639 0.0002394914580133909
17.59444444444392 3.231088513134795e-05 0.0002735983986071872
17.59722222222169 -7.510439278916869e-05 0.0002661632708087437
17.59999999999947 -0.000171867457054597 0.000217995180252104
17.60277777777724 -0.0002430928267106841 0.0001361470904411927
17.60555555555502 -0.0002776894276271604 3.288486626942532e-05
17.6083333333328 -0.0002700907722820322 -7.615195420721483e-05
17.61111111111057 -0.0002211510992914791 -0.0001743217364995884
17.61388888888835 -0.0001380631212902096 -0.000246524619511498
17.61666666666613 -3.330232308538513e-05 -0.0002815292185953193
17.6194444444439 7.724750024044508e-05 -0.0002737230136351045
17.62222222222168 0.0001767056471054872 -0.000224013120109724
17.62499999999946 0.0002497763023841243 -0.0001397327381040261
17.62777777777723 0.0002851052206308936 -3.356043920568666e-05
17.63055555555501 0.0002770475358990431 7.838864359921046e-05
17.63333333333279 0.0002265709193907976 0.0001790121274378929
17.63611111111056 0.0001411493953969674 0.0002528374279051515
17.63888888888834 3.36574241678178e-05 0.0002884054171726363
17.64166666666612 -7.957225521328635e-05 0.0002800527855286808
17.64444444444389 -0.0001812337864113813 0.000228815310940183
17.64722222222167 -0.0002556976943497478 0.0001423077358677332
17.64999999999944 -0.0002914183992999273 3.359253376329511e-05
17.65277777777722 -0.0002827281890974807 -8.079447550928344e-05
17.655555555555 -0.0002307383087996375 -0.0001833629438160216
17.65833333333277 -0.0001432036311242008 -0.0002583470080577782
17.66111111111055 -3.336608156842032e-05 -0.0002941334388103022
17.66388888888833 8.205073372603806e-05 -0.0002850642242106433
17.6666666666661 0.0001853916767455986 -0.0002323331836216712
17.66944444444388 0.0002607755485269919 -0.0001438342138083892
17.67222222222166 0.0002965405603461531 -3.297944143366043e-05
17.67499999999943 0.0002870524858931599 8.333577519885982e-05
17.67777777777721 0.0002335945116633737 0.0001873118715462338
17.68055555555499 0.0001441979006823922 0.0002629738356280957
17.68333333333276 3.243504078967654e-05 0.000298630611836146
17.68611111111054 -8.464369642326549e-05 0.0002886857477279665
17.68888888888831 -0.0001891152808290536 0.0002345182158034377
17.69166666666609 -0.0002649327982713349 0.0001442944063325662
17.69444444444387 -0.0003003953324989629 3.173634472139544e-05
17.69722222222164 -0.0002899580170351598 -8.596798763889021e-05
17.69999999999942 -0.0002351015980520739 -0.0001907935850041139
17.7027777777772 -0.000144124747228639 -0.0002666438438111646
17.70555555555497 -3.088783088002068e-05 -0.0003018274176464697
17.70833333333275 8.73015825553944e-05 -0.0002908645834230746
17.71111111111053 0.0001923384577104179 -0.0002353433631000398
17.7138888888883 0.0002680989274324898 -0.0001436912359756568
17.71666666666608 0.0003029205795279624 -2.989495539180509e-05
17.71944444444386 0.0002914020600856182 8.863691475251778e-05
17.72222222222163 0.0002352436325187676 0.0001937416344667803
17.72499999999941 0.0001429974656981251 0.0002692906207316153
17.72777777777718 2.876411003065765e-05 0.0003036696034703608
17.73055555555496 -8.99659802030546e-05 0.0002915684172736912
17.73333333333274 -0.0001949949837868006 0.0002348039493274257
17.73611111111051 -0.000270212178688315 0.0001420482845958716
17.73888888888829 -0.0003040703985933262 2.750257103232236e-05
17.74166666666607 -0.000291363007435179 -9.128040527754855e-05
17.74444444444384 -0.0002340272727232471 -0.0001960905799683138
17.74722222222162 -0.0001408497608185811 -0.0002708576042171801
17.7499999999994 -2.611844001886481e-05 -0.0003041200424159413
17.75277777777717 9.257151951482143e-05 -0.0002907865815917511
17.75555555555495 0.0001970207767225938 -0.0002329179628748278
17.75833333333273 0.0002712217094890751 -0.0001394091379153499
17.7611111111105 0.0003038168187193006 -2.462057759738638e-05
17.76388888888828 0.0002898412966029948 9.383043237506933e-05
17.76666666666605 0.0002314817557839662 0.000197778280776642
17.76944444444383 0.0001377347812136728 0.000271300173234488
17.77222222222161 2.301853029343833e-05 0.0003031602480864388
17.77499999999938 -9.504811313842798e-05 0.0002885307130573013
17.77777777777716 -0.0001983562245729152 0.0002297257283217414
17.78055555555494 -0.0002710895932636069 0.000135836115594395
17.78333333333271 -0.0003021511106107591 2.132245155215143e-05
17.78611111111049 -0.0002868597836263216 -9.621547305767754e-05
17.78888888888827 -0.0002276582536528199 -0.0001987482371850183
17.79166666666604 -0.0001337235552156417 -0.0002705875334852852
17.79444444444382 -1.954301761938313e-05 -0.0003007914603402904
17.7972222222216 9.732344884839944e-05 -0.0002848348318181029
17.79999999999937 0.0001989485125757392 -0.0002252889473694041
17.80277777777715 0.0002697925647531341 -0.0001314084258427179
17.80555555555492 0.0002990846311112313 -1.769133917404555e-05
17.8083333333327 0.0002824635211686144 9.836308657192017e-05
17.81111111111048 0.0002226286047547109 0.0001989518743511927
17.81388888888825 0.0001289028805155154 0.000268704298934697
17.81666666666603 1.577886963623543e-05 0.0002970352335161832
17.81944444444381 -9.932562495755958e-05 0.000279754815017307
17.82222222222158 -0.0001987538361936583 0.0002196891297018782
17.82499999999936 -0.0002673234156694445 0.0001262198093688693
17.82777777777714 -0.0002946491428503704 1.381731111246692e-05
17.83055555555491 -0.0002767189271152018 -0.0001002025772202305
17.83333333333269 -0.0002164834559025273 -0.00019835065720849
17.83611111111047 -0.0001233727444830578 -0.0002656516813648134
17.83888888888824 -1.181851897271885e-05 -0.0002919334779807793
17.84166666666602 0.0001009858104403491 -0.0002733672634204732
17.84444444444379 0.0001977393914767158 -0.0002130254610090667
17.84722222222157 0.0002636919600683786 -0.0001203757606983774
17.84999999999935 0.000288896571187564 -9.794406054331052e-06
17.85277777777712 0.0002697123555355492 0.0001016676216071375
17.8555555555549 0.0002093298745543841 0.0001969179311735029
17.85833333333268 0.000117243373373349 0.0002614482159489495
17.86111111111045 7.756847506356418e-06 0.0002855479291318201
17.86388888888823 -0.0001022408094733413 0.0002657677863339608
17.86666666666601 -0.0001958850426943294 0.000205412180479216
17.86944444444378 -0.0002589255072238643 0.0001139904340871992
17.87222222222156 -0.000281898185208248 5.717587255170848e-06
17.87499999999934 -0.0002615481084200198 -0.0001026987414111033
17.87777777777711 -0.000201288515178822 -0.0001946403953150929
17.88055555555489 -0.0001106320253236367 -0.0002561299714654071
17.88333333333266 -3.688147059720201e-06 -0.0002779590436426975
17.88611111111044 0.0001030354145468044 -0.0002570687561371699
17.88888888888822 0.0001931845820057514 -0.0001969755620284734
17.89166666666599 0.0002530688023342994 -0.0001071833551536642
17.89444444444377 0.0002737432157922268 -1.679739079477609e-06
17.89722222222155 0.0002523459519217003 0.0001032455105085109
17.89999999999932 0.0001924904433749384 0.0001915191321234228
17.9027777777771 0.0001036596529445241 0.0002497502178852699
17.90555555555488 -2.968171755307416e-07 0.0002692643491970545
17.90833333333265 -0.0001033244432128179 0.0002473966078577409
17.91111111111043 -0.0001896465158028351 0.0001878506110144651
17.91388888888821 -0.0002461834206971543 0.0001000760670889004
17.91666666666598 -0.0002645369500184594 -2.231172705058028e-06
17.91944444444376 -0.0002422382233369408 -0.0001032683992186066
17.92222222222154 -0.0001830737361725236 -0.0001875701399808407
17.92499999999931 -9.644756571591902e-05 -0.0002423785501783226
17.92777777777709 4.113520948073131e-06 -0.0002595762995730376
17.93055555555486 0.0001030743702552109 -0.000236888779773451
17.93333333333264 0.0001852943360843106 -0.0001781776000095354
17.93611111111042 0.0002383466274924022 -9.278884129871658e-05
17.93888888888819 0.000254398365739855 5.934663140451402e-06
17.94166666666597 0.0002313666333420236 0.0001027401776568038
17.94444444444375 0.0001731799856467149 0.0001828243395270238
17.94722222222152 8.911422001144088e-05 0.0002340994936382856
17.9499999999993 -7.686066529269218e-06 0.0002490197100733803
17.95277777777708 -0.0001022644885196388 0.0002256904067299679
17.95555555555485 -0.0001801662612519281 0.0001680985726871091
17.95833333333263 -0.0002296497412988821 8.543757661757637e-05
17.96111111111041 -0.0002434573914989951 -9.359914985862386e-06
17.96388888888818 -0.0002198788808858147 -0.0001016468235241673
17.96666666666596 -0.0001629508351473937 -0.0001773270516675953
17.96944444444373 -8.177225559801364e-05 -0.0002250106411420614
17.97222222222151 1.094915165183081e-05 -0.0002377288675004165
17.97499999999929 0.0001008875564546176 -0.0002139508877422704
17.97777777777706 0.0001743144574003155 -0.0001577539436819657
17.98055555555484 0.00022019606332112 -7.813099913199455e-05
17.98333333333262 0.0002318518937280637 1.244751335988014e-05
17.98611111111039 0.0002079252048625362 9.998790556013345e-05
17.98888888888817 0.000152524672899044 0.0001711369713827673
17.99166666666595 7.452588245685192e-05 0.0002152203949697077
17.99444444444372 -1.38495566758498e-05 0.0002258444229646584
17.9972222222215 -9.894991700159941e-05 0.0002018204529217569
17.99999999999928 -0.000167803776867809 0.0001472793145028004
18.00277777777705 -0.0002100984545249136 7.096825703311086e-05
18.00555555555483 -0.0002197245043783624 -1.515067552040352e-05
18.0083333333326 -0.0001956549968910334 -9.777644071464732e-05
18.01111111111038 -0.0001420335969084905 -0.0001643246860259673
18.01388888888816 -6.746870183052723e-05 -0.0002048454037413826
18.01666666666593 1.634711041595394e-05 -0.000213510183977378
18.01944444444371 9.647109911731842e-05 -0.0001894468517274522
18.02222222222149 0.0001607100738356164 -0.0001368026118944894
18.02499999999926 0.0001994766582671803 -6.403698296656957e-05
18.02777777777704 0.0002072194071484819 1.743594952826227e-05
18.03055555555482 0.0001832135933105521 9.503824916040588e-05
18.03333333333259 0.0001316007487534386 0.0001569708080255875
18.03611111111037 6.068202179723353e-05 0.0001940077976628128
18.03888888888815 -1.841512174746013e-05 0.0002008699241228586
18.04166666666592 -9.348293829427105e-05 0.0001769722752868993
18.0444444444437 -0.0001531181758559918 0.0001264416363150596
18.04722222222147 -0.0001884544757252217 5.741187148831573e-05
18.04999999999925 -0.00019447919916111 -1.928338215036058e-05
18.05277777777703 -0.0001707393524021664 -9.18108549850868e-05
18.0555555555548 -0.0001213380931039039 -0.0001491638085517984
18.05833333333258 -5.423370196793949e-05 -0.0001828323319654983
18.06111111111036 2.00402902702139e-05 -0.0001880643241887073
18.06388888888813 9.002827446174736e-05 -0.0001645306108128535
18.06666666666591 0.0001451196042055747 -0.0001163020858040149
18.06944444444369 0.0001771569050504592 -5.115379308630552e-05
18.07222222222146 0.0001816419375454925 2.068618166729839e-05
18.07499999999924 0.0001583611057767319 8.814200041533332e-05
18.07777777777702 0.0001113446960990412 0.000140997649966911
18.08055555555479 4.817753571054286e-05 0.0001714435489783101
18.08333333333257 -2.122213336319142e-05 0.0001752281484369898
18.08611111111034 -8.615930339781082e-05 0.0001522451070282466
18.08888888888812 -0.0001368101443238241 0.0001064760958575997
18.0916666666659 -0.0001657073527075264 4.530944039679381e-05
18.09444444444367 -0.0001688384675958278 -2.164992374677375e-05
18.09722222222145 -0.0001461960520482916 -8.408785668552277e-05
18.09999999999923 -0.0001017055305434774 -0.0001325693202550053
18.102777777777 -4.255315321797702e-05 -0.0001599630638953739
18.10555555555478 2.197198761697578e-05 -0.0001624877445748884
18.10833333333256 8.193567037672152e-05 -0.0001402265073437426
18.11111111111033 0.0001282873699962778 -9.704131064437628e-05
18.11388888888811 0.0001542250173385039 -3.991147824913701e-05
18.11666666666589 0.0001561901120083699 2.219136704540161e-05
18.11944444444366 0.0001343481377617281 7.971102448280566e-05
18.12222222222144 9.249081082417895e-05 0.000123976372126621
18.12499999999921 3.73864061607963e-05 0.0001485070686342774
18.12777777777699 -2.231165877273123e-05 0.0001499589370869964
18.13055555555477 -7.742240176595977e-05 0.000128571683768438
18.13333333333254 -0.000119648221621463 8.806047643805693e-05
18.13611111111032 -0.0001428225335044096 3.497914832559236e-05
18.1388888888881 -0.0001438067804051457 -2.233695886216374e-05
18.14166666666587 -0.0001229069465456404 -7.50784210365286e-05
18.14444444444365 -8.375583697673247e-05 -0.0001153145634676376
18.14722222222143 -3.269017580155717e-05 -0.0001371841331440146
18.1499999999992 2.227180532941179e-05 -0.0001377453622512893
18.15277777777698 7.268777160031252e-05 -0.0001173627806715028
18.15555555555476 0.0001109867303678696 -7.958152595212576e-05
18.15833333333253 0.000131603945876088 -3.051926253627398e-05
18.16111111111031 0.000131785536327332 2.212111946694628e-05
18.16388888888808 0.0001119470940832087 7.025914949713831e-05
18.16666666666586 7.554130668747166e-05 0.0001066756849946862
18.16944444444364 2.846553211333462e-05 0.0001260933653111866
18.17222222222141 -2.189014655407849e-05 0.0001259372708030768
18.17499999999919 -6.780119612265029e-05 0.0001066668549532377
18.17777777777697 -0.0001023919671832002 7.16381034340081e-05
18.18055555555474 -0.0001206630651300292 2.652750736162931e-05
18.18333333333252 -0.0001202096365356238 -2.158439662098954e-05
18.1861111111103 -0.0001015281050538736 -6.532243976944655e-05
18.18888888888807 -6.787403721196067e-05 -9.814564637506338e-05
18.19166666666585 -2.470316214938916e-05 -0.0001153229705284078
18.19444444444363 2.120958589901996e-05 -0.0001146108022136054
18.1972222222214 6.283124056807236e-05 -9.653597913217942e-05
18.19999999999918 9.394627955616995e-05 -6.425046574630501e-05
18.20277777777696 0.0001100822362885177 -2.29899746951449e-05
18.20555555555473 0.0001091480361228556 2.077157954685111e-05
18.20833333333251 9.169472978385782e-05 6.033573923496308e-05
18.21111111111028 6.076802686540437e-05 8.980287485109342e-05
18.21388888888806 2.138498175331966e-05 0.0001049492313684117
18.21666666666584 -2.027633619539433e-05 0.0001038277141736012
18.21944444444361 -5.784380997894868e-05 8.700775727560491e-05
18.22222222222139 -8.57238608691701e-05 5.742668472189695e-05
18.22499999999917 -9.993152983555239e-05 1.988483305650022e-05
18.22777777777694 -9.865533378091024e-05 -1.972985480006127e-05
18.23055555555472 -8.247764374906033e-05 -5.536301784155877e-05
18.2333333333325 -5.42257782076167e-05 -8.171706182337519e-05
18.23611111111027 -1.848584543246581e-05 -9.503590790946248e-05
18.23888888888805 1.913812423325366e-05 -9.363553314929445e-05
18.24166666666583 5.290058068572453e-05 -7.810619122067897e-05
18.2444444444436 7.778967837864094e-05 -5.116407094555648e-05
18.24722222222138 9.026834682402647e-05 -1.718405605487373e-05
18.24999999999915 8.877211547895527e-05 1.850707599392847e-05
18.25277777777693 7.389446279060631e-05 5.046333597470459e-05
18.25555555555471 4.823980226615395e-05 7.394827412231406e-05
18.25833333333248 1.597527433271938e-05 8.563404117226158e-05
18.26111111111026 -1.78425403445803e-05 8.406807758797789e-05
18.26388888888804 -4.805771242472723e-05 6.984282647139429e-05
18.26666666666581 -7.019876749265283e-05 4.545073860233863e-05
18.26944444444359 -8.113741235622297e-05 1.485513199040694e-05
18.27222222222137 -7.952564242677982e-05 -1.715020613077511e-05
18.27499999999914 -6.595100106231554e-05 -4.568970654577923e-05
18.27777777777692 -4.27942247723067e-05 -6.654642894888068e-05
18.2805555555547 -1.381913094568908e-05 -7.678212673091676e-05
18.28333333333247 1.643558447519908e-05 -7.514629495276835e-05
18.28611111111025 4.336486403383762e-05 -6.221810350625213e-05
18.28888888888802 6.299588311969243e-05 -4.026723465858958e-05
18.2916666666658 7.257111800570768e-05 -1.286268864272658e-05
18.29444444444358 7.093082083187415e-05 1.570397647785034e-05
18.29722222222135 5.864269719309292e-05 4.108826591774226e-05
18.29999999999913 3.786642083205622e-05 5.955111562873121e-05
18.30277777777691 1.198118055700372e-05 6.850661344727992e-05
18.30555555555468 -1.496044500021289e-05 6.687934743807791e-05
18.30833333333246 -3.886451931736855e-05 5.522284069941666e-05
18.31111111111024 -5.621548425996673e-05 3.558816271867782e-05
18.31388888888801 -6.459016341735634e-05 1.116997963742509e-05
18.31666666666579 -6.299138663456767e-05 -1.420979055352169e-05
18.31944444444357 -5.195613648723732e-05 -3.669775262483173e-05
18.32222222222134 -3.342861295051328e-05 -5.299173410131148e-05
18.32499999999912 -1.042449251134631e-05 -6.082267377246166e-05
18.32777777777689 1.345653126261465e-05 -5.926587883699308e-05
18.33055555555467 3.459161488171511e-05 -4.883977912083069e-05
18.33333333333245 4.988201628279901e-05 -3.138374159378955e-05
18.33611111111022 5.720444065514174e-05 -9.740192324773359e-06
18.338888888888 5.570123788187277e-05 1.270488682944497e-05
18.34166666666578 4.587060260041103e-05 3.254927909151461e-05
18.34444444444355 2.944937799464281e-05 4.688790991235494e-05
18.34722222222133 9.112648144820297e-06 5.373518721256696e-05
18.34999999999911 -1.195876637815008e-05 5.229539624997597e-05
18.35277777777688 -3.057344917950909e-05 4.304512645252803e-05
18.35555555555466 -4.401044680388312e-05 2.762125003222635e-05
18.35833333333244 -5.04141017915306e-05 8.537550894265211e-06
18.36111111111021 -4.904585022507351e-05 -1.122176002545505e-05
18.36388888888799 -4.035960025913582e-05 -2.866637029149366e-05
18.36666666666576 -2.589502061571668e-05 -4.125013859052724e-05
18.36944444444354 -8.010735836112678e-06 -4.7239877175536e-05
18.37222222222132 1.04971339886069e-05 -4.594970460152549e-05
18.37499999999909 2.682984210434041e-05 -3.781004635261796e-05
18.37777777777687 3.860700581875414e-05 -2.42663213080751e-05
18.38055555555465 4.421075045150064e-05 -7.528201662441195e-06
18.38333333333242 4.300371659000855e-05 9.787829014410796e-06
18.3861111111102 3.539230044464523e-05 2.506523481431948e-05
18.38888888888798 2.273078300314297e-05 3.608060862677424e-05
18.39166666666575 7.08612628078768e-06 4.132454311808885e-05
18.39444444444353 -9.096461890472475e-06 4.020433860774185e-05
18.39722222222131 -2.337350746012337e-05 3.310205000221195e-05
18.39999999999908 -3.367007862402977e-05 2.128406362195271e-05
18.40277777777686 -3.857870107564547e-05 6.680879421039994e-06
18.40555555555463 -3.754775967715406e-05 -8.425329783399532e-06
18.40833333333241 -3.093487022353764e-05 -2.175522823962435e-05
18.41111111111019 -1.992187283382294e-05 -3.137415160357724e-05
18.41388888888796 -6.309032214893328e-06 -3.597033416742083e-05
18.41666666666574 7.776417133686906e-06 -3.50299451957192e-05
18.41944444444352 2.021059648212513e-05 -2.888625750707876e-05
18.42222222222129 2.919120073957402e-05 -1.863999384059346e-05
18.42499999999907 3.349625497345477e-05 -5.967363921669204e-06
18.42777777777685 3.264667487664711e-05 7.151404831967482e-06
18.43055555555462 2.695166034424978e-05 1.873946594592498e-05
18.4333333333324 1.743430229322604e-05 2.711926994424973e-05
18.43611111111018 5.652865993542427e-06 3.115301659095112e-05
18.43888888888795 -6.551681394083726e-06 3.039357869801838e-05
18.44166666666573 -1.734136912287372e-05 2.512650760109701e-05
18.4444444444435 -2.515610708302515e-05 1.630078243727647e-05
18.44722222222128 -2.893694916786388e-05 5.362743688410853e-06
18.44999999999906 -2.826617073267289e-05 -5.978355855994088e-06
18.45277777777683 -2.340623418659891e-05 -1.601554224576019e-05
18.45555555555461 -1.523554060683955e-05 -2.329919677257978e-05
18.45833333333239 -5.094415447090038e-06 -2.684419498958565e-05
18.46111111111016 5.432272111098148e-06 -2.625988076573578e-05
18.46388888888794 1.476095071205675e-05 -2.178630413397392e-05
18.46666666666572 2.154579251420642e-05 -1.423481620541574e-05
18.46944444444349 2.487074195078549e-05 -4.845510260043841e-06
18.47222222222127 2.437008363827598e-05 4.914024420765566e-06
18.47499999999905 2.026223114767779e-05 1.357631465637648e-05
18.47777777777682 1.329499032794324e-05 1.989294794259083e-05
18.4805555555546 4.613863250219163e-06 2.30124552761143e-05
18.48333333333238 -4.423973839172485e-06 2.259212628511422e-05
18.48611111111015 -1.246013442578246e-05 1.882959669083659e-05
18.48888888888793 -1.83375469979261e-05 1.241259219078832e-05
18.4916666666657 -2.12651073835915e-05 4.397509698893937e-06
18.49444444444348 -2.092135246208119e-05 -3.962265305363729e-06
18.49722222222126 -1.748406570809751e-05 -1.141071573322507e-05
18.49999999999903 -1.158430354414927e-05 -1.687633285767072e-05
18.50277777777681 -4.194677737771286e-06 -1.962440581311729e-05
