16.5 2.085858391744019e-07 -5.826402510333606e-08
16.50277777777778 2.173462096397737e-07 -5.287370710332073e-08
16.50555555555555 2.26192233157006e-07 -4.696651941898353e-08
16.50833333333333 2.351054305894427e-07 -4.052102515462859e-08
16.51111111111111 2.440657152897125e-07 -3.351583852730848e-08
16.51388888888888 2.530513363710644e-07 -2.592970177432265e-08
16.51666666666666 2.62038823601128e-07 -1.774156774457483e-08
16.51944444444444 2.710029342722423e-07 -8.930688309382432e-09
16.52222222222221 2.799166024223889e-07 5.232912823887084e-10
16.52499999999999 2.887508908031491e-07 1.064023199668843e-08
16.52777777777776 2.97474946011803e-07 2.143939446164725e-08
16.53055555555554 3.060559572268878e-07 3.293932619752873e-08
16.53333333333332 3.144591190069622e-07 4.515774257600414e-08
16.53611111111109 3.22647598633887e-07 5.811140147974665e-08
16.53888888888887 3.305825085018479e-07 7.181597165568652e-08
16.54166666666665 3.382228840739362e-07 8.62858947856925e-08
16.54444444444442 3.455256679467426e-07 1.015342413239535e-07
16.5472222222222 3.524457005821572e-07 1.175725601832656e-07
16.54999999999998 3.589357182829499e-07 1.344107223873094e-07
16.55277777777775 3.649463590045213e-07 1.52056758838605e-07
16.55555555555553 3.704261766105452e-07 1.70516692393633e-07
16.55833333333331 3.753216641928419e-07 1.897943644742861e-07
16.56111111111108 3.795772870877252e-07 2.098912564907604e-07
16.56388888888886 3.831355262302957e-07 2.308063063925565e-07
16.56666666666663 3.859369324954581e-07 2.525357207159744e-07
16.56944444444441 3.879201926791478e-07 2.750727825432895e-07
16.57222222222219 3.89022207775708e-07 2.984076558428041e-07
16.57499999999996 3.891781842063378e-07 3.22527186712039e-07
16.57777777777774 3.883217386495265e-07 3.474147021049241e-07
16.58055555555552 3.863850171176709e-07 3.730498066792583e-07
16.58333333333329 3.832988289125503e-07 3.994081784638414e-07
16.58611111111107 3.789927960777115e-07 4.264613641052271e-07
16.58888888888885 3.733955189468661e-07 4.541765745184426e-07
16.59166666666662 3.664347583637967e-07 4.825164818302493e-07
16.5944444444444 3.580376351214539e-07 5.114390185708356e-07
16.59722222222218 3.481308471338423e-07 5.408971801362184e-07
16.59999999999995 3.366409048183594e-07 5.708388316109608e-07
16.60277777777773 3.234943851191637e-07 6.012065201107707e-07
16.6055555555555 3.086182045551829e-07 6.319372938718798e-07
16.60833333333328 2.919399116214039e-07 6.629625293803257e-07
16.61111111111106 2.733879988076985e-07 6.942077679061706e-07
16.61388888888883 2.528922344352227e-07 7.255925628691563e-07
16.61666666666661 2.303840144330118e-07 7.570303395312418e-07
16.61944444444439 2.057967340992853e-07 7.884282685713962e-07
16.62222222222216 1.790661798009491e-07 8.196871551617202e-07
16.62499999999994 1.501309404727215e-07 8.507013452190086e-07
16.62777777777772 1.18932838674379e-07 8.813586505622418e-07
16.63055555555549 8.541738085311528e-08 9.115402947564555e-07
16.63333333333327 4.953422634902093e-08 9.411208814677206e-07
16.63611111111105 1.123767454732292e-08 9.699683871974483e-07
16.63888888888882 -2.95128305376329e-08 9.979441802961589e-07
16.6416666666666 -7.2752179108996e-08 1.024903068186861e-06
16.64444444444437 -1.185090588643981e-07 1.050693374748572e-06
16.64722222222215 -1.668054038589071e-07 1.075157049823573e-06
16.64999999999993 -2.17655830264262e-07 1.09812981281705e-06
16.6527777777777 -2.710670604996277e-07 1.119441332351698e-06
16.65555555555548 -3.270373373783557e-07 1.138915443926785e-06
16.65833333333326 -3.855558300931442e-07 1.156370407502936e-06
16.66111111111103 -4.466020340343404e-07 1.171619206899008e-06
16.66388888888881 -5.101451666333745e-07 1.184469892834803e-06
16.66666666666659 -5.761435615970684e-07 1.194725971392979e-06
16.66944444444436 -6.44544064103422e-07 1.202186839594678e-06
16.67222222222214 -7.152814297125704e-07 1.20664826969294e-06
16.67499999999992 -7.882777299515306e-07 1.207902943680857e-06
16.67777777777769 -8.63441767720424e-07 1.205741039387928e-06
16.68055555555547 -9.40668505866118e-07 1.199950869400908e-06
16.68333333333324 -1.01983851246725e-06 1.190319573884614e-06
16.68611111111102 -1.100817426559219e-06 1.176633868209042e-06
16.6888888888888 -1.183455448224464e-06 1.158680846090127e-06
16.69166666666657 -1.267586857148327e-06 1.136248838746596e-06
16.69444444444435 -1.35302956392486e-06 1.109128330337288e-06
16.69722222222213 -1.43958469856092e-06 1.077112929699106e-06
16.6999999999999 -1.527036240784463e-06 1.040000398134308e-06
16.70277777777768 -1.615150696920647e-06 9.975937327016646e-07
16.70555555555546 -1.703676828222492e-06 9.497023041628582e-07
16.70833333333323 -1.792345435672114e-06 8.961430484025322e-07
16.71111111111101 -1.880869206368167e-06 8.367417097929311e-07
16.71388888888879 -1.968942626707952e-06 7.71334134602032e-07
16.71666666666656 -2.056241967628774e-06 6.997676121642116e-07
16.71944444444434 -2.142425347226832e-06 6.219022611218837e-07
16.72222222222211 -2.227132876085259e-06 5.376124576253149e-07
16.72499999999989 -2.309986890641001e-06 4.467883019403435e-07
16.72777777777767 -2.390592279881356e-06 3.493371194593647e-07
16.73055555555544 -2.468536910601526e-06 2.45184991641248e-07
16.73333333333322 -2.543392156352292e-06 1.34278311928135e-07
16.736111111111 -2.614713535081882e-06 1.658536118939212e-08
16.73888888888877 -2.682041460301671e-06 -1.079021032477597e-07
16.74166666666655 -2.744902110407645e-06 -2.391672514421221e-07
16.74444444444433 -2.802808420536654e-06 -3.771665845150975e-07
16.7472222222221 -2.855261201056927e-06 -5.218283456518135e-07
16.74999999999988 -2.901750386454762e-06 -6.730509464103621e-07
16.75277777777766 -2.941756418009993e-06 -8.30701416862999e-07
16.75555555555543 -2.974751763225852e-06 -9.946138885597782e-07
16.75833333333321 -3.000202574514922e-06 -1.164588119842755e-06
16.76111111111098 -3.017570489119458e-06 -1.34038807348539e-06
16.76388888888876 -3.026314571681305e-06 -1.521740557119484e-06
16.76666666666654 -3.025893400256018e-06 -1.708333937342755e-06
16.76944444444431 -3.015767295901892e-06 -1.899816938822296e-06
16.77222222222209 -2.995400695247256e-06 -2.095797540114395e-06
16.77499999999987 -2.964264664682168e-06 -2.295841978245933e-06
16.77777777777764 -2.921839553991267e-06 -2.499473874450006e-06
16.78055555555542 -2.867617786378655e-06 -2.706173493714491e-06
16.7833333333332 -2.801106780924149e-06 -2.915377151015816e-06
16.78611111111097 -2.721832002538699e-06 -3.12647677730833e-06
16.78888888888875 -2.629340133485824e-06 -3.338819658436287e-06
16.79166666666653 -2.523202359482465e-06 -3.551708360198675e-06
16.7944444444443 -2.403017762305144e-06 -3.764400852782011e-06
16.79722222222208 -2.268416809700909e-06 -3.976110847684825e-06
16.79999999999986 -2.119064932245092e-06 -4.18600836009842e-06
16.80277777777763 -1.954666175600731e-06 -4.393220509454046e-06
16.80555555555541 -1.774966915421749e-06 -4.596832570518757e-06
16.80833333333318 -1.579759620930191e-06 -4.795889286976506e-06
16.81111111111096 -1.368886651924264e-06 -4.989396458934258e-06
16.81388888888874 -1.142244072771423e-06 -5.176322815130569e-06
16.81666666666651 -8.997854656448615e-07 -5.35560217992883e-06
16.81944444444429 -6.415257240636735e-07 -5.526135944305964e-06
16.82222222222207 -3.675448065586356e-07 -5.686795849113481e-06
16.82499999999984 -7.799142906740528e-08 -5.836427087817212e-06
16.82777777777762 2.269133264693588e-07 -5.973851734733854e-06
16.8305555555554 5.468725109971199e-07 -6.097872503482924e-06
16.83333333333317 8.815099394622608e-07 -6.207276838952295e-06
16.83611111111095 1.230366979908061e-06 -6.300841344527115e-06
16.83888888888873 1.592899527279727e-06 -6.377336544677225e-06
16.8416666666665 1.968475189448253e-06 -6.435531981207335e-06
16.84444444444428 2.356370713840476e-06 -6.474201639582357e-06
16.84722222222205 2.755769683595562e-06 -6.492129699722271e-06
16.84999999999983 3.165760512817951e-06 -6.488116603538067e-06
16.85277777777761 3.585334770837944e-06 -6.460985429246302e-06
16.85555555555538 4.013385865710044e-06 -6.40958856016812e-06
16.85833333333316 4.448708117252536e-06 -6.33281463329416e-06
16.86111111111094 4.889996249940126e-06 -6.229595750377433e-06
16.86388888888871 5.335845335704525e-06 -6.098914931723305e-06
16.86666666666649 5.784751216303595e-06 -5.93981379019055e-06
16.86944444444427 6.235111434301005e-06 -5.751400400200537e-06
16.87222222222204 6.685226700918316e-06 -5.532857333773457e-06
16.87499999999982 7.133302927948796e-06 -5.283449832831845e-06
16.8777777777776 7.577453849678035e-06 -5.002534084199128e-06
16.88055555555537 8.015704259262048e-06 -4.689565560893823e-06
16.88333333333315 8.445993882264518e-06 -4.344107390535004e-06
16.88611111111092 8.866181908045225e-06 -3.965838708917859e-06
16.8888888888887 9.274052197474348e-06 -3.554562954076451e-06
16.89166666666648 9.667319182882348e-06 -3.110216053560624e-06
16.89444444444425 1.004363447341858e-05 -2.632874455072058e-06
16.89722222222203 1.040059417591992e-05 -2.122762948180546e-06
16.89999999999981 1.073574693806669e-05 -1.580262222613531e-06
16.90277777777758 1.104660271705175e-05 -1.005916106391496e-06
16.90555555555536 1.133064227311565e-05 -4.004384252332707e-07
16.90833333333314 1.158532738320565e-05 2.352805770828809e-07
16.91111111111091 1.180811176567786e-05 9.001683192435539e-07
16.91388888888869 1.199645270235501e-05 1.592964526797076e-06
16.91666666666647 1.214782333943457e-05 2.312216504397084e-06
16.91944444444424 1.22597256437132e-05 3.056275100404867e-06
16.92222222222202 1.232970398534867e-05 3.823291428717916e-06
16.92499999999979 1.235535931298192e-05 4.611214412483905e-06
16.92777777777757 1.233436388144955e-05 5.417789213963977e-06
16.93055555555535 1.226447648663912e-05 6.240556613799893e-06
16.93333333333312 1.214355815619286e-05 7.076853401680602e-06
16.9361111111109 1.196958823891681e-05 7.923813838483634e-06
16.93888888888868 1.174068082975753e-05 8.778372247793148e-06
16.94166666666645 1.14551014613311e-05 9.637266791751491e-06
16.94444444444423 1.111128398698441e-05 1.049704448303618e-05
16.94722222222201 1.070784757456978e-05 1.135406748079364e-05
16.94999999999978 1.024361372432039e-05 1.220452071402607e-05
16.95277777777756 9.717623218606247e-06 1.304442087099558e-05
16.95555555555534 9.129152905979579e-06 1.386962678763928e-05
16.95833333333311 8.477732216653334e-06 1.467585126206274e-05
16.96111111111089 7.763159301791363e-06 1.545867431540253e-05
16.96388888888866 6.985516684331229e-06 1.621355791232521e-05
16.96666666666644 6.145186305039577e-06 1.693586214657918e-05
16.96944444444422 5.242863843672448e-06 1.762086288888732e-05
16.97222222222199 4.279572192026081e-06 1.826377088560181e-05
16.97499999999977 3.256673952941948e-06 1.885975228735799e-05
16.97777777777755 2.175882837366224e-06 1.940395057718089e-05
16.98055555555532 1.039273830111104e-06 1.989150985739621e-05
16.9833333333331 -1.50708005568659e-07 2.03175994440843e-05
16.98611111111088 -1.391240214570291e-06 2.067743970697776e-05
16.98888888888865 -2.679117256440927e-06 2.096632908139993e-05
16.99166666666643 -4.010746559137276e-06 2.117967216746666e-05
16.99444444444421 -5.382146444250467e-06 2.131300882002605e-05
16.99722222222198 -6.788946044662429e-06 2.136204412108356e-05
16.99999999999976 -8.226387330669314e-06 2.132267911455035e-05
17.00277777777753 -9.689329355102159e-06 2.119104217134048e-05
17.00555555555531 -1.11722548211606e-05 2.096352084106601e-05
17.00833333333309 -1.266927906897398e-05 2.063679403501247e-05
17.01111111111086 -1.417416156798702e-05 2.020786437371842e-05
17.01388888888864 -1.568031999219571e-05 1.96740905215829e-05
17.01666666666642 -1.718084694432669e-05 1.903321932030842e-05
17.01944444444419 -1.866852938269063e-05 1.828341752309373e-05
17.02222222222197 -2.013587079113276e-05 1.742330292217905e-05
17.02499999999975 -2.157511611837422e-05 1.645197465359042e-05
17.02777777777752 -2.297827949711208e-05 1.53690424555701e-05
17.0305555555553 -2.433717473736864e-05 1.417465464998817e-05
17.03333333333308 -2.564344857065313e-05 1.286952461075653e-05
17.03611111111085 -2.688861660349331e-05 1.145495547848916e-05
17.03888888888863 -2.806410191955408e-05 9.932862877584144e-06
17.0416666666664 -2.916127624969066e-05 8.305795389917135e-06
17.04444444444418 -3.017150360855289e-05 6.576952539171022e-06
17.04722222222196 -3.108618627518055e-05 4.750200040957316e-06
17.04999999999973 -3.189681297339081e-05 2.830082076607945e-06
17.05277777777751 -3.259500908550783e-05 8.218303535822312e-07
17.05555555555529 -3.317258871088432e-05 -1.268630278592119e-06
17.05833333333306 -3.362160835809143e-05 -3.4346798790904e-06
17.06111111111084 -3.393442203742211e-05 -5.669005345537888e-06
17.06388888888862 -3.410373749812919e-05 -7.96360642235637e-06
17.06666666666639 -3.412267333308116e-05 -1.030980597328208e-05
17.06944444444417 -3.398481665228347e-05 -1.269826468660315e-05
17.07222222222195 -3.368428100619047e-05 -1.511900036377343e-05
17.07499999999972 -3.321576422016665e-05 -1.756141192076708e-05
17.0777777777775 -3.257460578292159e-05 -2.001430820928571e-05
17.08055555555528 -3.175684341458834e-05 -2.246594173977923e-05
17.08333333333305 -3.075926842438148e-05 -2.490404736174235e-05
17.08611111111083 -2.957947945374133e-05 -2.731588592790112e-05
17.0888888888886 -2.821593418889345e-05 -2.968829293826137e-05
17.09166666666638 -2.666799861647848e-05 -3.200773212801131e-05
17.09444444444416 -2.493599338849245e-05 -3.42603539289332e-05
17.09722222222193 -2.302123685718876e-05 -3.643205869898078e-05
17.09999999999971 -2.092608433848317e-05 -3.850856457749734e-05
17.10277777777749 -1.865396316199067e-05 -4.047547978628056e-05
17.10555555555526 -1.620940306995714e-05 -4.231837915719526e-05
17.10833333333304 -1.359806153290503e-05 -4.40228846281673e-05
17.11111111111082 -1.082674356027726e-05 -4.557474940887995e-05
17.11388888888859 -7.903415597236591e-06 -4.695994547747039e-05
17.11666666666637 -4.837213115413471e-06 -4.816475402935121e-05
17.11944444444415 -1.638441526083632e-06 -4.917585845924403e-05
17.12222222222192 1.681429931936054e-06 -4.998043941843405e-05
17.1249999999997 5.109781649607753e-06 -5.056627145088869e-05
17.12777777777747 8.632864738156237e-06 -5.092182067488485e-05
17.13055555555525 1.223583000596506e-05 -5.103634294145869e-05
17.13333333333303 1.590276503560286e-05 -5.089998186754655e-05
17.1361111111108 1.961673953205172e-05 -5.050386611065186e-05
17.13888888888858 2.335985906736855e-05 -4.98402052234469e-05
17.14166666666636 2.711332729672862e-05 -4.8902383401431e-05
17.14444444444413 3.085751666832734e-05 -4.768505041484744e-05
17.14722222222191 3.457204759372174e-05 -4.61842089977144e-05
17.14999999999969 3.823587598558774e-05 -4.439729795320814e-05
17.15277777777746 4.182738900988222e-05 -4.23232702243161e-05
17.15555555555524 4.532450883418575e-05 -3.996266517469309e-05
17.15833333333302 4.870480408995595e-05 -3.731767432402082e-05
17.16111111111079 5.194560869830342e-05 -3.439219978836443e-05
17.16388888888857 5.50241476411648e-05 -3.119190468701748e-05
17.16666666666634 5.791766919090565e-05 -2.772425479420211e-05
17.16944444444412 6.060358304212454e-05 -2.399855073724377e-05
17.1722222222219 6.305960372050784e-05 -2.002595007233022e-05
17.17499999999967 6.52638985759421e-05 -1.581947860404501e-05
17.17777777777745 6.719523959994275e-05 -1.139403035762874e-05
17.18055555555523 6.883315824308547e-05 -6.766355660922977e-06
17.183333333333 7.015810234566623e-05 -1.955036848377448e-06
17.18611111111078 7.115159423587411e-05 3.019548839681814e-06
17.18888888888856 7.179638899415304e-05 8.135279520376572e-06
17.19166666666633 7.207663183168179e-05 1.3368352380235e-05
17.19444444444411 7.197801348456795e-05 1.869336103931828e-05
17.19722222222189 7.148792248509275e-05 2.408338668844301e-05
17.19999999999966 7.059559313693483e-05 2.951010302760433e-05
17.20277777777744 6.929224799384708e-05 3.49438949393215e-05
17.20555555555521 6.757123362133078e-05 4.035399072955398e-05
17.20833333333299 6.542814840817186e-05 4.570860766650537e-05
17.21111111111077 6.286096119168299e-05 5.09751104380863e-05
17.21388888888854 5.987011946469275e-05 5.612018204128791e-05
17.21666666666632 5.645864594801873e-05 6.111000650226082e-05
17.2194444444441 5.26322223346572e-05 6.591046271549343e-05
17.22222222222187 4.839925904853072e-05 7.048732857352274e-05
17.22499999999965 4.377094990267513e-05 7.48064944487532e-05
17.22777777777743 3.87613105988658e-05 7.883418497445166e-05
17.2305555555552 3.338720007537772e-05 8.253718796366481e-05
17.23333333333298 2.766832378666921e-05 8.588308919770019e-05
17.23611111111076 2.16272180850403e-05 8.884051171410421e-05
17.23888888888853 1.528921497349336e-05 9.137935812616126e-05
17.24166666666631 8.682386604593404e-06 9.347105441619152e-05
17.24444444444408 1.837469021486791e-06 9.508879356003457e-05
17.24722222222186 -5.21223523858019e-06 9.620777726609014e-05
17.24999999999964 -1.24309759189853e-05 9.680545404541015e-05
17.25277777777741 -1.978069529251157e-05 9.686175177405258e-05
17.25555555555519 -2.722118982809445e-05 9.635930286438874e-05
17.25833333333297 -3.471029305790701e-05 9.528366012985019e-05
17.26111111111074 -4.220407926244742e-05 9.362350140834896e-05
17.26388888888852 -4.965708741946724e-05 9.137082100429375e-05
17.2666666666663 -5.702256468710337e-05 8.85211060186575e-05
17.26944444444407 -6.425272851555486e-05 8.507349566037562e-05
17.27222222222185 -7.129904629912466e-05 8.103092167407082e-05
17.27499999999963 -7.811253130478187e-05 7.640022807403545e-05
17.2777777777774 -8.464405343189671e-05 7.119226844936906e-05
17.28055555555518 -9.084466318443105e-05 6.542197919425863e-05
17.28333333333295 -9.666592706466322e-05 5.910842712548096e-05
17.28611111111073 -0.0001020602724331655 5.227483007258396e-05
17.28888888888851 -0.0001069813397214155 4.494854916793752e-05
17.29166666666628 -0.0001113843397353224 3.716105172087809e-05
17.29444444444406 -0.0001152264136499254 2.89478437344165e-05
17.29722222222184 -0.000118466993170908 2.034837131056856e-05
17.29999999999961 -0.0001210681582265281 1.140589039609931e-05
17.30277777777739 -0.0001229949894591026 2.167304534669057e-06
17.30555555555517 -0.0001242159127058249 -7.317029475326318e-06
17.30833333333294 -0.0001247030325999008 -1.699352787975028e-05
17.31111111111072 -0.0001244324523829128 -2.680563783526413e-05
17.3138888888885 -0.0001233845770009758 -3.669412619461289e-05
17.31666666666627 -0.0001215443965618326 -4.659739829563492e-05
17.31944444444405 -0.0001189017472567501 -5.645184557237595e-05
17.32222222222182 -0.0001154515469046052 -6.619222052708057e-05
17.3249999999996 -0.000111194002350589 -7.575203733662518e-05
17.32777777777738 -0.000106134786056954 -8.5063996087755e-05
17.33055555555515 -0.000100285179349809 -9.406042837381999e-05
17.33333333333293 -9.366217994223364e-05 -0.0001026737617210456
17.33611111111071 -8.628857153427639e-05 -0.0001108370000617952
17.33888888888848 -7.819295349632434e-05 -0.0001184842172321878
17.34166666666626 -6.94097288746678e-05 -0.000125551060243874
17.34444444444404 -5.997904921503792e-05 -0.0001319752588697527
17.34722222222181 -4.994671497568719e-05 -0.0001376971378948963
17.34999999999959 -3.936403060846375e-05 -0.0001426601282110132
17.35277777777737 -2.828761370202168e-05 -0.0001468112727913349
17.35555555555514 -1.677915792809139e-05 -0.0001501017234606322
17.35833333333292 -4.905149883356418e-06 -0.0001524872242871074
17.3611111111107 7.263459705536666e-06 -0.0001539285773613056
17.36388888888847 1.965162956198272e-05 -0.0001543920867002012
17.36666666666625 3.218064498558085e-05 -0.0001538499760213955
17.36944444444402 4.476857687862654e-05 -0.0001522807761738325
17.3722222222218 5.733078063294971e-05 -0.0001496696780906594
17.37499999999958 6.97804324319051e-05 -0.0001460088472456688
17.37777777777735 8.202910012285345e-05 -0.0001412976957507771
17.38055555555513 9.39873454311165e-05 -0.0001355431084234063
17.38333333333291 0.0001055653539003087 -0.0001287596193867083
17.38611111111068 0.000116673588582989 -0.0001209695360353044
17.38888888888846 0.0001272234631605354 -0.0001122030075059276
17.39166666666624 0.00013712802984383 -0.000102498035139359
17.39444444444401 0.0001463026771110377 -9.190042279933922e-05
17.39722222222179 0.0001546658320727567 -8.046366532467367e-05
17.39999999999957 0.0001621396620164461 -6.824877383977867e-05
17.40277777777734 0.00016865076948872 -5.532403711744273e-05
17.40555555555512 0.0001741308751140444 -4.176471869039974e-05
17.40833333333289 0.0001785174822371774 -2.76526899246276e-05
17.41111111111067 0.0001817545174064403 -1.307599981210282e-05
17.41388888888845 0.0001837929406976817 1.8716172084799e-06
17.41666666666622 0.000184591319909554 1.709129352873339e-05
17.419444444444 0.0001841163627450059 3.247963829859402e-05
17.42222222222178 0.0001823434012326328 4.792940198809929e-05
17.42499999999955 0.0001792568228341322 6.333019199996111e-05
17.42777777777733 0.0001748504429340554 7.856923518427956e-05
17.43055555555511 0.000169127813711083 9.353218257241885e-05
17.43333333333288 0.0001621024647503746 0.0001081039511152366
17.43611111111066 0.0001537980711702979 0.0001221695967150829
17.43888888888844 0.0001442485455029782 0.000135615212373446
17.44166666666621 0.0001334980500837544 0.0001483288448462799
17.44444444444399 0.0001216009272708956 0.0001602014228070956
17.44722222222176 0.0001086215454232649 0.0001711276891792038
17.44999999999954 9.463405921876299e-05 0.0001810071300032483
17.45277777777732 7.972208357461085e-05 0.0001897448919799329
17.45555555555509 6.397828115877237e-05 0.0001972526806470444
17.45833333333287 4.750386421793451e-05 0.0002034496310490435
17.46111111111065 3.040801221703595e-05 0.0002082631427144705
17.46388888888842 1.280720756799707e-05 0.0002116296707890406
17.4666666666662 -5.175507496592696e-06 0.0002134954652806642
17.46944444444398 -2.34113490459822e-05 0.0002138172505512211
17.47222222222175 -4.176667994288138e-05 0.0002125628374517609
17.47499999999953 -6.010396329720159e-05 0.0002097116608325524
17.47777777777731 -7.828277473515511e-05 0.0002052552355736056
17.48055555555508 -9.616086661408566e-05 0.0001991975247712054
17.48333333333286 -0.0001135952766305062 0.000191555214282392
17.48611111111063 -0.0001304434726397091 0.0001823578884635051
17.48888888888841 -0.000146564524908652 0.0001716481026494917
17.49166666666619 -0.0001618202965103178 0.0001594813486868095
17.49444444444396 -0.0001760766420987926 0.0001459259106691547
17.49722222222174 -0.000189204604924281 0.0001310626089095013
17.49999999999952 -0.0002010816016432601 0.0001149844311125921
17.50277777777729 -0.0002115925842513475 9.779605069573461e-05
17.50555555555507 -0.000220631168344581 7.961323320681172e-05
17.50833333333285 -0.0002281007168760731 6.056213282596353e-05
17.51111111111062 -0.0002339153686386968 4.077848199138126e-05
17.5138888888884 -0.0002380010008740168 2.040667823817724e-05
17.51666666666618 -0.0002402961156729217 -4.012265932526181e-07
17.51944444444395 -0.0002407526402124647 -2.148662859473344e-05
17.52222222222173 -0.000239336631349991 -4.268555826235421e-05
17.5249999999995 -0.0002360288756808158 -6.382994300878788e-05
17.52777777777728 -0.0002308253768523969 -8.474893658257249e-05
17.53055555555506 -0.0002237377227097345 -0.0001052703053855301
17.53333333333283 -0.00021479332573312 -0.0001252218608372679
17.53611111111061 -0.0002040355311904529 -0.0001444329262253629
17.53888888888839 -0.0001915235884871532 -0.000162735825793841
17.54166666666616 -0.000177332482323597 -0.0001799673832738983
17.54444444444394 -0.0001615526214625828 -0.0001959704166041519
17.54722222222172 -0.0001442893841720271 -0.0002105952152295708
17.54999999999949 -0.000125662520706284 -0.0002237009861477961
17.55277777777727 -0.0001058054145285467 -0.0002351572547655754
17.55555555555505 -8.486420535012869e-05 -0.0002448452066487387
17.55833333333282 -6.2996778429444e-05 -0.0002526589564165322
17.5611111111106 -4.03716259560279e-05 -0.000258506730322108
17.56388888888837 -1.716658771075274e-05 -0.0002623119494959777
17.56666666666615 6.432520478037943e-06 -0.0002640142014049594
17.56944444444393 3.023338066841621e-05 -0.0002635700877877515
17.5722222222217 5.403873807101463e-05 -0.0002609539381744185
17.57499999999948 7.764804544161331e-05 -0.0002561583790729831
17.57777777777726 0.0001008591732933641 -0.0002491947500067593
17.58055555555503 0.0001234701716456528 -0.0002400933588082296
17.58333333333281 0.0001452810681662617 -0.0002289035698980965
17.58611111111059 0.0001660956867881561 -0.0002156937207148491
17.58888888888836 0.0001857234702884966 -0.0002005508629713052
17.59166666666614 0.0002039812898350841 -0.0001835803270110004
17.59444444444392 0.0002206952241909696 -0.0001649051091921841
17.59722222222169 0.0002357022911114386 -0.0001446650839306327
17.59999999999947 0.0002488521134791126 -0.000123016043768851
17.60277777777724 0.0002600085029081338 -0.0001001285725917633
17.60555555555502 0.0002690509439161776 -7.618675884477434e-05
17.6083333333328 0.0002758759622891267 -5.138675736540121e-05
17.61111111111057 0.0002803983619980079 -2.593521009931665e-05
17.61388888888835 0.0002825523159095641 -4.753762539989142e-08
17.61666666666613 0.0002822922966017663 2.605388502843447e-05
17.6194444444439 0.0002795938348280172 5.214165334015279e-05
17.62222222222168 0.0002744540945617656 7.798534271607696e-05
17.62499999999946 0.0002668922550932891 0.0001033535848529333
17.62777777777723 0.000256949692325684 0.0001280161924305102
17.63055555555501 0.0002446899532140091 0.000151746312604892
17.63333333333279 0.0002301985192024973 0.0001743225890136135
17.63611111111056 0.0002135823565102785 0.0001955313114519984
17.63888888888834 0.0001949692531909685 0.0002151685320075656
17.64166666666612 0.0001745069450165629 0.0002330421262842578
17.64444444444389 0.0001523620343948217 0.0002489737784039315
17.64722222222167 0.0001287187087094031 0.0002628008687424024
17.64999999999944 0.00010377726661041 0.0002743782438715611
17.65277777777722 7.775246294489475e-05 0.0002835798488771086
17.655555555555 5.087168504573096e-05 0.0002903002031918033
17.65833333333277 2.337297511681871e-05 0.0002944557022265836
17.66111111111055 -4.497084667375412e-06 0.0002959857284652399
17.66388888888833 -3.248560599168269e-05 0.0002948535572672479
17.6666666666661 -6.033572716789216e-05 0.0002910470443853492
17.66944444444388 -8.778902341466005e-05 0.0002845790841564629
17.67222222222166 -0.0001145879719853654 0.0002754878294298458
17.67499999999943 -0.0001404784484157039 0.0002638366665498829
17.67777777777721 -0.000165212229366966 0.0002497139410785867
17.68055555555499 -0.000188549476921451 0.0002332324324334182
17.68333333333276 -0.0002102611789091121 0.0002145285781438204
17.68611111111054 -0.000230131519722352 0.0001937614510570401
17.68888888888831 -0.0002479601563088831 0.0001711114954348592
17.69166666666609 -0.0002635643744934334 0.0001467790305071973
17.69444444444387 -0.0002767811015143412 0.0001209825326563538
17.69722222222164 -0.0002874687517031657 9.395670990336982e-05
17.69999999999942 -0.0002955088834919151 6.595038485651698e-05
17.7027777777772 -0.0003008076475117879 3.722420455208886e-05
17.70555555555497 -0.0003032970073234391 8.04819782652701e-06
17.70833333333275 -0.0003029357163623041 -2.130079713561652e-05
17.71111111111053 -0.0002997100369421482 -5.0541810669935e-05
17.7138888888883 -0.0002936341896094225 -7.93924988842211e-05
17.71666666666608 -0.0002847505237796707 -0.0001075719529739876
17.71944444444386 -0.0002731294033757394 -0.0001348035321888858
17.72222222222163 -0.0002588688040969454 -0.0001608176912901742
17.72499999999941 -0.0002420936219641057 -0.0001853547728395626
17.72777777777718 -0.0002229546958662438 -0.0002081677345048762
17.73055555555496 -0.0002016275499239355 -0.0002290247817530945
17.73333333333274 -0.0001783108646239285 -0.0002477118767415845
17.73611111111051 -0.0001532246887194119 -0.000264035095081989
17.73888888888829 -0.0001266084069172126 -0.0002778228032613193
17.74166666666607 -9.87184812610408e-05 -0.0002889276309853719
17.74444444444384 -6.982598685664102e-05 -0.0002972282144919741
17.74722222222162 -4.021396520295803e-05 -0.0003026306889388077
17.7499999999994 -1.017462072261193e-05 -0.0003050699103504703
17.75277777777717 1.999361175506425e-05 -0.0003045103902136787
17.75555555555495 4.998909893216117e-05 -0.0003009469286736191
17.75833333333273 7.951010926017655e-05 -0.0002944049353491073
17.7611111111105 0.0001082579489562888 -0.0002849404300300729
17.76388888888828 0.0001359401005150097 -0.0002726397189115458
17.76666666666605 0.0001622733297987694 -0.0002576187455209963
17.76944444444383 0.0001869867276303452 -0.0002400221190705904
17.77222222222161 0.0002098246520032897 -0.0002200218265727278
17.77499999999938 0.0002305495376082955 -0.0001978156386566321
17.77777777777716 0.0002489445403430115 -0.0001736252225720159
17.78055555555494 0.0002648159858193627 -0.0001476939793292901
17.78333333333271 0.0002779955926128643 -0.0001202846252491623
17.78611111111049 0.0002883424430874235 -9.167654134089399e-05
17.78888888888827 0.0002957446770526032 -6.216291688342376e-05
17.79166666666604 0.0003001208862787021 -3.204771624386747e-05
17.79444444444382 0.0003014211909334885 -1.642500396777301e-06
17.7972222222216 0.0002996279823340725 2.873686334669711e-05
17.79999999999937 0.0002947563199514097 5.877356813751725e-05
17.80277777777715 0.0002868539743561141 8.815327432737246e-05
17.80555555555492 0.0002760011116949844 0.0001165675185969281
17.8083333333327 0.0002623096193042378 0.0001437170874022752
17.81111111111048 0.0002459220761404475 0.000169315316583155
17.81388888888825 0.0002270103758219211 0.0001930912792965398
17.81666666666603 0.00020577401412838 0.0002147928252677544
17.81944444444381 0.0001824380568296702 0.0002341894355405287
17.82222222222158 0.0001572508075416979 0.0002510748586345278
17.82499999999936 0.0001304811990580867 0.0002652694960500665
17.82777777777714 0.0001024159350194407 0.0002766225076217233
17.83055555555491 7.335641204802112e-05 0.0002850136100553895
17.83333333333269 4.361545532560475e-05 0.0002903545452567973
17.83611111111047 1.351390318275122e-05 0.0002925901985952391
17.83888888888824 -1.662292159936933e-05 0.000291699351103433
17.84166666666602 -4.646881429750529e-05 0.0002876950536906682
17.84444444444379 -7.570032381077104e-05 0.0002806246157318557
17.84722222222157 -0.0001040003796601561 0.0002705692048237562
17.84999999999935 -0.000131061868485785 0.0002576430590233378
17.85277777777712 -0.000156591118216545 0.0002419923174554899
17.8555555555549 -0.0001803112487582918 0.0002237934797303801
17.85833333333268 -0.0002019653491841504 0.0002032515091008558
17.86111111111045 -0.0002213194430489713 0.0001805975986639937
17.86388888888823 -0.0002381652055983843 0.0001560866240806599
17.86666666666601 -0.0002523223992026914 0.0001299943102646531
17.86944444444378 -0.00026364099639646 0.0001026141431460852
17.87222222222156 -0.0002720029633279157 7.425406095666919e-05
17.87499999999934 -0.0002773236802249511 4.523296245001167e-05
17.87777777777711 -0.0002795529796232312 1.587707199340504e-05
17.88055555555489 -0.0002786757875089527 -1.348379643665151e-05
17.88333333333266 -0.0002747123571778553 -4.252003275261654e-05
17.88611111111044 -0.0002677180904277173 -7.090603705242688e-05
17.88888888888822 -0.0002577829456432881 -9.832399349415911e-05
17.89166666666599 -0.0002450304373266334 -0.0001244675665401713
17.89444444444377 -0.00022961623661807 -0.000149045474929631
17.89722222222155 -0.0002117263872824426 -0.0001717848998595548
17.89999999999932 -0.0001915751564285557 -0.0001924346855412607
17.9027777777771 -0.0001694025438400925 -0.0002107682924987165
17.90555555555488 -0.000145471478149305 -0.0002265864667053292
17.90833333333265 -0.0001200647321367439 -0.0002397195908591693
17.91111111111043 -9.348159311394258e-05 -0.0002500296877643576
17.91388888888821 -6.603432762719849e-05 -0.0002574120498441321
17.91666666666598 -3.80444825173605e-05 -0.0002617964732510637
17.91944444444376 -9.839066682385366e-06 -0.0002631480797753058
17.92222222222154 1.825334034348275e-05 -0.0002614677147467808
17.92499999999931 4.590650567286515e-05 -0.0002567919143119178
17.92777777777709 7.280043827538808e-05 -0.0002491924407792761
17.93055555555486 9.862521415992918e-05 -0.0002387753901011806
17.93333333333264 0.0001230846841636477 -0.0002256798809252135
17.93611111111042 0.0001459000181789571 -0.0002100763399384622
17.93888888888819 0.0001668130414408995 -0.0001921644033710105
17.94166666666597 0.000185589320865552 -0.0001721704594570078
17.94444444444375 0.0002020209623604855 -0.0001503448612990553
17.94722222222152 0.0002159290834680539 -0.0001269588438927965
17.9499999999993 0.0002271659296316401 -0.0001023011829761292
17.95277777777708 0.0002356166067400457 -7.667463681314946e-05
17.95555555555485 0.0002412004073440767 -5.03922149740693e-05
17.95833333333263 0.0002438717130096377 -2.377332056471358e-05
17.96111111111041 0.0002436204605961706 2.860185823897279e-06
17.96388888888818 0.0002404721657691402 2.918795098068182e-05
17.96666666666596 0.0002344875026931639 5.489507272131568e-05
17.96944444444373 0.0002257614445396374 7.967597236384755e-05
17.97222222222151 0.0002144219751030009 0.0001032381468152806
17.97499999999929 0.0002006283873775198 0.0001253057524273532
17.97777777777706 0.0001845691903267668 0.000145622974794848
17.98055555555484 0.0001664596502123008 0.0001639571412860107
17.98333333333262 0.0001465389976583361 0.0001801015363050075
17.98611111111039 0.0001250673360580689 0.0001938778830263212
17.98888888888817 0.0001023222909071621 0.000205138459584098
17.99166666666595 7.859544312231761e-05 0.0002137678223851664
17.99444444444372 5.418859233025023e-05 0.0002196841142768931
17.9972222222215 2.940989843268952e-05 0.0002228399406891533
17.99999999999928 4.569951448307365e-06 0.0002232228024984821
18.00277777777705 -2.002217933064981e-05 0.0002208550801655379
18.00555555555483 -4.406286547338394e-05 0.00021579356959677
18.0083333333326 -6.725775776904721e-05 0.0002081285760945272
18.01111111111038 -8.932549275038314e-05 0.0001979825786103352
18.01388888888816 -0.000110001219011961 0.0001855084822226446
18.01666666666593 -0.0001290398972936682 0.0001708874822432725
18.01944444444371 -0.0001462193312664034 0.0001543265685433085
18.02222222222149 -0.0001613428895169533 0.0001360557035031011
18.02499999999926 -0.000174241883329226 0.0001163247113677336
18.02777777777704 -0.0001847775694504223 9.539992066513897e-05
18.03055555555482 -0.0001928427520510608 7.356060466454068e-05
18.03333333333259 -0.00019836296347063 5.109526756776062e-05
18.03611111111037 -0.0002012972090114138 2.829782619902147e-05
18.03888888888815 -0.0002016382669269283 5.463738354055518e-06
18.04166666666592 -0.0001994125407658366 -1.711387032982608e-05
18.0444444444437 -0.0001946794672955565 -3.914802913320931e-05
18.04722222222147 -0.0001875304892570105 -6.036164351378556e-05
18.04999999999925 -0.0001780876081097774 -8.049106516404096e-05
18.05277777777703 -0.0001665015376321881 -9.928946327743374e-05
18.0555555555548 -0.0001529494846627184 -0.0001165299522061948
18.05833333333258 -0.0001376325883326797 -0.0001320084340863741
18.06111111111036 -0.0001207730537699984 -0.0001455461189786204
18.06388888888813 -0.0001026110203884532 -0.0001569916895630174
18.06666666666591 -8.34012084523986e-05 -0.0001662230823797545
18.06944444444369 -6.340939057404422e-05 -0.0001731488629509368
18.07222222222146 -4.290873711571636e-05 -0.000177709177777591
18.07499999999924 -2.217608610050358e-05 -0.0001798762721019895
18.07777777777702 -1.488189149932081e-06 -0.0001796545683767418
18.08055555555479 1.888201483337606e-05 -0.0001770803064975069
18.08333333333257 3.866904705814589e-05 -0.00017222075295607
18.08611111111034 5.761840738411573e-05 -0.0001651729920615243
18.08888888888812 7.548991604260979e-05 -0.0001560623181772656
18.0916666666659 9.206083320633057e-05 -0.0001450402534462877
18.09444444444367 0.0001071287143545369 -0.0001322822206462099
18.09722222222145 0.0001205139632457806 -0.0001179849055568823
18.09999999999923 0.0001320620487186317 -0.0001023633474650088
18.102777777777 0.0001416453564192512 -8.564780011448854e-05
18.10555555555478 0.0001491646518373937 -6.808040848220463e-05
18.10833333333256 0.0001545501366429311 -4.991174917350422e-05
18.11111111111033 0.0001577620861690842 -3.139728395448611e-05
18.11388888888811 0.0001587910619039231 -1.279377694496939e-05
18.11666666666589 0.0001576576989385879 5.644273728342264e-06
18.11944444444366 0.0001544120743914231 2.366813947652664e-05
18.12222222222144 0.0001491326687923105 4.103825083352697e-05
18.12499999999921 0.0001419249381845467 5.75274258182876e-05
18.12777777777699 0.0001329195201969857 7.292389238141115e-05
18.13055555555477 0.0001222701024774608 8.703406346030356e-05
18.13333333333254 0.0001101509865847077 9.96850269704124e-05
18.13611111111032 9.675438463976535e-05 0.0001107267174045286
18.1388888888881 8.228748968116543e-05 0.0001200337405218878
18.14166666666587 6.696936369405637e-05 0.0001275068278208048
18.14444444444365 5.102768965297973e-05 0.000133073903016647
18.14722222222143 3.469543559339614e-05 0.0001366907485142866
18.1499999999992 1.820747968834107e-05 0.0001383412657805645
18.15277777777698 1.79724553915167e-06 0.0001380373295005321
18.15555555555476 -1.430660360652499e-05 0.000135818241351686
18.15833333333253 -2.988336421223523e-05 0.0001317497950634961
18.16111111111031 -4.472333980248634e-05 0.0001259229700589403
18.16388888888808 -5.86306933044913e-05 0.000118452276315699
18.16666666666586 -7.14260645891784e-05 0.0001094737780586688
18.16944444444364 -8.29489172041708e-05 9.91428284277348e-05
18.17222222222141 -9.305958259089257e-05 8.763155129001989e-05
18.17499999999919 -0.0001016409748284221 7.512610982345098e-05
18.17777777777697 -0.0001085999540707448 6.182380434023209e-05
18.18055555555474 -0.0001138683222644141 4.793004400250957e-05
18.18333333333252 -0.0001174034403655687 3.365523857956315e-05
18.1861111111103 -0.0001191884620316582 1.921165718493172e-05
18.18888888888807 -0.0001192321845562594 4.810301006353022e-06
18.19166666666585 -0.0001175685235553167 -9.34216359832936e-06
18.19444444444363 -0.0001142556235131594 -2.304636660459224e-05
18.1972222222214 -0.0001093746216703963 -3.611304740380184e-05
18.19999999999918 -0.0001030280878031195 -4.836567909888018e-05
18.20277777777696 -9.533816712580587e-05 -5.964286689836735e-05
18.20555555555473 -8.644445778063316e-05 -6.980048728597594e-05
18.20833333333251 -7.650165808879273e-05 -7.871353891694628e-05
18.21111111111028 -6.567702188290056e-05 -8.627768087534952e-05
18.21388888888806 -5.414766276578493e-05 -9.241043894719397e-05
18.21666666666584 -4.209775001741203e-05 -9.705206583836933e-05
18.21944444444361 -2.971564007079098e-05 -0.0001001660467134173
18.22222222222139 -1.719098798810069e-05 -0.0001017392469623103
18.22499999999917 -4.711883183688053e-06 -0.0001017817046321295
18.22777777777694 7.53794722727613e-06 -0.0001003260754014285
18.23055555555472 1.938182561242465e-05 -9.74267432425575e-05
18.2333333333325 3.065266186838727e-05 -9.315861492985647e-05
18.23611111111027 4.119530543207207e-05 -8.761562123210189e-05
18.23888888888805 5.086867768038103e-05 -8.090895190502455e-05
18.24166666666583 5.95476549568719e-05 -7.316505540915998e-05
18.2444444444436 6.712467670607406e-05 -6.452343756403072e-05
18.24722222222138 7.351105779763251e-05 -5.513429606254991e-05
18.24999999999915 7.863798900354548e-05 -4.515602987345402e-05
18.25277777777693 8.245721467571033e-05 -3.475266402352539e-05
18.25555555555471 8.494138187212767e-05 -2.409123106028241e-05
18.25833333333248 8.608406041580182e-05 -1.333915064113212e-05
18.26111111111026 8.589943855608474e-05 -2.661648180294818e-06
18.26388888888804 8.442170395489458e-05 7.780747673791633e-06
18.26666666666581 8.17041245604045e-05 1.783459073832513e-05
18.26944444444359 7.781784848227242e-05 2.73557505454752e-05
18.27222222222137 7.285044617481608e-05 3.621146042139622e-05
18.27499999999914 6.690422200348834e-05 4.428215107093278e-05
18.27777777777692 6.009432555908198e-05 5.146304417064929e-05
18.2805555555547 5.254669584445811e-05 5.766548466150851e-05
18.28333333333247 4.43958736514595e-05 6.281799491303036e-05
18.28611111111025 3.578271904119865e-05 6.686703862596703e-05
18.28888888888802 2.685207181894325e-05 6.977748717251276e-05
18.2916666666658 1.775039324769496e-05 7.15327859604969e-05
18.29444444444358 8.623426971181481e-06 7.213482327123986e-05
18.29722222222135 -3.860837686059964e-07 7.160350877946909e-05
18.29999999999913 -9.140587012710059e-06 6.997607354174691e-05
18.30277777777691 -1.750978749715138e-05 6.730610756357226e-05
18.30555555555468 -2.537255558708382e-05 6.366235505640579e-05
18.30833333333246 -3.261865175549117e-05 5.912729111279541e-05
18.31111111111024 -3.915024207725249e-05 5.379550670424237e-05
18.31388888888801 -4.488318401027385e-05 4.777193159671467e-05
18.31666666666579 -4.974806582440808e-05 4.116992694250146e-05
18.31944444444357 -5.369098734173297e-05 3.410928091683624e-05
18.32222222222134 -5.667407409604981e-05 2.671414180195161e-05
18.32499999999912 -5.867572152800867e-05 1.911092337167391e-05
18.32777777777689 -5.969057032958547e-05 1.142621729496167e-05
18.33055555555467 -5.972921846221756e-05 3.784746568677227e-06
18.33333333333245 -5.881767962423666e-05 -3.692607274519736e-06
18.33611111111022 -5.699660196587439e-05 -1.08906722260332e-05
18.338888888888 -5.432026457954956e-05 -1.770172045112329e-05
18.34166666666578 -5.085537267077303e-05 -2.402704357216959e-05
18.34444444444355 -4.667967528840206e-05 -2.977834574300275e-05
18.34722222222133 -4.188043201791436e-05 -3.487893511811634e-05
18.34999999999911 -3.655275708131569e-05 -3.926469803759478e-05
18.35277777777688 -3.079787081479188e-05 -4.288484416809212e-05
18.35555555555466 -2.472128949156224e-05 -4.570241489346667e-05
18.35833333333244 -1.843098491416944e-05 -4.769455136399372e-05
18.36111111111021 -1.203554511666339e-05 -4.885252272006028e-05
18.36388888888799 -5.64236690433705e-06 -4.918151903391261e-05
18.36666666666576 6.440901666763325e-07 -4.870021739462041e-05
18.36944444444354 6.723960376509454e-06 -4.744013323179898e-05
18.37222222222132 1.250351306015852e-05 -4.544477237369183e-05
18.37499999999909 1.78965549872809e-05 -4.276860241015818e-05
18.37777777777687 2.282567325477368e-05 -3.947586463375268e-05
18.38055555555465 2.722330116945805e-05 -3.563925012107061e-05
18.38333333333242 3.103259296720629e-05 -3.133846535969522e-05
18.3861111111102 3.420809676609275e-05 -2.6658714198225e-05
18.38888888888798 3.671621881895931e-05 -2.168912378250277e-05
18.39166666666575 3.853547585021145e-05 -1.652114253264054e-05
18.39444444444353 3.965653596641203e-05 -1.124693811468033e-05
18.39722222222131 4.008205225644638e-05 -5.957822777566075e-06
18.39999999999908 3.982629668226886e-05 -7.427323795129609e-07
18.40277777777686 3.891460514731598e-05 4.313216056607153e-06
18.40555555555463 3.738264766216644e-05 9.13006530637527e-06
18.40833333333241 3.527554025733512e-05 1.363423672445193e-05
18.41111111111019 3.264681767860554e-05 1.775960870940432e-05
18.41388888888796 2.95572879050665e-05 2.144843955399773e-05
18.41666666666574 2.607379112580387e-05 2.465212242749377e-05
18.41944444444352 2.226788697690856e-05 2.73317634358301e-05
18.42222222222129 1.821449456419082e-05 2.945857699832991e-05
18.42499999999907 1.399051007290884e-05 3.101409610677327e-05
18.42777777777685 9.673426599167093e-06 3.199019833328196e-05
18.43055555555462 5.33998023792395e-06 3.238895167042104e-05
18.4333333333324 1.064845450576352e-06 3.222228736336172e-05
18.43611111111018 -3.080598664649726e-06 3.151150977856158e-05
18.43888888888795 -7.029411329760438e-06 3.028665599763789e-05
18.44166666666573 -1.072012447194822e-05 2.858572018665405e-05
18.4444444444435 -1.409765307903666e-05 2.645375983302141e-05
18.44722222222128 -1.711406863568448e-05 2.394190263417278e-05
18.44999999999906 -1.972922549204542e-05 2.110627414096427e-05
18.45277777777683 -2.191123287970939e-05 1.800686718768102e-05
18.45555555555461 -2.36367682192344e-05 1.470637467155788e-05
18.45833333333239 -2.489123030627589e-05 1.126900737538041e-05
18.46111111111016 -2.566873386426812e-05 7.759318264193694e-06
18.46388888888794 -2.597194976015044e-05 4.24105404327735e-06
18.46666666666572 -2.581179784572714e-05 7.760537600682833e-07
18.46944444444349 -2.5207001865887e-05 -2.576787107217123e-06
18.47222222222127 -2.418351812457334e-05 -5.762470274359751e-06
18.47499999999905 -2.277385158395228e-05 -8.730751099589374e-06
18.47777777777682 -2.101627476119906e-05 -1.143688510165774e-05
18.4805555555546 -1.895396615597165e-05 -1.384225411142149e-05
18.48333333333238 -1.663408597214783e-05 -1.591486407367108e-05
18.48611111111015 -1.41068075780508e-05 -1.762970905613538e-05
18.48888888888793 -1.142432347574527e-05 -1.896899860080924e-05
18.4916666666657 -8.63984452365616e-06 -1.992224812099761e-05
18.49444444444348 -5.806610786730687e-06 -2.048623455796947e-05
18.49722222222126 -2.97693168880425e-06 -2.066482191913916e-05
18.49999999999903 -2.012721336979058e-07 -2.046866358251272e-05
18.50277777777681 2.47260002922884e-06 -1.991479033123681e-05
