16.5 -7.903416300883166e-08 2.016341984952579e-07
16.50277777777778 -1.216866856473278e-07 1.876895156469659e-07
16.50555555555555 -1.619801602697657e-07 1.647155365042051e-07
16.50833333333333 -1.980025094423492e-07 1.330846468483938e-07
16.51111111111111 -2.278931182238923e-07 9.357409619258248e-08
16.51388888888888 -2.499285113810303e-07 4.736103326732939e-08
16.51666666666666 -2.626082705039868e-07 -4.000570359745677e-09
16.51944444444444 -2.647373683063797e-07 -5.862144147030958e-08
16.52222222222221 -2.555009650306153e-07 -1.143364990450742e-07
16.52499999999999 -2.345277485951654e-07 -1.687810019387206e-07
16.52777777777776 -2.019381177101142e-07 -2.194811785901089e-07
16.53055555555554 -1.583739100949056e-07 -2.639563463257979e-07
16.53333333333332 -1.050069624150345e-07 -2.998287796152382e-07
16.53611111111109 -4.352454217872771e-08 -3.249369509832427e-07
16.53888888888887 2.390940663947498e-08 -3.374472832701028e-07
16.54166666666665 9.471724287969358e-08 -3.359592517724851e-07
16.54444444444442 1.659937709835407e-07 -3.195985878659937e-07
16.5472222222222 2.346133498813114e-07 -2.880934827870368e-07
16.54999999999998 2.973546482353444e-07 -2.418290828763368e-07
16.55277777777775 3.510386705916102e-07 -1.818762068233051e-07
16.55555555555553 3.926747440546991e-07 -1.099910909335306e-07
16.55833333333331 4.196083936572036e-07 -2.858405798874227e-08
16.56111111111108 4.296644955258121e-07 5.934372509960012e-08
16.56388888888886 4.212788225353205e-07 1.502948309609956e-07
16.56666666666663 3.936111206750761e-07 2.403994421425538e-07
16.56944444444441 3.466331977182685e-07 3.255649517745158e-07
16.57222222222219 2.81186177612537e-07 4.016462880793677e-07
16.57499999999996 1.990020681446054e-07 4.64630629753027e-07
16.57777777777774 1.026860840608342e-07 5.108290478102196e-07
16.58055555555552 -4.34227470851432e-09 5.370667410730351e-07
16.58333333333329 -1.179496228085883e-07 5.408629879635397e-07
16.58611111111107 -2.334288902606197e-07 5.20591766881679e-07
16.58888888888885 -3.456756735989266e-07 4.756142376893635e-07
16.59166666666662 -4.493951372815859e-07 4.063749475086277e-07
16.5944444444444 -5.393320341871255e-07 3.144547261206933e-07
16.59722222222218 -6.105147965168524e-07 2.025747502514213e-07
16.59999999999995 -6.585033371888889e-07 7.454814137848743e-08
16.60277777777773 -6.796292819464048e-07 -6.482234297171473e-08
16.6055555555555 -6.712168968942686e-07 -2.098995400009442e-07
16.60833333333328 -6.317730414126303e-07 -3.544164944018652e-07
16.61111111111106 -5.611350981644879e-07 -4.917243379387239e-07
16.61388888888883 -4.605670220793265e-07 -6.150748472354006e-07
16.61666666666661 -3.32795394287152e-07 -7.179268448932081e-07
16.61944444444439 -1.819796228457737e-07 -7.942637139623914e-07
16.62222222222216 -1.36131297981846e-08 -8.38907868471096e-07
16.62499999999994 1.656445928238633e-07 -8.478171659696867e-07
16.62777777777772 3.482019073598047e-07 -8.183480449949371e-07
16.63055555555549 5.258284317139308e-07 -7.494706787578551e-07
16.63333333333327 6.899981310890535e-07 -6.41922683980079e-07
16.63611111111105 8.322692643383469e-07 -4.982899047034341e-07
16.63888888888882 9.446856963496812e-07 -3.230054632132919e-07
16.6416666666666 1.020181989063768e-06 -1.222615554205086e-07
16.64444444444437 1.05297328030155e-06 9.616774794317866e-08
16.64722222222215 1.038910369813992e-06 3.231902969379135e-07
16.64999999999993 9.757807432517553e-07 5.487395441780063e-07
16.6527777777777 8.635375270066052e-07 7.621871078131467e-07
16.65555555555548 7.044405872907621e-07 9.528091453338996e-07
16.65833333333326 5.030971263017927e-07 1.110287845098827e-06
16.66111111111103 2.663930999723958e-07 1.225226370539488e-06
16.66388888888881 3.311451589675851e-09 1.289653462120679e-06
16.66666666666659 -2.753616544690536e-07 1.297492778222182e-06
16.66944444444436 -5.574359210453953e-07 1.244972064664051e-06
16.67222222222214 -8.29809100512211e-07 1.130948463525964e-06
16.67499999999992 -1.079034704087335e-06 9.571287312924913e-07
16.67777777777769 -1.291942819987949e-06 7.281668010765389e-07
16.68055555555547 -1.456287531521701e-06 4.516258987689041e-07
16.68333333333324 -1.561391350318495e-06 1.37798151783136e-07
16.68611111111102 -1.598755241437025e-06 -2.006189034230651e-07
16.6888888888888 -1.562602393187846e-06 -5.489825696977213e-07
16.69166666666657 -1.450324994818169e-06 -8.91288546641232e-07
16.69444444444435 -1.262805981677328e-06 -1.210857426227975e-06
16.69722222222213 -1.004591966908928e-06 -1.491097363580855e-06
16.6999999999999 -6.838992984648818e-07 -1.716310653217507e-06
16.70277777777768 -3.124421775748053e-07 -1.872507654179605e-06
16.70555555555546 9.492020949489841e-08 -1.948188737105299e-06
16.70833333333323 5.20711888991034e-07 -1.935053914659288e-06
16.71111111111101 9.455289595728986e-07 -1.828600734709524e-06
16.71388888888879 1.348865562298569e-06 -1.628573949599724e-06
16.71666666666656 1.710045099075261e-06 -1.339235416049224e-06
16.71944444444434 2.009217559040223e-06 -9.694295184658723e-07
16.72222222222211 2.228377997784253e-06 -5.324279306392335e-07
16.72499999999989 2.352357254720392e-06 -4.55474241681453e-08
16.72777777777767 2.36973421306041e-06 4.704547067587511e-07
16.73055555555544 2.273619541210705e-06 9.921916855895678e-07
16.73333333333322 2.062264034431985e-06 1.494637540789386e-06
16.736111111111 1.739450412122153e-06 1.952258745277953e-06
16.73888888888877 1.314635601097749e-06 2.340239837065587e-06
16.74166666666655 8.028208990665262e-07 2.635747934440001e-06
16.74444444444433 2.241395873921191e-07 2.819175610009005e-06
16.7472222222221 -3.968349473693077e-07 2.875298831970888e-06
16.74999999999988 -1.032043313634954e-06 2.79428693597054e-06
16.75277777777766 -1.651124910621764e-06 2.572505043028186e-06
16.75555555555543 -2.222788311136318e-06 2.213056023693723e-06
16.75833333333321 -2.716309948925525e-06 1.726018898614108e-06
16.76111111111098 -3.103093774902276e-06 1.128353166570319e-06
16.76388888888876 -3.358217265048921e-06 4.434535045303671e-07
16.76666666666654 -3.461885205078261e-06 -2.996440188793603e-07
16.76944444444431 -3.40071246165069e-06 -1.067385374286737e-06
16.77222222222209 -3.16876073093978e-06 -1.82311493995614e-06
16.77499999999987 -2.768262097810355e-06 -2.528730976040371e-06
16.77777777777764 -2.209974003083095e-06 -3.146510914333985e-06
16.78055555555542 -1.51312555105069e-06 -3.641024280830279e-06
16.7833333333332 -7.04933436053383e-07 -3.981041569933465e-06
16.78611111111097 1.803136255854959e-07 -4.141341990891397e-06
16.78888888888875 1.102581120486185e-06 -4.104322248784478e-06
16.79166666666653 2.017782533398111e-06 -3.861312739304671e-06
16.7944444444443 2.879776209747345e-06 -3.413516826991362e-06
16.79722222222208 3.64258135885947e-06 -2.772503082000106e-06
16.79999999999986 4.262712971401024e-06 -1.960199046355805e-06
16.80277777777763 4.701523290439326e-06 -1.008357601340829e-06
16.80555555555541 4.927430398786883e-06 4.250761502150401e-08
16.80833333333318 4.917913150728829e-06 1.144694175203995e-06
16.81111111111096 4.661156512692049e-06 2.245339095644717e-06
16.81388888888874 4.157242517957016e-06 3.288825634647282e-06
16.81666666666651 3.418799296786294e-06 4.219466786471689e-06
16.81944444444429 2.471043494122762e-06 4.984343264637715e-06
16.82222222222207 1.351178984413118e-06 5.536158556833691e-06
16.82499999999984 1.071459861629984e-07 5.835964663366599e-06
16.82777777777762 -1.204251945100089e-06 5.855610255048975e-06
16.8305555555554 -2.519781624215237e-06 5.57976873878162e-06
16.83333333333317 -3.77268046147312e-06 5.007417264856539e-06
16.83611111111095 -4.89589923683452e-06 4.152658812967123e-06
16.83888888888873 -5.825538393567437e-06 3.044807503464769e-06
16.8416666666665 -6.504310092305353e-06 1.727691140149321e-06
16.84444444444428 -6.884847241436332e-06 2.581632683061131e-07
16.84722222222205 -6.932678445678624e-06 -1.296142027658774e-06
16.84999999999983 -6.628694939821297e-06 -2.859737764273374e-06
16.85277777777761 -5.970952285550252e-06 -4.352779220175866e-06
16.85555555555538 -4.975675594739734e-06 -5.69497532862352e-06
16.85833333333316 -3.677371477310521e-06 -6.809734510980312e-06
16.86111111111094 -2.127991469237178e-06 -7.628340503963026e-06
16.86388888888871 -3.951385890646213e-07 -8.093940590737572e-06
16.86666666666649 1.440641282291567e-06 -8.165126281474222e-06
16.86944444444427 3.289390785715806e-06 -7.818895665017278e-06
16.87222222222204 5.055954098059367e-06 -7.052807559892628e-06
16.87499999999982 6.644686438601029e-06 -5.886169801373835e-06
16.8777777777776 7.964438275201005e-06 -4.360146450302754e-06
16.88055555555537 8.933565523936791e-06 -2.536719722673582e-06
16.88333333333315 9.484701874540478e-06 -4.964997792938802e-07
16.88611111111092 9.569027460960805e-06 1.66456352930062e-06
16.8888888888887 9.159780301911017e-06 3.839451364022526e-06
16.89166666666648 8.254783418199908e-06 5.915154672716777e-06
16.89444444444425 6.877800687083008e-06 7.778333950183261e-06
16.89722222222203 5.078586937179915e-06 9.321289420882338e-06
16.89999999999981 2.931560391849719e-06 1.044793973371619e-05
16.90277777777758 5.330955288016582e-07 1.107949041962873e-05
16.90555555555536 -2.002491629222821e-06 1.115947277108606e-05
16.90833333333314 -4.548119625155292e-06 1.065785041184592e-05
16.91111111111091 -6.970062565739709e-06 9.573924707421904e-06
16.91388888888869 -9.134736988522645e-06 7.937820454885013e-06
16.91666666666647 -1.091582475677569e-05 5.810398172989552e-06
16.91944444444424 -1.220136642321787e-05 3.28151607566462e-06
16.92222222222202 -1.290044168060712e-05 4.66649933553433e-07
16.92499999999979 -1.294905555972436e-05 -2.498031669527004e-06
16.92777777777757 -1.231487193539171e-05 -5.461950342309355e-06
16.93055555555535 -1.100047956182704e-05 -8.267489325737946e-06
16.93333333333312 -9.044939035825361e-06 -1.075811027085701e-05
16.9361111111109 -6.52343939138591e-06 -1.278681378855089e-05
16.93888888888868 -3.544986995366991e-06 -1.422450255262867e-05
16.94166666666645 -2.481526256208782e-07 -1.496778811244946e-05
16.94444444444423 3.204990102421917e-06 -1.494578914482718e-05
16.94722222222201 6.636496123657491e-06 -1.412550060137037e-05
16.94999999999978 9.861413144655735e-06 -1.251536970219368e-05
16.95277777777756 1.269745692458023e-05 -1.016679421090493e-05
16.95555555555534 1.497500980469623e-05 -7.173357746439829e-06
16.95833333333311 1.654691205625996e-05 -3.667731615845022e-06
16.96111111111089 1.729750002856987e-05 1.837027389583043e-07
16.96388888888866 1.715035883190611e-05 4.188328480462516e-06
16.96666666666644 1.607430118127141e-05 8.136558418972736e-06
16.96944444444422 1.40871572180636e-05 1.181246933311631e-05
16.97222222222199 1.125706009598468e-05 1.500528783808924e-05
16.97499999999977 7.701034709687994e-06 1.752113711996045e-05
16.97777777777755 3.58083651427334e-06 1.919440996701046e-05
16.98055555555532 -9.03862970381947e-07 1.98981226810877e-05
16.9833333333331 -5.524695489346984e-06 1.955262897472322e-05
16.98611111111088 -1.00358259885948e-05 1.813213332448731e-05
16.98888888888865 -1.418666780227787e-05 1.566853793725274e-05
16.99166666666643 -1.773544934075382e-05 1.225228296133208e-05
16.99444444444421 -2.046292011748769e-05 8.02999038450133e-06
16.99722222222198 -2.218544147828965e-05 3.19889103313065e-06
16.99999999999976 -2.276670508574271e-05 -2.001807352143347e-06
17.00277777777753 -2.212736225027883e-05 -7.302274406245676e-06
17.00555555555531 -2.025192948463915e-05 -1.241562869902118e-05
17.00833333333309 -1.719245769147072e-05 -1.705307299867264e-05
17.01111111111086 -1.306860928967252e-05 -2.093982067582919e-05
17.01388888888864 -8.0639722273752e-06 -2.38309593769368e-05
17.01666666666642 -2.418643156134051e-06 -2.55263609765009e-05
17.01944444444419 3.581676538157699e-06 -2.588375820494707e-05
17.02222222222197 9.619620231733085e-06 -2.48291700190006e-05
17.02499999999975 1.536248703958083e-05 -2.236396873281715e-05
17.02777777777752 2.048015499311109e-05 -1.85680382945174e-05
17.0305555555553 2.466363986511628e-05 -1.359866821595016e-05
17.03333333333308 2.764328289063195e-05 -7.685052331057692e-06
17.03611111111085 2.920552440501573e-05 -1.118504399568991e-06
17.03888888888863 2.920725229988387e-05 5.761249394613656e-06
17.0416666666664 2.758680519644477e-05 1.258310170917128e-05
17.04444444444418 2.437085801782023e-05 1.896410330542089e-05
17.04722222222196 1.967661648865771e-05 2.453051448956214e-05
17.04999999999973 1.370898805744255e-05 2.893924133180943e-05
17.05277777777751 6.752668011997181e-06 3.18984560305692e-05
17.05555555555529 -8.406330055477293e-07 3.318619292288939e-05
17.05833333333306 -8.669306051913026e-06 3.266577271449393e-05
17.06111111111084 -1.630251982571378e-05 3.029703728013394e-05
17.06388888888862 -2.330343079157247e-05 2.614257163964346e-05
17.06666666666639 -2.925371171085962e-05 2.036834027948288e-05
17.06944444444417 -3.377805300650689e-05 1.323846003241947e-05
17.07222222222195 -3.656723325276135e-05 5.104156261511725e-06
17.07499999999972 -3.739837532250929e-05 -3.612714300535165e-06
17.0777777777775 -3.615110583083468e-05 -1.244086099178111e-05
17.08055555555528 -3.281851536813942e-05 -2.088446051362195e-05
17.08333333333305 -2.751206881461853e-05 -2.845048749211078e-05
17.08611111111083 -2.045992743800114e-05 -3.467700387882638e-05
17.0888888888886 -1.199850208914506e-05 -3.916081750112947e-05
17.09166666666638 -2.557440843494147e-06 -4.158288785689436e-05
17.09444444444416 7.361356318184024e-06 -4.172991793382106e-05
17.09722222222193 1.720973124810083e-05 -3.951072509900204e-05
17.09999999999971 2.642297313458104e-05 -3.496622716693642e-05
17.10277777777749 3.445166808868225e-05 -2.827220139086776e-05
17.10555555555526 4.079393382169996e-05 -1.973435901485622e-05
17.10833333333304 4.502618363136426e-05 -9.775706421137334e-06
17.11111111111082 4.68305715480719e-05 1.08338741137554e-06
17.11388888888859 4.601738675138338e-05 1.225155393912298e-05
17.11666666666637 4.25408882211953e-05 2.30979434319075e-05
17.11944444444415 3.650739161364154e-05 3.298726880792366e-05
17.12222222222192 2.817482493236032e-05 4.131647094206636e-05
17.1249999999997 1.7943437472027e-05 4.755092773689159e-05
17.12777777777747 6.337852850364952e-06 5.125807054191127e-05
17.13055555555525 -6.018826575618225e-06 5.213633630612806e-05
17.13333333333303 -1.843766014745097e-05 5.003757366401031e-05
17.1361111111108 -3.02016042883449e-05 4.498133013152498e-05
17.13888888888858 -4.060632574594278e-05 3.715986251020056e-05
17.14166666666636 -4.900181260074679e-05 2.693321334860317e-05
17.14444444444413 -5.483236420584175e-05 1.481425676841616e-05
17.14722222222191 -5.767254029218316e-05 1.444206291924082e-06
17.14999999999969 -5.72567922481288e-05 -1.244033839514832e-05
17.15277777777746 -5.350078360817902e-05 -2.604718463049894e-05
17.15555555555524 -4.651282103345417e-05 -3.857308891487268e-05
17.15833333333302 -3.659434222146382e-05 -4.92505926438765e-05
17.16111111111079 -2.422901643559338e-05 -5.739446342534945e-05
17.16388888888857 -1.006067368490503e-05 -6.244497246893895e-05
17.16666666666634 5.139047481510577e-06 -6.400531930538116e-05
17.16944444444412 2.051179597749154e-05 -6.187075998247887e-05
17.1722222222219 3.516022908172123e-05 -5.604739591281502e-05
17.17499999999967 4.819976203397443e-05 -4.675911997143372e-05
17.17777777777745 5.881140979482494e-05 -3.444186740914969e-05
17.18055555555523 6.629260717423405e-05 -1.97250469375979e-05
17.183333333333 7.010289661247659e-05 -3.400791137942376e-06
17.18611111111078 6.9901563392499e-05 1.361757954946993e-05
17.18888888888856 6.557467196353418e-05 3.034578458944968e-05
17.19166666666633 5.724949905051434e-05 4.578480708736354e-05
17.19444444444411 4.529504314902121e-05 5.897995624158477e-05
17.19722222222189 3.030807999392594e-05 6.907932297512397e-05
17.19999999999966 1.30850858565924e-05 7.538809242301511e-05
17.20277777777744 -5.41878428969798e-06 7.741529695346304e-05
17.20555555555521 -2.414165072422113e-05 7.490992511823185e-05
17.20833333333299 -4.197504712248935e-05 6.788383340676243e-05
17.21111111111077 -5.782889941386634e-05 5.66196142577667e-05
17.21388888888854 -7.069758745212485e-05 4.166241910298818e-05
17.21666666666632 -7.972313054968546e-05 2.379567297531002e-05
17.2194444444441 -8.425157073881422e-05 4.001593594784553e-06
17.22222222222187 -8.387890118121261e-05 -1.659161542800788e-05
17.22499999999965 -7.848339384712589e-05 -3.677314995116355e-05
17.22777777777743 -6.824189814049011e-05 -5.532008006240392e-05
17.2305555555552 -5.362857444992083e-05 -7.107086975893808e-05
17.23333333333298 -3.539554535836563e-05 -8.299756936252996e-05
17.23611111111076 -1.453603449106546e-05 -9.027223706653302e-05
17.23888888888853 7.768345680892777e-06 -9.23233447803809e-05
17.24166666666631 3.021346746818523e-05 -8.887839014279663e-05
17.24444444444408 5.144813390465784e-05 -7.998965227350468e-05
17.24722222222186 7.015479747583184e-05 -6.604095845601365e-05
17.24999999999964 8.513078158827798e-05 -4.773442281420527e-05
17.25277777777741 9.536504195547531e-05 -2.605731443997634e-05
17.25555555555519 0.0001001056120174989 -2.23044093625519e-06
17.25833333333297 9.891328733097602e-05 2.23593810577657e-05
17.26111111111074 9.16978039572989e-05 4.623912922794766e-05
17.26388888888852 7.873372205870949e-05 6.79371347111812e-05
17.2666666666663 6.065438781462595e-05 8.607324981139173e-05
17.26944444444407 3.842364932885058e-05 9.944614601794818e-05
17.27222222222185 1.328636920173479e-05 0.0001071122619682234
17.27499999999963 -1.329987513479113e-05 0.0001084512596423118
17.2777777777774 -3.974826719903366e-05 0.0001032135171526629
17.28055555555518 -6.443670703124633e-05 9.154615763512992e-05
17.28333333333295 -8.580674753632322e-05 7.399533559459527e-05
17.28611111111073 -0.0001024615265226915 5.148390671743237e-05
17.28888888888851 -0.0001132565812387507 2.526511284363622e-05
17.29166666666628 -0.0001173776822452982 -3.145570536056353e-06
17.29444444444406 -0.0001144004487712826 -3.20568460773213e-05
17.29722222222184 -0.0001043274816285061 -5.970143434627401e-05
17.29999999999961 -8.760002272464802e-05 -8.43435195538615e-05
17.30277777777739 -6.508265202321665e-05 -0.0001043873222504325
17.30555555555517 -3.802117637930272e-05 -0.0001184800491070874
17.30833333333294 -7.975550994866855e-06 -0.0001256026150832062
17.31111111111072 2.326870182579218e-05 -0.0001251420989959957
17.3138888888885 5.380565509980703e-05 -0.0001169408577793772
17.31666666666627 8.172460715868615e-05 -0.000101318539509117
17.31944444444405 0.00010522922236933 -7.906482864574845e-05
17.32222222222182 0.0001227527960756916 -5.140253686902623e-05
17.3249999999996 0.0001330622817374667 -1.992251234687287e-05
17.32777777777738 0.0001353442097843134 1.350633627719839e-05
17.33055555555515 0.0001292665699280001 4.684693460771309e-05
17.33333333333293 0.0001150120758270622 7.801748337027727e-05
17.33611111111071 9.327991000094653e-05 0.0001050210290862722
17.33888888888848 6.525496104076587e-05 0.0001260731445200394
17.34166666666626 3.254559959829543e-05 0.0001397195875230213
17.34444444444404 -2.906931913619253e-06 0.0001449362102627489
17.34722222222181 -3.894254843380232e-05 0.0001412042989529341
17.34999999999959 -7.331317136733083e-05 0.0001285558944233642
17.35277777777737 -0.00010382254128977 0.0001075854024842616
17.35555555555514 -0.0001284663459176226 7.942584902411607e-05
17.35833333333292 -0.0001455637537246169 4.56903454546349e-05
17.3611111111107 -0.0001538717455774104 8.381568369350203e-06
17.36388888888847 -0.0001526744994558314 -3.022582002188137e-05
17.36666666666625 -0.0001418414678078364 -6.772301708865657e-05
17.36944444444402 -0.0001218496195458386 -0.0001017169134626919
17.3722222222218 -9.376749409030422e-05 -0.0001299826449945138
17.37499999999958 -5.920110276317481e-05 -0.0001506091685655848
17.37777777777735 -2.020416510454299e-05 -0.0001621283559525374
17.38055555555513 2.084247244532546e-05 -0.0001636189068678591
17.38333333333291 6.137527599533855e-05 -0.00015477777303348
17.38611111111068 9.880764199080018e-05 -0.0001359536862525149
17.38888888888846 0.0001306948077185365 -0.0001081396860886424
17.39166666666624 0.0001548935703380833 -7.292410879949672e-05
17.39444444444401 0.0001697063948968129 -3.240216924344513e-05
17.39722222222179 0.0001740002339392575 1.094712918179577e-05
17.39999999999957 0.0001672917714568882 5.441165621681543e-05
17.40277777777734 0.0001497927693494697 9.521532115540082e-05
17.40555555555512 0.0001224116228534854 0.0001306952485197806
17.40833333333289 8.670997664007541e-05 0.0001584756848082573
17.41111111111067 4.481614470864208e-05 0.0001766272899135017
17.41388888888845 -7.000703704327827e-07 0.0001838011368374882
17.41666666666622 -4.698393763963315e-05 0.0001793281274767339
17.419444444444 -9.107429529822142e-05 0.0001632765588515095
17.42222222222178 -0.0001300928838853358 0.0001364631272923872
17.42499999999955 -0.000161432438611839 0.0001004155840254601
17.42777777777733 -0.0001829312563886684 5.728837183706027e-05
17.43055555555511 -0.0001930225455769266 9.735679044337858e-06
17.43333333333288 -0.0001908482410138837 -3.92507608433065e-05
17.43611111111066 -0.0001763290530024805 -8.652931367160155e-05
17.43888888888844 -0.0001501851972460634 -0.0001290098261179384
17.44166666666621 -0.0001139053614053133 -0.0001638558641999771
17.44444444444399 -6.966480853325003e-05 -0.0001886745765453976
17.44722222222176 -2.01968828601075e-05 -0.0002016814618567797
17.44999999999954 3.137465291555696e-05 -0.0002018286833694892
17.45277777777732 8.173227208841645e-05 -0.0001888877188734586
17.45555555555509 0.0001275780142330191 -0.000163479939952385
17.45833333333287 0.0001658498014447941 -0.0001270520084467391
17.46111111111065 0.0001939265516729521 -8.179655479625742e-05
17.46388888888842 0.0002098083304924458 -3.052223091355021e-05
17.4666666666662 0.0002122591356366977 2.351933060307084e-05
17.46944444444398 0.0002009021161225071 7.683910225227208e-05
17.47222222222175 0.0001762599628813869 0.0001259358602783454
17.47499999999953 0.0001397366916552028 0.0001675264877517511
17.47777777777731 9.354085167490683e-05 0.0001987662285664857
17.48055555555508 4.055408809493093e-05 0.0002174440895534655
17.48333333333286 -1.584729631328554e-05 0.000222139933805458
17.48611111111063 -7.200684703623465e-05 0.0002123320819355262
17.48888888888841 -0.0001242249702460974 0.0001884473079463475
17.49166666666619 -0.0001690031138667468 0.0001518487946774497
17.49444444444396 -0.0002032789915714288 0.0001047616670500778
17.49722222222174 -0.0002246370001971619 5.013988553176441e-05
17.49999999999952 -0.0002314793259889471 -8.51772020014381e-06
17.50277777777729 -0.0002231455815417368 -6.739093915539674e-05
17.50555555555507 -0.0001999720269257935 -0.0001225869805237357
17.50833333333285 -0.0001632853072855443 -0.0001703984078460639
17.51111111111062 -0.0001153299377078322 -0.000207553101030089
17.5138888888884 -5.913320290430302e-05 -0.0002314393511225539
17.51666666666618 1.684582731822613e-06 -0.0002402905457384725
17.51944444444395 6.314268263938676e-05 -0.0002333163316331332
17.52222222222173 0.0001211605345455291 -0.0002107705028194695
17.5249999999995 0.0001718292959340538 -0.0001739499492338601
17.52777777777728 0.0002116762484165435 -0.0001251235497707195
17.53055555555506 0.0002379041255843785 -6.739460504545677e-05
17.53333333333283 0.0002485888020856416 -4.504962671104611e-06
17.53611111111061 0.0002428213042354152 5.940692195025192e-05
17.53888888888839 0.0002207836252942668 0.0001200784108227644
17.54166666666616 0.0001837521313156739 0.0001734076773572911
17.54444444444394 0.0001340271478547896 0.0002157321888901789
17.54722222222172 7.479230568515072e-05 0.0002440817118766398
17.54999999999949 9.912057791700249e-06 0.0002563882825405399
17.55277777777727 -5.631987305907364e-05 0.0002516382167140937
17.55555555555505 -0.00011946480346583 0.0002299549288479005
17.55833333333282 -0.0001752373409024052 0.0001926058584348716
17.5611111111106 -0.0002197975041505672 0.0001419318673636822
17.56388888888837 -0.0002500167318027657 8.120273641125163e-05
17.56666666666615 -0.0002636992604094073 1.440749536631607e-05
17.56944444444393 -0.0002597431102147062 -5.400708452671141e-05
17.5722222222217 -0.0002382288002682068 -0.0001194327500471154
17.57499999999948 -0.0002004286786028116 -0.0001774110451007259
17.57777777777726 -0.0001487350843766988 -0.0002239385427830779
17.58055555555503 -8.651109970441002e-05 -0.000255745056370515
17.58333333333281 -1.787302059430272e-05 -0.0002705253929198854
17.58611111111059 5.258149478399135e-05 -0.0002671081143127736
17.58888888888836 0.0001200816993454942 -0.0002455488577388126
17.59166666666614 0.0001800077810860825 -0.0002071407777737533
17.59444444444392 0.0002282085819839505 -0.0001543402738343529
17.59722222222169 0.000261291074025724 -9.06119814280759e-05
17.59999999999947 0.0002768612919988256 -2.020263349917729e-05
17.60277777777724 0.0002736994902266353 5.214155428708465e-05
17.60555555555502 0.0002518565977425554 0.0001214952131526283
17.6083333333328 0.0002126643135761776 0.000183090237677096
17.61111111111057 0.0001586570593647155 0.0002326452536541477
17.61388888888835 9.341009062748841e-05 0.0002666652741821634
17.61666666666613 2.13039399507072e-05 0.0002826904451663535
17.6194444444439 -5.276938777557219e-05 0.0002794760386878855
17.62222222222168 -0.0001237388016303532 0.0002570903978590929
17.62499999999946 -0.0001867024917908924 0.0002169230713635725
17.62777777777723 -0.0002372682791025849 0.0001616015273515908
17.63055555555501 -0.0002718622074021411 9.482118317913342e-05
17.63333333333279 -0.0002879835597248669 2.109958794919408e-05
17.63611111111056 -0.0002843879513500545 -5.452898217958187e-05
17.63888888888834 -0.0002611849535996329 -0.0001268579003030256
17.64166666666612 -0.0002198425137553554 -0.0001908679533809384
17.64444444444389 -0.0001630968638721879 -0.0002420775595810479
17.64722222222167 -9.477321099307912e-05 -0.0002768588829379308
17.64999999999944 -1.952881109022329e-05 -0.0002926973988824846
17.65277777777722 5.746439921842677e-05 -0.0002883761762102173
17.655555555555 0.0001308760080321644 -0.0002640712154593136
17.65833333333277 0.000195587602170686 -0.000221350279911012
17.66111111111055 0.0002470516739155295 -0.0001630743561726956
17.66388888888833 0.0002816136638293028 -9.320772057310249e-05
17.6666666666661 0.0002967741731585975 -1.654908348992509e-05
17.66944444444388 0.0002913723575542043 6.15980277666082e-05
17.67222222222166 0.0002656768782069334 0.0001357930185020754
17.67499999999943 0.0002213771732747506 0.0002008385626275958
17.67777777777721 0.0001614747805908761 0.0002521468388350948
17.68055555555499 9.008150409958885e-05 0.0002860657186824691
17.68333333333276 1.213787046494148e-05 0.0003001415437709934
17.68611111111054 -6.69289088806653e-05 0.0002932993989790853
17.68888888888831 -0.000141583791919053 0.0002659274578762071
17.69166666666609 -0.0002065730730227616 0.0002198586564151623
17.69444444444387 -0.0002572963912766089 0.0001582501766175062
17.69722222222164 -0.0002901350867592879 8.536848348672268e-05
17.69999999999942 -0.0003027132860287157 6.294437787278665e-06
17.7027777777772 -0.0002940726836751076 -7.343118494367283e-05
17.70555555555497 -0.000264747972759686 -0.0001481970278353981
17.70833333333275 -0.0002167368490511542 -0.0002127179129032914
17.71111111111053 -0.0001533659824793811 -0.0002624108539824402
17.7138888888883 -7.906178367262029e-05 -0.0002937234082417796
17.71666666666608 9.583398685309156e-07 -0.000304390649403248
17.71944444444386 8.105274277460466e-05 -0.0002936019689438426
17.72222222222163 0.0001555545129288566 -0.0002620652229387766
17.72499999999941 0.0002191743598145737 -0.000211963000568441
17.72777777777718 0.0002673786450259887 -0.0001468034818448399
17.73055555555496 0.0002967153636314365 -7.117592662161917e-05
17.73333333333274 0.0003050644363175192 9.572252401873752e-06
17.73611111111051 0.0002917939516472985 8.971413740414411e-05
17.73888888888829 0.0002578106384477865 0.0001635508282376979
17.74166666666607 0.0002055003817874397 0.000225818749386587
17.74444444444384 0.0001385624846252509 0.0002720674875560619
17.74722222222162 6.17490530943085e-05 0.0002989808544487061
17.7499999999994 -1.947221097757597e-05 0.0003046178033335179
17.75277777777717 -9.930789746326111e-05 0.0002885554777863791
17.75555555555495 -0.0001720536072113682 0.0002519236394935775
17.75833333333273 -0.0002325037119214483 0.00019732751297076
17.7611111111105 -0.0002763265670476373 0.0001286641384442956
17.76388888888828 -0.000300377941100897 5.084505635933289e-05
17.76666666666605 -0.0003029297660884658 -3.055500655178127e-05
17.76944444444383 -0.0002837973428841329 -0.0001096983232549496
17.77222222222161 -0.0002443554235941811 -0.0001809044380793613
17.77499999999938 -0.0001874416170190826 -0.0002390601522583839
17.77777777777716 -0.0001171537421507299 -0.0002799894690517049
17.78055555555494 -3.855549201720663e-05 -0.000300756532615524
17.78333333333271 4.268850187858265e-05 -0.0002998793630626677
17.78611111111049 0.0001207218934739607 -0.0002774386006919628
17.78888888888827 0.0001899205000187299 -0.000235073065052208
17.79166666666604 0.0002453000271746057 -0.0001758621595605455
17.79444444444382 0.0002828779102811255 -0.0001041034102529763
17.7972222222216 0.0002999627968486463 -2.500111236188781e-05
17.79999999999937 0.0002953504034358004 5.571139608036343e-05
17.80277777777715 0.0002694112667990197 0.0001321883947261733
17.80555555555492 0.0002240637828005246 0.0001988970117569186
17.8083333333327 0.0001626343125829044 0.0002510199553055762
17.81111111111048 8.961441871589347e-05 0.0002848062497928979
17.81388888888825 1.033286373412685e-05 0.0002978442290833182
17.81666666666603 -6.943370126329683e-05 0.0002892366916659954
17.81944444444381 -0.0001438828787001859 0.0002596652720629485
17.82222222222158 -0.0002076105526429406 0.0002113392049340515
17.82499999999936 -0.0002560056682819165 0.0001478321570221501
17.82777777777714 -0.0002855867352236433 7.381904993385769e-05
17.83055555555491 -0.0002942552823754872 -5.267817336142875e-06
17.83333333333269 -0.0002814475871861381 -8.363806287595744e-05
17.83611111111047 -0.0002481734900029652 -0.0001555685339423828
17.83888888888824 -0.0001969394337611671 -0.0002158232897221557
17.84166666666602 -0.0001315614239943373 -0.0002600372787445575
17.84444444444379 -5.688174939124484e-05 -0.0002850354023027647
17.84722222222157 2.158956748555508e-05 -0.0002890634258155172
17.84999999999935 9.808203857723543e-05 -0.0002719137233433098
17.85277777777712 0.0001669905325017075 -0.0002349366341518127
17.8555555555549 0.0002232881099521381 -0.0001809366959812423
17.85833333333268 0.0002628953017641544 -0.000113961566035156
17.86111111111045 0.0002829785053994493 -3.899941020838194e-05
17.86388888888823 0.000282155458715204 3.83926619529136e-05
17.86666666666601 0.0002605926773959668 0.0001125014236718222
17.86944444444378 0.0002199877980159864 0.0001778808760901549
17.87222222222156 0.0001634383505897229 0.000229754615153287
17.87499999999934 9.520695051875932e-05 0.000264367322259075
17.87777777777711 2.040061570695755e-05 0.0002792593144553778
17.88055555555489 -5.541169841995832e-05 0.000273443871732931
17.88333333333266 -0.0001266146746366502 0.0002474743553141462
17.88611111111044 -0.0001879642225293559 0.0002033963939741272
17.88888888888822 -0.0002349758897953275 0.0001445890243969574
17.89166666666599 -0.0002642551540909595 7.550697897066527e-05
17.89444444444377 -0.0002737450715509418 1.343695357788172e-06
17.89722222222155 -0.0002628730126066826 -7.235947853957361e-05
17.89999999999932 -0.0002325858338181319 -0.0001401284363258
17.9027777777771 -0.0001852712404573122 -0.0001969646223100173
17.90555555555488 -0.0001245716534455031 -0.000238715900196871
17.90833333333265 -5.510495951791786e-05 -0.0002623822890007713
17.91111111111043 1.788651354273437e-05 -0.0002663338612492757
17.91388888888821 8.893211889028787e-05 -0.000250424787231252
17.91666666666598 0.0001527441242972937 -0.0002159953901113669
17.91944444444376 0.0002046130389980271 -0.0001657625512430445
17.92222222222154 0.0002407573306240305 -0.000103607229667578
17.92499999999931 0.0002586013883252484 -3.427559591496889e-05
17.92777777777709 0.0002569611157648529 3.698325755667628e-05
17.93055555555486 0.0002361236091608438 0.0001048153661584024
17.93333333333264 0.0001978154495681699 0.0001641654532544113
17.93611111111042 0.0001450625984823165 0.0002106554685454868
17.93888888888819 8.19530867941784e-05 0.000240909610191469
17.94166666666597 1.332100553273193e-05 0.0002528015307322543
17.94444444444375 -5.562381201711296e-05 0.0002456054520746104
17.94722222222152 -0.0001196920268606328 0.0002200403050260175
17.9499999999993 -0.00017410673844633 0.0001782041953807597
17.95277777777708 -0.0002148614145204336 0.0001234048534394013
17.95555555555485 -0.000239016837859883 5.989960811561061e-05
17.95833333333263 -0.0002449148985147644 -7.434760415127644e-06
17.96111111111041 -0.000232293526450281 -7.347671095884816e-05
17.96388888888818 -0.0002022946923075972 -0.0001332503525561041
17.96666666666596 -0.0001573656134374375 -0.0001823017323993771
17.96944444444373 -0.0001010614564055727 -0.0002170324225592409
17.97222222222151 -3.776530059376679e-05 -0.0002349652749577856
17.97499999999929 2.765264999178543e-05 -0.0002349225667353417
17.97777777777706 9.021011961622977e-05 -0.0002171035953751221
17.98055555555484 0.0001451931507208401 -0.0001830565713413147
17.98333333333262 0.0001885126984547981 -0.0001355477913336256
17.98611111111039 0.0002170103320234047 -7.833892947010133e-05
17.98888888888817 0.0002286900493288868 -1.589025345857766e-05
17.99166666666595 0.000222859056918596 4.698687387178955e-05
17.99444444444372 0.0002001674927059221 0.0001055011301749025
17.9972222222215 0.0001625449164808894 0.0001552473233855811
17.99999999999928 0.0001130393522695845 0.0001925393696104488
18.00277777777705 5.557212135630998e-05 0.0002146848700491827
18.00555555555483 -5.371917849971322e-06 0.000220180705993179
18.0083333333326 -6.509429309902569e-05 0.0002088153327061817
18.01111111111038 -0.0001190456863007292 0.0001816707727222095
18.01388888888816 -0.0001631734748828975 0.0001410251121442811
18.01666666666593 -0.0001942274005918557 9.016398139132962e-05
18.01944444444371 -0.0002100001968717429 3.311645977721582e-05
18.02222222222149 -0.0002094852491527911 -2.566345340745452e-05
18.02499999999926 -0.0001929399507405318 -8.164464335854066e-05
18.02777777777704 -0.0001618508277834187 -0.0001305687733753464
18.03055555555482 -0.0001188041569336218 -0.0001687751814471877
18.03333333333259 -6.727309138457378e-05 -0.000193475897259153
18.03611111111037 -1.133867999915053e-05 -0.0002029600149272061
18.03888888888815 4.463287831992186e-05 -0.0001967123516685615
18.04166666666592 9.633123141560407e-05 -0.0001754381367499835
18.0444444444437 0.0001398344545401771 -0.0001409928668229261
18.04722222222147 0.0001719074837103738 -9.622385074931593e-05
18.04999999999925 0.000190243604249415 -4.473677207505612e-05
18.05277777777703 0.0001936308803738694 9.393706267713243e-06
18.0555555555548 0.0001820314618296187 6.194611790856035e-05
18.05833333333258 0.0001565686337434324 0.0001088816741642246
18.06111111111036 0.0001194237345743542 0.000146655292734302
18.06388888888813 7.365208205661586e-05 0.0001724841526220189
18.06666666666591 2.293327050994379e-05 0.0001845533521528797
18.06944444444369 -2.872384555428512e-05 0.0001821434057295172
18.07222222222146 -7.72978627341491e-05 0.000165670612976429
18.07499999999924 -0.0001190682023034369 0.0001366382642610543
18.07777777777702 -0.0001509006806427747 9.750365750640705e-05
18.08055555555479 -0.0001704832934222241 5.147244017268533e-05
18.08333333333257 -0.0001764944113135579 2.237347586193663e-06
18.08611111111034 -0.0001686911162312033 -4.631744251045104e-05
18.08888888888812 -0.0001479118373683659 -9.042269043385315e-05
18.0916666666659 -0.0001159942580756006 -0.0001267170242070818
18.09444444444367 -7.56161158101725e-05 -0.00015250360772169
18.09722222222145 -3.007248449648578e-05 -0.0001659508931963924
18.09999999999923 1.699205180974772e-05 -0.0001662224707772665
18.102777777777 6.18746204033775e-05 -0.0001535268185351537
18.10555555555478 0.0001011054163199376 -0.0001290841979780903
18.10833333333256 0.0001317162454269254 -9.501451537813272e-05
18.11111111111033 0.0001514654288550272 -5.415615508788348e-05
18.11388888888811 0.0001590019858389421 -9.83110209315489e-06
18.11666666666589 0.0001539570564655181 3.442430282524481e-05
18.11944444444366 0.0001369564549521712 7.5141193702766e-05
18.12222222222144 0.0001095545753819806 0.0001091901366674957
18.12499999999921 7.40960967794763e-05 0.0001340218685215681
18.12777777777699 3.35175594047701e-05 0.0001478582636885752
18.13055555555477 -8.894530286005975e-06 0.0001498192026852774
18.13333333333254 -4.976921328207556e-05 0.0001399763189148778
18.13611111111032 -8.59187878225303e-05 0.0001193305442596698
18.1388888888881 -0.000114587451136223 8.971647487394669e-05
18.14166666666587 -0.0001336614579102042 5.364234785903656e-05
18.14444444444365 -0.0001418247483035408 1.407940140922516e-05
18.14722222222143 -0.0001386485943717583 -2.578180092908678e-05
18.1499999999992 -0.0001246092525856258 -6.278815417275648e-05
18.15277777777698 -0.000101033444366803 -9.40732562769387e-05
18.15555555555476 -6.997724352145029e-05 -0.0001172794056079699
18.15833333333253 -3.40491694107758e-05 -0.0001307351445417437
18.16111111111031 3.807442302299576e-06 -0.0001335749785501315
18.16388888888808 4.055472136904099e-05 -0.0001257927443711102
18.16666666666586 7.330362455233423e-05 -0.0001082255487979922
18.16944444444364 9.954089451979932e-05 -8.247080460498629e-05
18.17222222222141 0.0001173217835727451 -5.074419959755502e-05
18.17499999999919 0.0001254137624692231 -1.569102688132345e-05
18.17777777777697 0.0001233806218258114 1.983317839236289e-05
18.18055555555474 0.0001116013400007533 5.299457371685546e-05
18.18333333333252 9.122342440616333e-05 8.120670990215015e-05
18.1861111111103 6.405569728728371e-05 0.0001023320326110219
18.18888888888807 3.241026910764132e-05 0.0001148434903954068
18.19166666666585 -1.092653661074984e-06 0.0001179340487715569
18.19444444444363 -3.374074442504479e-05 0.0001115663241471095
18.1972222222214 -6.294856820614646e-05 9.645951388602212e-05
18.19999999999918 -8.646197123577461e-05 7.401589911017248e-05
18.20277777777696 -0.0001025317032135775 4.619402038021061e-05
18.20555555555473 -0.0001100429153110331 1.533978801014357e-05
18.20833333333251 -0.000108590992403883 -1.601003647416144e-05
18.21111111111028 -9.849869317991373e-05 -4.533560259315923e-05
18.21388888888806 -8.077440825231002e-05 -7.03360048687682e-05
18.21666666666584 -5.701610632240616e-05 -8.910941397998174e-05
18.21944444444361 -2.92698371676377e-05 -0.0001002972223503287
18.22222222222139 1.448424670948295e-07 -0.0001031813135268432
18.22499999999917 2.882772706630426e-05 -9.772757744439106e-05
18.22777777777694 5.449313198284818e-05 -8.457328550171265e-05
18.23055555555472 7.515154167701855e-05 -6.496053606990175e-05
18.2333333333325 8.92633262382947e-05 -4.062230673094193e-05
18.23611111111027 9.585268054688311e-05 -1.363135743446066e-05
18.23888888888805 9.457341614454274e-05 1.377497100073954e-05
18.24166666666583 8.572232156394973e-05 3.937933632725313e-05
18.2444444444436 7.020015737692604e-05 6.116317619474279e-05
18.24722222222138 4.942460743737045e-05 7.746531094949272e-05
18.24999999999915 2.520332236781503e-05 8.710793815765591e-05
18.25277777777693 -4.217372870642186e-07 8.948051210441812e-05
18.25555555555471 -2.534535840012718e-05 8.457563819396008e-05
18.25833333333248 -4.757127071760997e-05 7.297515056380562e-05
18.26111111111026 -6.537144071913421e-05 5.578864269357132e-05
18.26388888888804 -7.741978907861146e-05 3.455054836083488e-05
18.26666666666581 -8.289002831055583e-05 1.108511631246611e-05
18.26944444444359 -8.151047945066093e-05 -1.264896715307452e-05
18.27222222222137 -7.357240367749476e-05 -3.472115768282898e-05
18.27499999999914 -5.989226397956536e-05 -5.338539632486608e-05
18.27777777777692 -4.173209059017958e-05 -6.721759810261133e-05
18.2805555555547 -2.068545594784098e-05 -7.522350216286525e-05
18.28333333333247 1.460794001408893e-06 -7.690877819244895e-05
18.28611111111025 2.287715710835218e-05 -7.230656622484363e-05
18.28888888888802 4.184181441338491e-05 -6.196123016593296e-05
18.2916666666658 5.687838784259818e-05 -4.68707256626677e-05
18.29444444444358 6.687013904141615e-05 -2.83933218500756e-05
18.29722222222135 7.114183061555621e-05 -8.12720535457287e-06
18.29999999999913 6.950334019117931e-05 1.222648361247408e-05
18.30277777777691 6.225240551167254e-05 3.100552824199003e-05
18.30555555555468 5.013730427406023e-05 4.67216518166667e-05
18.30833333333246 3.428354955351777e-05 5.817775542846899e-05
18.31111111111024 1.609154323300807e-05 6.455819260677835e-05
18.31388888888801 -2.885650859142966e-06 6.548534702130252e-05
18.31666666666579 -2.107384368156706e-05 6.103872582390152e-05
18.31944444444357 -3.700749619314164e-05 5.1735968067761e-05
18.32222222222134 -4.944708810280193e-05 3.84783253925254e-05
18.32499999999912 -5.747473130290261e-05 2.246603994053156e-05
18.32777777777689 -6.056071630036013e-05 5.091391669294896e-06
18.33055555555467 -5.859627113019657e-05 -1.218116802005933e-05
18.33333333333245 -5.189072879796709e-05 -2.793755625818067e-05
18.33611111111022 -4.113429108819802e-05 -4.092907858555578e-05
18.338888888888 -2.733039325751653e-05 -5.017062542276582e-05
18.34166666666578 -1.170408604936542e-05 -5.501438104760605e-05
18.34444444444355 4.405331679276597e-06 -5.519361387892647e-05
18.34722222222133 1.965811065510014e-05 -5.083374259734134e-05
18.34999999999911 3.282467713839253e-05 -4.243066265084089e-05
18.35277777777688 4.288400775270187e-05 -3.079903545750028e-05
18.35555555555466 4.910193785316891e-05 -1.699566357291554e-05
18.35833333333244 5.108346882090951e-05 -2.225005155531838e-06
18.36111111111021 4.87954641241206e-05 1.226482789446739e-05
18.36388888888799 4.25586865346552e-05 2.528668264544056e-05
18.36666666666576 3.30107093033676e-05 3.581087959984587e-05
18.36944444444354 2.104361636159907e-05 4.304583713463529e-05
18.37222222222132 7.722396942202279e-06 4.649655643603388e-05
18.37499999999909 -5.808617480318208e-06 4.599673896591255e-05
18.37777777777687 -1.84231372000442e-05 4.171262715083293e-05
18.38055555555465 -2.910589560676738e-05 3.411907262343463e-05
18.38333333333242 -3.70336072970246e-05 2.395064024068844e-05
18.3861111111102 -4.163750603876733e-05 1.213256023816174e-05
18.38888888888798 -4.264279003142808e-05 -3.021144650083742e-07
18.39166666666575 -4.008236849823081e-05 -1.230182040017203e-05
18.39444444444353 -3.428452948231024e-05 -2.288461273404861e-05
18.39722222222131 -2.583634244265779e-05 -3.121778298539317e-05
18.39999999999908 -1.552658749398466e-05 -3.668256588085566e-05
18.40277777777686 -4.273605767451815e-06 -3.891897506701439e-05
18.40555555555463 6.955431645332237e-06 -3.784762092073247e-05
18.40833333333241 1.722681382119145e-05 -3.366738833166707e-05
18.41111111111019 2.571719758353257e-05 -2.682991156341755e-05
18.41388888888796 3.177885287393071e-05 -1.79937027212731e-05
18.41666666666574 3.498813675951162e-05 -7.962412319762222e-06
18.41944444444352 3.517365238234669e-05 2.387103059021581e-06
18.42222222222129 3.242236592691259e-05 1.218054837422545e-05
18.42499999999907 2.706386202354957e-05 2.061930895521486e-05
18.42777777777685 1.963475220233472e-05 2.704486046414551e-05
18.43055555555462 1.082685932882009e-05 3.098933197608863e-05
18.4333333333324 1.424054264708166e-06 3.220841145123181e-05
18.43611111111018 -7.766575941405849e-06 3.069439093390516e-05
18.43888888888795 -1.598325048305226e-05 2.666889309960631e-05
18.44166666666573 -2.257194585021034e-05 2.055654951150402e-05
18.4444444444435 -2.703770972928785e-05 1.294246824353153e-05
18.44722222222128 -2.908087477715478e-05 4.517606579436828e-06
18.44999999999906 -2.861561264902702e-05 -3.9829460642038e-06
18.45277777777683 -2.576984421536274e-05 -1.184333235789558e-05
18.45555555555461 -2.086713061703762e-05 -1.842653325076477e-05
18.45833333333239 -1.439267409778851e-05 -2.322530528758004e-05
18.46111111111016 -6.946832968700937e-06 -2.590043300457822e-05
18.46388888888794 8.094995046803943e-07 -2.630348692271996e-05
18.46666666666572 8.212756903436056e-06 -2.448268350308568e-05
18.46944444444349 1.465279460447137e-05 -2.067192262809451e-05
18.47222222222127 1.962252724674181e-05 -1.526450251384966e-05
18.47499999999905 2.275712322782399e-05 -8.774261970359699e-06
18.47777777777682 2.385979147729984e-05 -1.787874807279075e-06
18.4805555555546 2.291243482644337e-05 5.08735316749967e-06
18.48333333333238 2.007078893434212e-05 1.127559959227542e-05
18.48611111111015 1.564499779241358e-05 1.628013223298593e-05
18.48888888888793 1.006778306923198e-05 1.972252060125311e-05
18.4916666666657 3.853346179142004e-06 2.137041428730936e-05
18.49444444444348 -2.449177388520574e-06 2.115192817008131e-05
18.49722222222126 -8.303560342659379e-06 1.915588350521467e-05
18.49999999999903 -1.323150539289396e-05 1.561838545956988e-05
18.50277777777681 -1.685111397340205e-05 1.089736586047655e-05
