16.5 -2.062157242013195e-07 -6.61651268982155e-08
16.50277777777778 -2.225444992205892e-07 2.255991166386514e-08
16.50555555555555 -2.013351000794518e-07 1.132826454620664e-07
16.50833333333333 -1.437775852021709e-07 1.903799437064256e-07
16.51111111111111 -5.745713176106131e-08 2.395622316264809e-07
16.51388888888888 4.454298648892698e-08 2.504461032396674e-07
16.51666666666666 1.455539658015444e-07 2.18616448008244e-07
16.51944444444444 2.279831540845488e-07 1.467856567635459e-07
16.52222222222221 2.763105338253278e-07 4.478913978435324e-08
16.52499999999999 2.799204050454977e-07 -7.165792570065087e-08
16.52777777777776 2.352649085965411e-07 -1.833068845479307e-07
16.53055555555554 1.469397270034788e-07 -2.704883819918277e-07
16.53333333333332 2.741450093340235e-08 -3.16499927930115e-07
16.53611111111109 -1.046220167328867e-07 -3.106970252527335e-07
16.53888888888887 -2.271036310740102e-07 -2.507314688371299e-07
16.54166666666665 -3.181976095474058e-07 -1.434930528930777e-07
16.54444444444442 -3.601067445250645e-07 -4.507983898963527e-09
16.5472222222222 -3.424143602486447e-07 1.442001548626305e-07
16.54999999999998 -2.643622112782452e-07 2.775134472418445e-07
16.55277777777775 -1.355978978943731e-07 3.713762417626979e-07
16.55555555555553 2.483504718519466e-08 4.070315898483567e-07
16.55833333333331 1.912003546438413e-07 3.74607363492433e-07
16.56111111111108 3.351033759774888e-07 2.753887866864538e-07
16.56388888888886 4.302406081822322e-07 1.223004562596693e-07
16.56666666666663 4.570856227449724e-07 -6.159821086185139e-08
16.56944444444441 4.066949479701088e-07 -2.464677075803755e-07
16.57222222222219 2.829191791738238e-07 -4.004274531845853e-07
16.57499999999996 1.025367095601741e-07 -4.949441063626247e-07
16.57777777777774 -1.068422604165111e-07 -5.099759595662669e-07
16.58055555555552 -3.108766578201017e-07 -4.379671715312212e-07
16.58333333333329 -4.740142521037115e-07 -2.859289668293427e-07
16.58611111111107 -5.655620250277107e-07 -7.512942432794249e-08
16.58888888888885 -5.652903292891648e-07 1.617016327161033e-07
16.59166666666662 -4.675723921313039e-07 3.853214832987975e-07
16.5944444444444 -2.832532976750508e-07 5.563527543171437e-07
16.59722222222218 -3.878650463902211e-08 6.42075114969679e-07
16.59999999999995 2.273792247894545e-07 6.224811311245002e-07
16.60277777777773 4.707048898989072e-07 4.945046042784497e-07
16.6055555555555 6.478765503886822e-07 2.735798147258686e-07
16.60833333333328 7.243520082144533e-07 -7.899085742097591e-09
16.61111111111106 6.808490771754997e-07 -3.051392420234017e-07
16.61388888888883 5.175911905283382e-07 -5.679246508262585e-07
16.61666666666661 2.554427743908867e-07 -7.489464053512399e-07
16.61944444444439 -6.644762092433794e-08 -8.121306201110243e-07
16.62222222222216 -3.962979797745549e-07 -7.395266325915695e-07
16.62499999999994 -6.778582525072092e-07 -5.354813419275477e-07
16.62777777777772 -8.598312595383001e-07 -2.272186087379778e-07
16.63055555555549 -9.049987042071416e-07 1.384889284379334e-07
16.63333333333327 -7.974614943661058e-07 5.022124233010892e-07
16.63611111111105 -5.466354180888687e-07 8.01345541687516e-07
16.63888888888882 -1.871231836306252e-07 9.806877730966439e-07
16.6416666666666 2.257565355641839e-07 1.002373765316115e-06
16.64444444444437 6.242665792324546e-07 8.534003766268665e-07
16.64722222222215 9.391694057381232e-07 5.493155303351283e-07
16.64999999999993 1.111538562309478e-06 1.332110008393189e-07
16.6527777777777 1.103482571248924e-06 -3.300794795426034e-07
16.65555555555548 9.058733941047996e-07 -7.638554852244766e-07
16.65833333333326 5.415776393199093e-07 -1.092034559002596e-06
16.66111111111103 6.337658245838994e-08 -1.252249316859133e-06
16.66388888888881 -4.533716409547323e-07 -1.207340537400073e-06
16.66666666666659 -9.223668827592136e-07 -9.531793555673047e-07
16.66944444444436 -1.260544551785059e-06 -5.212654609990967e-07
16.67222222222214 -1.402505028543312e-06 2.464174010388781e-08
16.67499999999992 -1.312731289804197e-06 5.976184917314953e-07
16.67777777777769 -9.933722945130614e-07 1.101160580842916e-06
16.68055555555547 -4.860064712025225e-07 1.445177164521244e-06
16.68333333333324 1.332554328761957e-07 1.561785602793559e-06
16.68611111111102 7.64861187159125e-07 1.418186740457887e-06
16.6888888888888 1.301545585116106e-06 1.02424957451447e-06
16.69166666666657 1.646258396992617e-06 4.332102887737779e-07
16.69444444444435 1.729341163645225e-06 -2.650165914309037e-07
16.69722222222213 1.521968032654614e-06 -9.571779746907925e-07
16.6999999999999 1.043341910476128e-06 -1.524755116939335e-06
16.70277777777768 3.600696999023422e-07 -1.863935310170696e-06
16.70555555555546 -4.226058638736994e-07 -1.904167399514564e-06
16.70833333333323 -1.176662940806569e-06 -1.622047732869561e-06
16.71111111111101 -1.771919699456447e-06 -1.047905644153801e-06
16.71388888888879 -2.098148025362073e-06 -2.63564561614632e-07
16.71666666666656 -2.084981330188797e-06 6.088173726463558e-07
16.71944444444434 -1.716093658436922e-06 1.425402170021185e-06
16.72222222222211 -1.034917601863153e-06 2.044038541634563e-06
16.72499999999989 -1.404687903070853e-07 2.348601230654892e-06
16.72777777777767 8.265405915261642e-07 2.270197903756428e-06
16.73055555555544 1.705447446542539e-06 1.801454736097963e-06
16.73333333333322 2.341949505593439e-06 1.001072844152351e-06
16.736111111111 2.614735587082989e-06 -1.26393982431591e-08
16.73888888888877 2.457907854754526e-06 -1.07873918821855e-06
16.74166666666655 1.875149284695341e-06 -2.018787688190432e-06
16.74444444444433 9.427855908713696e-07 -2.666297996164584e-06
16.7472222222221 -1.993638774772957e-07 -2.895699465231841e-06
16.74999999999988 -1.368426901653064e-06 -2.645857270637713e-06
16.75277777777766 -2.367318362766426e-06 -1.933856105347568e-06
16.75555555555543 -3.017505163154348e-06 -8.561935706767313e-07
16.75833333333321 -3.190321476049958e-06 4.234735605197439e-07
16.76111111111098 -2.831429321858473e-06 1.698640585782227e-06
16.76388888888876 -1.973908743849686e-06 2.7528091980569e-06
16.76666666666654 -7.37166001536175e-07 3.395735855064273e-06
16.76944444444431 6.888819048319221e-07 3.497084286268016e-06
16.77222222222209 2.072410616963056e-06 3.011628610724784e-06
16.77499999999987 3.17687055658117e-06 1.991293262703193e-06
16.77777777777764 3.80086680667314e-06 5.813153586964096e-07
16.78055555555542 3.814100228036223e-06 -9.996230276119804e-07
16.7833333333332 3.183068585048161e-06 -2.492728929042192e-06
16.78611111111097 1.981649823923202e-06 -3.640918903853428e-06
16.78888888888875 3.840130293144309e-07 -4.232455580680865e-06
16.79166666666653 -1.359824556679321e-06 -4.139089223229541e-06
16.7944444444443 -2.962515007210303e-06 -3.341962444198572e-06
16.79722222222208 -4.146141852746214e-06 -1.940278338928924e-06
16.79999999999986 -4.689710814286452e-06 -1.404088894958625e-07
16.80277777777763 -4.469359544557549e-06 1.773677412664884e-06
16.80555555555541 -3.484117937095935e-06 3.484580237651336e-06
16.80833333333318 -1.862148388784478e-06 4.693463315186866e-06
16.81111111111096 1.545452294847795e-07 5.171464344098838e-06
16.81388888888874 2.245402790695325e-06 4.801791927578738e-06
16.81666666666651 4.061591072866658e-06 3.604936414231747e-06
16.81944444444429 5.283509334527445e-06 1.741913557426762e-06
16.82222222222207 5.676145796068684e-06 -5.060682919274345e-07
16.82499999999984 5.132827529503243e-06 -2.779216682230462e-06
16.82777777777762 3.699416448929789e-06 -4.696031531378358e-06
16.8305555555554 1.573930253325589e-06 -5.916575206120839e-06
16.83333333333317 -9.195192073324064e-07 -6.201760230459667e-06
16.83611111111095 -3.379292348305107e-06 -5.458460202184944e-06
16.83888888888873 -5.390165603144832e-06 -3.762162287668881e-06
16.8416666666665 -6.592594518814134e-06 -1.352281022242623e-06
16.84444444444428 -6.745869424587345e-06 1.400362637831196e-06
16.84722222222205 -5.774233507957767e-06 4.049721222827334e-06
16.84999999999983 -3.787397325734266e-06 6.146000177566273e-06
16.85277777777761 -1.070802276909836e-06 7.311110765107947e-06
16.85555555555538 1.954131798902744e-06 7.305577357761418e-06
16.85833333333316 4.79447278688163e-06 6.075242858357576e-06
16.86111111111094 6.965249147566167e-06 3.768982734091238e-06
16.86388888888871 8.071252171907311e-06 7.231162897064008e-07
16.86666666666649 7.877520433430334e-06 -2.586388663281552e-06
16.86944444444427 6.35614309781199e-06 -5.6173540107167e-06
16.87222222222204 3.700441287278837e-06 -7.849299369877802e-06
16.87499999999982 3.026672139782652e-07 -8.871710396283027e-06
16.8777777777776 -3.302682048413792e-06 -8.457862933073565e-06
16.88055555555537 -6.521969007445635e-06 -6.611161788051456e-06
16.88333333333315 -8.799179177269887e-06 -3.574986361659376e-06
16.88611111111092 -9.71072371131054e-06 1.972391804156065e-07
16.8888888888887 -9.04229814526588e-06 4.108504132661023e-06
16.89166666666648 -6.83411837522453e-06 7.511679580291594e-06
16.89444444444425 -3.385555990389283e-06 9.815530141961375e-06
16.89722222222203 7.833924488655447e-07 1.058606527551233e-05
16.89999999999981 5.009246002660398e-06 9.62605555226327e-06
16.90277777777758 8.589567371798537e-06 7.018449342041801e-06
16.90555555555536 1.089858278045692e-05 3.124851777484272e-06
16.90833333333314 1.149503703599916e-05 -1.462631555455709e-06
16.91111111111091 1.020391438628456e-05 -6.010152882505117e-06
16.91388888888869 7.157239362870236e-06 -9.758398338152403e-06
16.91666666666647 2.785382390373792e-06 -1.204813686794407e-05
16.91944444444424 -2.24179662894415e-06 -1.243446976042518e-05
16.92222222222202 -7.116279732920923e-06 -1.077022378959925e-05
16.92499999999979 -1.102059027291046e-05 -7.243258392976167e-06
16.92777777777757 -1.326354699510846e-05 -2.359511270475519e-06
16.93055555555535 -1.340072962706949e-05 3.127678980257945e-06
16.93333333333312 -1.131892972796416e-05 8.332447934138307e-06
16.9361111111109 -7.269004534762591e-06 1.237818409257842e-05
16.93888888888868 -1.839508125759624e-06 1.454371395216246e-05
16.94166666666645 4.126970019111899e-06 1.4389731726691e-05
16.94444444444423 9.66320377860026e-06 1.184360871742655e-05
16.94722222222201 1.38328195697927e-05 7.226752437173678e-06
16.94999999999978 1.58870824640316e-05 1.217603701224643e-06
16.95277777777756 1.539696074549724e-05 -5.246209744194128e-06
16.95555555555534 1.233750833179879e-05 -1.111277949803522e-05
16.95833333333311 7.108606900076419e-06 -1.53857161595961e-05
16.96111111111089 4.860472629100447e-07 -1.729164572829588e-05
16.96388888888866 -6.491735505919361e-06 -1.641749900699188e-05
16.96666666666644 -1.268505753315283e-05 -1.279359436406292e-05
16.96944444444422 -1.703765950974177e-05 -6.906561276232925e-06
16.97222222222199 -1.87549571241543e-05 3.628338182325683e-07
16.97499999999977 -1.744606195337553e-05 7.8696317509308e-06
16.97777777777755 -1.320460442165347e-05 1.438353872283428e-05
16.98055555555532 -6.612560191104009e-06 1.878899417797215e-05
16.9833333333331 1.336573034657524e-06 2.027414936800614e-05
16.98611111111088 9.385681453843052e-06 1.847704104604751e-05
16.98888888888865 1.621131504393151e-05 1.35631076442575e-05
16.99166666666643 2.06396229988647e-05 6.218566036292371e-06
16.99444444444421 2.184596129037374e-05 -2.442502939477945e-06
16.99722222222198 1.950455396190547e-05 -1.104531992183006e-05
16.99999999999976 1.386157014688825e-05 -1.817104747116067e-05
17.00277777777753 5.716628639066387e-06 -2.258901345039621e-05
17.00555555555531 -3.687693260311424e-06 -2.34667723017165e-05
17.00833333333309 -1.285359162355606e-05 -2.052250185883577e-05
17.01111111111086 -2.02649494524143e-05 -1.409242571004338e-05
17.01388888888864 -2.463621126828893e-05 -5.098957467298951e-06
17.01666666666642 -2.513264450284065e-05 5.078889614194777e-06
17.01944444444419 -2.152463338269743e-05 1.481511064341477e-05
17.02222222222197 -1.424815116707592e-05 2.249477640598723e-05
17.02499999999975 -4.35799569991397e-06 2.677986144481042e-05
17.02777777777752 6.622453488774801e-06 2.683937228098921e-05
17.0305555555553 1.693402529759521e-05 2.250461499035368e-05
17.03333333333308 2.486182154668907e-05 1.432134587541224e-05
17.03611111111085 2.90182366307714e-05 3.486495476030603e-06
17.03888888888863 2.858253911731135e-05 -8.324304121268904e-06
17.0416666666664 2.345610707105781e-05 -1.921398736964853e-05
17.04444444444418 1.430481460656257e-05 -2.736691823671972e-05
17.04722222222196 2.477593633793697e-06 -3.134927283606622e-05
17.04999999999973 -1.01898628587264e-05 -3.035758121689141e-05
17.05277777777751 -2.16581263311711e-05 -2.437284526347796e-05
17.05555555555529 -3.001044893816462e-05 -1.419165314877249e-05
17.05833333333306 -3.37706121975922e-05 -1.324887261826185e-06
17.06111111111084 -3.215985746119941e-05 1.222400051934527e-05
17.06388888888862 -2.524872628865594e-05 2.426902881023533e-05
17.06666666666639 -1.397533588800836e-05 3.27923607174024e-05
17.06944444444417 -2.250841122719953e-08 3.627965245577446e-05
17.07222222222195 1.44309882000092e-05 3.398472507575985e-05
17.07499999999972 2.704872345702781e-05 2.607789755186941e-05
17.0777777777775 3.571218712025408e-05 1.364980461753899e-05
17.08055555555528 3.887360265380936e-05 -1.434802644123261e-06
17.08333333333305 3.582762030533395e-05 -1.68144518868704e-05
17.08611111111083 2.685484970984941e-05 -2.999867123460325e-05
17.0888888888886 1.320955782297038e-05 -3.876907610275989e-05
17.09166666666638 -3.05162616014025e-06 -4.154954444955772e-05
17.09444444444416 -1.937733112878507e-05 -3.768414329571691e-05
17.09722222222193 -3.311976103625252e-05 -2.757451135346368e-05
17.09999999999971 -4.196182356749252e-05 -1.264973969895124e-05
17.10277777777749 -4.430449831021999e-05 4.831794186244493e-06
17.10555555555526 -3.955014629705344e-05 2.212184192733833e-05
17.10833333333304 -2.823234492177517e-05 3.641231039985675e-05
17.11111111111082 -1.196622817474134e-05 4.528891192192892e-05
17.11388888888859 6.778324765899861e-06 4.713549374640754e-05
17.11666666666637 2.504944388594281e-05 4.142182422874244e-05
17.11944444444415 3.987607095830714e-05 2.882444293938829e-05
17.12222222222192 4.874855294587487e-05 1.115572125678126e-05
17.1249999999997 5.003964263646754e-05 -8.893359419603427e-06
17.12777777777747 4.32958065816082e-05 -2.816081154513135e-05
17.13055555555525 2.934762365678016e-05 -4.351023813395017e-05
17.13333333333303 1.021582103640904e-05 -5.233873413110239e-05
17.1361111111108 -1.117810417008412e-05 -5.301421459527396e-05
17.13888888888858 -3.145580971420232e-05 -4.516924957962573e-05
17.14166666666636 -4.731346445865104e-05 -2.979952517004337e-05
17.14444444444413 -5.605726753983439e-05 -9.14511475980865e-06
17.14722222222191 -5.605671325526504e-05 1.363277428053867e-05
17.14999999999969 -4.703992747950441e-05 3.493347249636299e-05
17.15277777777746 -3.017869710287847e-05 5.128387578018272e-05
17.15555555555524 -7.943252407737706e-06 5.990184012291925e-05
17.15833333333302 1.625654278703857e-05 5.916495225222324e-05
17.16111111111079 3.85919855924183e-05 4.890632185469083e-05
17.16388888888857 5.541908950385155e-05 3.048468894715468e-05
17.16666666666634 6.387006434236868e-05 6.611020292111005e-06
17.16944444444412 6.23371296447715e-05 -1.90474928188121e-05
17.1722222222219 5.076770768714207e-05 -4.242867136595069e-05
17.17499999999967 3.071813417891702e-05 -5.971623391675621e-05
17.17777777777745 5.150410230092935e-06 -6.795952786141199e-05
17.18055555555523 -2.200257361678637e-05 -6.557189944546097e-05
17.183333333333 -4.643997605962433e-05 -5.262423507667362e-05
17.18611111111078 -6.417196755495059e-05 -3.08808292898372e-05
17.18888888888856 -7.216784099627393e-05 -3.56468391458814e-06
17.19166666666633 -6.886843890235426e-05 2.511756008681251e-05
17.19444444444411 -5.447700537308659e-05 5.062145847080705e-05
17.19722222222189 -3.097580690227551e-05 6.878249750025545e-05
17.19999999999966 -1.858432149049104e-06 7.649268057143013e-05
17.20277777777744 2.838701565829295e-05 7.222651014403905e-05
17.20555555555521 5.496777932945919e-05 5.632814053825377e-05
17.20833333333299 7.354359543930192e-05 3.100740216129959e-05
17.21111111111077 8.093182878324996e-05 3.762866041796946e-08
17.21388888888854 7.564651478737213e-05 -3.180425816754361e-05
17.21666666666632 5.818084455381194e-05 -5.947269057302909e-05
17.2194444444441 3.098131162538628e-05 -7.845061027949969e-05
17.22222222222187 -1.890321761867045e-06 -8.548320565769131e-05
17.22499999999965 -3.536132845062081e-05 -7.912954010545715e-05
17.22777777777743 -6.412902368443916e-05 -6.003945570379906e-05
17.2305555555552 -8.349847610229305e-05 -3.090464389727599e-05
17.23333333333298 -9.014489368611025e-05 3.916541027995259e-06
17.23611111111076 -8.267739536463114e-05 3.904896131067062e-05
17.23888888888853 -6.190948857966905e-05 6.892867625204155e-05
17.24166666666631 -3.078596125623701e-05 8.868171423893278e-05
17.24444444444408 6.03064163019427e-06 9.491515324033334e-05
17.24722222222186 4.285655852890484e-05 8.629263696122895e-05
17.24999999999964 7.386259592926932e-05 6.379766467376294e-05
17.25277777777741 9.399442828458044e-05 3.063531156114186e-05
17.25555555555519 9.979242740406774e-05 -8.220696866568839e-06
17.25833333333297 8.997858102302487e-05 -4.677216361244734e-05
17.26111111111074 6.571193045252486e-05 -7.892076101098242e-05
17.26388888888852 3.046424969845936e-05 -9.943029091928282e-05
17.2666666666663 -1.047321765537147e-05 -0.0001047753349133493
17.26944444444407 -5.078243801984867e-05 -9.373930218606162e-05
17.27222222222185 -8.409215691531015e-05 -6.766146182166755e-05
17.27499999999963 -0.0001049825214839274 -3.028584784155599e-05
17.2777777777774 -0.0001098626499741859 1.27731362240576e-05
17.28055555555518 -9.757961731399256e-05 5.487263867941372e-05
17.28333333333295 -6.965665392363537e-05 8.936474795288116e-05
17.28611111111073 -3.01146937711889e-05 0.0001106438533643736
17.28888888888851 1.510379702088599e-05 0.0001150532678216628
17.29166666666628 5.902659671217242e-05 0.0001015050529966566
17.29444444444406 9.472544389302876e-05 7.170909523041393e-05
17.29722222222184 0.0001164064903680592 2.996687648287176e-05
17.29999999999961 0.000120346155001695 -1.744695527590626e-05
17.30277777777739 0.0001055217957447995 -6.322669739740921e-05
17.30555555555517 7.383152492604225e-05 -0.0001001600609862988
17.30833333333294 2.985995827011401e-05 -0.000122262051436735
17.31111111111072 -1.978278373285825e-05 -0.0001257402834956251
17.3138888888885 -6.745386156735937e-05 -0.0001096366238925087
17.31666666666627 -0.0001056532772864581 -7.603777260107546e-05
17.31944444444405 -0.0001282015032252822 -2.981293242895511e-05
17.32222222222182 -0.0001312345479686262 2.208988819442637e-05
17.3249999999996 -0.0001138568203270688 7.168752879268356e-05
17.32777777777738 -7.83426793151525e-05 0.0001111885823252378
17.33055555555515 -2.984616568078955e-05 0.0001342150802899761
17.33333333333293 2.434533264957829e-05 0.0001368276656077373
17.33611111111071 7.590564291989251e-05 0.0001181900652891015
17.33888888888848 0.0001167482214276223 8.076199912761881e-05
17.34166666666626 0.0001402921928719533 2.998132435357782e-05
17.34444444444404 0.0001425180582233414 -2.652467490331348e-05
17.34722222222181 0.0001226443086286184 -8.008464073913817e-05
17.34999999999959 8.331228023895188e-05 -0.0001223131352239535
17.35277777777737 3.024128330776366e-05 -0.0001464213225301087
17.35555555555514 -2.860201378343252e-05 -0.0001483037165217389
17.35833333333292 -8.419944480398212e-05 -0.0001272276210610965
17.3611111111107 -0.00012786289519873 -8.601072495199646e-05
17.36388888888847 -0.0001525899061746389 -3.065001653667933e-05
17.36666666666625 -0.0001541820467164096 3.055004916216748e-05
17.36944444444402 -0.0001319480241524516 8.822346167605535e-05
17.3722222222218 -8.887502773270003e-05 0.0001333756364305597
17.37499999999958 -3.123246832617371e-05 0.0001587842093743811
17.37777777777735 3.234015620423668e-05 0.0001601496999314387
17.38055555555513 9.212858713614901e-05 0.0001368132989682081
17.38333333333291 0.0001388279890071079 9.192319074613179e-05
17.38611111111068 0.0001649891901589982 3.201440382245668e-05
17.38888888888846 0.0001662023851667374 -3.394247540800203e-05
17.39166666666624 0.0001418307735557308 -9.588522017945531e-05
17.39444444444401 9.517331636489934e-05 -0.0001441950099436893
17.39722222222179 3.302223783606793e-05 -0.0001711883549092561
17.39999999999957 -3.532602017301024e-05 -0.0001723346669366808
17.40277777777734 -9.946228788221163e-05 -0.0001470070896975572
17.40555555555512 -0.0001494501177981021 -9.86433762875367e-05
17.40833333333289 -0.0001773636083209901 -3.428284071845487e-05
17.41111111111067 -0.0001785397490673635 3.645880376119015e-05
17.41388888888845 -0.0001523479496667791 0.0001028272835078567
17.41666666666622 -0.0001023509570937332 0.0001545650325346371
17.419444444444 -3.58233201810204e-05 0.0001834950998410208
17.42222222222178 3.730798763978093e-05 0.0001848092465389426
17.42499999999955 0.0001059463204692894 0.0001578578440571073
17.42777777777733 0.0001595097235616959 0.0001063129822785033
17.43055555555511 0.0001895610694002114 3.767077800230996e-05
17.43333333333288 0.0001911329476892327 -3.784005328348437e-05
17.43611111111066 0.0001635397621284285 -0.0001087842050125249
17.43888888888844 0.0001105454110746035 -0.0001642523692284729
17.44166666666621 3.985204068352597e-05 -0.0001955376957084106
17.44444444444399 -3.802099955377063e-05 -0.0001974985695530265
17.44722222222176 -0.0001113045306906482 -0.0001693948865275666
17.44999999999954 -0.0001687593314151681 -0.0001150629146881768
17.45277777777732 -0.0002013989508186967 -4.239336329051804e-05
17.45555555555509 -0.0002038915095922087 3.781656778035355e-05
17.45833333333287 -0.0001754222746985088 0.0001134697978725123
17.46111111111065 -0.0001198785309442187 0.0001729951491775284
17.46388888888842 -4.532010594704354e-05 0.0002071164651130282
17.4666666666662 3.719249660034869e-05 0.0002102945975765607
17.46944444444398 0.0001152415616538629 0.000181618529795325
17.47222222222175 0.0001769225557033906 0.0001250032987659743
17.47499999999953 0.0002126594072938805 4.865638275287519e-05
17.47777777777731 0.0002166878518947753 -3.611480848404562e-05
17.48055555555508 0.0001879774644551019 -0.0001165806115954873
17.48333333333286 0.0001304458744031757 -0.0001805025230924079
17.48611111111063 5.242468326825412e-05 -0.0002179943843850064
17.48888888888841 -3.455012966694524e-05 -0.0002230482451060007
17.49166666666619 -0.0001174471867114477 -0.0001944897613634641
17.49444444444396 -0.0001836943396646265 -0.0001362121318847379
17.49722222222174 -0.0002230853671295568 -5.664546717424974e-05
17.49999999999952 -0.0002293494840761458 3.246604490403681e-05
17.50277777777729 -0.0002011426351656383 0.0001178012290278382
17.50555555555507 -0.0001423047507882823 0.0001864557246367671
17.50833333333285 -6.133673325802747e-05 0.0002278936465218846
17.51111111111062 2.983148807392288e-05 0.0002355618105682545
17.5138888888884 0.0001176026788467294 0.0002079195009175986
17.51666666666618 0.0001887429850535418 0.0001487227951033459
17.51944444444395 0.0002323778274986408 6.651356451621314e-05
17.52222222222173 0.0002416518286648344 -2.661716914083536e-05
17.5249999999995 0.000214799654939692 -0.0001168118145456373
17.52777777777728 0.0001554612877157988 -0.0001905112198078464
17.53055555555506 7.218765188955376e-05 -0.0002364938660387906
17.53333333333283 -2.279603738016251e-05 -0.0002475823658720559
17.53611111111061 -0.0001153896393204123 -0.0002217579746112788
17.53888888888839 -0.0001917145754285023 -0.0001625107858330297
17.54166666666616 -0.0002401951560505712 -7.836679998152777e-05
17.54444444444394 -0.0002533123751816903 1.83437800152533e-05
17.54722222222172 -0.0002287646443168818 0.0001132983167258128
17.54999999999949 -0.0001698569635228708 0.000192306558017515
17.55277777777727 -8.505441901019595e-05 0.0002434326724564255
17.55555555555505 1.323935456275874e-05 0.0002587968857218609
17.55833333333282 0.0001105016561616407 0.0002357849154113004
17.5611111111106 0.0001922404052919702 0.0001774802084102324
17.56388888888837 0.000246155176784589 9.224900825569331e-05
17.56666666666615 0.0002639870098960347 -7.465552179826062e-06
17.56944444444393 0.0002427789086817344 -0.0001069656486092167
17.5722222222217 0.0001853552404807256 -0.0001914695220847911
17.57499999999948 9.994363733180745e-05 -0.0002483094913350859
17.57777777777726 -1.00958820022868e-06 -0.0002688300150653161
17.58055555555503 -0.0001026590519020072 -0.0002497014683429099
17.58333333333281 -0.0001899479818987739 -0.0001934507618289621
17.58611111111059 -0.000249840847579174 -0.0001081254327453284
17.58888888888836 -0.0002732694678491175 -6.136285195247266e-06
17.59166666666614 -0.0002565020770648325 9.755402364678351e-05
17.59444444444392 -0.000201729147068052 0.0001876310961476928
17.59722222222169 -0.000116775078392889 0.0002506933138521508
17.59999999999947 -1.397415056667835e-05 0.0002772454589772407
17.60277777777724 9.162679857286118e-05 0.0002631248418851427
17.60555555555502 0.0001844760515729671 0.0002101461849320752
17.6083333333328 0.0002508103066009947 0.0001258663398379302
17.61111111111057 0.0002806949162944078 2.249978889983091e-05
17.61388888888835 0.0002695085610630577 -8.485840559074897e-05
17.61666666666613 0.0002186508823435685 -0.0001804426149670675
17.6194444444439 0.0001353656234122291 -0.0002501351884183826
17.62222222222168 3.170204473269628e-05 -0.0002835520129712161
17.62499999999946 -7.723541819904007e-05 -0.000275586881956223
17.62777777777723 -0.0001754939027742457 -0.0002271853428364883
17.63055555555501 -0.0002486119548292729 -0.0001452315823401477
17.63333333333279 -0.0002857486771835064 -4.156220363873833e-05
17.63611111111056 -0.0002812885598129381 6.875073009783426e-05
17.63888888888834 -0.0002356847316884384 0.000169597211371778
17.64166666666612 -0.0001554147831655587 0.0002461860102761813
17.64444444444389 -5.205339455828519e-05 0.0002872152084633025
17.64722222222167 5.940434597566854e-05 0.0002865378269317694
17.64999999999944 0.0001627249018713603 0.0002440773403782623
17.65277777777722 0.0002428050319696441 0.0001658574467227236
17.655555555555 0.0002878810045731247 6.314003103074087e-05
17.65833333333277 0.0002912548809150482 -4.920417546024925e-05
17.66111111111055 0.0002522847630084472 -0.0001548553311299805
17.66388888888833 0.0001764932786853665 -0.0002384199182297625
17.6666666666661 7.477730687753402e-05 -0.0002876754010937828
17.66944444444388 -3.81668162007677e-05 -0.0002953564996957537
17.67222222222166 -0.000145973818355895 -0.0002602221970591419
17.67499999999943 -0.0002329858156436393 -0.0001872474053072721
17.67777777777721 -0.0002865286239314408 -8.691076325379844e-05
17.68055555555499 -0.0002987567896197325 2.631831001931256e-05
17.68333333333276 -0.0002677988802387323 0.0001360736342556485
17.68611111111054 -0.000198036430259549 0.0002264632168267152
17.68888888888831 -9.947594519520393e-05 0.0002843728526322448
17.69166666666609 1.369485409553348e-05 0.0003013680710859225
17.69444444444387 0.0001251569971411448 0.0002749186742112097
17.69722222222164 0.0002188191178080972 0.0002087686284462502
17.69999999999942 0.0002811433897457669 0.0001123981667449285
17.7027777777772 0.0003031019040687106 -3.434472797314324e-07
17.70555555555497 0.0002814808045670894 -0.0001132360578608829
17.70833333333275 0.000219344292249182 -0.0002100282211138791
17.71111111111053 0.0001255924043876174 -0.0002767799285168572
17.7138888888883 1.367755005493671e-05 -0.0003038702532515449
17.71666666666608 -0.000100333852878508 -0.0002873807645372051
17.71944444444386 -0.0002000741675355299 -0.0002296562447745588
17.72222222222163 -0.0002712279079180326 -0.0001389633388088087
17.72499999999941 -0.000303586789487338 -2.829796563140035e-05
17.72777777777718 -0.000292511387585579 8.648520237856335e-05
17.73055555555496 -0.0002395905332970183 0.0001889507763938323
17.73333333333274 -0.0001524055647870749 0.0002644399405228031
17.73611111111051 -4.343549845587034e-05 0.0003021683208776289
17.73888888888829 7.173752803481927e-05 0.0002967640911322422
17.74166666666607 0.0001766632709292805 0.0002490273141522298
17.74444444444384 0.0002563772949866423 0.0001658039883293613
17.74722222222162 0.0002995363429485963 5.89955603236631e-05
17.7499999999994 0.0003000302902551347 -5.6151563090555e-05
17.75277777777717 0.0002578419377882437 -0.0001632294623427479
17.75555555555495 0.0001790344288473586 -0.000247011411026766
17.75833333333273 7.487130050265937e-05 -0.0002956186932410022
17.7611111111105 -3.980192577924993e-05 -0.0003022029762960788
17.76388888888828 -0.0001486808630865677 -0.0002659062395056404
17.76666666666605 -0.0002363254208730193 -0.0001919644421682888
17.76944444444383 -0.0002903512911700173 -9.094383799326587e-05
17.77222222222161 -0.0003031784508578032 2.277752603255494e-05
17.77499999999938 -0.0002730900376064214 0.000133063697335725
17.77777777777716 -0.0002044543774795479 0.0002243156472679199
17.78055555555494 -0.0001070827245196778 0.0002836799393419359
17.78333333333271 5.181774857299726e-06 0.0003028582008016908
17.78611111111049 0.0001164397743774538 0.0002792628361611698
17.78888888888827 0.0002109930443676434 0.0002163586778219853
17.79166666666604 0.0002755621577156963 0.0001231466594440581
17.79444444444382 0.0003011508945589908 1.286743399577386e-05
17.7972222222216 0.0002842957245220525 -9.888718891279715e-05
17.79999999999937 0.0002275274294749592 -0.000196384544451519
17.80277777777715 0.0001389844749355537 -0.0002659690171907691
17.80555555555492 3.123799944931382e-05 -0.0002979744744757797
17.8083333333327 -8.050081130710108e-05 -0.0002880634599698925
17.81111111111048 -0.0001805342703889358 -0.0002378081604529514
17.81388888888825 -0.0002548869345584601 -0.000154436405884673
17.81666666666603 -0.0002932583141111602 -4.978417300398676e-05
17.81944444444381 -0.0002904467136771172 6.139253059403987e-05
17.82222222222158 -0.0002470478825052236 0.0001635045713750825
17.82499999999936 -0.0001693356543489285 0.0002423193863654176
17.82777777777714 -6.834742752877135e-05 0.0002869454035509822
17.83055555555491 4.16912138686467e-05 0.0002913344534920706
17.83333333333269 0.0001453768378793332 0.0002550953643301803
17.83611111111047 0.0002282884953616584 0.0001835102525167035
17.83888888888824 0.000278994520041144 8.675765524536953e-05
17.84166666666602 0.0002906264301168034 -2.154234754745194e-05
17.84444444444379 0.0002618036164432217 -0.0001262520510603994
17.84722222222157 0.0001967852214620112 -0.0002128364399781287
17.84999999999935 0.0001048347098866809 -0.000269382335792204
17.85277777777712 -1.107329104607148e-06 -0.0002882357261583661
17.8555555555549 -0.000106251022362739 -0.0002670325602721125
17.85833333333268 -0.0001960266349281315 -0.0002089850153039785
17.86111111111045 -0.0002581054098445154 -0.0001223903015916805
17.86388888888823 -0.0002840913205185594 -1.943761766881514e-05
17.86666666666601 -0.0002706518457835024 8.55142807639078e-05
17.86944444444378 -0.0002199362318580041 0.0001779446297886669
17.87222222222156 -0.0001392302453642752 0.0002451820066879459
17.87499999999934 -3.990292504228473e-05 0.0002781406138603007
17.87777777777711 6.420156831896263e-05 0.0002725437734689532
17.88055555555489 0.000158698672423587 0.0002294705616872698
17.88333333333266 0.0002306536811032739 0.0001551570551570451
17.88611111111044 0.0002703518547029838 6.008757518322959e-05
17.88888888888822 0.0002726062680485037 -4.249090940233204e-05
17.89166666666599 0.0002374279376540575 -0.0001384198857038041
17.89444444444377 0.0001699728657635465 -0.000214586566727212
17.89722222222155 7.978141062816716e-05 -0.000260716400346453
17.89999999999932 -2.057722549178964e-05 -0.0002707558430598489
17.9027777777771 -0.000117262009182128 -0.0002436598370369838
17.90555555555488 -0.0001970723053854313 -0.0001834826539458711
17.90833333333265 -0.0002492507425857859 -9.87678564371523e-05
17.91111111111043 -0.0002669304879160599 -1.329524560542384e-06
17.91388888888821 -0.0002480326781424536 9.540066249044697e-05
17.91666666666598 -0.0001954977187897043 0.0001782285555255677
17.91944444444376 -0.0001168270376935528 0.000235998225388159
17.92222222222154 -2.300668891432976e-05 0.0002610924023287507
17.92499999999931 7.303209428070996e-05 0.000250431243506168
17.92777777777709 0.0001581990213475662 0.0002058393694104553
17.93055555555486 0.0002210303806369111 0.0001337392635749317
17.93333333333264 0.0002532304976063909 4.422175044141861e-05
17.93611111111042 0.0002507620525780435 -5.037138963148513e-05
17.93888888888819 0.0002143427561337115 -0.0001371529496974234
17.94166666666597 0.0001492888358339926 -0.0002044478090474564
17.94444444444375 6.473562329031013e-05 -0.0002433625805856437
17.94722222222152 -2.765011999874329e-05 -0.0002489565986151087
17.9499999999993 -0.0001152840495330004 -0.000220860769597037
17.95277777777708 -0.0001863805366453647 -0.0001632681256764699
17.95555555555485 -0.0002315371342248782 -8.430638948426197e-05
17.95833333333263 -0.0002449743578021873 5.11343293039373e-06
17.96111111111041 -0.0002252679211900192 9.280879897275266e-05
17.96388888888818 -0.0001754818489190751 0.0001669877830623977
17.96666666666596 -0.0001026934312144786 0.0002178346095407069
17.96944444444373 -1.698340626670149e-05 0.000238805473815674
17.97222222222151 6.996411752755581e-05 0.0002274641084292546
17.97499999999929 0.0001464570864659042 0.0001857514555447895
17.97777777777706 0.0002023681469058343 0.0001196618983798848
17.98055555555484 0.0002304730185752806 3.837899212174263e-05
17.98333333333262 0.000227378160701685 -4.70043960715642e-05
17.98611111111039 0.0001939195367436556 -0.0001250027413481633
17.98888888888817 0.0001349874344848617 -0.0001852836510548669
17.99166666666595 5.881022923177578e-05 -0.0002200347302236524
17.99444444444372 -2.419789423140313e-05 -0.0002249710548473357
17.9972222222215 -0.0001028635196508036 -0.0001998541408558132
17.99999999999928 -0.0001667591536474211 -0.0001484610679144941
18.00277777777705 -0.0002075841328066612 -7.801718981725321e-05
18.00555555555483 -0.0002202386867996079 1.822533902497361e-06
18.0083333333326 -0.0002034528798987747 8.02996626901383e-05
18.01111111111038 -0.0001598941603730573 0.0001470034100519146
18.01388888888816 -9.574829428573218e-05 0.0001932509490327007
18.01666666666593 -1.983886191049882e-05 0.0002132140854613066
18.01944444444371 5.758915090854322e-05 0.000204646701150983
18.02222222222149 0.0001262536931327424 0.0001691232906011082
18.02499999999926 0.0001772007280885046 0.0001117657118520971
18.02777777777704 0.0002039689585945357 4.050381420040584e-05
18.03055555555482 0.0002034031942230016 -3.502328021644539e-05
18.03333333333259 0.0001760149400358298 -0.0001047727661601752
18.03611111111037 0.0001258508605856496 -0.0001596336249454551
18.03888888888815 5.989582446949661e-05 -0.0001926144681409369
18.04166666666592 -1.290159717775241e-05 -0.0001997293037153426
18.0444444444437 -8.284503922683074e-05 -0.0001804698386074557
18.04722222222147 -0.000140782285859759 -0.0001378098704620252
18.04999999999925 -0.0001793011443089272 -7.775028863620242e-05
18.05277777777703 -0.0001936733214717299 -8.473730106144374e-06
18.0555555555548 -0.0001824268240294368 6.077193837868012e-05
18.05833333333258 -0.0001474788597391681 0.000120908816763395
18.06111111111036 -9.38205540845636e-05 0.0001642178641254815
18.06388888888813 -2.880400359048035e-05 0.0001853260410038751
18.06666666666591 3.886654343538054e-05 0.0001818660674467141
18.06944444444369 0.000100300836581584 0.0001547288652294986
18.07222222222146 0.0001475898409231149 0.0001078839675000077
18.07499999999924 0.0001748209701821524 4.780042305897405e-05
18.07777777777702 0.0001788115226998344 -1.74475784951945e-05
18.08055555555479 0.0001594702615082089 -7.926664574663349e-05
18.08333333333257 0.0001197477460816378 -0.0001296755962296237
18.08611111111034 6.519070077760538e-05 -0.0001623335168970444
18.08888888888812 3.167132507937742e-06 -0.000173332466233708
18.0916666666659 -5.812957060553785e-05 -0.000161656503585915
18.09444444444367 -0.0001107629143389188 -0.0001292544937149106
18.09722222222145 -0.0001480790860479903 -8.072569325601159e-05
18.09999999999923 -0.0001655440101404258 -2.266760513664775e-05
18.102777777777 -0.0001612870327359463 3.722157614639474e-05
18.10555555555478 -0.0001362871776057401 9.116381188353278e-05
18.10833333333256 -9.418586349052264e-05 0.000132310054646093
18.11111111111033 -4.075886273135024e-05 0.0001556064920913878
18.11388888888811 1.687627149715743e-05 0.0001584091964800257
18.11666666666589 7.120858913779703e-05 0.0001407733806283535
18.11944444444366 0.0001153116245203978 0.0001053873749298724
18.12222222222144 0.0001437236728902716 5.716814483191388e-05
18.12499999999921 0.0001531190515601373 2.57853626889791e-06
18.12777777777699 0.0001426886508817923 -5.123906555536055e-05
18.13055555555477 0.0001141876120146098 -9.739658836253896e-05
18.13333333333254 7.165194837698942e-05 -0.0001301397047078928
18.13611111111032 2.082855565262333e-05 -0.0001455609431256461
18.1388888888881 -3.16011379260116e-05 -0.0001420587832676494
18.14166666666587 -7.889908360650067e-05 -0.0001204899224855157
18.14444444444365 -0.000115134870111548 -8.400268126555111e-05
18.14722222222143 -0.0001359257841736458 -3.758078201941663e-05
18.1499999999992 -0.0001389608885900601 1.263683412216264e-05
18.15277777777698 -0.0001242473844464303 6.016744871928185e-05
18.15555555555476 -9.405470152746739e-05 9.902013285790973e-05
18.15833333333253 -5.257109702398426e-05 0.0001244479960208647
18.16111111111031 -5.323932819147006e-06 0.0001335231337667397
18.16388888888808 4.155633638764505e-05 0.000125465417019085
18.16666666666586 8.213058488015718e-05 0.0001016895167280259
18.16944444444364 0.0001114011124575143 6.557145291377861e-05
18.17222222222141 0.0001259230719546024 2.197167820177984e-05
18.17499999999919 0.000124203077581305 -2.341827620918031e-05
18.17777777777697 0.0001068399281566957 -6.481791850051413e-05
18.18055555555474 7.639639262051365e-05 -9.709209611480894e-05
18.18333333333252 3.702547338754628e-05 -0.0001163845230859631
18.1861111111103 -6.094914068192817e-06 -0.0001205729209887722
18.18888888888807 -4.74420969254974e-05 -0.0001094929233747155
18.19166666666585 -8.185446402490251e-05 -8.490865957528098e-05
18.19444444444363 -0.0001051730124863861 -5.024062064298725e-05
18.1972222222214 -0.0001147393364107803 -1.009181541375687e-05
18.19999999999918 -0.0001096911490052171 3.036243766528656e-05
18.20277777777696 -9.102366392140306e-05 6.604036863228373e-05
18.20555555555473 -6.141560331294212e-05 9.258982652567556e-05
18.20833333333251 -2.484830494827852e-05 0.000106915324628238
18.21111111111028 1.392836062171423e-05 0.0001075328330837941
18.21388888888806 5.001182863635369e-05 9.471259475834366e-05
18.21666666666584 7.896479791362556e-05 7.039804493367671e-05
18.21944444444361 9.735773157643768e-05 3.791738758540218e-05
18.22222222222139 0.0001031700721869565 1.529916796155046e-06
18.22499999999917 9.600400130542843e-05 -3.413134884979024e-05
18.22777777777694 7.708942728005696e-05 -6.464798725008475e-05
18.23055555555472 4.908565225928254e-05 -8.636101090887285e-05
18.2333333333325 1.571043306272538e-05 -9.680545185188998e-05
18.23611111111027 -1.875220747028377e-05 -9.498370906908345e-05
18.23888888888805 -5.000047948105373e-05 -8.144834509666107e-05
18.24166666666583 -7.424964734969167e-05 -5.818967616626289e-05
18.2444444444436 -8.86870279100102e-05 -2.834796815405659e-05
18.24722222222138 -9.179298934245123e-05 4.208720520111314e-06
18.24999999999915 -8.34921143180044e-05 3.538456153696551e-05
18.25277777777693 -6.512090925212483e-05 6.136943120955853e-05
18.25555555555471 -3.922164515464038e-05 7.910175927063829e-05
18.25833333333248 -9.193185443661241e-06 8.662496025336283e-05
18.26111111111026 2.115358809117106e-05 8.329660032771633e-05
18.26388888888804 4.807783003929356e-05 6.9828979598186e-05
18.26666666666581 6.836754698034008e-05 4.816134463318732e-05
18.26944444444359 7.971926317416475e-05 2.118475181078204e-05
18.27222222222137 8.099419202242665e-05 -7.64187361544261e-06
18.27499999999914 7.232323426109278e-05 -3.473375320025266e-05
18.27777777777692 5.505265521639225e-05 -5.682409729451206e-05
18.2805555555547 3.154218108698479e-05 -7.135512719975015e-05
18.28333333333247 4.845031580054854e-06 -7.67699143620607e-05
18.28611111111025 -2.168704636814344e-05 -7.267238716606139e-05
18.28888888888802 -4.48228850453529e-05 -5.984012410825153e-05
18.2916666666658 -6.184300374986825e-05 -4.00931267789363e-05
18.29444444444358 -7.085574433664291e-05 -1.603931780346668e-05
18.29722222222135 -7.100221241783077e-05 9.268082972283287e-06
18.29999999999913 -6.252862466346944e-05 3.271654469762747e-05
18.30277777777691 -4.672159551475766e-05 5.15150200049455e-05
18.30555555555468 -2.571879073926823e-05 6.352326999814528e-05
18.30833333333246 -2.22216405565086e-06 6.749129561353104e-05
18.31111111111024 2.084805711617768e-05 6.318272319830991e-05
18.31388888888801 4.071456050365688e-05 5.137102508589206e-05
18.31666666666579 5.507490611665775e-05 3.371331567736822e-05
18.31944444444357 6.236493459176466e-05 1.252118603642222e-05
18.32222222222134 6.192400193264713e-05 -9.540127436509248e-06
18.32499999999912 5.404536393283743e-05 -2.978533743837004e-05
18.32777777777689 3.990954392190606e-05 -4.583394955585128e-05
18.33055555555467 2.141276969303845e-05 -5.588736117199773e-05
18.33333333333245 9.148388816721125e-07 -5.892637656163632e-05
18.33611111111022 -1.90603487742301e-05 -5.48080512497563e-05
18.338888888888 -3.613381894040345e-05 -4.425369114214228e-05
18.34166666666578 -4.835253308463315e-05 -2.873326115500295e-05
18.34444444444355 -5.440953206707584e-05 -1.026376054194127e-05
18.34722222222133 -5.377887976034313e-05 8.851146406170956e-06
18.34999999999911 -4.675220845837174e-05 2.630687298966047e-05
18.35277777777688 -3.437597907520032e-05 4.007381649740317e-05
18.35555555555466 -1.830052854719146e-05 4.863068512897613e-05
18.35833333333244 -5.621581599526829e-07 5.112881196470514e-05
18.36111111111021 1.667323667885544e-05 4.747026965396463e-05
18.36388888888799 3.137294031730989e-05 3.829355996264618e-05
18.36666666666576 4.187496167724165e-05 2.487194425362923e-05
18.36944444444354 4.707291133659167e-05 8.939737272039144e-06
18.37222222222132 4.652808883087758e-05 -7.530081320157422e-06
18.37499999999909 4.049809958701153e-05 -2.256864999000721e-05
18.37777777777687 2.988167477381605e-05 -3.444474939418113e-05
18.38055555555465 1.608936068057687e-05 -4.186163815052577e-05
18.38333333333242 8.58198406709059e-07 -4.409517811352893e-05
18.3861111111102 -1.396551747810194e-05 -4.105904588065628e-05
18.38888888888798 -2.664844310795511e-05 -3.329203049885226e-05
18.39166666666575 -3.577084070076635e-05 -2.187185417714858e-05
18.39444444444353 -4.038275010833248e-05 -8.268491730585027e-06
18.39722222222131 -4.009889724056556e-05 5.843372778451398e-06
18.39999999999908 -3.512346017124842e-05 1.878904213658596e-05
18.40277777777686 -2.620445074322611e-05 2.909084199139519e-05
18.40555555555463 -1.452579030647591e-05 3.563455983598852e-05
18.40833333333241 -1.552191044872962e-06 3.778686087075084e-05
18.41111111111019 1.115307950063947e-05 3.545175910591287e-05
18.41388888888796 2.211507516301751e-05 2.906186983211112e-05
18.41666666666574 3.011656074979227e-05 1.950801098154964e-05
18.41944444444352 3.433072369333236e-05 8.017823496474634e-06
18.42222222222129 3.440309116422685e-05 -4.000361151366836e-06
18.42499999999907 3.047506073311834e-05 -1.512875416989388e-05
18.42777777777685 2.314860004552858e-05 -2.410581439205785e-05
18.43055555555462 1.339857555209246e-05 -2.996727802829543e-05
18.4333333333324 2.445032319004409e-06 -3.214702965624814e-05
18.43611111111018 -8.398076564492764e-06 -3.052765380231408e-05
18.43888888888795 -1.787913886294093e-05 -2.543679517317178e-05
18.44166666666573 -2.495172040902669e-05 -1.759193326253556e-05
18.4444444444435 -2.888792082408013e-05 -8.002078611318822e-06
18.44722222222128 -2.935027329527834e-05 2.160440812334292e-06
18.44999999999906 -2.641553044266127e-05 1.170200401907073e-05
18.45277777777683 -2.054954361841479e-05 1.954649966870051e-05
18.45555555555461 -1.253815055109264e-05 2.485496024113062e-05
18.45833333333239 -3.383879213753985e-06 2.711297170826483e-05
18.46111111111016 5.818178695565778e-06 2.617708377161481e-05
18.46388888888794 1.401012564054823e-05 2.227655927825998e-05
18.46666666666572 2.029144194139487e-05 1.597211793739957e-05
18.46944444444349 2.40161418523239e-05 8.078224148400915e-06
18.47222222222127 2.485667875662767e-05 -4.406060987569296e-07
18.47499999999905 2.282864530537602e-05 -8.586459354833063e-06
18.47777777777682 1.827508298927187e-05 -1.544368762316692e-05
18.4805555555546 1.181391134485275e-05 -2.028034345524856e-05
18.48333333333238 4.256071805243585e-06 -2.262435783399923e-05
18.48611111111015 -3.494987715636618e-06 -2.230680887791175e-05
18.48888888888793 -1.055018511792035e-05 -1.946873567475761e-05
18.4916666666657 -1.613554059649338e-05 -1.453228176324896e-05
18.49444444444348 -1.967553455871576e-05 -8.14099963281548e-06
18.49722222222126 -2.085032535337259e-05 -1.077459924103609e-06
18.49999999999903 -1.962143685781811e-05 5.831459076469865e-06
18.50277777777681 -1.622436138462658e-05 1.18102803735857e-05
