16.5 1.447081464805714e-07 1.611282137537964e-07
16.50277777777778 1.587004340503324e-07 1.576362140495017e-07
16.50555555555555 1.728970838948659e-07 1.532167701902726e-07
16.50833333333333 1.87248809028774e-07 1.478323391194735e-07
16.51111111111111 2.017028289922216e-07 1.414473527097706e-07
16.51388888888888 2.162029057004612e-07 1.340284739895384e-07
16.51666666666666 2.306893955883655e-07 1.255448567778584e-07
16.51944444444444 2.450993185844009e-07 1.159684077984473e-07
16.52222222222221 2.593664443995437e-07 1.052740502925501e-07
16.52499999999999 2.73421396565623e-07 9.343998810284481e-08
16.52777777777776 2.8719177460081e-07 8.044796915550306e-08
16.53055555555554 3.006022946215873e-07 6.628354722440716e-08
16.53333333333332 3.135749486563349e-07 5.093634082236831e-08
16.53611111111109 3.26029182849905e-07 3.440028802753483e-08
16.53888888888887 3.378820946775829e-07 1.667389602083568e-08
16.54166666666665 3.49048649214846e-07 -2.239515918740827e-09
16.54444444444442 3.594419144321399e-07 -2.23315812389453e-08
16.5472222222222 3.689733154054765e-07 -4.35886600572454e-08
16.54999999999998 3.775529072527463e-07 -6.599162353643618e-08
16.55277777777775 3.850896665208511e-07 -8.951565001729229e-08
16.55555555555553 3.914918006644631e-07 -1.141300342401944e-07
16.55833333333331 3.966670751687574e-07 -1.397980109863724e-07
16.56111111111108 4.005231577808547e-07 -1.664765944672102e-07
16.56388888888886 4.029679792237725e-07 -1.941164347772994e-07
16.56666666666663 4.039101096772858e-07 -2.226616927134599e-07
16.56944444444441 4.032591502184613e-07 -2.52049934238078e-07
16.57222222222219 4.009261383240043e-07 -2.822120458394447e-07
16.57499999999996 3.968239664459264e-07 -3.130721720061476e-07
16.57777777777774 3.908678125823252e-07 -3.445476759949957e-07
16.58055555555552 3.829755816760072e-07 -3.765491250240514e-07
16.58333333333329 3.730683565867159e-07 -4.089803009720925e-07
16.58611111111107 3.610708572974147e-07 -4.417382376066203e-07
16.58888888888885 3.469119069316969e-07 -4.747132852995791e-07
16.59166666666662 3.305249030798539e-07 -5.077892041182329e-07
16.5944444444444 3.118482928526303e-07 -5.408432861051e-07
16.59722222222218 2.90826050010086e-07 -5.737465074760546e-07
16.59999999999995 2.674081524405219e-07 -6.063637113814093e-07
16.60277777777773 2.415510582022166e-07 -6.385538217791182e-07
16.6055555555555 2.132181782770648e-07 -6.701700888738537e-07
16.60833333333328 1.823803441320932e-07 -7.010603664693444e-07
16.61111111111106 1.490162681327833e-07 -7.310674214770647e-07
16.61388888888883 1.131129948097445e-07 -7.600292757084038e-07
16.61666666666661 7.466634094053828e-08 -7.87779579963589e-07
16.61944444444439 3.368132237840049e-08 -8.141480203078945e-07
16.62222222222216 -9.827434466358659e-09 -8.389607563035528e-07
16.62499999999994 -5.583529860243158e-08 -8.620408908367583e-07
16.62777777777772 -1.043072600135957e-07 -8.832089710507349e-07
16.63055555555549 -1.551975769167085e-07 -9.022835197628704e-07
16.63333333333327 -2.084494468420106e-07 -9.190815966092647e-07
16.63611111111105 -2.639947036376635e-07 -9.334193880260431e-07
16.63888888888882 -3.217535424842484e-07 -9.45112825038446e-07
16.6416666666666 -3.816342749689567e-07 -9.539782276933087e-07
16.64444444444437 -4.435331162354152e-07 -9.59832974832585e-07
16.64722222222215 -5.073340061734608e-07 -9.62496197770074e-07
16.64999999999993 -5.729084665607207e-07 -9.617894962977491e-07
16.6527777777777 -6.401154959986702e-07 -9.575376753149869e-07
16.65555555555548 -7.088015044174635e-07 -9.495695002420889e-07
16.65833333333326 -7.78800288835342e-07 -9.377184692525293e-07
16.66111111111103 -8.499330519738574e-07 -9.218236002298237e-07
16.66388888888881 -9.220084652246055e-07 -9.017302302383183e-07
16.66666666666659 -9.948227773598525e-07 -8.772908251752552e-07
16.66944444444436 -1.068159970261748e-06 -8.483657971630037e-07
16.67222222222214 -1.141791962818713e-06 -8.148243271326741e-07
16.67499999999992 -1.215478864011054e-06 -7.765451899489264e-07
16.67777777777769 -1.288969276061757e-06 -7.334175793347762e-07
16.68055555555547 -1.362000648388931e-06 -6.853419297639119e-07
16.68333333333324 -1.434299682937539e-06 -6.322307324146295e-07
16.68611111111102 -1.505582791313005e-06 -5.74009342202001e-07
16.6888888888888 -1.575556603969946e-06 -5.106167728492572e-07
16.69166666666657 -1.643918531542393e-06 -4.420064768978652e-07
16.69444444444435 -1.710357378221235e-06 -3.681471075204312e-07
16.69722222222213 -1.774554006909181e-06 -2.890232589572972e-07
16.6999999999999 -1.83618205569311e-06 -2.046361823805521e-07
16.70277777777768 -1.894908704992313e-06 -1.150044739705597e-07
16.70555555555546 -1.950395494544181e-06 -2.016473199060973e-08
16.70833333333323 -2.002299189200462e-06 7.982782035114343e-08
16.71111111111101 -2.050272692308908e-06 1.848987494376335e-07
16.71388888888879 -2.093966005263997e-06 2.949538663394947e-07
16.71666666666656 -2.13302723160924e-06 4.098787255826734e-07
16.71944444444434 -2.167103623883124e-06 5.295381706554805e-07
16.72222222222211 -2.195842671202925e-06 6.53775929243449e-07
16.72499999999989 -2.218893225390528e-06 7.824142611174918e-07
16.72777777777767 -2.235906663252562e-06 9.152536614968003e-07
16.73055555555544 -2.246538082441895e-06 1.052072622620006e-06
16.73333333333322 -2.250447528143949e-06 1.192627456131806e-06
16.736111111111 -2.24730124765393e-06 1.336652178780728e-06
16.73888888888877 -2.236772969737606e-06 1.483858463773962e-06
16.74166666666655 -2.218545205502502e-06 1.633935660001514e-06
16.74444444444433 -2.192310567346262e-06 1.786550881169598e-06
16.7472222222221 -2.157773102396985e-06 1.941349166728861e-06
16.74999999999988 -2.114649636715889e-06 2.097953716289187e-06
16.75277777777766 -2.062671126399039e-06 2.255966199037765e-06
16.75555555555543 -2.001584011586649e-06 2.414967139464224e-06
16.75833333333321 -1.931151569274879e-06 2.574516380505671e-06
16.76111111111098 -1.851155260721107e-06 2.734153624990939e-06
16.76388888888876 -1.761396069136745e-06 2.893399056055445e-06
16.76666666666654 -1.661695823284603e-06 3.051754036954556e-06
16.76944444444431 -1.551898502522248e-06 3.208701890474828e-06
16.77222222222209 -1.431871518785568e-06 3.363708757893287e-06
16.77499999999987 -1.301506970951991e-06 3.516224537187984e-06
16.77777777777764 -1.160722867003784e-06 3.665683899948347e-06
16.78055555555542 -1.009464309388573e-06 3.811507386180533e-06
16.7833333333332 -8.477046389781401e-07 3.953102575934412e-06
16.78611111111097 -6.754465330357465e-07 4.089865336426384e-06
16.78888888888875 -4.927230526330947e-07 4.221181143059815e-06
16.79166666666653 -2.995986350026788e-07 4.346426472483754e-06
16.7944444444443 -9.617002636140109e-08 4.464970265568362e-06
16.79722222222208 1.17432849171695e-07 4.576175457906527e-06
16.79999999999986 3.410460888677941e-07 4.679400575196864e-06
16.80277777777763 5.744710830741471e-07 4.774001390598548e-06
16.80555555555541 8.174738633742328e-07 4.859332640900794e-06
16.80833333333318 1.069784531154138e-06 4.93474979809117e-06
16.81111111111096 1.331096770371172e-06 4.999610892674506e-06
16.81388888888874 1.601067448143573e-06 5.053278384842628e-06
16.81666666666651 1.879316306616512e-06 5.095121079378727e-06
16.81944444444429 2.165425749350639e-06 5.124516079946966e-06
16.82222222222207 2.458940725295488e-06 5.140850778208394e-06
16.82499999999984 2.759368713163293e-06 5.143524873005866e-06
16.82777777777762 3.066179808817981e-06 5.131952414657505e-06
16.8305555555554 3.378806918018366e-06 5.105563869228221e-06
16.83333333333317 3.69664605663105e-06 5.063808197469417e-06
16.83611111111095 4.019056760129741e-06 5.006154942968284e-06
16.83888888888873 4.345362603951052e-06 4.932096323904002e-06
16.8416666666665 4.674851835962678e-06 4.841149322672469e-06
16.84444444444428 5.00677812202975e-06 4.732857767541744e-06
16.84722222222205 5.340361405336554e-06 4.606794400386473e-06
16.84999999999983 5.67478887983507e-06 4.462562924477812e-06
16.85277777777761 6.009216077848147e-06 4.299800026238887e-06
16.85555555555538 6.342768071560865e-06 4.118177364818961e-06
16.85833333333316 6.67454078777389e-06 3.917403523319487e-06
16.86111111111094 7.003602434995008e-06 3.697225915477855e-06
16.86388888888871 7.328995041580123e-06 3.457432641636161e-06
16.86666666666649 7.64973610332562e-06 3.197854287821808e-06
16.86944444444427 7.96482033855395e-06 2.918365661827757e-06
16.87222222222204 8.273221548419537e-06 2.61888746022592e-06
16.87499999999982 8.573894579809287e-06 2.299387860333844e-06
16.8777777777776 8.865777387893627e-06 1.959884031234635e-06
16.88055555555537 9.147793195041067e-06 1.600443558090536e-06
16.88333333333315 9.41885274250045e-06 1.221185774091015e-06
16.88611111111092 9.677856630915863e-06 8.222829945569929e-07
16.8888888888887 9.923697745448707e-06 4.039616478673748e-07
16.89166666666648 1.015526376095233e-05 -3.349670192068971e-08
16.89444444444425 1.037143972236864e-05 -4.897544457042088e-07
16.89722222222203 1.057111069521323e-05 -9.644171379107746e-07
16.89999999999981 1.075316448074393e-05 -1.457032827528194e-06
16.90277777777758 1.091649439014378e-05 -1.967091515774614e-06
16.90555555555536 1.106000207179277e-05 -2.49402474439574e-06
16.90833333333314 1.11826003854574e-05 -3.037205318244905e-06
16.91111111111091 1.128321631701254e-05 -3.59594716552003e-06
16.91388888888869 1.136079392708484e-05 -4.169505338740658e-06
16.91666666666647 1.141429732682098e-05 -4.757076159180636e-06
16.91944444444424 1.144271367379125e-05 -5.357797507194967e-06
16.92222222222202 1.144505618089554e-05 -5.970749260467697e-06
16.92499999999979 1.142036713096637e-05 -6.594953881926042e-06
16.92777777777757 1.13677208896669e-05 -7.229377158620407e-06
16.93055555555535 1.128622690913982e-05 -7.872929092578792e-06
16.93333333333312 1.117503271480974e-05 -8.524464944185557e-06
16.9361111111109 1.103332686763089e-05 -9.182786428322011e-06
16.93888888888868 1.086034189407105e-05 -9.846643063041638e-06
16.94166666666645 1.065535717603526e-05 -1.05147336702315e-05
16.94444444444423 1.04177017929849e-05 -1.118570802724153e-05
16.94722222222201 1.014675730846755e-05 -1.185816866812476e-05
16.94999999999978 9.841960493343699e-06 -1.253067283267895e-05
16.95277777777756 9.502805978025985e-06 -1.320173456112696e-05
16.95555555555534 9.128848826134555e-06 -1.386982693182357e-05
16.95833333333311 8.719707022064732e-06 -1.45333844390364e-05
16.96111111111089 8.275063865085447e-06 -1.519080550739271e-05
16.96388888888866 7.794670262711588e-06 -1.584045513926267e-05
16.96666666666644 7.278346916265805e-06 -1.648066769090572e-05
16.96944444444422 6.72598639171444e-06 -1.710974977288466e-05
16.97222222222199 6.137555069078461e-06 -1.772598326983721e-05
16.97499999999977 5.513094963901814e-06 -1.832762847439013e-05
16.97777777777755 4.852725414547559e-06 -1.891292732959728e-05
16.98055555555532 4.15664462929243e-06 -1.948010677400458e-05
16.9833333333331 3.425131087516967e-06 -2.002738218306432e-05
16.98611111111088 2.658544789539041e-06 -2.055296090037523e-05
16.98888888888865 1.857328349969044e-06 -2.105504585185502e-05
16.99166666666643 1.022007929773463e-06 -2.153183923575674e-05
16.99444444444421 1.531940025946436e-07 -2.198154628108394e-05
16.99722222222198 -7.484180488173337e-07 -2.240237906680143e-05
16.99999999999976 -1.682047509763592e-06 -2.279256039393504e-05
17.00277777777753 -2.646828087772583e-06 -2.315032770249599e-05
17.00555555555531 -3.641807846713164e-06 -2.347393702492988e-05
17.00833333333309 -4.665949323487509e-06 -2.376166696765433e-05
17.01111111111086 -5.718129829406028e-06 -2.401182271207364e-05
17.01388888888864 -6.797141938064148e-06 -2.422274002632444e-05
17.01666666666642 -7.901694160976919e-06 -2.439278927891857e-05
17.01944444444419 -9.030411811930061e-06 -2.452037944533298e-05
17.02222222222197 -1.018183806045691e-05 -2.460396209852872e-05
17.02499999999975 -1.13544351744682e-05 -2.464203537438642e-05
17.02777777777752 -1.254658595161946e-05 -2.463314790292021e-05
17.0305555555553 -1.375659533852369e-05 -2.45759026962542e-05
17.03333333333308 -1.49826922364937e-05 -2.446896098425741e-05
17.03611111111085 -1.622303149204134e-05 -2.431104598885165e-05
17.03888888888863 -1.747569606994992e-05 -2.410094662802158e-05
17.0416666666664 -1.873869940620785e-05 -2.383752114070855e-05
17.04444444444418 -2.000998793779422e-05 -2.351970062379108e-05
17.04722222222196 -2.128744380572187e-05 -2.314649247256629e-05
17.04999999999973 -2.256888772744584e-05 -2.271698371628052e-05
17.05277777777751 -2.385208203423417e-05 -2.223034424039742e-05
17.05555555555529 -2.513473386877366e-05 -2.168582988753653e-05
17.05833333333306 -2.641449853778359e-05 -2.108278542921075e-05
17.06111111111084 -2.768898301414146e-05 -2.042064740071191e-05
17.06388888888862 -2.895574958251649e-05 -1.969894679179815e-05
17.06666666666639 -3.021231962227328e-05 -1.891731158607087e-05
17.06944444444417 -3.145617752094696e-05 -1.807546914221117e-05
17.07222222222195 -3.268477471133782e-05 -1.717324841062044e-05
17.07499999999972 -3.389553382488372e-05 -1.621058197927289e-05
17.0777777777775 -3.508585295374502e-05 -1.518750794295142e-05
17.08055555555528 -3.625311001364473e-05 -1.410417159043413e-05
17.08333333333305 -3.739466719936417e-05 -1.296082690447857e-05
17.08611111111083 -3.850787552441083e-05 -1.175783786998666e-05
17.0888888888886 -3.959007943626515e-05 -1.049567958591543e-05
17.09166666666638 -4.063862149830037e-05 -9.174939177177382e-06
17.09444444444416 -4.165084712935813e-05 -7.796316502910087e-06
17.09722222222193 -4.262410939173033e-05 -6.360624658205641e-06
17.09999999999971 -4.355577381819127e-05 -4.8687902664993e-06
17.10277777777749 -4.444322326856991e-05 -3.321853560673213e-06
17.10555555555526 -4.528386280625637e-05 -1.72096825090543e-06
17.10833333333304 -4.607512458495119e-05 -6.74011782251244e-08
17.11111111111082 -4.681447273591305e-05 1.637468247222843e-06
17.11388888888859 -4.749940824588514e-05 3.39214882344124e-06
17.11666666666637 -4.812747381592828e-05 5.195038549324689e-06
17.11944444444415 -4.869625869131738e-05 7.044425832265871e-06
17.12222222222192 -4.920340345274616e-05 8.938490909658867e-06
17.1249999999997 -4.964660475912017e-05 1.087530748270296e-05
17.12777777777747 -5.00236200322472e-05 1.285284456071058e-05
17.13055555555525 -5.033227207390718e-05 1.486896851335822e-05
17.13333333333303 -5.05704536058366e-05 1.692144532816532e-05
17.1361111111108 -5.073613172330515e-05 1.900794306984424e-05
17.13888888888858 -5.082735225317322e-05 2.112603453785095e-05
17.14166666666636 -5.084224400742657e-05 2.327320011793353e-05
17.14444444444413 -5.077902292341044e-05 2.544683082323607e-05
17.14722222222191 -5.063599608228631e-05 2.76442315198272e-05
17.14999999999969 -5.041156559724575e-05 2.986262433152476e-05
17.15277777777746 -5.01042323636156e-05 3.209915221804639e-05
17.15555555555524 -4.971259966287604e-05 3.435088272058561e-05
17.15833333333302 -4.923537661324028e-05 3.661481186824621e-05
17.16111111111079 -4.86713814595464e-05 3.888786823855679e-05
17.16388888888857 -4.801954469555629e-05 4.116691716502653e-05
17.16666666666634 -4.72789120122198e-05 4.34487650841977e-05
17.16944444444412 -4.644864706566381e-05 4.573016401458831e-05
17.1722222222219 -4.552803405908079e-05 4.800781615947686e-05
17.17499999999967 -4.451648013311689e-05 5.027837862533462e-05
17.17777777777745 -4.341351755968184e-05 5.25384682473659e-05
17.18055555555523 -4.221880573450502e-05 5.478466651354078e-05
17.183333333333 -4.093213296420041e-05 5.701352457816046e-05
17.18611111111078 -3.955341804404952e-05 5.922156835591537e-05
17.18888888888856 -3.808271162292264e-05 6.140530368721997e-05
17.19166666666633 -3.65201973526134e-05 6.356122156541759e-05
17.19444444444411 -3.486619281871062e-05 6.568580341641137e-05
17.19722222222189 -3.312115025113379e-05 6.777552642113172e-05
17.19999999999966 -3.128565701254557e-05 6.982686887115033e-05
17.20277777777744 -2.936043586339937e-05 7.183631554779488e-05
17.20555555555521 -2.734634500278217e-05 7.380036311494815e-05
17.20833333333299 -2.524437788483691e-05 7.57155255158401e-05
17.21111111111077 -2.305566281063769e-05 7.757833936402318e-05
17.21388888888854 -2.07814622962679e-05 7.938536931886549e-05
17.21666666666632 -1.842317221778531e-05 8.113321343582981e-05
17.2194444444441 -1.598232073484113e-05 8.281850848200483e-05
17.22222222222187 -1.346056699430234e-05 8.443793520728958e-05
17.22499999999965 -1.085969961653536e-05 8.598822356190677e-05
17.22777777777743 -8.181634966805079e-06 8.746615785089545e-05
17.2305555555552 -5.428415214840468e-06 8.886858181651111e-05
17.23333333333298 -2.602206186089139e-06 9.019240363949267e-05
17.23611111111076 2.947049914903296e-07 9.143460085049735e-05
17.23888888888853 3.259912440975641e-06 9.259222514300055e-05
17.24166666666631 6.29089428549378e-06 9.366240707944144e-05
17.24444444444408 9.385015588148791e-06 9.464236068229701e-05
17.24722222222186 1.253953147724553e-05 9.55293879023365e-05
17.24999999999964 1.575159045119072e-05 9.632088295636812e-05
17.25277777777741 1.901823785742718e-05 9.701433652709112e-05
17.25555555555519 2.233641953868732e-05 9.760733981806848e-05
17.25833333333297 2.570298564047587e-05 9.809758845696503e-05
17.26111111111074 2.911469457259557e-05 9.848288624067909e-05
17.26388888888852 3.256821711786438e-05 9.876114871621806e-05
17.2666666666663 3.606014068068482e-05 9.893040659145453e-05
17.26944444444407 3.958697366771265e-05 9.898880897051633e-05
17.27222222222185 4.314514999328894e-05 9.893462640840526e-05
17.27499999999963 4.673103370115625e-05 9.876625378046167e-05
17.2777777777774 5.034092369485501e-05 9.848221296202476e-05
17.28055555555518 5.397105856808101e-05 9.808115531450217e-05
17.28333333333295 5.761762152701453e-05 9.756186397403854e-05
17.28611111111073 6.127674539567631e-05 9.692325593975341e-05
17.28888888888851 6.494451769598571e-05 9.616438395854884e-05
17.29166666666628 6.861698579355487e-05 9.52844382041611e-05
17.29444444444406 7.229016210071617e-05 9.428274774818613e-05
17.29722222222184 7.596002932754423e-05 9.315878182172289e-05
17.29999999999961 7.96225457724898e-05 9.191215086591782e-05
17.30277777777739 8.327365064316469e-05 9.054260737106538e-05
17.30555555555517 8.690926939899017e-05 8.905004650317513e-05
17.30833333333294 9.052531910640588e-05 8.743450651828014e-05
17.31111111111072 9.411771379801228e-05 8.569616896464303e-05
17.3138888888885 9.768236982676137e-05 8.383535867355564e-05
17.31666666666627 0.0001012152112068317 8.185254353933369e-05
17.31944444444405 0.0001047121749319036 7.97483340908504e-05
17.32222222222182 0.0001081692162632425 7.752348285498918e-05
17.3249999999996 0.0001115823139782681 7.517888351556876e-05
17.32777777777738 0.0001149474755721674 7.271556986890067e-05
17.33055555555515 0.0001182607424038384 7.0134714579749e-05
17.33333333333293 0.0001215181947786371 6.74376277401765e-05
17.33611111111071 0.0001247159569599473 6.462575523495948e-05
17.33888888888848 0.0001278502021020781 6.170067691735981e-05
17.34166666666626 0.0001309171570970358 5.866410459937e-05
17.34444444444404 0.0001339131073282758 5.551787986013044e-05
17.34722222222181 0.0001368344013240444 5.226397167838458e-05
17.34999999999959 0.0001396774553041392 4.890447389234426e-05
17.35277777777737 0.0001424387576131582 4.544160249360193e-05
17.35555555555514 0.0001451148730344651 4.18776927590217e-05
17.35833333333292 0.0001477024469785847 3.821519622745843e-05
17.3611111111107 0.0001501982095406041 3.445667752651395e-05
17.36388888888847 0.000152598979421138 3.060481105497822e-05
17.36666666666625 0.0001549016677056986 2.666237752836922e-05
17.36944444444402 0.000157103281497768 2.263226039253349e-05
17.3722222222218 0.0001592009274010167 1.851744211280961e-05
17.37499999999958 0.0001611918148464647 1.432100034549888e-05
17.37777777777735 0.0001630732592607367 1.004610399731464e-05
17.38055555555513 0.0001648426850717731 5.696009181483468e-06
17.38333333333291 0.0001664976285487889 1.274055076090557e-06
17.38611111111068 0.0001680357404734316 -3.216340307699117e-06
17.38888888888846 0.0001694547886396322 -7.771684439869688e-06
17.39166666666624 0.0001707526601797295 -1.23884146615068e-05
17.39444444444401 0.0001719273637148266 -1.706290264355967e-05
17.39722222222179 0.0001729770313278603 -2.179145890572028e-05
17.39999999999957 0.0001738999203578094 -2.657033738943061e-05
17.40277777777734 0.0001746944150141688 -3.139574007675121e-05
17.40555555555512 0.0001753590278107195 -3.626382164844817e-05
17.40833333333289 0.0001758924008184337 -4.117069417311313e-05
17.41111111111067 0.0001762933067371261 -4.611243182075386e-05
17.41388888888845 0.0001765606497861155 -5.10850755933792e-05
17.41666666666622 0.0001766934664144821 -5.608463806490111e-05
17.419444444444 0.0001766909258314471 -6.110710812404857e-05
17.42222222222178 0.0001765523303579706 -6.61484557128262e-05
17.42499999999955 0.0001762771156012303 -7.120463655303556e-05
17.42777777777733 0.0001758648504528225 -7.627159685547671e-05
17.43055555555511 0.0001753152369133251 -8.134527800355568e-05
17.43333333333288 0.0001746281097450381 -8.642162120526799e-05
17.43611111111066 0.0001738034359550988 -9.149657210754883e-05
17.43888888888844 0.00017284131411169 -9.656608536625981e-05
17.44166666666621 0.0001717419734963541 -0.0001016261291655545
17.44444444444399 0.0001705057730952384 -0.0001066726896808857
17.44722222222176 0.0001691332004329883 -0.0001117017754793861
17.44999999999954 0.0001676248702518514 -0.0001167094218530928
17.45277777777732 0.0001659815230410716 -0.0001216916950778477
17.45555555555509 0.0001642040234190521 -0.0001266446965943352
17.45833333333287 0.0001622933583732445 -0.0001315645671051348
17.46111111111065 0.0001602506353620767 -0.0001364474905828247
17.46388888888842 0.0001580770802820588 -0.0001412896981859152
17.4666666666662 0.0001557740353068638 -0.0001460874720757072
17.46944444444398 0.0001533429566003918 -0.0001508371491327213
17.47222222222175 0.0001507854119109524 -0.000155535124566251
17.47499999999953 0.0001481030780497172 -0.0001601778554150923
17.47777777777731 0.0001452977382598792 -0.000164761863934513
17.48055555555508 0.0001423712794809507 -0.0001692837408669362
17.48333333333286 0.0001393256895127563 -0.000173740148593609
17.48611111111063 0.0001361630540861724 -0.0001781278241631576
17.48888888888841 0.0001328855538439021 -0.0001824435821958907
17.49166666666619 0.0001294954612386759 -0.0001866843176601437
17.49444444444396 0.000125995137352942 -0.0001908470085194465
17.49722222222174 0.0001223870286452975 -0.0001949287182487313
17.49999999999952 0.0001186736636313406 -0.0001989265982165799
17.50277777777729 0.0001148576495014347 -0.0002028378899339368
17.50555555555507 0.0001109416686832199 -0.0002066599271666369
17.50833333333285 0.0001069284753538028 -0.0002103901379112607
17.51111111111062 0.0001028208919061216 -0.0002140260462339303
17.5138888888884 9.862180537712911e-05 -0.0002175652739706085
17.51666666666618 9.433416384036634e-05 -0.0002210055422898082
17.51944444444395 8.996097277100296e-05 -0.000224344673116469
17.52222222222173 8.550529138757377e-05 -0.0002275805904176726
17.5249999999995 8.097022897552327e-05 -0.0002307113213505277
17.52777777777728 7.635894119696405e-05 -0.000233734997272994
17.53055555555506 7.16746263962905e-05 -0.0002366498546170122
17.53333333333283 6.692052189864504e-05 -0.0002394542356273016
17.53611111111061 6.20999003152101e-05 -0.0002421465889642726
17.53888888888839 5.721606585404771e-05 -0.0002447254701742036
17.54166666666616 5.22723506427055e-05 -0.0002471895420275483
17.54444444444394 4.727211106959409e-05 -0.0002495375747266559
17.54722222222172 4.221872414597341e-05 -0.0002517684459852311
17.54999999999949 3.71155838938463e-05 -0.0002538811409813115
17.55277777777727 3.196609776605768e-05 -0.0002558747521856155
17.55555555555505 2.677368309878349e-05 -0.0002577484790680603
17.55833333333282 2.154176360432894e-05 -0.0002595016276842879
17.5611111111106 1.627376590715399e-05 -0.0002611336101449977
17.56388888888837 1.097311612575595e-05 -0.0002626439439707338
17.56666666666615 5.643236505103315e-06 -0.0002640322513348441
17.56944444444393 2.875421042830376e-07 -0.0002652982581974911
17.5722222222217 -5.090562461389504e-06 -0.0002664417933336897
17.57499999999948 -1.04876862140296e-05 -0.0002674627872584838
17.57777777777726 -1.590045494472379e-05 -0.0002683612710524805
17.58055555555503 -2.132551428012895e-05 -0.0002691373750907002
17.58333333333281 -2.675953267565638e-05 -0.0002697913276786398
17.58611111111059 -3.219920433948106e-05 -0.0002703234535983678
17.58888888888836 -3.764125208104185e-05 -0.0002707341725684232
17.59166666666614 -4.30824300823734e-05 -0.0002710239976209632
17.59444444444392 -4.851952659051182e-05 -0.0002711935333997127
17.59722222222169 -5.394936652805635e-05 -0.0002712434743824445
17.59999999999947 -5.936881402127625e-05 -0.0002711746030314567
17.60277777777724 -6.477477484470706e-05 -0.0002709877878754143
17.60555555555502 -7.016419877528493e-05 -0.0002706839815276853
17.6083333333328 -7.553408186395504e-05 -0.0002702642186425196
17.61111111111057 -8.088146861538112e-05 -0.0002697296138147991
17.61388888888835 -8.620345407727631e-05 -0.0002690813594265327
17.61666666666613 -9.149718584093976e-05 -0.0002683207234429778
17.6194444444439 -9.675986594798049e-05 -0.0002674490471633991
17.62222222222168 -0.0001019887527052841 -0.0002664677429293891
17.62499999999946 -0.0001071811624073843 -0.0002653782917944415
17.62777777777723 -0.0001123344709661484 -0.0002641822411583047
17.63055555555501 -0.0001174461154449619 -0.0002628812023708509
17.63333333333279 -0.0001225135955015291 -0.0002614768483073013
17.63611111111056 -0.0001275344747358276 -0.0002599709109198155
17.63888888888834 -0.0001325063819455032 -0.0002583651787680515
17.64166666666612 -0.0001374270122877751 -0.0002566614945326965
17.64444444444389 -0.0001422941283477419 -0.000254861752515781
17.64722222222167 -0.0001471055611184113 -0.0002529678961283722
17.64999999999944 -0.0001518592108830315 -0.0002509819153746997
17.65277777777722 -0.0001565530480140461 -0.0002489058443280767
17.655555555555 -0.0001611851136764913 -0.0002467417586094638
17.65833333333277 -0.000165753520444181 -0.0002444917728675597
17.66111111111055 -0.0001702564528313523 -0.0002421580382619784
17.66388888888833 -0.000174692167733849 -0.0002397427399573256
17.6666666666661 -0.0001790589947856382 -0.0002372480946281393
17.66944444444388 -0.0001833553366341585 -0.0002346763479756862
17.67222222222166 -0.0001875796691302313 -0.0002320297722635603
17.67499999999943 -0.0001917305414399594 -0.0002293106638701691
17.67777777777721 -0.0001958065760720032 -0.0002265213408673931
17.68055555555499 -0.0001998064688354233 -0.000223664140616418
17.68333333333276 -0.0002037289887134452 -0.0002207414173970435
17.68611111111054 -0.0002075729776682824 -0.0002177555400612617
17.68888888888831 -0.0002113373503723542 -0.0002147088897187827
17.69166666666609 -0.0002150210938670966 -0.0002116038574576201
17.69444444444387 -0.0002186232671578094 -0.0002084428420951001
17.69722222222164 -0.0002221430007356287 -0.0002052282479723803
17.69999999999942 -0.0002255794960425485 -0.0002019624827797251
17.7027777777772 -0.0002289320248690433 -0.0001986479554273628
17.70555555555497 -0.0002321999286908754 -0.0001952870739592398
17.70833333333275 -0.0002353826179531324 -0.0001918822435038864
17.71111111111053 -0.0002384795712921023 -0.0001884358642774631
17.7138888888883 -0.0002414903347082401 -0.0001849503296270799
17.71666666666608 -0.0002444145206842371 -0.0001814280241256275
17.71944444444386 -0.0002472518072569285 -0.000177871321710865
17.72222222222163 -0.0002500019370385418 -0.0001742825838787727
17.72499999999941 -0.0002526647161945515 -0.0001706641579255349
17.72777777777718 -0.0002552400133820125 -0.0001670183752359362
17.73055555555496 -0.0002577277586413789 -0.0001633475496329004
17.73333333333274 -0.0002601279422557809 -0.0001596539757711784
17.73611111111051 -0.0002624406135703263 -0.000155939927590551
17.73888888888829 -0.0002646658797792515 -0.0001522076568204341
17.74166666666607 -0.00026680390468344 -0.0001484593915351115
17.74444444444384 -0.0002688549074138693 -0.0001446973347718283
17.74722222222162 -0.0002708191611328212 -0.0001409236631947848
17.7499999999994 -0.0002726969917065946 -0.0001371405258202929
17.75277777777717 -0.0002744887763554398 -0.0001333500427971153
17.75555555555495 -0.0002761949422869675 -0.0001295543042327522
17.75833333333273 -0.0002778159653029338 -0.0001257553690912495
17.7611111111105 -0.0002793523683970972 -0.0001219552641294246
17.76388888888828 -0.0002808047203334897 -0.0001181559828981516
17.76666666666605 -0.0002821736342133663 -0.0001143594847951553
17.76944444444383 -0.0002834597660312308 -0.0001105676941722192
17.77222222222161 -0.0002846638132221209 -0.0001067824994956691
17.77499999999938 -0.000285786513201591 -0.0001030057525607526
17.77777777777716 -0.0002868286419000236 -9.92392677601127e-05
17.78055555555494 -0.0002877910122937929 -9.548482140380012e-05
17.78333333333271 -0.0002886744729350377 -9.174415108979551e-05
17.78611111111049 -0.0002894799064799798 -8.801895513010146e-05
17.78888888888827 -0.0002902082282207703 -8.43108920209322e-05
17.79166666666604 -0.0002908603846183102 -8.062157996994169e-05
17.79444444444382 -0.0002914373518417889 -7.695259646536526e-05
17.7972222222216 -0.0002919401343126384 -7.330547789976279e-05
17.79999999999937 -0.0002923697632573533 -6.968171923648528e-05
17.80277777777715 -0.000292727295268407 -6.608277372642639e-05
17.80555555555492 -0.0002930138108761208 -6.251005266807388e-05
17.8083333333327 -0.0002932304131324933 -5.896492521045574e-05
17.81111111111048 -0.0002933782262067575 -5.544871820573175e-05
17.81388888888825 -0.0002934583939965911 -5.19627160965028e-05
17.81666666666603 -0.0002934720787527616 -4.850816085509487e-05
17.81944444444381 -0.0002934204597225121 -4.508625194898202e-05
17.82222222222158 -0.0002933047318075142 -4.16981463639138e-05
17.82499999999936 -0.000293126104242995 -3.834495864669956e-05
17.82777777777714 -0.0002928857992939338 -3.502776100167147e-05
17.83055555555491 -0.0002925850509731102 -3.174758341082409e-05
17.83333333333269 -0.0002922251037791303 -2.850541379839835e-05
17.83611111111047 -0.0002918072114570785 -2.530219822225102e-05
17.83888888888824 -0.0002913326357812407 -2.213884110376244e-05
17.84166666666602 -0.0002908026453615349 -1.901620548442343e-05
17.84444444444379 -0.000290218514473518 -1.593511331907425e-05
17.84722222222157 -0.0002895815219133738 -1.289634579059308e-05
17.84999999999935 -0.0002888929498776348 -9.900643660220902e-06
17.85277777777712 -0.0002881540828687396 -6.948707639703781e-06
17.8555555555549 -0.000287366206626548 -4.041198791790382e-06
17.85833333333268 -0.0002865306070864341 -1.178738957776569e-06
17.86111111111045 -0.0002856485693641627 1.638088799462979e-06
17.86388888888823 -0.0002847213767680677 4.408739719457628e-06
17.86666666666601 -0.000283750309838604 7.132706855149426e-06
17.86944444444378 -0.0002827366454156529 9.809520560497932e-06
17.87222222222156 -0.0002816816557338754 1.243874795735676e-05
17.87499999999934 -0.0002805866075460099 1.501999238803342e-05
17.87777777777711 -0.0002794527612745937 1.755289284748878e-05
17.88055555555489 -0.0002782813701916915 2.003712340419181e-05
17.88333333333266 -0.0002770736796274594 2.24723926006349e-05
17.88611111111044 -0.000275830926206819 2.485844284407051e-05
17.88888888888822 -0.0002745543371145264 2.719504978434144e-05
17.89166666666599 -0.000273245129388623 2.948202167945535e-05
17.89444444444377 -0.0002719045092425059 3.171919874834248e-05
17.89722222222155 -0.0002705336714145508 3.390645251859859e-05
17.89999999999932 -0.0002691337985462753 3.604368516179107e-05
17.9027777777771 -0.0002677060605880795 3.813082882302068e-05
17.90555555555488 -0.0002662516142330636 4.016784494140654e-05
17.90833333333265 -0.0002647716023775948 4.215472356873472e-05
17.91111111111043 -0.0002632671536100973 4.409148267749974e-05
17.91388888888821 -0.0002617393817259256 4.597816746961917e-05
17.91666666666598 -0.0002601893852693654 4.781484967934514e-05
17.91944444444376 -0.000258618247101811 4.960162687450622e-05
17.92222222222154 -0.0002570270339962951 5.133862175464345e-05
17.92499999999931 -0.0002554167962572903 5.302598144998385e-05
17.92777777777709 -0.0002537885673661282 5.466387681888064e-05
17.93055555555486 -0.0002521433636512582 5.625250174607552e-05
17.93333333333264 -0.0002504821839831112 5.779207244193849e-05
17.93611111111042 -0.0002488060094929707 5.928282674387326e-05
17.93888888888819 -0.0002471158033159498 6.072502341878889e-05
17.94166666666597 -0.0002454125103564095 6.211894147149648e-05
17.94444444444375 -0.0002436970570770797 6.34648794535957e-05
17.94722222222152 -0.0002419703513102252 6.476315477766223e-05
17.9499999999993 -0.0002402332820902638 6.601410303762723e-05
17.95277777777708 -0.0002384867195083542 6.721807733240573e-05
17.95555555555485 -0.0002367315145876405 6.837544759621744e-05
17.95833333333263 -0.000234968499179052 6.948659993460283e-05
17.96111111111041 -0.0002331984858766867 7.05519359681806e-05
17.96388888888818 -0.0002314222679526429 7.157187218318849e-05
17.96666666666596 -0.0002296406193112362 7.254683928819342e-05
17.96944444444373 -0.0002278542944609568 7.34772815804175e-05
17.97222222222151 -0.0002260640285046614 7.436365631925986e-05
17.97499999999929 -0.0002242705371464612 7.520643310998753e-05
17.97777777777706 -0.0002224745167165146 7.600609329344905e-05
17.98055555555484 -0.0002206766442108002 7.676312934829032e-05
17.98333333333262 -0.0002188775773476072 7.747804430015001e-05
17.98611111111039 -0.0002170779546387691 7.815135114173231e-05
17.98888888888817 -0.0002152783954753351 7.878357226345945e-05
17.99166666666595 -0.0002134795002281631 7.937523889238518e-05
17.99444444444372 -0.0002116818503614291 7.992689054328742e-05
17.9972222222215 -0.0002098860085593083 8.043907448005882e-05
17.99999999999928 -0.0002080925188658934 8.091234518640558e-05
18.00277777777705 -0.0002063019068363304 8.134726384930804e-05
18.00555555555483 -0.0002045146796999236 8.174439785256977e-05
18.0083333333326 -0.0002027313265346169 8.210432028078536e-05
18.01111111111038 -0.0002009523184513787 8.242760943586801e-05
18.01388888888816 -0.0001991781087890461 8.271484836403657e-05
18.01666666666593 -0.0001974091333188142 8.296662439390823e-05
18.01944444444371 -0.0001956458104576511 8.318352868636662e-05
18.02222222222149 -0.0001938885414902328 8.336615579594558e-05
18.02499999999926 -0.0001921377107993309 8.35151032430351e-05
18.02777777777704 -0.000190393686103713 8.363097109780103e-05
18.03055555555482 -0.0001886568187032951 8.371436157548948e-05
18.03333333333259 -0.0001869274437310247 8.376587864313314e-05
18.03611111111037 -0.0001852058804112726 8.378612763733768e-05
18.03888888888815 -0.0001834924323239596 8.377571489360076e-05
18.04166666666592 -0.0001817873876742597 8.373524738675447e-05
18.0444444444437 -0.0001800910195674963 8.366533238227124e-05
18.04722222222147 -0.0001784035862885861 8.3566577098922e-05
18.04999999999925 -0.0001767253315856423 8.343958838254367e-05
18.05277777777703 -0.0001750564849577526 8.328497239022144e-05
18.0555555555548 -0.0001733972619461619 8.310333428535411e-05
18.05833333333258 -0.0001717478644283811 8.289527794380012e-05
18.06111111111036 -0.0001701084809154004 8.266140566990438e-05
18.06388888888813 -0.0001684792868513249 8.240231792297689e-05
18.06666666666591 -0.0001668604449146072 8.211861305481483e-05
18.06944444444369 -0.0001652521053216162 8.181088705635357e-05
18.07222222222146 -0.0001636544061315797 8.147973331432209e-05
18.07499999999924 -0.0001620674735520231 8.112574237879249e-05
18.07777777777702 -0.0001604914222459469 8.074950173872627e-05
18.08055555555479 -0.0001589263556387377 8.035159560835298e-05
18.08333333333257 -0.0001573723662257313 7.993260472207268e-05
18.08611111111034 -0.0001558295358796306 7.949310613869095e-05
18.08888888888812 -0.0001542979361575331 7.903367305464298e-05
18.0916666666659 -0.0001527776286073772 7.855487462604395e-05
18.09444444444367 -0.0001512686650738078 7.80572757988432e-05
18.09722222222145 -0.0001497710880027316 7.754143714782335e-05
18.09999999999923 -0.0001482849307443468 7.700791472406356e-05
18.102777777777 -0.0001468102178554067 7.645725990928596e-05
18.10555555555478 -0.000145346965398867 7.589001927931806e-05
18.10833333333256 -0.0001438951812422762 7.53067344741488e-05
18.11111111111033 -0.0001424548653535154 7.470794207614079e-05
18.11388888888811 -0.0001410260100945705 7.409417349494679e-05
18.11666666666589 -0.0001396086005125444 7.346595485978292e-05
18.11944444444366 -0.0001382026146283305 7.282380691803935e-05
18.12222222222144 -0.0001368080237217647 7.216824494150812e-05
18.12499999999921 -0.0001354247926146831 7.149977863767178e-05
18.12777777777699 -0.0001340528799499623 7.081891206855364e-05
18.13055555555477 -0.0001326922384678162 7.0126143574712e-05
18.13333333333254 -0.00013134281527837 6.942196570559112e-05
18.13611111111032 -0.0001300045521309406 6.870686515505949e-05
18.1388888888881 -0.0001286773856792667 6.798132270302657e-05
18.14166666666587 -0.0001273612477432272 6.724581316185766e-05
18.14444444444365 -0.0001260560655666045 6.650080532800115e-05
18.14722222222143 -0.0001247617620707138 6.574676193868435e-05
18.1499999999992 -0.0001234782561041589 6.498413963303572e-05
18.15277777777698 -0.0001222054626880862 6.421338891817839e-05
18.15555555555476 -0.000120943293257519 6.343495413921898e-05
18.15833333333253 -0.0001196916558981137 6.264927345374297e-05
18.16111111111031 -0.0001184504555785726 6.1856778810265e-05
18.16388888888808 -0.0001172195943785668 6.105789593050422e-05
18.16666666666586 -0.0001159989717121682 6.025304429533633e-05
18.16944444444364 -0.0001147884845466787 5.944263713423686e-05
18.17222222222141 -0.0001135880276167884 5.862708141818303e-05
18.17499999999919 -0.0001123974936340233 5.780677785577418e-05
18.17777777777697 -0.0001112167734916978 5.69821208921147e-05
18.18055555555474 -0.0001100457564647193 5.615349871114585e-05
18.18333333333252 -0.0001088843304050708 5.532129324011098e-05
18.1861111111103 -0.0001077323819320752 5.448588015720082e-05
18.18888888888807 -0.0001065897966182203 5.364762890115506e-05
18.19166666666585 -0.0001054564591697912 5.280690268369439e-05
18.19444444444363 -0.0001043322536029854 5.196405850370465e-05
18.1972222222214 -0.0001032170634148485 5.111944716393867e-05
18.19999999999918 -0.0001021107717496252 5.02734132893231e-05
18.20277777777696 -0.0001010132615601019 4.942629534726329e-05
18.20555555555473 -9.992441576413625e-05 4.857842566966738e-05
18.20833333333251 -9.884411739630407e-05 4.773013047656402e-05
18.21111111111028 -9.777224975474949e-05 4.688172990121567e-05
18.21388888888806 -9.670869654320636e-05 4.603353801658372e-05
18.21666666666584 -9.565334200819217e-05 4.51858628631512e-05
18.21944444444361 -9.460607107131989e-05 4.433900647803999e-05
18.22222222222139 -9.356676945709456e-05 4.34932649249042e-05
18.22499999999917 -9.253532381563737e-05 4.264892832526882e-05
18.22777777777694 -9.15116218409611e-05 4.180628089045044e-05
18.23055555555472 -9.049555238438264e-05 4.096560095454628e-05
18.2333333333325 -8.948700556335551e-05 4.012716100811194e-05
18.23611111111027 -8.848587286568365e-05 3.929122773249673e-05
18.23888888888805 -8.749204724909829e-05 3.84580620349183e-05
18.24166666666583 -8.650542323633591e-05 3.762791908397957e-05
18.2444444444436 -8.552589700567624e-05 3.68010483457849e-05
18.24722222222138 -8.45533664769825e-05 3.597769362047638e-05
18.24999999999915 -8.358773139341702e-05 3.515809307906191e-05
18.25277777777693 -8.262889339866441e-05 3.43424793007198e-05
18.25555555555471 -8.167675610988981e-05 3.353107931027742e-05
18.25833333333248 -8.073122518642152e-05 3.272411461594544e-05
18.26111111111026 -7.979220839414e-05 3.192180124730402e-05
18.26388888888804 -7.885961566575363e-05 3.112434979338045e-05
18.26666666666581 -7.793335915691383e-05 3.033196544085337e-05
18.26944444444359 -7.701335329823569e-05 2.954484801242516e-05
18.27222222222137 -7.609951484340328e-05 2.876319200503944e-05
18.27499999999914 -7.519176291313201e-05 2.798718662846115e-05
18.27777777777692 -7.429001903544479e-05 2.721701584348263e-05
18.2805555555547 -7.339420718193134e-05 2.645285840041495e-05
18.28333333333247 -7.250425380029162e-05 2.569488787741176e-05
18.28611111111025 -7.162008784321603e-05 2.494327271867003e-05
18.28888888888802 -7.074164079347204e-05 2.419817627275325e-05
18.2916666666658 -6.986884668551315e-05 2.345975683067354e-05
18.29444444444358 -6.900164212350825e-05 2.272816766392751e-05
18.29722222222135 -6.81399662959024e-05 2.200355706246549e-05
18.29999999999913 -6.728376098653594e-05 2.128606837261405e-05
18.30277777777691 -6.643297058253821e-05 2.057584003471477e-05
18.30555555555468 -6.558754207881662e-05 1.987300562086654e-05
18.30833333333246 -6.474742507944663e-05 1.917769387243174e-05
18.31111111111024 -6.391257179584012e-05 1.849002873754494e-05
18.31388888888801 -6.308293704193549e-05 1.781012940841504e-05
18.31666666666579 -6.225847822629782e-05 1.713811035867568e-05
18.31944444444357 -6.143915534137516e-05 1.647408138052466e-05
18.32222222222134 -6.062493094981776e-05 1.581814762192939e-05
18.32499999999912 -5.981577016808541e-05 1.517040962364547e-05
18.32777777777689 -5.901164064724468e-05 1.453096335634112e-05
18.33055555555467 -5.821251255123327e-05 1.389990025751742e-05
18.33333333333245 -5.741835853242627e-05 1.32773072686043e-05
18.33611111111022 -5.662915370480449e-05 1.26632668718951e-05
18.338888888888 -5.584487561461906e-05 1.205785712760386e-05
18.34166666666578 -5.506550420871973e-05 1.146115171095878e-05
18.34444444444355 -5.429102180062167e-05 1.087321994925543e-05
18.34722222222133 -5.352141303431002e-05 1.029412685912248e-05
18.34999999999911 -5.275666484593348e-05 9.723933183800639e-06
18.35277777777688 -5.199676642343574e-05 9.16269543053893e-06
18.35555555555466 -5.124170916415832e-05 8.610465908184231e-06
18.35833333333244 -5.049148663056821e-05 8.067292764870331e-06
18.36111111111021 -4.974609450409157e-05 7.533220025940846e-06
18.36388888888799 -4.90055305372014e-05 7.008287632060246e-06
18.36666666666576 -4.826979450380408e-05 6.492531477522672e-06
18.36944444444354 -4.753888814796989e-05 5.985983448900859e-06
18.37222222222132 -4.681281513115994e-05 5.488671463848258e-06
18.37499999999909 -4.609158097791961e-05 5.000619510304178e-06
18.37777777777687 -4.537519302020798e-05 4.521847685949259e-06
18.38055555555465 -4.466366034036566e-05 4.052372238047127e-06
18.38333333333242 -4.39569937128357e-05 3.592205603642479e-06
18.3861111111102 -4.325520554470128e-05 3.141356450110738e-06
18.38888888888798 -4.255830981510122e-05 2.699829716165045e-06
18.39166666666575 -4.186632201361271e-05 2.267626653252819e-06
18.39444444444353 -4.117925907765706e-05 1.844744867448649e-06
18.39722222222131 -4.049713932902233e-05 1.431178361748019e-06
18.39999999999908 -3.981998240956164e-05 1.026917578912033e-06
18.40277777777686 -3.914780921611941e-05 6.319494448146576e-07
18.40555555555463 -3.848064183481429e-05 2.46257412264913e-07
18.40833333333241 -3.781850347468568e-05 -1.301784945811852e-07
18.41111111111019 -3.716141840081173e-05 -4.973816352381485e-07
18.41388888888796 -3.650941186696181e-05 -8.553787073764501e-07
18.41666666666574 -3.58625100478619e-05 -1.204199700711614e-06
18.41944444444352 -3.522073997110423e-05 -1.543877850224486e-06
18.42222222222129 -3.458412944884143e-05 -1.874449588878871e-06
18.42499999999907 -3.395270700925009e-05 -2.195954499608872e-06
18.42777777777685 -3.332650182789949e-05 -2.508435266695488e-06
18.43055555555462 -3.270554365905942e-05 -2.811937626556818e-06
18.4333333333324 -3.208986276701975e-05 -3.106510317786376e-06
18.43611111111018 -3.147948985748504e-05 -3.392205030584105e-06
18.43888888888795 -3.087445600912713e-05 -3.66907635552784e-06
18.44166666666573 -3.027479260533186e-05 -3.937181731630763e-06
18.4444444444435 -2.968053126623075e-05 -4.196581393747531e-06
18.44722222222128 -2.909170378105911e-05 -4.447338319291608e-06
18.44999999999906 -2.850834204092788e-05 -4.689518174287857e-06
18.45277777777683 -2.793047797203589e-05 -4.923189258728428e-06
18.45555555555461 -2.735814346942361e-05 -5.148422451244962e-06
18.45833333333239 -2.679137033129183e-05 -5.36529115314547e-06
18.46111111111016 -2.623019019396941e-05 -5.573871231726315e-06
18.46388888888794 -2.567463446757185e-05 -5.774240962962083e-06
18.46666666666572 -2.51247342724213e-05 -5.966480973523568e-06
18.46944444444349 -2.458052037626532e-05 -6.150674182132909e-06
18.47222222222127 -2.404202313237057e-05 -6.32690574032876e-06
18.47499999999905 -2.350927241852468e-05 -6.49526297254096e-06
18.47777777777682 -2.298229757701402e-05 -6.655835315594031e-06
18.4805555555546 -2.24611273556161e-05 -6.808714257602379e-06
18.48333333333238 -2.194578984966769e-05 -6.953993276273296e-06
18.48611111111015 -2.143631244524538e-05 -7.09176777665142e-06
18.48888888888793 -2.093272176351862e-05 -7.222135028305788e-06
18.4916666666657 -2.043504360630468e-05 -7.345194101994213e-06
18.49444444444348 -1.994330290288731e-05 -7.461045805810755e-06
18.49722222222126 -1.945752365813297e-05 -7.569792620854078e-06
18.49999999999903 -1.897772890194123e-05 -7.671538636434698e-06
18.50277777777681 -1.850394064008346e-05 -7.766389484820685e-06
