16.5 -1.890541564785571e-07 -1.0564693485148e-07
16.50277777777778 -2.144482636470259e-07 -6.361561102748215e-08
16.50555555555555 -2.304964451018396e-07 -1.549738953184492e-08
16.50833333333333 -2.357430879221847e-07 3.662940716340332e-08
16.51111111111111 -2.291947700059262e-07 9.033904036460767e-08
16.51388888888888 -2.104030448135767e-07 1.429611380986558e-07
16.51666666666666 -1.795243710472819e-07 1.917031781175686e-07
16.51944444444444 -1.373525044560764e-07 2.337875896994709e-07
16.52222222222221 -8.531979837220586e-08 2.665972808398204e-07
16.52499999999999 -2.546525293119353e-08 2.878225362436128e-07
16.52777777777776 3.963124551608729e-08 2.956016838897418e-07
16.53055555555554 1.069473141152997e-07 2.886477440894649e-07
16.53333333333332 1.731461175237019e-07 2.663534892350088e-07
16.53611111111109 2.347293335251739e-07 2.288679703868189e-07
16.53888888888887 2.882086813368851e-07 1.771386031171032e-07
16.54166666666665 3.302882540878162e-07 1.129143222176932e-07
16.54444444444442 3.580488131572507e-07 3.870706354087834e-08
16.5472222222222 3.691245125929838e-07 -4.22891590113522e-08
16.54999999999998 3.618622894691465e-07 -1.263201314602038e-07
16.55277777777775 3.354544235164805e-07 -2.092305728195198e-07
16.55555555555553 2.900355556967903e-07 -2.86654619943279e-07
16.55833333333331 2.267367533219421e-07 -3.542297236140797e-07
16.56111111111108 1.476909839094014e-07 -4.078242632507542e-07
16.56388888888886 5.598654866955671e-08 -4.437678322032948e-07
16.56666666666663 -4.443245938130921e-08 -4.590722847818943e-07
16.56944444444441 -1.489168799977508e-07 -4.516313479333233e-07
16.57222222222219 -2.523097895571694e-07 -4.203869375966627e-07
16.57499999999996 -3.49183030476786e-07 -3.654513051797361e-07
16.57777777777774 -4.341030723143779e-07 -2.881757633002162e-07
16.58055555555552 -5.019141288538746e-07 -1.911589573452183e-07
16.58333333333329 -5.480247708968714e-07 -7.819038146068831e-08
16.58611111111107 -5.686832085343341e-07 4.587202725395818e-08
16.58888888888885 -5.612260657667257e-07 1.752879845137963e-07
16.59166666666662 -5.242858990509033e-07 3.036789150259882e-07
16.5944444444444 -4.579439469655329e-07 4.2432082121632e-07
16.59722222222218 -3.638166268120996e-07 5.304736640593054e-07
16.59999999999995 -2.450670586445535e-07 6.157322528820442e-07
16.60277777777773 -1.063362981816363e-07 6.743815601841101e-07
16.6055555555555 4.640714268628063e-08 7.01738068424875e-07
16.60833333333328 2.060966908063014e-07 6.944583366902324e-07
16.61111111111106 3.648688893455308e-07 6.507965246535238e-07
16.61388888888883 5.144249946517173e-07 5.707941611529069e-07
16.61666666666661 6.464377346035641e-07 4.563879756935644e-07
16.61944444444439 7.529846402175152e-07 3.114250504454013e-07
16.62222222222216 8.269868078573258e-07 1.415787721219905e-07
16.62499999999994 8.626303549442189e-07 -4.583610774777353e-08
16.62777777777772 8.557473419996144e-07 -2.421457777799083e-07
16.63055555555549 8.041336426968616e-07 -4.376881567961009e-07
16.63333333333327 7.077831879603965e-07 -6.222580750421751e-07
16.63611111111105 5.690211630688076e-07 -7.8560796423628e-07
16.63888888888882 3.925230052020598e-07 -9.179810916029038e-07
16.6416666666666 1.852112747693153e-07 -1.010651256587688e-06
16.64444444444437 -4.397156173416515e-08 -1.056440943229732e-06
16.64722222222215 -2.844099683282162e-07 -1.050189361237965e-06
16.64999999999993 -5.242707416595749e-07 -9.89142727661359e-07
16.6527777777777 -7.510495265259028e-07 -8.732415797306436e-07
16.65555555555548 -9.521851326312281e-07 -7.052838305608037e-07
16.65833333333326 -1.115713362221379e-06 -4.909475642346993e-07
16.66111111111103 -1.230928279747721e-06 -2.38664016759096e-07
16.66388888888881 -1.289016548798265e-06 4.06614681940107e-08
16.66666666666659 -1.283629839102855e-06 3.340748216424445e-07
16.66944444444436 -1.211361501275433e-06 6.27131215212036e-07
16.67222222222214 -1.0720967639997e-06 9.045640381233359e-07
16.67499999999992 -8.692105759110427e-07 1.15103617476377e-06
16.67777777777769 -6.095937411508962e-07 1.351938834066877e-06
16.68055555555547 -3.034959346561773e-07 1.494198629550825e-06
16.68333333333324 3.581680806376348e-08 1.567050872098409e-06
16.68611111111102 3.925828675797473e-07 1.562736368846612e-06
16.6888888888888 7.492269800136179e-07 1.477080577845357e-06
16.69166666666657 1.087176724004248e-06 1.309917796944355e-06
16.69444444444435 1.387778286262556e-06 1.065329095720961e-06
16.69722222222213 1.633268951641153e-06 7.516707385955191e-07
16.6999999999999 1.807758313828848e-06 3.813795846284134e-07
16.70277777777768 1.898166984600034e-06 -2.944703488137641e-08
16.70555555555546 1.895070892982116e-06 -4.616876781185106e-07
16.70833333333323 1.793401293180945e-06 -8.94028145861057e-07
16.71111111111101 1.592955389530724e-06 -1.30395505571942e-06
16.71388888888879 1.298679941457496e-06 -1.668868426247508e-06
16.71666666666656 9.207000869739214e-07 -1.967261317242341e-06
16.71944444444434 4.740775318092124e-07 -2.179908090874982e-06
16.72222222222211 -2.170432537530133e-08 -2.290999110561533e-06
16.72499999999989 -5.435164519121941e-07 -2.289159035144739e-06
16.72777777777767 -1.065595060674122e-06 -2.168288504403281e-06
16.73055555555544 -1.560747049876518e-06 -1.928174993466618e-06
16.73333333333322 -2.001697205470978e-06 -1.574827807621617e-06
16.736111111111 -2.36251393447696e-06 -1.120504285644802e-06
16.73888888888877 -2.6200426397278e-06 -5.834087972173458e-07
16.74166666666655 -2.755271527255141e-06 1.293758013856786e-08
16.74444444444433 -2.754554072054741e-06 6.406415057054902e-07
16.7472222222221 -2.610615794335917e-06 1.268663281943086e-06
16.74999999999988 -2.323280454279188e-06 1.864274875794484e-06
16.75277777777766 -1.899862083570647e-06 2.394685726831765e-06
16.75555555555543 -1.355184045634242e-06 2.828759629694564e-06
16.75833333333321 -7.112039560648637e-07 3.138736992785878e-06
16.76111111111098 3.756982856992655e-09 3.301871852362888e-06
16.76388888888876 7.561608120120523e-07 3.301892644579801e-06
16.76666666666654 1.508735424528495e-06 3.130200174104325e-06
16.76944444444431 2.222232621360694e-06 2.786725490719871e-06
16.77222222222209 2.857383466418998e-06 2.280384261494681e-06
16.77499999999987 3.376958177395766e-06 1.629082213849057e-06
16.77777777777764 3.747827319152626e-06 8.592475860537782e-07
16.78055555555542 3.942915524306883e-06 4.89029834328247e-09
16.7833333333332 3.942938908385483e-06 -8.937873883336193e-07
16.78611111111097 3.737823069115291e-06 -1.792178895390094e-06
16.78888888888875 3.327710062100474e-06 -2.643386462800152e-06
16.79166666666653 2.723479720603918e-06 -3.400564752252521e-06
16.7944444444443 1.946732518638729e-06 -4.019383117750094e-06
16.79722222222208 1.02920695537823e-06 -4.460482635165354e-06
16.79999999999986 1.16329973472017e-08 -4.691797827193481e-06
16.80277777777763 -1.057946924272739e-06 -4.690613457549782e-06
16.80555555555541 -2.126328024999423e-06 -4.445234117830683e-06
16.80833333333318 -3.13767493080383e-06 -3.956158558685773e-06
16.81111111111096 -4.036320825133903e-06 -3.23667142089408e-06
16.81388888888874 -4.769699697330329e-06 -2.312791431476185e-06
16.81666666666651 -5.29126351203306e-06 -1.222546130038352e-06
16.81944444444429 -5.563229388588926e-06 -1.457736348865577e-08
16.82222222222207 -5.55900304210116e-06 1.253882527285792e-06
16.82499999999984 -5.265134133045842e-06 2.519588532965269e-06
16.82777777777762 -4.682676717169414e-06 3.716306360997643e-06
16.8305555555554 -3.827853158206039e-06 4.778143866736272e-06
16.83333333333317 -2.731951704944321e-06 5.643029807702257e-06
16.83611111111095 -1.440425078544644e-06 6.256163372806852e-06
16.83888888888873 -1.119815037814801e-08 6.573250710988571e-06
16.8416666666665 1.487764877895598e-06 6.56334686884032e-06
16.84444444444428 2.981541630614087e-06 6.211133496869235e-06
16.84722222222205 4.391849976414649e-06 5.518484245851122e-06
16.84999999999983 5.640998774772197e-06 4.505200273976987e-06
16.85277777777761 6.655999265510472e-06 3.208836535792477e-06
16.85555555555538 7.372627549539714e-06 1.683583865890617e-06
16.85833333333316 7.739221015361784e-06 -1.779762834082865e-09
16.86111111111094 7.719995152176432e-06 -1.766805418805778e-06
16.86388888888871 7.297682309083569e-06 -3.523044380453637e-06
16.86666666666649 6.475320364200556e-06 -5.178316394122063e-06
16.86944444444427 5.277056094372664e-06 -6.641377879508313e-06
16.87222222222204 3.747873823142088e-06 -7.826762301511924e-06
16.87499999999982 1.95221265944861e-06 -8.659544937825678e-06
16.8777777777776 -2.850715887339161e-08 -9.079776508784092e-06
16.88055555555537 -2.09936947303383e-06 -9.046335597222049e-06
16.88333333333315 -4.156322222687092e-06 -8.53996880913203e-06
16.88611111111092 -6.091222704231145e-06 -7.565319838523602e-06
16.8888888888887 -7.797333261561586e-06 -6.151792906471806e-06
16.89166666666648 -9.174997738410651e-06 -4.353150650242962e-06
16.89444444444425 -1.013720687411428e-05 -2.245809013078195e-06
16.89722222222203 -1.06147531703682e-05 7.414093677399779e-08
16.89999999999981 -1.056068367972226e-05 2.495085414825638e-06
16.90277777777758 -9.953782967757082e-06 4.895048869241452e-06
16.90555555555536 -8.800857645087224e-06 7.147636669881056e-06
16.90833333333314 -7.137646971597298e-06 9.128480883194911e-06
16.91111111111091 -5.028248911496802e-06 1.072187107541127e-05
16.91388888888869 -2.563024741105375e-06 1.182722780705421e-05
16.91666666666647 1.449756484967774e-07 1.236506931281262e-05
16.91944444444424 2.964945230955368e-06 1.228213296320752e-05
16.92222222222202 5.75440809044341e-06 1.155534271425431e-05
16.92499999999979 8.366194079339879e-06 1.019436112454364e-05
16.92777777777757 1.065597042467987e-05 8.242527927480721e-06
16.93055555555535 1.248995660008187e-05 5.776063925324645e-06
16.93333333333312 1.375242247352932e-05 2.901505621445913e-06
16.9361111111109 1.435256355107435e-05 -2.485716567359229e-07
16.93888888888868 1.423036228551362e-05 -3.521391044756645e-06
16.94166666666645 1.336108104283258e-05 -6.751131317908577e-06
16.94444444444423 1.175808940970729e-05 -9.76708288853872e-06
16.94722222222201 9.473803934512766e-06 -1.240241456527905e-05
16.94999999999978 6.598608899351209e-06 -1.450311375483139e-05
16.95277777777756 3.257728149379357e-06 -1.593663465676495e-05
16.95555555555534 -3.938745799456365e-07 -1.659978442102274e-05
16.95833333333311 -4.17838147154268e-06 -1.64253974710428e-05
16.96111111111089 -7.903504504896498e-06 -1.53873932319856e-05
16.96388888888866 -1.137198756958591e-05 -1.35038810066061e-05
16.96666666666644 -1.439177150840113e-05 -1.083806505892787e-05
16.96944444444422 -1.678631233360477e-05 -7.496809219322764e-06
16.97222222222199 -1.840451322761162e-05 -3.626838563155026e-06
16.97499999999977 -1.912972875903569e-05 5.913198643699301e-07
16.97777777777755 -1.888732628979304e-05 4.951431080659018e-06
16.98055555555532 -1.765034461004236e-05 9.23133737047852e-06
16.9833333333331 -1.544287166990111e-05 1.320398707437124e-05
16.98611111111088 -1.234086862975904e-05 1.664917486343894e-05
16.98888888888865 -8.470291679767809e-06 1.936540170724512e-05
16.99166666666643 -4.002500334691153e-06 2.11812320735549e-05
16.99444444444421 8.529155932802794e-07 2.196552708906858e-05
16.99722222222198 5.857615807260356e-06 2.163596668704664e-05
16.99999999999976 1.075588805660082e-05 2.016534069263771e-05
17.00277777777753 1.528740007759041e-05 1.758518611010028e-05
17.00555555555531 1.920070559961875e-05 1.398647161794297e-05
17.00833333333309 2.226682020006491e-05 9.517174914282588e-06
17.01111111111086 2.429215171677787e-05 4.376757209515347e-06
17.01388888888864 2.513007566638483e-05 -1.192296066781711e-06
17.01666666666642 2.469048983407435e-05 -6.915536940311503e-06
17.01944444444419 2.29467630754309e-05 -1.249973639706835e-05
17.02222222222197 1.993960856166086e-05 -1.764757172086142e-05
17.02499999999975 1.577755641497901e-05 -2.207310170990626e-05
17.02777777777752 1.063386836193369e-05 -2.551724198085646e-05
17.0305555555553 4.739919631272951e-06 -2.776242191403191e-05
17.03333333333308 -1.624738318599644e-06 -2.864561648313183e-05
17.03611111111085 -8.145236366589966e-06 -2.806900127179813e-05
17.03888888888863 -1.448659947872301e-05 -2.600757614694361e-05
17.0416666666664 -2.031059697323989e-05 -2.251323877545299e-05
17.04444444444418 -2.529340248434851e-05 -1.771495767616116e-05
17.04722222222196 -2.914316039392394e-05 -1.181488805780052e-05
17.04999999999973 -3.161652630476007e-05 -5.080482933759756e-06
17.05277777777751 -3.25332684217939e-05 2.167133639145175e-06
17.05555555555529 -3.178808529342523e-05 9.568056121447715e-06
17.05833333333306 -2.935891143636305e-05 1.674108400697227e-05
17.06111111111084 -2.531114151333383e-05 2.330297697534814e-05
17.06388888888862 -1.979739907033263e-05 2.888852589942054e-05
17.06666666666639 -1.305269829450251e-05 3.317040852681169e-05
17.06944444444417 -5.385085964667284e-06 3.587777220081398e-05
17.07222222222195 2.837906400372296e-06 3.681251480361687e-05
17.07499999999972 1.120643603160882e-05 3.586231968027198e-05
17.0777777777775 1.928837119544696e-05 3.300963816275002e-05
17.08055555555528 2.66512063543991e-05 2.833599904307371e-05
17.08333333333305 3.288477957161879e-05 2.202124977209743e-05
17.08611111111083 3.762361996362087e-05 1.433758869592236e-05
17.0888888888886 4.05677308456163e-05 5.638518757405829e-06
17.09166666666638 4.150065475968985e-05 -3.656873077378709e-06
17.09444444444416 4.030376989608658e-05 -1.308364436118672e-05
17.09722222222193 3.696593022612011e-05 -2.215383149702071e-05
17.09999999999971 3.158777737842866e-05 -3.038129147767463e-05
17.10277777777749 2.438031126510901e-05 -3.73073079730354e-05
17.10555555555526 1.56575964069923e-05 -4.252563505854104e-05
17.10833333333304 5.823787438706089e-06 -4.570563584839805e-05
17.11111111111082 -4.645035369553186e-06 -4.661222807609403e-05
17.11388888888859 -1.522343790930778e-05 -4.512147377436918e-05
17.11666666666637 -2.536256847500365e-05 -4.123084139066995e-05
17.11944444444415 -3.45182019241622e-05 -3.506341799883125e-05
17.12222222222192 -4.217948111465094e-05 -2.686564542263172e-05
17.1249999999997 -4.78968606168329e-05 -1.699848287357758e-05
17.12777777777747 -5.130774994048631e-05 -5.92224370293538e-06
17.13055555555525 -5.215842534133436e-05 5.824302763894126e-06
17.13333333333303 -5.032092950678197e-05 1.764964995311919e-05
17.1361111111108 -4.580390166467844e-05 2.893889345298949e-05
17.13888888888858 -3.87565674309163e-05 3.908526005203832e-05
17.14166666666636 -2.946545482353994e-05 4.752223260203597e-05
17.14444444444413 -1.834377401166368e-05 5.375459350615214e-05
17.14722222222191 -5.913784875751396e-06 5.738671260849899e-05
17.14999999999969 7.217141756858843e-06 5.814649725299529e-05
17.15277777777746 2.038570676060401e-05 5.590360125908849e-05
17.15555555555524 3.290573523319275e-05 5.068074878775793e-05
17.15833333333302 4.410347635120325e-05 4.265735730367656e-05
17.16111111111079 5.335335776852364e-05 3.216502579112831e-05
17.16388888888857 6.011232133682406e-05 1.967487141353384e-05
17.16666666666634 6.395088342649306e-05 5.777128817337604e-06
17.16944444444412 6.457917871318362e-05 -8.846151240083995e-06
17.1722222222219 6.186645790263501e-05 -2.345407606938374e-05
17.17499999999967 5.585280920718784e-05 -3.728399206496225e-05
17.17777777777745 4.675224723175601e-05 -4.959084120545891e-05
17.18055555555523 3.494674366273651e-05 -5.968678538854924e-05
17.183333333333 2.097124059078325e-05 -6.697901583262458e-05
17.18611111111078 5.490165695744256e-06 -7.1003697918735e-05
17.18888888888856 -1.0733566216131e-05 -7.145414474863112e-05
17.19166666666633 -2.687565386693407e-05 -6.820156105828289e-05
17.19444444444411 -4.209183608361875e-05 -6.130704288449019e-05
17.19722222222189 -5.556158663679059e-05 -5.102394208626102e-05
17.19999999999966 -6.653183914388326e-05 -3.779018829257015e-05
17.20277777777744 -7.435843673749913e-05 -2.221068012300573e-05
17.20555555555521 -7.854305441771854e-05 -5.030386033367039e-06
17.20833333333299 -7.876351622484673e-05 1.290069497471286e-05
17.21111111111077 -7.489571881828218e-05 3.066909892400138e-05
17.21388888888854 -6.702576565999431e-05 4.734398351169241e-05
17.21666666666632 -5.545139384880484e-05 6.202543443793699e-05
17.2194444444441 -4.067231575376611e-05 7.389250743127606e-05
17.22222222222187 -2.33696729996686e-05 8.224846594172498e-05
17.22499999999965 -4.375381458224021e-06 8.656075152278234e-05
17.22777777777743 1.53672980302623e-05 8.649343368821071e-05
17.2305555555552 3.485012770697466e-05 8.193022107031202e-05
17.23333333333298 5.305094688883821e-05 7.298656167748799e-05
17.23611111111076 6.898684968221095e-05 6.000989630590785e-05
17.23888888888853 8.176674212008679e-05 4.35677296760131e-05
17.24166666666631 9.064049283866392e-05 2.442381847276086e-05
17.24444444444408 9.504199630603061e-05 3.503411376395337e-06
17.24722222222186 9.462371738498584e-05 -1.81509203874138e-05
17.24999999999964 8.928067124850345e-05 -3.943078539229295e-05
17.25277777777741 7.916229652059772e-05 -5.921828832867705e-05
17.25555555555519 6.467127835520491e-05 -7.6444320783638e-05
17.25833333333297 4.644904268333318e-05 -9.01458083646072e-05
17.26111111111074 2.534833947656676e-05 -9.951887262288894e-05
17.26388888888852 2.394025430744821e-06 -0.0001039650032665812
17.2666666666663 -2.126619191304651e-05 -0.0001031276305156807
17.26944444444407 -4.441871158023681e-05 -9.691692755716768e-05
17.27222222222185 -6.584589513940066e-05 -8.552123925555085e-05
17.27499999999963 -8.438968893347913e-05 -6.940419870811701e-05
17.2777777777774 -9.901370841881694e-05 -4.928732507960144e-05
17.28055555555518 -0.0001088604792171304 -2.611865722818558e-05
17.28333333333295 -0.0001133007031339779 -1.028728275733769e-06
17.28611111111073 -0.000111971761057273 2.472411361368571e-05
17.28888888888851 -0.0001048031642663631 4.981642179692464e-05
17.29166666666628 -9.202729855759533e-05 7.292730094735933e-05
17.29444444444406 -7.417454138539008e-05 9.280755071524606e-05
17.29722222222184 -5.205263437702522e-05 0.0001083467024895565
17.29999999999961 -2.671102114717951e-05 0.0001186343736923089
17.30277777777739 6.083299772631756e-07 0.0001230125789325202
17.30555555555517 2.853135026918193e-05 0.0001211160350304663
17.30833333333294 5.562062783127231e-05 0.0001128980606080852
17.31111111111072 8.044907658033433e-05 9.86403746097545e-05
17.3138888888885 0.0001016747579017786 7.894590771224698e-05
17.31666666666627 0.0001181129489114469 5.471461562456594e-05
17.31944444444405 0.000128801607381095 2.710317887779458e-05
17.32222222222182 0.0001330566442376193 -2.529657130032355e-06
17.3249999999996 0.0001305138709433812 -3.26895520123279e-05
17.32777777777738 0.0001211551211890888 -6.182162122939047e-05
17.33055555555515 0.0001053168246127569 -8.839031528722853e-05
17.33333333333293 8.368019668775752e-05 -0.000110960037760356
17.33611111111071 5.724315892145155e-05 -0.0001282722842893887
17.33888888888848 2.727506813452591e-05 -0.00013931517637307
17.34166666666626 -4.743737916383557e-06 -0.0001433815753205287
17.34444444444404 -3.719472890391088e-05 -0.0001401124813863589
17.34722222222181 -6.840274473697166e-05 -0.0001295231277948356
17.34999999999959 -9.672223629533609e-05 -0.0001120100356796477
17.35277777777737 -0.0001206237555942551 -8.833826177769159e-05
17.35555555555514 -0.0001387761617134885 -5.960909718071242e-05
17.35833333333292 -0.0001501201407516556 -2.720950949333553e-05
17.3611111111107 -0.0001539290049642391 7.254392192916979e-06
17.36388888888847 -0.0001498533234982279 4.20367032082592e-05
17.36666666666625 -0.0001379467181360192 7.533997603512786e-05
17.36944444444402 -0.0001186710947765281 0.0001054079291722527
17.3722222222218 -9.288062855327779e-05 0.0001306178387024264
17.37499999999958 -6.178492430110918e-05 0.0001495677617453004
17.37777777777735 -2.689287727863837e-05 0.0001611539178646315
17.38055555555513 1.006019672088021e-05 0.0001646339812560107
17.38333333333291 4.71986638165668e-05 0.0001596726954198435
17.38611111111068 8.260164669919076e-05 0.0001463670826518431
17.38888888888846 0.0001144022589506867 0.0001252495413920362
17.39166666666624 0.0001408858774822612 9.726825433990738e-05
17.39444444444401 0.0001605822866677102 6.374551159982344e-05
17.39722222222179 0.0001723467542263871 2.631572449826451e-05
17.39999999999957 0.0001754255897706595 -1.315399494666587e-05
17.40277777777734 0.0001695024710718822 -5.26568460186831e-05
17.40555555555512 0.0001547227661262681 -9.014831688671333e-05
17.40833333333289 0.0001316941849644601 -0.0001236519485124076
17.41111111111067 0.0001014633083407664 -0.0001513634150951962
17.41388888888845 6.546879879675945e-05 -0.0001717474436065528
17.41666666666622 2.547333747973264e-05 -0.0001836223754831646
17.419444444444 -1.652251818387423e-05 -0.0001862277324334956
17.42222222222178 -5.83803575653743e-05 -0.0001792709608346002
17.42499999999955 -9.793282286459658e-05 -0.0001629505567867472
17.42777777777733 -0.0001330958503823102 -0.0001379539659549072
17.43055555555511 -0.0001619784320890086 -0.0001054299487121069
17.43333333333288 -0.0001829841167250936 -6.693643515462416e-05
17.43611111111066 -0.0001948988084198451 -2.436619653853542e-05
17.43888888888844 -0.0001969600511949873 2.014613958274922e-05
17.44166666666621 -0.0001889038811757371 6.433116870024475e-05
17.44444444444399 -0.0001709864419430804 0.000105900510169711
17.44722222222176 -0.0001439788369962703 0.0001426654149790832
17.44999999999954 -0.0001091350719413317 0.0001726520267723306
17.45277777777732 -6.813434666806965e-05 0.0001942072229503037
17.45555555555509 -2.300032071654275e-05 0.000206089363455303
17.45833333333287 2.399877923462569e-05 0.0002075389796758083
17.46111111111065 7.046427965030231e-05 0.000198325412173184
17.46388888888842 0.0001139896601006805 0.0001787666062610654
17.4666666666662 0.0001522853566601526 0.0001497206389251151
17.46944444444398 0.0001832992861744081 0.0001125490097041679
17.47222222222175 0.0002053267398331056 6.905320650413701e-05
17.47499999999953 0.0002171037606902991 2.138747734792871e-05
17.47777777777731 0.0002178789013684457 -2.804797477698638e-05
17.48055555555508 0.0002074593184069797 -7.672807406066145e-05
17.48333333333286 0.0001862284466242671 -0.0001221321114999935
17.48611111111063 0.0001551339458310048 -0.0001618745127871512
17.48888888888841 0.0001156461492332202 -0.0001938303363057421
17.49166666666619 6.968878822856032e-05 -0.0002162488884061274
17.49444444444396 1.954524089778729e-05 -0.0002278493775625816
17.49722222222174 -3.225512704981853e-05 -0.0002278933890171416
17.49999999999952 -8.306486118950776e-05 -0.0002162301060289085
17.50277777777729 -0.0001302540736301583 -0.000193311576333637
17.50555555555507 -0.0001713468847564595 -0.0001601768536056119
17.50833333333285 -0.0002041515544206306 -0.0001184054551084891
17.51111111111062 -0.0002268774485185545 -7.004218466473933e-05
17.5138888888884 -0.000238232591750451 -1.749689005547013e-05
17.51666666666618 -0.0002374964966289881 3.657592485816802e-05
17.51944444444395 -0.0002245641870904074 8.94116035761857e-05
17.52222222222173 -0.000199958791225695 0.0001382771195884889
17.5249999999995 -0.0001648116878673428 0.0001806128437348038
17.52777777777728 -0.0001208108732650381 0.0002141669203025221
17.53055555555506 -7.011987942139737e-05 0.0002371151793311207
17.53333333333283 -1.527113730721406e-05 0.00024816018934629
17.53611111111061 4.096094692985326e-05 0.0002466040733499776
17.53888888888839 9.570082056477705e-05 0.0002323910215284319
17.54166666666616 0.0001461193434161338 0.0002061169711817564
17.54444444444394 0.0001895804779581829 0.0001690056095595184
17.54722222222172 0.0002237794785021846 0.0001228516017951021
17.54999999999949 0.0002468653136582533 6.993366303981207e-05
17.55277777777727 0.0002575408056659124 1.290169095088303e-05
17.55555555555505 0.0002551350672848545 -4.535643295195438e-05
17.55833333333282 0.0002396442076215731 -0.0001018616517802845
17.5611111111106 0.0002117378924553514 -0.0001536966580727327
17.56388888888837 0.0001727310998700046 -0.0001981570531666985
17.56666666666615 0.0001245222176770221 -0.0002328928791697916
17.56944444444393 6.95003911652505e-05 -0.000256033091827915
17.5722222222217 1.04266555268775e-05 -0.0002662863644942597
17.57499999999948 -4.970520937083074e-05 -0.0002630127873157555
17.57777777777726 -0.0001078210586708172 -0.0002462624932373103
17.58055555555503 -0.0001609242060580705 -0.000216778929175794
17.58333333333281 -0.0002062505532586825 -0.0001759663102986197
17.58611111111059 -0.0002414129618399582 -0.000125822653688052
17.58888888888836 -0.0002645272988321776 -6.884158791812618e-05
17.59166666666614 -0.0002743134811719881 -7.887782676757809e-06
17.59444444444392 -0.0002701660920914244 5.394774974395608e-05
17.59722222222169 -0.0002521906827397632 0.0001135051368136722
17.59999999999947 -0.0002212036261949149 0.0001677178498722823
17.60277777777724 -0.0001786952685013516 0.0002137712647879103
17.60555555555502 -0.0001267580252683461 0.0002492493443833449
17.6083333333328 -6.798290346076481e-05 0.0002722617678605034
17.61111111111057 -5.329590211186042e-06 0.0002815447957292807
17.61388888888835 5.802334404642056e-05 0.0002765304775813232
17.61666666666613 0.0001188405070735089 0.0002573804179114754
17.6194444444439 0.0001739957059436054 0.000224982129957176
17.62222222222168 0.0002206333666287269 0.0001809079357859582
17.62499999999946 0.0002563169784579218 0.0001273383127143401
17.62777777777723 0.0002791568138684472 6.69534404006714e-05
17.63055555555501 0.0002879102042383959 2.79837246640255e-06
17.63333333333279 0.0002820490378157312 -6.187134676610782e-05
17.63611111111056 0.0002617908155147535 -0.0001237557500997122
17.63888888888834 0.0002280914690913047 -0.000179679683280846
17.64166666666612 0.0001826001175681496 -0.0002267564851249014
17.64444444444389 0.0001275779095778741 -0.0002625376331983637
17.64722222222167 6.57849688455784e-05 -0.0002851405626310712
17.64999999999944 3.411295458630325e-07 -0.0002933479596073627
17.65277777777722 -6.543247002541126e-05 -0.0002866732775295504
17.655555555555 -0.0001281828462573464 -0.0002653889489748205
17.65833333333277 -0.0001846969870284919 -0.000230515681727207
17.66111111111055 -0.0002320671753646663 -0.0001837732334804759
17.66388888888833 -0.0002678412705807224 -0.0001274950532511021
17.6666666666661 -0.0002901501436776952 -6.451105441812676e-05
17.66944444444388 -0.0002978056170359502 1.995553373848405e-06
17.67222222222166 -0.0002903637602065286 6.865008555284e-05
17.67499999999943 -0.0002681501669112007 0.0001320585819662352
17.67777777777721 -0.0002322457918807381 0.0001889815473931032
17.68055555555499 -0.0001844339589190064 0.0002365002908742905
17.68333333333276 -0.0001271111582105835 0.0002721672788103355
17.68611111111054 -6.316612712966235e-05 0.0002941327194803196
17.68888888888831 4.166643053859062e-06 0.0003012408041290909
17.69166666666609 7.147149819685979e-05 0.0002930905802721129
17.69444444444387 0.0001353258836963858 0.0002700582466158551
17.69722222222164 0.0001924753360488093 0.0002332796423920019
17.69999999999942 0.0002400002069480647 0.0001845937543641363
17.7027777777772 0.0002754655340903992 0.0001264500760553466
17.70555555555497 0.0002970463281026674 6.178452152709182e-05
17.70833333333275 0.0003036218010026949 -6.129776703517751e-06
17.71111111111053 0.0002948336536755042 -7.384915388826233e-05
17.7138888888883 0.0002711053858548114 -0.000137935042491664
17.71666666666608 0.0002336215966091748 -0.0001951295350714869
17.71944444444386 0.0001842683026340329 -0.0002425218668973168
17.72222222222163 0.0001255373091404353 -0.0002776972660655183
17.72499999999941 6.039951985235259e-05 -0.0002988605220026734
17.72777777777718 -7.84632729270683e-06 -0.0003049279213940855
17.73055555555496 -7.574174652938153e-05 -0.0002955828265952889
17.73333333333274 -0.0001398447948210324 -0.0002712920413193765
17.73611111111051 -0.0001969055275687852 -0.0002332821250781422
17.73888888888829 -0.0002440316255509483 -0.00018347687714002
17.74166666666607 -0.0002788357078935087 -0.0001243992061583656
17.74444444444384 -0.0002995567915883323 -5.904243003040445e-05
17.74722222222162 -0.0003051496915645383 9.282382398350269e-06
17.7499999999994 -0.0002953378072699766 7.711519114321852e-05
17.75277777777717 -0.0002706266264595204 0.0001410232296830502
17.75555555555495 -0.0002322772967575791 0.0001977756843020023
17.75833333333273 -0.0001822416660939735 0.0002445078701632525
17.7611111111105 -0.0001230621683897466 0.0002788665180496915
17.76388888888828 -5.774172910604901e-05 0.0002991287682187077
17.76666666666605 1.040960600285365e-05 0.0003042888294214189
17.76944444444383 7.794343465168836e-05 0.0002941079307800787
17.77222222222161 0.0001414484970224337 0.0002691250851310514
17.77499999999938 0.0001977239265333014 0.0002306281965952639
17.77777777777716 0.0002439414052478119 0.000180587078401247
17.78055555555494 0.0002777879673677843 0.0001215518945194867
17.78333333333271 0.0002975822073729171 5.652230036517627e-05
17.78611111111049 0.0003023580315733715 -1.120595649325831e-05
17.78888888888827 0.0002919117708100525 -7.820908069363431e-05
17.79166666666604 0.0002668103603328352 -0.0001411092984754148
17.79444444444382 0.0002283602926079851 -0.0001967460518315715
17.7972222222216 0.000178539056634584 -0.0002423355945143568
17.79999999999937 0.0001198926899499716 -0.0002756108912207084
17.80277777777715 5.540478887973291e-05 -0.0002949347584597777
17.80555555555492 -1.16562389206634e-05 -0.0002993805807712598
17.8083333333327 -7.790381073344869e-05 -0.0002887766158540791
17.81111111111048 -0.0001400051479850751 -0.0002637117792222397
17.81388888888825 -0.0001948498163881953 -0.0002255027758691028
17.81666666666603 -0.0002397062597781209 -0.000176124421078381
17.81944444444381 -0.0002723584129101818 -0.0001181068635415587
17.82222222222158 -0.000291215533002377 -5.440509579998626e-05
17.82499999999936 -0.0002953897902266181 1.175247515065965e-05
17.82777777777714 -0.000284737829894594 7.702859011921418e-05
17.83055555555491 -0.0002598643765355205 0.0001381463966709588
17.83333333333269 -0.0002220878960569122 0.0001920547742691015
17.83611111111047 -0.0001733702664374129 0.0002360813432032584
17.83888888888824 -0.0001162142308103062 0.0002680654500561972
17.84166666666602 -5.353402654997173e-05 0.0002864644875401476
17.84444444444379 1.149408166444953e-05 0.0002904283045200626
17.84722222222157 7.55936544510915e-05 0.0002798381192317182
17.84999999999935 0.0001355540232340502 0.0002553081785195118
17.85277777777712 0.0001883918807054003 0.0002181503135364897
17.8555555555549 0.0002315003453039643 0.0001703034295683793
17.85833333333268 0.0002627780208658774 0.0001142317380269755
17.86111111111045 0.0002807316414127129 5.279710242458148e-05
17.86388888888823 0.0002845472791500321 -1.08878511622632e-05
17.86666666666601 0.0002741267278637989 -7.361827837753343e-05
17.86944444444378 0.0002500874685568918 -0.0001322591978855503
17.87222222222156 0.0002137264864534771 -0.0001839028727779309
17.87499999999934 0.0001669500426838672 -0.0002260135565698881
17.87777777777711 0.0001121732165875657 -0.0002565523714794107
17.88055555555489 5.219453914074408e-05 -0.0002740761525451738
17.88333333333266 -9.947740553277041e-06 -0.0002778054622022069
17.88611111111044 -7.11303354758358e-05 -0.000267658583661796
17.88888888888822 -0.0001283026340387103 -0.000244250053960892
17.89166666666599 -0.0001786394464747164 -0.000208854108171518
17.89444444444377 -0.0002196811052439744 -0.0001633351821085422
17.89722222222155 -0.0002494539490376381 -0.0001100492716966341
17.89999999999932 -0.0002665652763942885 -5.172138997384007e-05
17.9027777777771 -0.0002702682021664891 8.694474107888521e-06
17.90555555555488 -0.0002604934166301589 6.81656639467076e-05
17.90833333333265 -0.0002378465510402605 0.0001237337476317936
17.91111111111043 -0.0002035716067668402 0.0001726622539324384
17.91388888888821 -0.0001594826180456592 0.0002125718475514491
17.91666666666598 -0.0001078673040844622 0.0002415562476241483
17.91944444444376 -5.136784538689211e-05 0.000258273234352535
17.92222222222154 7.154976297052862e-06 0.0002620064056522046
17.92499999999931 6.476725830742474e-05 0.0002526948689040034
17.92777777777709 0.0001186096487485273 0.0002309297026767508
17.93055555555486 0.0001660397485761955 0.0001979177144138863
17.93333333333264 0.0002047621294863162 0.0001554146661622143
17.93611111111042 0.0002329395558076041 0.0001056316583544745
17.93888888888819 0.0002492800181779572 5.111967580977986e-05
17.94166666666597 0.0002530954677513491 -5.361653914587872e-06
17.94444444444375 0.0002443296139680784 -6.098431183754264e-05
17.94722222222152 0.0002235537394781997 -0.0001129939940672179
17.9499999999993 0.0001919311105397938 -0.0001588469087854221
17.95277777777708 0.0001511521373415417 -0.0001963344510757228
17.95555555555485 0.0001033438868984876 -0.0002236896351502544
17.95833333333263 5.095879962872377e-05 -0.0002396701565012367
17.96111111111041 -3.351551318282604e-06 -0.0002436141961951282
17.96388888888818 -5.687113819085859e-05 -0.000235466500022886
17.96666666666596 -0.0001069557314821434 -0.0002157737922720799
17.96944444444373 -0.0001511638725803477 -0.0001856501388075451
17.97222222222151 -0.0001873760648747622 -0.000146714377880882
17.97499999999929 -0.0002138963588481857 -0.0001010031142320742
17.97777777777706 -0.0002295314682627456 -5.086395465481838e-05
17.98055555555484 -0.0002336437483788594 1.165405920122893e-06
17.98333333333262 -0.0002261757296571772 5.248600316443681e-05
17.98611111111039 -0.0002076453604339738 0.0001005677700144283
17.98888888888817 -0.0001791125944683505 0.0001430745166682129
17.99166666666595 -0.0001421193888731919 0.0001779775403616983
17.99444444444372 -9.860648331982197e-05 0.0002036523386844717
17.9972222222215 -5.081144846800686e-05 0.0002189538261751769
17.99999999999928 -1.153366704254917e-06 0.0002232665979423741
18.00277777777705 4.788989911896864e-05 0.0002165280851585999
18.00555555555483 9.390560879762978e-05 0.0001992238375029155
18.0083333333326 0.000134665013038456 0.0001723555755715715
18.01111111111038 0.0001682313249536378 0.0001373840106877064
18.01388888888816 0.0001930515668467506 9.614966301907273e-05
18.01666666666593 0.0002080279511170942 5.077596119256709e-05
18.01944444444371 0.0002125655450307263 3.55972753690667e-06
18.02222222222149 0.0002065942060526046 -4.314529497984111e-05
18.02499999999926 0.0001905640928221956 -8.704595859519114e-05
18.02777777777704 0.0001654153890499962 -0.0001260223952333824
18.03055555555482 0.0001325241563886389 -0.0001582303306914301
18.03333333333259 9.362739427666701e-05 -0.000182188096992183
18.03611111111037 5.073137340365529e-05 -0.0001968442558876274
18.03888888888815 6.008078015361978e-06 -0.0002016227817600434
18.04166666666592 -3.831489411138743e-05 -0.0001964439229438918
18.0444444444437 -8.006538801038413e-05 -0.0001817201056962132
18.04722222222147 -0.0001172331645610089 -0.0001583275008824129
18.04999999999925 -0.0001480665733285346 -0.0001275550767168803
18.05277777777703 -0.0001711547863751368 -9.103405216008514e-05
18.0555555555548 -0.000185491754105856 -5.065159206285485e-05
18.05833333333258 -0.0001905190218942453 -8.453303351325027e-06
18.06111111111036 -0.0001861456495244399 3.346043080705962e-05
18.06388888888813 -0.0001727446468349278 7.303902441083416e-05
18.06666666666591 -0.0001511265184432536 0.0001083819639532704
18.06944444444369 -0.0001224916388669347 0.0001378298877670095
18.07222222222146 -8.836420118895116e-05 0.0001600421180048916
18.07499999999924 -5.051134850481574e-05 0.0001740570473502034
18.07777777777702 -1.085176734557721e-05 0.0001793327013989831
18.08055555555479 2.864153370483447e-05 0.0001757658328016389
18.08333333333257 6.60393367440455e-05 0.0001636890007042237
18.08611111111034 9.955034406815086e-05 0.0001438461927614042
18.08888888888812 0.0001276067406183452 0.0001173486017289714
18.0916666666659 0.0001489371188009582 8.561312267214905e-05
18.09444444444367 0.0001626234009961049 5.028694449664452e-05
18.09722222222145 0.0001681392544526569 1.316223341901026e-05
18.09999999999923 0.0001653684602145834 -2.391468131215892e-05
18.102777777777 0.000154602721838307 -5.913502396866989e-05
18.10555555555478 0.0001365194287191026 -9.081564270038825e-05
18.10833333333256 0.0001121408714485499 -0.0001174791572691398
18.11111111111033 8.277729477235915e-05 -0.0001379223866611587
18.11388888888811 4.995692513239926e-05 -0.0001512699167065581
18.11666666666589 1.534668989003313e-05 -0.0001570104677082074
18.11944444444366 -1.93322711167107e-05 -0.0001550146213671881
18.12222222222144 -5.239002896977453e-05 -0.0001455334181455883
18.12499999999921 -8.224999475974989e-05 -0.0001291782921468894
18.12777777777699 -0.0001075237773112791 -0.0001068837229991873
18.13055555555477 -0.0001270752363484848 -7.985480867948809e-05
18.13333333333254 -0.0001400708072184265 -4.950266066439961e-05
18.13611111111032 -0.0001460139141347718 -1.737106137360338e-05
18.1388888888881 -0.0001447621215899573 1.494181965083926e-05
18.14166666666587 -0.0001365265547255995 4.58626936547459e-05
18.14444444444365 -0.0001218540042369179 7.391948611045668e-05
18.14722222222143 -0.0001015929758351819 9.781104866712952e-05
18.1499999999992 -7.684570744272285e-05 0.0001164669712064222
18.15277777777698 -4.890882316421628e-05 0.0001290947769813244
18.15555555555476 -1.920579236200624e-05 0.0001352124666233353
18.15833333333253 1.078530649559662e-05 0.0001346651444127632
18.16111111111031 3.960506662915602e-05 0.0001276252726103007
18.16388888888808 6.588346056941731e-05 0.0001145769155857062
18.16666666666586 8.840456727340558e-05 9.62851144795397e-05
18.16944444444364 0.0001061622849829913 7.375223753341843e-05
18.17222222222141 0.0001184045103666651 4.816374796791511e-05
18.17499999999919 0.0001246638906905264 2.08262934574935e-05
18.17777777777697 0.0001247739602214844 -6.898670735338259e-06
18.18055555555474 0.0001188702180700901 -3.36623705250267e-05
18.18333333333252 0.0001073764543662274 -5.819398543884456e-05
18.1861111111103 9.097734792941574e-05 -7.936056588125742e-05
18.18888888888807 7.057900692165099e-05 -9.621879552240899e-05
18.19166666666585 4.725967405950621e-05 -0.000108056267562156
18.19444444444363 2.22132451550092e-05 -0.0001144205150212913
18.1972222222214 -3.311463922640813e-06 -0.0001151346788114711
18.19999999999918 -2.807263184012891e-05 -0.0001102993795659419
18.20277777777696 -5.089547718541342e-05 -0.0001002810454913266
18.20555555555473 -7.072755241307355e-05 -8.568760491461582e-05
18.20833333333251 -8.668670978110445e-05 -6.733304720930678e-05
18.21111111111028 -9.809958689240028e-05 -4.61928617015233e-05
18.21388888888806 -0.0001045289782011327 -2.335275841602797e-05
18.21666666666584 -0.000105789044153592 4.665932962675482e-08
18.21944444444361 -0.0001019479309786196 2.286647214132344e-05
18.22222222222139 -9.331800003039647e-05 4.402448535521921e-05
18.22499999999917 -8.043446514889572e-05 6.254609545902817e-05
18.22777777777694 -6.402378100573156e-05 7.760861756006505e-05
18.23055555555472 -4.49635896012848e-05 8.857709113020645e-05
18.2333333333325 -2.423639537821898e-05 9.503004974394997e-05
18.23611111111027 -2.879386746110428e-06 9.677427036922147e-05
18.23888888888805 1.806705576932846e-05 9.38480812971051e-05
18.24166666666583 3.760962958639217e-05 8.651337645857139e-05
18.2444444444436 5.484875189993143e-05 7.52370296662096e-05
18.24722222222138 6.901940950658595e-05 6.066289914108925e-05
18.24999999999915 7.952439434863813e-05 4.357603758875173e-05
18.25277777777693 8.595852336284115e-05 2.48610573002861e-05
18.25555555555471 8.812291858634721e-05 5.456829498028513e-06
18.25833333333248 8.602893239512566e-05 -1.369018584436066e-05
18.26111111111026 7.989181744106149e-05 -3.167168169280481e-05
18.26388888888804 7.011473599434228e-05 -4.766012934786013e-05
18.26666666666581 5.726415536417136e-05 -6.094631332093592e-05
18.26944444444359 4.203806404656687e-05 -7.097010498465475e-05
18.27222222222137 2.522875016391436e-05 -7.734318029979703e-05
18.27499999999914 7.682097018963559e-06 -7.98628149438285e-05
18.27777777777692 -9.744537446269253e-06 -7.851634778611007e-05
18.2805555555547 -2.622378228313289e-05 -7.347636768501496e-05
18.28333333333247 -4.099707409370478e-05 -6.508712620730112e-05
18.28611111111025 -5.340904069094478e-05 -5.384308877712099e-05
18.28888888888802 -6.293591999837781e-05 -4.036089011701374e-05
18.2916666666658 -6.920682037804905e-05 -2.534624115877008e-05
18.29444444444358 -7.201701046325667e-05 -9.557532371668285e-06
18.29722222222135 -7.133283624615795e-05 6.232014384346586e-06
18.29999999999913 -6.728827986024842e-05 2.127177925576004e-05
18.30277777777691 -6.017357772890124e-05 3.486897355613498e-05
18.30555555555468 -5.041668634627797e-05 4.642003625815647e-05
18.30833333333246 -3.855870493235768e-05 5.543680429662804e-05
18.31111111111024 -2.522462152432513e-05 6.156635822613036e-05
18.31388888888801 -1.109093224819691e-05 6.460378376881026e-05
18.31666666666579 3.148213994995332e-06 6.449745488282667e-05
18.31944444444357 1.681467379693107e-05 6.134681663702344e-05
18.32222222222134 2.927816082831456e-05 5.539300809100973e-05
18.32499999999912 3.998481887797854e-05 4.700299935371851e-05
18.32777777777689 4.848124891860641e-05 3.66482077492883e-05
18.33055555555467 5.443298181913533e-05 2.487879287614469e-05
18.33333333333245 5.763668767477994e-05 1.229499974554908e-05
18.33611111111022 5.802573657168354e-05 -4.829829239159439e-07
18.338888888888 5.566905748905542e-05 -1.284515820074724e-05
18.34166666666578 5.076356564908236e-05 -2.422040781847924e-05
18.34444444444355 4.362072859382169e-05 -3.410240456572836e-05
18.34722222222133 3.464810388947903e-05 -4.207160084718413e-05
18.34999999999911 2.432689519787386e-05 -4.781237007575378e-05
18.35277777777688 1.318672982369597e-05 -5.112464046429081e-05
18.35555555555466 1.778954132967766e-06 -5.19296466713667e-05
18.35833333333244 -9.350228922370218e-06 -5.026971905449888e-05
18.36111111111021 -1.968549267183547e-05 -4.630231852333484e-05
18.36388888888799 -2.876579981202377e-05 -4.028879347834631e-05
18.36666666666576 -3.620445670305676e-05 -3.257857181127782e-05
18.36944444444354 -4.17049657385886e-05 -2.358969514298263e-05
18.37222222222132 -4.50720622555821e-05 -1.378674649694953e-05
18.37499999999909 -4.621757357194004e-05 -3.65731126010151e-06
18.37777777777687 -4.516099754958852e-05 6.311857764724772e-06
18.38055555555465 -4.202495378780207e-05 1.565782663361512e-05
18.38333333333242 -3.702590000909045e-05 2.39625534091414e-05
18.3861111111102 -3.046071848040071e-05 3.087111200975409e-05
18.38888888888798 -2.268995318407511e-05 3.610629916398119e-05
18.39166666666575 -1.411861076996122e-05 3.947905621354682e-05
18.39444444444353 -5.175522288761177e-06 4.089435695605588e-05
18.39722222222131 3.707703965838795e-06 4.035244102454134e-05
18.39999999999908 1.211712526804501e-05 3.794549820532314e-05
18.40277777777686 1.967535455024719e-05 3.385012185863667e-05
18.40555555555463 2.605805719713219e-05 2.831603951549973e-05
18.40833333333241 3.100735797770784e-05 2.165178751852933e-05
18.41111111111019 3.43416335489386e-05 1.42081177937711e-05
18.41388888888796 3.596135670257408e-05 6.360004065620923e-06
18.41666666666574 3.585085818889289e-05 -1.511850181757659e-06
18.41944444444352 3.407607066451781e-05 -9.039108971316873e-06
18.42222222222129 3.077850761721035e-05 -1.58826647591893e-05
18.42499999999907 2.616589941428035e-05 -2.174751105901767e-05
18.42777777777685 2.050005153339396e-05 -2.639499684978919e-05
18.43055555555462 1.40826007379227e-05 -2.9651980299915e-05
18.4333333333324 7.239419389246283e-06 -3.141656419259239e-05
18.43611111111018 3.044540721896571e-07 -3.16602691772346e-05
18.43888888888795 -6.396218005175646e-06 -3.04266749808862e-05
18.44166666666573 -1.255937118345648e-05 -2.782672569239699e-05
18.4444444444435 -1.791798202151645e-05 -2.403104558517299e-05
18.44722222222128 -2.225238094295548e-05 -1.925974011716462e-05
18.44999999999906 -2.539876286472118e-05 -1.377025749836118e-05
18.45277777777683 -2.725475645374149e-05 -7.843955817754042e-06
18.45555555555461 -2.778190205040096e-05 -1.772057079209273e-06
18.45833333333239 -2.700503995760793e-05 4.158327821906826e-06
18.46111111111016 -2.5008756466457e-05 9.67744894696532e-06
18.46388888888794 -2.193116799556049e-05 1.454484733822535e-05
18.46666666666572 -1.795543824944025e-05 1.855945593862434e-05
18.46944444444349 -1.329951465216917e-05 2.156746820745283e-05
18.47222222222127 -8.204635077954441e-06 2.346769216991834e-05
18.47499999999905 -2.923192071605823e-06 2.421423711049695e-05
18.47777777777682 2.293451235808655e-06 2.381651164834391e-05
18.4805555555546 7.206620618712565e-06 2.233663920971171e-05
18.48333333333238 1.160094023261532e-05 1.988451408336444e-05
18.48611111111015 1.52934369847484e-05 1.661082317772552e-05
18.48888888888793 1.81407736499721e-05 1.269844109237215e-05
18.4916666666657 2.004434716280099e-05 8.352666065673665e-06
18.49444444444348 2.095309933257508e-05 3.790799856489611e-06
18.49722222222126 2.086400070938164e-05 -7.684150105664345e-07
18.49999999999903 1.982027900601244e-05 -5.11500141248353e-06
18.50277777777681 1.790756625016726e-05 -9.057135078905247e-06
