16.5 -3.888976379711027e-08 2.130500767358149e-07
16.50277777777778 3.508498463158641e-08 2.209163814682505e-07
16.50555555555555 1.09834173882619e-07 2.0323689265094e-07
16.50833333333333 1.765854482314604e-07 1.60418504060858e-07
16.51111111111111 2.269398238629149e-07 9.58629290035351e-08
16.51388888888888 2.538878085942157e-07 1.575782093164413e-08
16.51666666666666 2.527261146402856e-07 -7.147460583398542e-08
16.51944444444444 2.217603368031063e-07 -1.560278840426206e-07
16.52222222222221 1.626971243030433e-07 -2.277788925448976e-07
16.52499999999999 8.06600629975789e-08 -2.774603498047642e-07
16.52777777777776 -1.619616050514561e-08 -2.978064396961537e-07
16.53055555555554 -1.174529042636452e-07 -2.845348193885043e-07
16.53333333333332 -2.115093825196432e-07 -2.370391114296431e-07
16.53611111111109 -2.868713041940872e-07 -1.586923524185637e-07
16.53888888888887 -3.335075098541215e-07 -5.670158360335067e-08
16.54166666666665 -3.441192661383366e-07 5.849705652997881e-08
16.54444444444442 -3.151676574682107e-07 1.742599697500089e-07
16.5472222222222 -2.475235333615656e-07 2.770800952777034e-07
16.54999999999998 -1.466405764561791e-07 3.541152827661849e-07
16.55277777777775 -2.220202146647856e-08 3.947330402968069e-07
16.55555555555553 1.127496728614103e-07 3.918915742559625e-07
16.55833333333331 2.431297025032614e-07 3.431853728808355e-07
16.56111111111108 3.534472779455485e-07 2.514125655909618e-07
16.56388888888886 4.29589354590893e-07 1.245687318411818e-07
16.56666666666663 4.605520758365126e-07 -2.476674270507643e-08
16.56944444444441 4.399144708366986e-07 -1.806166380287334e-07
16.57222222222219 3.668668472302853e-07 -3.252600861027895e-07
16.57499999999996 2.466472022012689e-07 -4.411899850141784e-07
16.57777777777774 9.029939698856231e-08 -5.131634893968453e-07
16.58055555555552 -8.62591303190215e-08 -5.301121599747177e-07
16.58333333333329 -2.637925630711907e-07 -4.866809724427988e-07
16.58611111111107 -4.217807254431926e-07 -3.841950731046756e-07
16.58888888888885 -5.407236461862832e-07 -2.30908018193213e-07
16.59166666666662 -6.04464747930239e-07 -4.146029286688591e-08
16.5944444444444 -6.022639054588954e-07 1.644354160801793e-07
16.59722222222218 -5.303650714575199e-07 3.639749128488105e-07
16.59999999999995 -3.92847072369441e-07 5.337183229032424e-07
16.60277777777773 -2.016171504414595e-07 6.522640735738818e-07
16.6055555555555 2.450184726809123e-08 7.028439364819407e-07
16.60833333333328 2.615375152272996e-07 6.75534126072549e-07
16.61111111111106 4.828321952796057e-07 5.688044427699403e-07
16.61388888888883 6.619609003215792e-07 3.901881802081074e-07
16.61666666666661 7.757918143287213e-07 1.559448296597491e-07
16.61944444444439 8.073441802608488e-07 -1.10303241327531e-07
16.62222222222216 7.481022371750679e-07 -3.798615166337309e-07
16.62499999999994 5.994873734826563e-07 -6.219702300588999e-07
16.62777777777772 3.73270985678138e-07 -8.072216933946419e-07
16.63055555555549 9.082041974646626e-08 -9.110178314794765e-07
16.63333333333327 -2.188012361589158e-07 -9.166723363175664e-07
16.63611111111105 -5.217276425112497e-07 -8.177806701868809e-07
16.63888888888882 -7.82897402127968e-07 -6.195443905763284e-07
16.6416666666666 -9.700037442540871e-07 -3.388390692895369e-07
16.64444444444437 -1.057351538312001e-06 -2.947745361066608e-09
16.64722222222215 -1.029174147310977e-06 3.529692607700933e-07
16.64999999999993 -8.819999668564621e-07 6.894484786485744e-07
16.6527777777777 -6.257449313546485e-07 9.669899320826557e-07
16.65555555555548 -2.8333551250028e-07 1.150566293531439e-06
16.65833333333326 1.11175692930353e-07 1.213872226706244e-06
16.66111111111103 5.158692921567537e-07 1.142813990196112e-06
16.66388888888881 8.852964687458299e-07 9.377991152147923e-07
16.66666666666659 1.175458301316029e-06 6.144992531792743e-07
16.66944444444436 1.348894122363739e-06 2.029159789621204e-07
16.67222222222214 1.379304916917708e-06 -2.552361976900202e-07
16.67499999999992 1.255160000661585e-06 -7.106227364992112e-07
16.67777777777769 9.81821564506622e-07 -1.111471797113279e-06
16.68055555555547 5.818656180687134e-07 -1.409316050222201e-06
16.68333333333324 9.346598938259104e-08 -1.564671016000807e-06
16.68611111111102 -4.330788033467383e-07 -1.552001616147609e-06
16.6888888888888 -9.403807776092482e-07 -1.363375258001745e-06
16.69166666666657 -1.37007189101339e-06 -1.010317216236146e-06
16.69444444444435 -1.669352220532959e-06 -5.235626207180545e-07
16.69722222222213 -1.797258513622058e-06 4.937816186085425e-08
16.6999999999999 -1.729928908094239e-06 6.486805698712853e-07
16.70277777777768 -1.464215600516655e-06 1.208295371377604e-06
16.70555555555546 -1.019150538939727e-06 1.663063853414341e-06
16.70833333333323 -4.349863625252874e-07 1.956108736341583e-06
16.71111111111101 2.3020556237409e-07 2.045681074709166e-06
16.71388888888879 9.061232955950611e-07 1.910662709022663e-06
16.71666666666656 1.517492164533892e-06 1.554034514111607e-06
16.71944444444434 1.992261185980752e-06 1.003814802472594e-06
16.72222222222211 2.269864012199291e-06 3.112320170809386e-07
16.72499999999989 2.308618733183638e-06 -4.538047669180962e-07
16.72777777777767 2.091390922470388e-06 -1.209566815462859e-06
16.73055555555544 1.628795403075644e-06 -1.871046684090991e-06
16.73333333333322 9.594522811637705e-07 -2.35930617898955e-06
16.736111111111 1.471191919776952e-07 -2.610624041890752e-06
16.73888888888877 -7.251367864689593e-07 -2.5844082300542e-06
16.74166666666655 -1.563224130688269e-06 -2.268924610276116e-06
16.74444444444433 -2.271965177060116e-06 -1.684091419410524e-06
16.7472222222221 -2.765659328970536e-06 -8.808801420539545e-07
16.74999999999988 -2.97812216010767e-06 6.27796243209098e-08
16.75277777777766 -2.871053518121753e-06 1.04930804007302e-06
16.75555555555543 -2.439718178744155e-06 1.971339658312748e-06
16.75833333333321 -1.715172903230934e-06 2.723171476243687e-06
16.76111111111098 -7.626216228444714e-07 3.212597096543011e-06
16.76388888888876 3.241083262130672e-07 3.371828584437868e-06
16.76666666666654 1.431544374175925e-06 3.166246423757188e-06
16.76944444444431 2.438171890811324e-06 2.599898962445476e-06
16.77222222222209 3.22750122573404e-06 1.716982379677367e-06
16.77499999999987 3.701219237763087e-06 5.989420217115428e-07
16.77777777777764 3.790970740715301e-06 -6.426950064894653e-07
16.78055555555542 3.467398136821874e-06 -1.877167256160812e-06
16.7833333333332 2.745306481751248e-06 -2.967981713565454e-06
16.78611111111097 1.684196975029289e-06 -3.787704719007846e-06
16.78888888888875 3.838889753870719e-07 -4.232466834329137e-06
16.79166666666653 -1.024519165811472e-06 -4.234565255334721e-06
16.7944444444443 -2.391573202787976e-06 -3.771682086561169e-06
16.79722222222208 -3.565027540051899e-06 -2.871541560605053e-06
16.79999999999986 -4.406459483461613e-06 -1.611278063679874e-06
16.80277777777763 -4.80715201410236e-06 -1.113364991226687e-07
16.80555555555541 -4.701462368187495e-06 1.475679109000566e-06
16.80833333333318 -4.0760886547048e-06 2.980217406808491e-06
16.81111111111096 -2.974025424951575e-06 4.23356828951462e-06
16.81388888888874 -1.492527944485434e-06 5.086393589091663e-06
16.81666666666651 2.249676918530312e-07 5.426000196412316e-06
16.81944444444429 2.00236021776625e-06 5.190403383928159e-06
16.82222222222207 3.648602373891884e-06 4.377492082408952e-06
16.82499999999984 4.977875049395376e-06 3.048068865203254e-06
16.82777777777762 5.83012046691954e-06 1.322153375186833e-06
16.8305555555554 6.089705519439622e-06 -6.313519608934624e-07
16.83333333333317 5.700091641149276e-06 -2.610804629087458e-06
16.83611111111095 4.672729849472775e-06 -4.402272175592564e-06
16.83888888888873 3.088951542424717e-06 -5.802252034911583e-06
16.8416666666665 1.094335870870646e-06 -6.640285796134193e-06
16.84444444444428 -1.114167855185517e-06 -6.798999911861102e-06
16.84722222222205 -3.307282628907804e-06 -6.229277341679777e-06
16.84999999999983 -5.246812661736108e-06 -4.958694745421359e-06
16.85277777777761 -6.711067180960483e-06 -3.092011550519778e-06
16.85555555555538 -7.519626758784562e-06 -8.033087988378645e-07
16.85833333333316 -7.554736059358624e-06 1.679734552124167e-06
16.86111111111094 -6.776856446998615e-06 4.098065791848928e-06
16.86388888888871 -5.232439813925419e-06 6.187857657106002e-06
16.86666666666649 -3.052745415959172e-06 7.708792377668763e-06
16.86944444444427 -4.434414782576851e-07 8.471043667514567e-06
16.87222222222204 2.334280392091225e-06 8.357984288670346e-06
16.87499999999982 4.989401559225159e-06 7.341983715504636e-06
16.8777777777776 7.231100793546225e-06 5.491296333394294e-06
16.88055555555537 8.80005299006695e-06 2.966918821586945e-06
16.88333333333315 9.497683644841105e-06 9.330716388363835e-09
16.88611111111092 9.210143146154198e-06 -3.083880918428693e-06
16.8888888888887 7.924199820413416e-06 -5.98748855215035e-06
16.89166666666648 5.733004994527565e-06 -8.382312199880967e-06
16.89444444444425 2.830688476879512e-06 -9.989685884885201e-06
16.89722222222203 -5.040995201783964e-07 -1.060303567003825e-05
16.89999999999981 -3.934392470155868e-06 -1.011306318091648e-05
16.90277777777758 -7.09845146622569e-06 -8.523572348675838e-06
16.90555555555536 -9.647358790591935e-06 -5.955860443236321e-06
16.90833333333314 -1.128280472201318e-05 -2.64073571773551e-06
16.91111111111091 -1.179103590870687e-05 1.10148929785754e-06
16.91388888888869 -1.106918314893608e-05 4.891379952404449e-06
16.91666666666647 -9.140850328400038e-06 8.328313894366998e-06
16.91944444444424 -6.158869365941263e-06 1.103222636106348e-05
16.92222222222202 -2.39441259328124e-06 1.268487075410574e-05
16.92499999999979 1.786923441215064e-06 1.306618179599627e-05
16.92777777777757 5.960036952649563e-06 1.208167752632073e-05
16.93055555555535 9.682966879596401e-06 9.777631755696494e-06
16.93333333333312 1.254304111519104e-05 6.34192229094174e-06
16.9361111111109 1.420176681287541e-05 2.089901373000924e-06
16.93888888888868 1.443365285112355e-05 -2.563800117074987e-06
16.94166666666645 1.31546138468291e-05 -7.14509588778192e-06
16.94444444444423 1.0436543377338e-05 -1.116813041879432e-05
16.94722222222201 6.505979247957301e-06 -1.418608762357629e-05
16.94999999999978 1.726388566698039e-06 -1.583987154332227e-05
16.95277777777756 -3.43468526340767e-06 -1.58994356509843e-05
16.95555555555534 -8.450725372464114e-06 -1.429311794845155e-05
16.95833333333311 -1.278930453022e-05 -1.112143171703916e-05
16.96111111111089 -1.59678195411818e-05 -6.653269349344581e-06
16.96388888888866 -1.760613027536597e-05 -1.304254672307223e-06
16.96666666666644 -1.747044977597024e-05 4.401150531040815e-06
16.96944444444422 -1.55035447118411e-05 9.880411509658811e-06
16.97222222222199 -1.183756399054936e-05 1.455170587519444e-05
16.97499999999977 -6.787504206605028e-06 1.789485870918222e-05
16.97777777777755 -8.252809277290495e-07 1.950811819509894e-05
16.98055555555532 5.463592134946017e-06 1.915467085292255e-05
16.9833333333331 1.143681934032231e-05 1.679365128404263e-05
16.98611111111088 1.646018530293771e-05 1.259183711629448e-05
16.98888888888865 1.997397753464206e-05 6.914104849431376e-06
16.99166666666643 2.155409069572935e-05 2.928743130884064e-07
16.99444444444421 2.096124605019227e-05 -6.621027815465267e-06
16.99722222222198 1.817276908687182e-05 -1.312163027766346e-05
16.99999999999976 1.339299246996429e-05 -1.851912108702133e-05
17.00277777777753 7.040441440890963e-06 -2.221205879644118e-05
17.00555555555531 -2.876881014250012e-07 -2.375301495387593e-05
17.00833333333309 -7.870869020955619e-06 -2.290059652118323e-05
17.01111111111086 -1.493535101957561e-05 -1.965197009523625e-05
17.01388888888864 -2.073228206703902e-05 -1.425183332774499e-05
17.01666666666642 -2.461602628248274e-05 -7.176084550746371e-06
17.01944444444419 -2.611457589755927e-05 9.089946791760768e-07
17.02222222222197 -2.498450034151122e-05 9.208665479874505e-06
17.02499999999975 -2.124422191966096e-05 1.687708922035755e-05
17.02777777777752 -1.518144106929404e-05 2.310265442991496e-05
17.0305555555553 -7.333066023940487e-06 2.719273894502309e-05
17.03333333333308 1.561214338433495e-06 2.864914881967822e-05
17.03611111111085 1.062781957494888e-05 2.722614844127164e-05
17.03888888888863 1.894429114735289e-05 2.296452512943246e-05
17.0416666666664 2.563222550072294e-05 1.619738514236263e-05
17.04444444444418 2.994884059709841e-05 7.526146530132032e-06
17.04722222222196 3.136772996484671e-05 -2.231791750319141e-06
17.04999999999973 2.964016490476956e-05 -1.211926841182573e-05
17.05277777777751 2.483002499870697e-05 -2.113243670233023e-05
17.05555555555529 1.731792050742493e-05 -2.832171770680164e-05
17.05833333333306 7.77308566718292e-06 -3.289055660318547e-05
17.06111111111084 -2.905124129485828e-06 -3.428181550638612e-05
17.06388888888862 -1.367113224215628e-05 -3.224258181053393e-05
17.06666666666639 -2.34346876032552e-05 -2.68600884499796e-05
17.06944444444417 -3.117026588774685e-05 -1.856416476514691e-05
17.07222222222195 -3.602342859019997e-05 -8.094908987168976e-06
17.07499999999972 -3.740321847411054e-05 3.562222502668682e-06
17.0777777777775 -3.505075754116824e-05 1.526832901136427e-05
17.08055555555528 -2.90763354160347e-05 2.584148526474598e-05
17.08333333333305 -1.996024541497445e-05 3.417503141144202e-05
17.08611111111083 -8.516164491434064e-06 3.935197798250107e-05
17.0888888888886 4.180362082770686e-06 4.074381244553484e-05
17.09166666666638 1.68921563116439e-05 3.808322624634124e-05
17.09444444444416 2.834009605166768e-05 3.150261216770695e-05
17.09722222222193 3.733074719631864e-05 2.153340570474896e-05
17.09999999999971 4.287928922196376e-05 9.065158982597941e-06
17.10277777777749 4.431519024254802e-05 -4.732728530698575e-06
17.10555555555526 4.135946494952925e-05 -1.851984399138219e-05
17.10833333333304 3.416489240030466e-05 -3.091410318468263e-05
17.11111111111082 2.331405532513466e-05 -4.062918881910847e-05
17.11388888888859 9.774162164182685e-06 -4.660650395961807e-05
17.11666666666637 -5.188069486377198e-06 -4.812822556916422e-05
17.11944444444415 -2.01240831543716e-05 -4.489956372877063e-05
17.12222222222192 -3.354284672597199e-05 -3.709109009713408e-05
17.1249999999997 -4.405856849691069e-05 -2.533574982025709e-05
17.12777777777747 -5.053221840395654e-05 -1.06795635494746e-05
17.13055555555525 -5.219252558996443e-05 5.510363809583072e-06
17.13333333333303 -4.872378357201646e-05 2.167254032921518e-05
17.1361111111108 -4.031076648012321e-05 3.620081584406606e-05
17.13888888888858 -2.763508008783572e-05 4.760285097451129e-05
17.14166666666636 -1.182196411881022e-05 5.465177749912301e-05
17.14444444444413 5.658524493528095e-06 5.651576300961337e-05
17.14722222222191 2.312736923297654e-05 5.285198603580279e-05
17.14999999999969 3.885700102138087e-05 4.385471182844085e-05
17.15277777777746 5.124099332589636e-05 3.025145082206704e-05
17.15555555555524 5.895646181496847e-05 1.324618130575656e-05
17.15833333333302 6.110287741801228e-05 -5.586155174539712e-06
17.16111111111079 5.730291887213934e-05 -2.444473681701334e-05
17.16388888888857 4.775438174199291e-05 -4.147421808884043e-05
17.16666666666634 3.322672433545851e-05 -5.494611449717322e-05
17.16944444444412 1.50011423974774e-05 -6.343256609819875e-05
17.1722222222219 -5.241384503737327e-06 -6.595513767835628e-05
17.17499999999967 -2.557438515329849e-05 -6.209334251484165e-05
17.17777777777745 -4.400842099133165e-05 -5.2041166729177e-05
17.18055555555523 -5.868460517017987e-05 -3.660470405108949e-05
17.183333333333 -6.806037250234549e-05 -1.713963793857571e-05
17.18611111111078 -7.106906013732873e-05 4.566807276254448e-06
17.18888888888856 -6.72369839373404e-05 2.645925615893666e-05
17.19166666666633 -5.674547402263419e-05 4.640802602469194e-05
17.19444444444411 -4.043043029236623e-05 6.241519429197561e-05
17.19722222222189 -1.971790341738023e-05 7.2813026722164e-05
17.19999999999966 3.499565984294261e-06 7.643518161800255e-05
17.20277777777744 2.703521207179931e-05 7.274330714095959e-05
17.20555555555521 4.861327691280483e-05 6.18956015295784e-05
17.20833333333299 6.608799544518468e-05 4.474926007175452e-05
17.21111111111077 7.765533172825936e-05 2.279499463240478e-05
17.21388888888854 8.203669170838081e-05 -1.97161117058037e-06
17.21666666666632 7.861609365351384e-05 -2.723089083471255e-05
17.2194444444441 6.751638608851227e-05 -5.055568744268229e-05
17.22222222222187 4.96057027020602e-05 -6.964356413419229e-05
17.22499999999965 2.643191998082348e-05 -8.254248162746976e-05
17.22777777777743 8.981666782019536e-08 -8.784793596262799e-05
17.2305555555552 -2.696774190657217e-05 -8.485183216809847e-05
17.23333333333298 -5.215760629918233e-05 -7.362761205175397e-05
17.23611111111076 -7.301200598611311e-05 -5.504198457182994e-05
17.23888888888853 -8.741876741242965e-05 -3.069049185246885e-05
17.24166666666631 -9.383281044260664e-05 -2.761437174391923e-06
17.24444444444408 -9.143792408566313e-05 2.616029418818338e-05
17.24722222222186 -8.024217197419959e-05 5.333195701947269e-05
17.24999999999964 -6.10963197420323e-05 7.611218568150414e-05
17.25277777777741 -3.563185976812065e-05 9.221629700035865e-05
17.25555555555519 -6.122863190214298e-06 9.994307865241127e-05
17.25833333333297 2.471671335069839e-05 9.835072146683012e-05
17.26111111111074 5.398221429351183e-05 8.736397920378531e-05
17.26388888888852 7.885109691905153e-05 6.780086855377031e-05
17.2666666666663 9.68537838901734e-05 4.131469037057979e-05
17.26944444444407 0.0001061166543966314 1.025516675805181e-05
17.27222222222185 0.0001055534259359103 -2.25397103731708e-05
17.27499999999963 9.498564275621871e-05 -5.40026857368516e-05
17.2777777777774 7.517937463579315e-05 -8.112346453227865e-05
17.28055555555518 4.779296437914423e-05 -0.0001012354717805996
17.28333333333295 1.523902929429894e-05 -0.0001122759083627765
17.28611111111073 -1.952786594798875e-05 -0.00011299389151528
17.28888888888851 -5.327917518366778e-05 -0.0001030859282959583
17.29166666666628 -8.281166053915162e-05 -8.324448199144389e-05
17.29444444444406 -0.0001052502762285179 -5.511336873496845e-05
17.29722222222184 -0.0001183260720984809 -2.115243124782236e-05
17.29999999999961 -0.000120602391201596 1.557743587849652e-05
17.30277777777739 -0.0001116270455284943 5.169010879820446e-05
17.30555555555517 -9.199474862928576e-05 8.378602576992432e-05
17.30833333333294 -6.331227395233665e-05 0.0001087712383693229
17.31111111111072 -2.806784424499265e-05 0.0001241538301673373
17.3138888888885 1.058469987063237e-05 0.0001282894261720136
17.31666666666627 4.910820802857231e-05 0.0001205518219178978
17.31944444444405 8.390569697858722e-05 0.0001014113917850109
17.32222222222182 0.0001116553991474933 7.241230269909856e-05
17.3249999999996 0.0001296262090651638 3.604890071537135e-05
17.32777777777738 0.0001359436774829602 -4.448909324981198e-06
17.33055555555515 0.0001297808452794948 -4.540279266333427e-05
17.33333333333293 0.0001114548223506802 -8.302004500275647e-05
17.33611111111071 8.241851630885295e-05 -0.0001137442144883495
17.33888888888848 4.514653302016208e-05 -0.0001345898891665419
17.34166666666626 2.924122070972741e-06 -0.0001434302224112123
17.34444444444404 -4.044279190256743e-05 -0.0001392096831459788
17.34722222222181 -8.097083142750263e-05 -0.0001220610526713889
17.34999999999959 -0.0001148646412180024 -9.331427160293522e-05
17.35277777777737 -0.000138871082491978 -5.539459680395549e-05
17.35555555555514 -0.0001505891603168217 -1.161775889328596e-05
17.35833333333292 -0.0001487063142651265 3.41005302575522e-05
17.3611111111107 -0.0001331380921182767 7.759518801107882e-05
17.36388888888847 -0.0001050568311736843 0.0001148310289243627
17.36666666666625 -6.680502216007372e-05 0.000142276133092181
17.36944444444402 -2.169961417092085e-05 0.0001572348148874019
17.3722222222218 2.625633705309139e-05 0.0001581089362189863
17.37499999999958 7.272951339112647e-05 0.0001445624782102282
17.37777777777735 0.0001134479527447225 0.0001175728459699582
17.38055555555513 0.000144593006704256 7.936257149620509e-05
17.38333333333291 0.0001631556993050173 3.321597978380555e-05
17.38611111111068 0.0001672243416259392 -1.680400217806963e-05
17.38888888888846 0.0001561761265265311 -6.621436381257692e-05
17.39166666666624 0.0001307538690561689 -0.0001105141144972978
17.39444444444401 9.301932464452166e-05 -0.0001455938401280458
17.39722222222179 4.618568770675598e-05 -0.0001681154463435566
17.39999999999957 -5.657065522753682e-06 -0.0001758270819274207
17.40277777777734 -5.790038731509929e-05 -0.0001677837187598101
17.40555555555512 -0.000105827422767199 -0.0001444521027390175
17.40833333333289 -0.000145038716349231 -0.0001076890592592202
17.41111111111067 -0.0001718549143813465 -6.05935208724017e-05
17.41388888888845 -0.0001836596601417248 -7.244117468869573e-06
17.41666666666622 -0.0001791508829883406 4.76553126622265e-05
17.419444444444 -0.0001584766262553552 9.919133462746902e-05
17.42222222222178 -0.0001232417468049786 0.000142680816483784
17.42499999999955 -7.638334822114149e-05 0.0001740956802044992
17.42777777777733 -2.192464681880328e-05 0.000190434009498169
17.43055555555511 3.537195423116394e-05 0.000190003451024763
17.43333333333288 9.042250087127376e-05 0.0001725903956222837
17.43611111111066 0.0001382730717666498 0.0001394984397097147
17.43888888888844 0.0001745451174505576 9.345122086409951e-05
17.44166666666621 0.0001958345204406559 3.836686322042371e-05
17.44444444444399 0.0002000281013630963 -2.097713153971037e-05
17.44722222222176 0.000186508348099545 -7.935970150606382e-05
17.44999999999954 0.0001562268809908368 -0.0001315763958014814
17.45277777777732 0.0001116387333252934 -0.0001729032326576854
17.45555555555509 5.65018987394155e-05 -0.0001995228706723032
17.45833333333287 -4.441327157452806e-06 -0.0002088747091026301
17.46111111111065 -6.58739878724498e-05 -0.0001998969773210182
17.46388888888842 -0.0001223695171828428 -0.0001731382204725618
17.4666666666662 -0.0001688713862753951 -0.0001307270227255286
17.46944444444398 -0.000201144888083217 -7.620132476162442e-05
17.47222222222175 -0.0002161607221345006 -1.421117958812792e-05
17.47499999999953 -0.0002123757671324812 4.987986194917708e-05
17.47777777777731 -0.0001898852673090928 0.0001104603540170216
17.48055555555508 -0.0001504318456497961 0.0001621629611142535
17.48333333333286 -9.726931301823523e-05 0.0002003396309682508
17.48611111111063 -3.489206132397569e-05 0.0002214778614122383
17.48888888888841 3.134722303670949e-05 0.0002235208775769192
17.49166666666619 9.569877430451615e-05 0.0002060627417517882
17.49444444444396 0.0001525159536342556 0.0001704002323485564
17.49722222222174 0.000196750800629097 0.0001194358088285397
17.49999999999952 0.0002244013978404544 5.743903346118643e-05
17.50277777777729 0.0002328714599280385 -1.031369927961044e-05
17.50555555555507 0.0002212100040522362 -7.799047027648102e-05
17.50833333333285 0.0001902092648072307 -0.0001397073532542254
17.51111111111062 0.0001423512925383415 -0.0001900405056601416
17.5138888888884 8.160684921701481e-05 -0.000224502185055339
17.51666666666618 1.310313985902698e-05 -0.0002399389337229539
17.51944444444395 -5.731154284665166e-05 -0.0002348167286080293
17.52222222222173 -0.0001235690419342931 -0.0002093675520838204
17.5249999999995 -0.0001799052734529422 -0.0001655837684179135
17.52777777777728 -0.0002213615227192898 -0.0001070598576046376
17.53055555555506 -0.0002442194821898025 -3.869431842332349e-05
17.53333333333283 -0.0002463319502749424 3.372324843169151e-05
17.53611111111061 -0.0002273199754171845 0.0001040047928824535
17.53888888888839 -0.0001886186617663143 0.0001660940528052841
17.54166666666616 -0.0001333668659600627 0.00021458878673755
17.54444444444394 -6.614948419818459e-05 0.000245209908906128
17.54722222222172 7.386210790466524e-06 0.0002551768307517178
17.54999999999949 8.100777780261114e-05 0.0002434562388792625
17.55277777777727 0.0001484277741888046 0.0002108623154141027
17.55555555555505 0.0002038415906777279 0.0001599991077429684
17.55833333333282 0.0002424268449519952 9.504928824878625e-05
17.5611111111106 0.0002607613705166753 2.142674614647985e-05
17.56388888888837 0.000257123680891088 -5.46778136635804e-05
17.56666666666615 0.0002316497465084156 -0.000126819836010719
17.56944444444393 0.0001863321409472934 -0.000188848038732422
17.5722222222217 0.0001248610479915183 -0.0002354291013352124
17.57499999999948 5.232012119173715e-05 -0.000262505121947521
17.57777777777726 -2.523740237312573e-05 -0.0002676446707666884
17.58055555555503 -0.0001012966739486094 -0.0002502572438051961
17.58333333333281 -0.000169430399976065 -0.0002116524808349133
17.58611111111059 -0.0002238427280012173 -0.000154938669951751
17.58888888888836 -0.000259861740388231 -8.476869668065509e-05
17.59166666666614 -0.0002743387273806623 -6.954547246881205e-06
17.59444444444392 -0.0002659202460400968 7.201735738252877e-05
17.59722222222169 -0.0002351696912763308 0.0001455292851931653
17.59999999999947 -0.0001845277980097106 0.0002073880738356198
17.60277777777724 -0.0001181150820739991 0.0002523469437509507
17.60555555555502 -4.139256059339209e-05 0.0002765492516225281
17.6083333333328 3.929095681754072e-05 0.0002778567366716964
17.61111111111057 0.000117227154000756 0.0002560345111482915
17.61388888888835 0.0001859078515144218 0.0002127770763756652
17.61666666666613 0.0002395691436766194 0.0001515729891630621
17.6194444444439 0.0002736744619147963 7.741933468151168e-05
17.62222222222168 0.0002852961159113747 -3.590257114199634e-06
17.62499999999946 0.0002733633676900539 -8.476973832616341e-05
17.62777777777723 0.0002387562609077649 -0.000159394911424463
17.63055555555501 0.0001842373158037369 -0.0002212616732705637
17.63333333333279 0.0001142267261775655 -0.0002652017690555386
17.63611111111056 3.44397257461957e-05 -0.0002875131685004166
17.63888888888834 -4.858375957900684e-05 -0.0002862693227736846
17.64166666666612 -0.000128018139724809 -0.0002614816673946779
17.64444444444389 -0.0001973151845593948 -0.0002151019521063228
17.64722222222167 -0.0002507444352400103 -0.0001508642793365808
17.64999999999944 -0.0002838663419205325 -7.398000878497708e-05
17.65277777777722 -0.0002938991112376735 9.289165563528213e-06
17.655555555555 -0.0002799491049877437 9.214464134802204e-05
17.65833333333277 -0.0002430859562425517 0.0001678084456075026
17.66111111111055 -0.0001862564131293192 0.0002300789512184994
17.66388888888833 -0.0001140442152877026 0.0002738390983574282
17.6666666666661 -3.229595378619179e-05 0.0002954754700264743
17.66944444444388 5.235617791166393e-05 0.0002931740070434504
17.67222222222166 0.0001330354609271822 0.0002670683688188829
17.67499999999943 0.0002031811610544673 0.0002192290967868917
17.67777777777721 0.0002570826263107586 0.0001534948088717194
17.68055555555499 0.0002903434382808224 7.515956781030632e-05
17.68333333333276 0.0003002379480561564 -9.457734595960134e-06
17.68611111111054 0.0002859314443576231 -9.352660270218575e-05
17.68888888888831 0.0002485464232185932 -0.000170258798574181
17.69166666666609 0.0001910700247756811 -0.0002334577240764764
17.69444444444387 0.0001181106366541811 -0.0002780187563323413
17.69722222222164 3.55238785758703e-05 -0.0003003401414938889
17.69999999999942 -5.00613110548045e-05 -0.0002986114844088135
17.7027777777772 -0.0001317778119697742 -0.0002729569388723625
17.70555555555497 -0.0002030732352237961 -0.0002254220691843414
17.70833333333275 -0.0002582359400710981 -0.0001598060432591686
17.71111111111053 -0.0002928518773288165 -8.135329627401216e-05
17.7138888888883 -0.0003041557787522896 3.669937090964447e-06
17.71666666666608 -0.0002912489159791803 8.847968580633053e-05
17.71944444444386 -0.0002551665391875068 0.0001663180704495393
17.72222222222163 -0.0001987902796227454 0.0002309931001004038
17.72499999999941 -0.0001266132705164656 0.0002773712193779836
17.72777777777718 -4.43775015202331e-05 0.0003017834313817172
17.73055555555496 4.138696703629813e-05 0.0003023129810393825
17.73333333333274 0.0001238836403490222 0.0002789422556294493
17.73611111111051 0.0001965901642594254 0.0002335479479348251
17.73888888888829 0.0002537746917195676 0.0001697457055619691
17.74166666666607 0.0002909471119107742 9.259747599197909e-05
17.74444444444384 0.0003052096789830623 8.205594777152189e-06
17.74722222222162 0.0002954798240941351 -7.677350088553404e-05
17.7499999999994 0.0002625682788489165 -0.0001556569049236512
17.75277777777717 0.0002091072370107441 -0.0002222622003149245
17.75555555555495 0.000139335199776399 -0.0002713920890398333
17.75833333333273 5.875643812253929e-05 -0.0002992387080770627
17.7611111111105 -2.629722597778261e-05 -0.0003036762883134255
17.76388888888828 -0.0001091671280401956 -0.0002844198752050447
17.76666666666605 -0.0001833911268201899 -0.0002430385693905661
17.76944444444383 -0.0002432083398324871 -0.0001828232955314147
17.77222222222161 -0.0002840057736107307 -0.0001085205478813643
17.77499999999938 -0.0003026722758696845 -2.595399022107527e-05
17.77777777777716 -0.0002978328090721641 5.843560489940329e-05
17.78055555555494 -0.0002699456622300048 0.0001380954645120752
17.78333333333271 -0.0002212561014791227 0.0002068711631469432
17.78611111111049 -0.0001556112414283959 0.0002594823582808015
17.78888888888827 -7.815170937780515e-05 0.0002919271357063798
17.79166666666604 5.094865976359291e-06 0.0003017841030237411
17.79444444444382 8.768610514873202e-05 0.0002883896307344657
17.7972222222216 0.0001632656357772818 0.0002528775737127235
17.79999999999937 0.0002260532817194877 0.0001980796160304314
17.80277777777715 0.0002712868222613129 0.0001282952159898955
17.80555555555492 0.0002955816023116885 4.895014222213495e-05
17.8083333333327 0.0002971809844889096 -3.382898238389461e-05
17.81111111111048 0.0002760793586172707 -0.0001136905084356582
17.81388888888825 0.0002340094608185981 -0.0001845468101013215
17.81666666666603 0.0001742963086308982 -0.0002410387924684604
17.81944444444381 0.0001015903070787268 -0.0002789403983044181
17.82222222222158 2.150123564912298e-05 -0.0002954726687469166
17.82499999999936 -5.983780432658957e-05 -0.0002895042072503699
17.82777777777714 -0.0001362423616836161 -0.0002616238795517477
17.83055555555491 -0.0002019480511331921 -0.0002140815399535194
17.83333333333269 -0.00025204540996295 -0.0001506027264399614
17.83611111111047 -0.0002828454186444667 -7.60928317587837e-05
17.83888888888824 -0.000292148599614552 3.745490611234684e-06
17.84166666666602 -0.0002793982942547922 8.285160099723494e-05
17.84444444444379 -0.0002457077810400418 0.0001552688002017346
17.84722222222157 -0.0001937606252069878 0.000215593584523783
17.84999999999935 -0.0001275932898007862 0.0002593783175820618
17.85277777777712 -5.2277856116607e-05 0.0002834573791095196
17.8555555555549 2.64699604617837e-05 0.0002861730406445692
17.85833333333268 0.0001027269906791161 0.0002674852212905674
17.86111111111045 0.0001708095450096561 0.0002289582666083539
17.86388888888823 0.0002256972972661416 0.0001736272714217926
17.86666666666601 0.0002634025144396633 0.0001057555162979608
17.86944444444378 0.0002812575812609524 3.050262837465329e-05
17.87222222222156 0.0002781002912507459 -4.647048131851556e-05
17.87499999999934 0.0002543443457488982 -0.0001194294699438963
17.87777777777711 0.0002119312941409668 -0.0001829947441732837
17.88055555555489 0.0001541690867605242 -0.0002325379538860399
17.88333333333266 8.547082227082677e-05 -0.0002645176192843226
17.88611111111044 1.101453107263955e-05 -0.0002767296914644206
17.88888888888822 -6.364957929075612e-05 -0.000268455556502896
17.89166666666599 -0.0001330144711258195 -0.0002404979018786479
17.89444444444377 -0.0001920230429046562 -0.0001951033590415126
17.89722222222155 -0.0002364362580761026 -0.0001357792721972052
17.89999999999932 -0.0002631359146453402 -6.701969250712595e-05
17.9027777777771 -0.0002703405997562518 6.037806368958935e-06
17.90555555555488 -0.0002577201434974778 7.799811205784733e-05
17.90833333333265 -0.0002264016297052715 0.0001436082316984397
17.91111111111043 -0.0001788681459152349 0.0001981409583894988
17.91388888888821 -0.0001187593504225973 0.0002377345421206958
17.91666666666598 -5.059002124371435e-05 0.0002596640633727917
17.91944444444376 2.059147929829579e-05 0.0002625256370393547
17.92222222222154 8.957884071093411e-05 0.0002463212974663053
17.92499999999931 0.0001513894925665011 0.0002124399116445153
17.92777777777709 0.0002016243300332109 0.0001635371697605178
17.93055555555486 0.0002367795513764338 0.0001033250397340239
17.93333333333264 0.0002544886333995273 3.628751301101361e-05
17.93611111111042 0.0002536779572586138 -3.265544223643695e-05
17.93888888888819 0.0002346261860623546 -9.851041331520771e-05
17.94166666666597 0.0001989246827793703 -0.0001565727744855436
17.94444444444375 0.000149343504739041 -0.0002027623341361726
17.94722222222152 8.961428903787931e-05 -0.0002339085212859606
17.9499999999993 2.414716686244186e-05 -0.0002479653321660916
17.95277777777708 -4.229669023102383e-05 -0.0002441417115071133
17.95555555555485 -0.0001049524791639809 -0.0002229394288820968
17.95833333333263 -0.0001593937310071112 -0.000186097344668215
17.96111111111041 -0.0002018443072283346 -0.0001364477377003781
17.96388888888818 -0.0002294385270485652 -7.769659772432983e-05
17.96666666666596 -0.0002404116802898362 -1.414503123265155e-05
17.96944444444373 -0.000234208527924571 4.962716856877748e-05
17.97222222222151 -0.0002115035224340013 0.0001090924303649673
17.97499999999929 -0.0001741329332171612 0.0001600968550043284
17.97777777777706 -0.0001249453670733284 0.0001991494214224346
17.98055555555484 -6.758288032450048e-05 0.0002236589225014882
17.98333333333262 -6.209591259628548e-06 0.0002321027405924413
17.98611111111039 5.47918961936369e-05 0.0002241167557032172
17.98888888888817 0.0001111340681304169 0.000200501515500034
17.99166666666595 0.0001589256309210206 0.0001631458531598184
17.99444444444372 0.0001949391001589188 0.0001148749791451042
17.9972222222215 0.000216826572022947 5.92352847291569e-05
17.99999999999928 0.0002232694561241461 2.323220700580589e-07
18.00277777777705 0.0002140529225602014 -5.795860974446601e-05
18.00555555555483 0.0001900613328708166 -0.0001112883216712797
18.0083333333326 0.0001531965806679714 -0.0001561150788325618
18.01111111111038 0.0001062266588556811 -0.0001894519517889828
18.01388888888816 5.25765215772054e-05 -0.0002091635114916278
18.01666666666593 -3.92289985696658e-06 -0.0002140991301657188
18.01944444444371 -5.930908085292814e-05 -0.0002041548812121022
18.02222222222149 -0.0001097660109470225 -0.0001802612140594357
18.02499999999926 -0.0001518865282980193 -0.0001442988388812505
18.02777777777704 -0.0001829009268679216 -9.895021973586334e-05
18.03055555555482 -0.0002008566438564076 -4.749840203606841e-05
18.03333333333259 -0.000204737592541212 6.411695961303703e-06
18.03611111111037 -0.0001945161706570492 5.903213257449328e-05
18.03888888888815 -0.0001711358167047575 0.0001067725403223713
18.04166666666592 -0.000136426858426158 0.0001464443862779369
18.0444444444437 -9.296295873628674e-05 0.0001754723666976989
18.04722222222147 -4.386940520786781e-05 0.0001920590734523286
18.04999999999925 7.402448023500841e-06 0.0001952926304210246
18.05277777777703 5.731828189477939e-05 0.0001851911825990493
18.0555555555548 0.0001025043361368417 0.0001626826225904739
18.05833333333258 0.0001399746192358905 0.0001295224382524392
18.06111111111036 0.0001673265986173132 8.815675051764437e-05
18.06388888888813 0.0001828927026810726 4.154120127082446e-05
18.06666666666591 0.0001858383095252747 -7.070883957135345e-06
18.06944444444369 0.0001762007938232657 -5.435586270334562e-05
18.07222222222146 0.0001548683702745563 -9.714679344042192e-05
18.07499999999924 0.0001235016156865222 -0.0001326446492809434
18.07777777777702 8.44043885535906e-05 -0.0001585997409785839
18.08055555555479 4.035414070630599e-05 -0.0001734517476454893
18.08333333333257 -5.595878118822728e-06 -0.0001764198659369745
18.08611111111034 -5.032843465031822e-05 -0.0001675381951725842
18.08888888888812 -9.087347122142428e-05 -0.000147635316937213
18.0916666666659 -0.0001246043621653733 -0.0001182608348514742
18.09444444444367 -0.0001494064013357305 -8.156515541734204e-05
18.09722222222145 -0.0001638068694369727 -4.014178373877242e-05
18.09999999999923 -0.0001670589037638489 3.156309431197106e-06
18.102777777777 -0.0001591747121298174 4.541325443059382e-05
18.10555555555478 -0.0001409071996773451 8.384626679801261e-05
18.10833333333256 -0.0001136825675304799 0.0001159879359312223
18.11111111111033 -7.948966151961587e-05 0.0001398429797438438
18.11388888888811 -4.073458864503545e-05 0.0001540096599470725
18.11666666666589 -7.120856801310369e-08 0.0001577586853072462
18.11944444444366 3.97805736472754e-05 0.0001510654676106899
18.12222222222144 7.62163043475828e-05 0.0001345948211640741
18.12499999999921 0.0001069162184381683 0.0001096403896146301
18.12777777777699 0.0001299913208686174 7.802403109481518e-05
18.13055555555477 0.0001440972615346023 4.19629048147211e-05
18.13333333333254 0.0001485093452902247 3.913925030593277e-06
18.13611111111032 0.0001431547825503785 -3.359352805460956e-05
18.1388888888881 0.0001286012255395641 -6.812528613830516e-05
18.14166666666587 0.0001060035498279358 -9.749940634889787e-05
18.14444444444365 7.701353782466588e-05 -0.0001199224906643185
18.14722222222143 4.365942855864116e-05 -0.0001340969361258651
18.1499999999992 8.204076060131924e-06 -0.0001392928974153733
18.15277777777698 -2.700839363313032e-05 -0.0001353812435329368
18.15555555555476 -5.970707490002087e-05 -0.0001228264580516037
18.15833333333253 -8.783980471412988e-05 -0.0001026410866256678
18.16111111111031 -0.0001097004836131259 -7.630580191964268e-05
18.16388888888808 -0.0001240304299865799 -4.56612789908487e-05
18.16666666666586 -0.0001300879295124931 -1.277972536045999e-05
18.16944444444364 -0.0001276823893173801 2.017500315243154e-05
18.17222222222141 -0.0001171719170363339 5.108929977516843e-05
18.17499999999919 -9.942555557423219e-05 7.803447340779851e-05
18.17777777777697 -7.575365778731505e-05 9.938569383522736e-05
18.18055555555474 -4.781183999520146e-05 0.0001139180051162599
18.18333333333252 -1.748549210939838e-05 0.0001208739031355037
18.1861111111103 1.323714072310887e-05 0.0001199989806570872
18.18888888888807 4.239480494566537e-05 0.0001115443111209559
18.19166666666585 6.817759342485111e-05 9.623642505034523e-05
18.19444444444363 8.903800756814365e-05 7.521778862974692e-05
18.1972222222214 0.0001037820274077086 4.996249438806265e-05
18.19999999999918 0.0001116349857313315 2.217331170187622e-05
18.20277777777696 0.0001122788218384496 -6.332760009202032e-06
18.20555555555473 0.0001058592297667535 -3.374278855603133e-05
18.20833333333251 9.296318480217837e-05 -5.836241230963812e-05
18.21111111111028 7.456920347013303e-05 -7.871939604992882e-05
18.21388888888806 5.19743496510108e-05 -9.365001648566167e-05
18.21666666666584 2.670334459214978e-05 -0.0001023633500214632
18.21944444444361 4.060966464133838e-07 -0.0001044800998493257
18.22222222222139 -2.524950967811422e-05 -0.000100044323684454
18.22499999999917 -4.868265409428331e-05 -8.950819197869624e-05
18.22777777777694 -6.849590770741105e-05 -7.369160522876493e-05
18.23055555555472 -8.355707400489818e-05 -5.372002277234843e-05
18.2333333333325 -9.306187797972214e-05 -3.094511402716545e-05
18.23611111111027 -9.657420027145499e-05 -6.853766516139435e-06
18.23888888888805 -9.404207558650967e-05 1.702847282351746e-05
18.24166666666583 -8.578925491946511e-05 3.923330580324774e-05
18.2444444444436 -7.248366754127182e-05 5.843897806892855e-05
18.24722222222138 -5.508551631650265e-05 7.354761799666997e-05
18.24999999999915 -3.477891604628395e-05 8.374620795653702e-05
18.25277777777693 -1.289187371484985e-05 8.854795029207949e-05
18.25555555555471 9.190033154547103e-06 8.781212364454499e-05
18.25833333333248 3.011072069577869e-05 8.174192863322372e-05
18.26111111111026 4.862599643529935e-05 7.086120508402677e-05
18.26388888888804 6.367636251493228e-05 5.597218049958394e-05
18.26666666666581 7.444606537959843e-05 3.809750577770415e-05
18.26944444444359 8.040523113588523e-05 1.841068809960804e-05
18.27222222222137 8.133308242620971e-05 -1.840401252850827e-06
18.27499999999914 7.732146988745044e-05 -2.141200877556941e-05
18.27777777777692 6.875918936261663e-05 -3.914009143968573e-05
18.2805555555547 5.629871845852141e-05 -5.400849623295214e-05
18.28333333333247 4.080802401046194e-05 -6.520582227478943e-05
18.28611111111025 2.331090847578988e-05 -7.216789717472218e-05
18.28888888888802 4.919935934016929e-06 -7.460379150877679e-05
18.2916666666658 -1.323371829960715e-05 -7.250437661055171e-05
18.29444444444358 -3.006912435684705e-05 -6.61335314459524e-05
18.29722222222135 -4.461903239310937e-05 -5.600315596920004e-05
18.29999999999913 -5.608424061665052e-05 -4.283408868775597e-05
18.30277777777691 -6.387593926211278e-05 -2.750580224129879e-05
18.30555555555468 -6.76439128321251e-05 -1.099832192233861e-05
18.30833333333246 -6.728941831926539e-05 5.669848228848295e-06
18.31111111111024 -6.296252732452751e-05 2.15039100905343e-05
18.31388888888801 -5.504466467794154e-05 3.559132683497851e-05
18.31666666666579 -4.411793913177374e-05 4.715337087086833e-05
18.31944444444357 -3.092359406601059e-05 5.558683743868123e-05
18.32222222222134 -1.631246905041403e-05 6.049379637895613e-05
18.32499999999912 -1.190729607140951e-06 6.169805387492453e-05
18.32777777777689 1.353572130794195e-05 5.924784280137629e-05
18.33055555555467 2.701479134350343e-05 5.340510175407773e-05
18.33333333333245 3.849660112449246e-05 4.46224885761082e-05
18.33611111111022 4.737406457825614e-05 3.350995945277202e-05
18.338888888888 5.321354181949656e-05 2.079329261917585e-05
18.34166666666578 5.577413217685624e-05 7.267319465987128e-06
18.34444444444355 5.501490541449702e-05 -6.253170592140443e-06
18.34722222222133 5.109011115987397e-05 -1.898186615305878e-05
18.34999999999911 4.433311534138528e-05 -3.020588430019229e-05
18.35277777777688 3.52304473689896e-05 -3.932472866056431e-05
18.35555555555466 2.438786836370436e-05 -4.588120266399757e-05
18.35833333333244 1.249076245225258e-05 -4.958278217365757e-05
18.36111111111021 2.613926715175176e-07 -5.031257294395231e-05
18.36388888888799 -1.158435713511785e-05 -4.812962485343421e-05
18.36666666666576 -2.23782106298532e-05 -4.32590073329477e-05
18.36944444444354 -3.153637722092884e-05 -3.607263222964173e-05
18.37222222222132 -3.859010983692774e-05 -2.706230954142813e-05
18.37499999999909 -4.320842197049261e-05 -1.680691236815397e-05
18.37777777777687 -4.521196326252841e-05 -5.935791949170512e-06
18.38055555555465 -4.457760835242799e-05 4.90928806781487e-06
18.38333333333242 -4.143387102447476e-05 1.511143835961054e-05
18.3861111111102 -3.604778224177971e-05 2.411303221310501e-05
18.38888888888798 -2.880433718307106e-05 3.144533310776623e-05
18.39166666666575 -2.017999846051608e-05 3.67518531739506e-05
18.39444444444353 -1.071202193494682e-05 3.980435965916295e-05
18.39722222222131 -9.65536440314805e-07 4.051091587115512e-05
18.39999999999908 8.499645052997177e-06 3.891582702172391e-05
18.40277777777686 1.71605750077319e-05 3.519183132385259e-05
18.40555555555463 2.455935007050765e-05 2.962530612241183e-05
18.40833333333241 3.032645524294289e-05 2.259562488410193e-05
18.41111111111019 3.419814937598064e-05 1.455008540556981e-05
18.41388888888796 3.602715658940483e-05 5.976020054098579e-06
18.41666666666574 3.578634137681164e-05 -2.628211314656524e-06
18.41944444444352 3.356545797431696e-05 -1.078165636175234e-05
18.42222222222129 2.956145346310373e-05 -1.804705073257736e-05
18.42499999999907 2.406314796656263e-05 -2.405355357030736e-05
18.42777777777685 1.74313967132179e-05 -2.851480983977634e-05
18.43055555555462 1.007604460794666e-05 -3.124152531982004e-05
18.4333333333324 2.431106172046793e-06 -3.214808581456926e-05
18.43611111111018 -5.070360672819763e-06 -3.125310831428686e-05
18.43888888888795 -1.202026737484354e-05 -2.867415783243671e-05
18.44166666666573 -1.805710102554369e-05 -2.461718037950433e-05
18.4444444444435 -2.288402443522191e-05 -1.936147353091225e-05
18.44722222222128 -2.62826163428805e-05 -1.324122823548024e-05
18.44999999999906 -2.812168041413972e-05 -6.624819794870064e-06
18.45277777777683 -2.836085266844135e-05 1.069024911042287e-07
18.45555555555461 -2.704903883563094e-05 6.582079147091607e-06
18.45833333333239 -2.431799892479653e-05 1.245788110715622e-05
18.46111111111016 -2.037165079934957e-05 1.743808366274904e-05
18.46388888888794 -1.547187511944439e-05 2.128731533167334e-05
18.46666666666572 -9.921761063451684e-06 2.384134695999733e-05
18.46944444444349 -4.047329678896466e-06 2.501303454867232e-05
18.47222222222127 1.821192916975101e-06 2.479378690123005e-05
18.47499999999905 7.367505844094061e-06 2.325068146029502e-05
18.47777777777682 1.230580269388052e-05 2.051958493064653e-05
18.4805555555546 1.63949462995738e-05 1.679483753303303e-05
18.48333333333238 1.944958625348799e-05 1.231622138402695e-05
18.48611111111015 2.134775501219753e-05 7.354047687316719e-06
18.48888888888793 2.20346927414807e-05 2.193260263741098e-06
18.4916666666657 2.152286847581915e-05 -2.882536410894842e-06
18.49444444444348 1.988837361752382e-05 -7.606255980605847e-06
18.49722222222126 1.726405232000487e-05 -1.174093202099712e-05
18.49999999999903 1.382989259905597e-05 -1.509108246695587e-05
18.50277777777681 9.80132489775072e-06 -1.751132933533024e-05
