16.5 -9.477290839274939e-08 1.947327521505079e-07
16.50277777777778 -1.812852283083639e-08 2.229492328033359e-07
16.50555555555555 6.622161229940127e-08 2.213221144652176e-07
16.50833333333333 1.467728857238184e-07 1.880804003306358e-07
16.51111111111111 2.117880562832331e-07 1.258459535616371e-07
16.51388888888888 2.509590740032864e-07 4.155564280215032e-08
16.51666666666666 2.569770364616955e-07 -5.423938635035274e-08
16.51944444444444 2.267790075299589e-07 -1.486392590185092e-07
16.52222222222221 1.622710185271047e-07 -2.280826488175635e-07
16.52499999999999 7.038810567391204e-08 -2.802424058849653e-07
16.52777777777776 -3.756201891531227e-08 -2.958717388913868e-07
16.53055555555554 -1.472257978362064e-07 -2.70332781245461e-07
16.53333333333332 -2.430558737649615e-07 -2.045668630779351e-07
16.53611111111109 -3.104577959969242e-07 -1.053297906144618e-07
16.53888888888887 -3.379429701222224e-07 1.539083029584185e-08
16.54166666666665 -3.189791691904371e-07 1.417471854141641e-07
16.54444444444442 -2.532527293526423e-07 2.560473480563911e-07
16.5472222222222 -1.471220490995115e-07 3.411691390434607e-07
16.54999999999998 -1.314363379729945e-08 3.830513503991051e-07
16.55277777777775 1.3132254869307e-07 3.729094944673773e-07
16.55555555555553 2.662887113284919e-07 3.088394678828837e-07
16.55833333333331 3.718345565512308e-07 1.965383294755302e-07
16.56111111111108 4.309688590821791e-07 4.898059743972453e-08
16.56388888888886 4.322567160971627e-07 -1.149717961903576e-07
16.56666666666663 3.718192796076328e-07 -2.728956383191225e-07
16.56944444444441 2.543773943493155e-07 -4.017950383322172e-07
16.57222222222219 9.312681142449006e-08 -4.813655619196194e-07
16.57499999999996 -9.161285032353941e-08 -4.97082016256997e-07
16.57777777777774 -2.748602686721407e-07 -4.426540191299779e-07
16.58055555555552 -4.30262952353811e-07 -3.214550225898438e-07
16.58333333333329 -5.337956587854309e-07 -1.466529233645349e-07
16.58611111111107 -5.673602362398944e-07 6.00599441150601e-08
16.58888888888885 -5.217620181423797e-07 2.710442230243932e-07
16.59166666666662 -3.985940955440889e-07 4.563105678946796e-07
16.5944444444444 -2.106883131506758e-07 5.876829524342064e-07
16.59722222222218 1.902315881736913e-08 6.42964202451465e-07
16.59999999999995 2.601723875123072e-07 6.095034038034869e-07
16.60277777777773 4.788587551763758e-07 4.866129772398801e-07
16.6055555555555 6.423058598368788e-07 2.864142489265976e-07
16.60833333333328 7.236480047141351e-07 3.289061618643559e-08
16.61111111111106 7.061639049181596e-07 -2.408276610028056e-07
16.61388888888883 5.863121110191104e-07 -4.966660427299057e-07
16.61666666666661 3.750552241507122e-07 -6.967821093529285e-07
16.61944444444439 9.717511708072897e-08 -8.090293116252144e-07
16.62222222222216 -2.114468701374668e-07 -8.119371590182882e-07
16.62499999999994 -5.083182313076636e-07 -6.984587702684413e-07
16.62777777777772 -7.50053289123617e-07 -4.778683443281062e-07
16.63055555555549 -8.985708315484979e-07 -1.754203483257664e-07
16.63333333333327 -9.269055558035079e-07 1.703180663792464e-07
16.63611111111105 -8.237699187411046e-07 5.122187798869977e-07
16.63888888888882 -5.961306427759233e-07 8.008694343629801e-07
16.6416666666666 -2.693062518752087e-07 9.915610528075789e-07
16.64444444444437 1.155794263648133e-07 1.051019676778056e-06
16.64722222222215 5.065801948920281e-07 9.62893156422361e-07
16.64999999999993 8.477738633888775e-07 7.311242184474062e-07
16.6527777777777 1.087094422563728e-06 3.805942252532064e-07
16.65555555555548 1.184076417175218e-06 -4.521998168917243e-08
16.65833333333326 1.1163857499506e-06 -4.894166678552703e-07
16.66111111111103 8.841191055076747e-07 -8.890884939389211e-07
16.66388888888881 5.111163187057623e-07 -1.184051150425586e-06
16.66666666666659 4.291759350968676e-08 -1.325695904217098e-06
16.66944444444436 -4.585382190285397e-07 -1.284691772198971e-06
16.67222222222214 -9.228998922235773e-07 -1.056353804072449e-06
16.67499999999992 -1.281076849756061e-06 -6.627619526719269e-07
16.67777777777769 -1.475297355197708e-06 -1.511319094536274e-07
16.68055555555547 -1.468117403673207e-06 4.115466145362276e-07
16.68333333333324 -1.249013424353074e-06 9.470463268869538e-07
16.68611111111102 -8.374620112106231e-07 1.376562256569637e-06
16.6888888888888 -2.818552781936333e-07 1.632074049540244e-06
16.69166666666657 3.458333322226252e-07 1.666804478723272e-06
16.69444444444435 9.591061182300406e-07 1.463205422346835e-06
16.69722222222213 1.468623292496677e-06 1.037170184874182e-06
16.6999999999999 1.794967620577926e-06 4.376434049148707e-07
16.70277777777768 1.880702392018232e-06 -2.585798560325086e-07
16.70555555555546 1.699932934170316e-06 -9.563875892532246e-07
16.70833333333323 1.263841457971368e-06 -1.555081764116489e-06
16.71111111111101 6.211621472420747e-07 -1.962641904985429e-06
16.71388888888879 -1.467605802107357e-07 -2.109538515070556e-06
16.71666666666656 -9.359209389342279e-07 -1.960065748013655e-06
16.71944444444434 -1.633447015640836e-06 -1.519407660215838e-06
16.72222222222211 -2.133456620199246e-06 -8.351711513586554e-07
16.72499999999989 -2.35278730852713e-06 7.148602497966496e-09
16.72777777777767 -2.244308987384157e-06 8.94452369222198e-07
16.73055555555544 -1.805750031497332e-06 1.700898874970418e-06
16.73333333333322 -1.082504192537275e-06 2.305441172354622e-06
16.736111111111 -1.636753204598197e-07 2.609638353147529e-06
16.73888888888877 8.284408051408332e-07 2.553169616582498e-06
16.74166666666655 1.754272254171174e-06 2.124668780805119e-06
16.74444444444433 2.476268928851849e-06 1.36604607049282e-06
16.7472222222221 2.878963560494385e-06 3.693103923967528e-07
16.74999999999988 2.886920919011201e-06 -7.340575516468495e-07
16.75277777777766 2.477849656210247e-06 -1.790043783849975e-06
16.75555555555543 1.68870593713403e-06 -2.643232320099691e-06
16.75833333333321 6.135197228166471e-07 -3.159283862953728e-06
16.76111111111098 -6.071892312878247e-07 -3.245565140581009e-06
16.76388888888876 -1.804320876401437e-06 -2.866827582003296e-06
16.76666666666654 -2.803219163827867e-06 -2.053386965658962e-06
16.76944444444431 -3.44873572131459e-06 -9.00210369078399e-07
16.77222222222209 -3.628794533903191e-06 4.434443425635431e-07
16.77499999999987 -3.292947461527884e-06 1.792833625012803e-06
16.77777777777764 -2.46295230561681e-06 2.952690632047802e-06
16.78055555555542 -1.233409269671047e-06 3.74503782628796e-06
16.7833333333332 2.381637703071925e-07 4.035951083613056e-06
16.78611111111097 1.750929953365458e-06 3.757322289543411e-06
16.78888888888875 3.08766130478902e-06 2.920187308380819e-06
16.79166666666653 4.045458407477301e-06 1.617234892084099e-06
16.7944444444443 4.465985238723524e-06 1.356443450912782e-08
16.79722222222208 4.260788765912579e-06 -1.673574434521439e-06
16.79999999999986 3.427758051469675e-06 -3.20368177546859e-06
16.80277777777763 2.055864452507024e-06 -4.346783598897379e-06
16.80555555555541 3.168857069883048e-07 -4.917414023745651e-06
16.80833333333318 -1.555351196181928e-06 -4.803860652578607e-06
16.81111111111096 -3.295824289835841e-06 -3.988166237855465e-06
16.81388888888874 -4.645287343512068e-06 -2.553496603567211e-06
16.81666666666651 -5.388278945960053e-06 -6.771547787380631e-07
16.81944444444429 -5.386680167751373e-06 1.390471322947665e-06
16.82222222222207 -4.603700597873024e-06 3.358671913043324e-06
16.82499999999984 -3.114309530100469e-06 4.936703349922888e-06
16.82777777777762 -1.099906402765371e-06 5.876104161046484e-06
16.8305555555554 1.172785153929194e-06 6.008967764495053e-06
16.83333333333317 3.386311727203472e-06 5.276384976000955e-06
16.83611111111095 5.216199641513963e-06 3.742414441776854e-06
16.83888888888873 6.377855402632131e-06 1.590820785380861e-06
16.8416666666665 6.669970694908926e-06 -8.957998558114808e-07
16.84444444444428 6.007923342358934e-06 -3.372332564168992e-06
16.84722222222205 4.441804504785529e-06 -5.478356261535695e-06
16.84999999999983 2.155683559464129e-06 -6.889900222577958e-06
16.85277777777761 -5.527026267872979e-07 -7.368410815247411e-06
16.85555555555538 -3.309827774747833e-06 -6.799642028756144e-06
16.85833333333316 -5.717146716046826e-06 -5.216299312670645e-06
16.86111111111094 -7.407970127244359e-06 -2.80034018137159e-06
16.86388888888871 -8.102432140919241e-06 1.363898557667578e-07
16.86666666666649 -7.652429551013036e-06 3.191403525636675e-06
16.86944444444427 -6.069485058312465e-06 5.925923749804729e-06
16.87222222222204 -3.530644687445881e-06 7.927125229840392e-06
16.87499999999982 -3.604974768662959e-07 8.869548712708372e-06
16.8777777777776 3.009193098610934e-06 8.566674442445377e-06
16.88055555555537 6.097410057305623e-06 7.004650634752698e-06
16.88333333333315 8.441722069596309e-06 4.352402805283665e-06
16.88611111111092 9.666593385933277e-06 9.45531915236481e-07
16.8888888888887 9.542201587157814e-06 -2.754877642657541e-06
16.89166666666648 8.024719961324472e-06 -6.223694531857412e-06
16.89444444444425 5.271309479680334e-06 -8.945385274053056e-06
16.89722222222203 1.626450970830446e-06 -1.048966820189429e-05
16.89999999999981 -2.41971379822416e-06 -1.057820760550252e-05
16.90277777777758 -6.296234648974685e-06 -9.132180903076966e-06
16.90555555555536 -9.430983760623386e-06 -6.292880942825519e-06
16.90833333333314 -1.133409704497709e-05 -2.411101760824003e-06
16.91111111111091 -1.167319590680974e-05 1.994568573639441e-06
16.91388888888869 -1.032901122475574e-05 6.305865566466236e-06
16.91666666666647 -7.422381532689894e-06 9.890612186942802e-06
16.91944444444424 -3.307378775681457e-06 1.219438132840882e-05
16.92222222222202 1.469961806596997e-06 1.282491208556132e-05
16.92499999999979 6.242816500940327e-06 1.161660209555167e-05
16.92777777777757 1.031557836557697e-05 8.664745542172154e-06
16.93055555555535 1.306415948595039e-05 4.323154781755763e-06
16.93333333333312 1.403028039561294e-05 -8.361164884128688e-07
16.9361111111109 1.299567973562963e-05 -6.096734910188072e-06
16.93888888888868 1.002449446329371e-05 -1.069639735716912e-05
16.94166666666645 5.466204942320155e-06 -1.393617107506006e-05
16.94444444444423 -8.301716556132455e-08 -1.528534209196768e-05
16.94722222222201 -5.856718970782854e-06 -1.446622587048563e-05
16.94999999999978 -1.102279294563266e-05 -1.150565007593606e-05
16.95277777777756 -1.48022263182234e-05 -6.744124324369699e-06
16.95555555555534 -1.658519648002557e-05 -7.995234381204365e-07
16.95833333333311 -1.602739773236045e-05 5.511358791822365e-06
16.96111111111089 -1.311164391717082e-05 1.128370718000041e-05
16.96388888888866 -8.164239047201747e-06 1.565318192264882e-05
16.96666666666644 -1.82178951413443e-06 1.792394555720837e-05
16.96944444444422 5.04878674759977e-06 1.767744841908796e-05
16.97222222222199 1.146731863837033e-05 1.484522375562604e-05
16.97499999999977 1.647892402319272e-05 9.733511422611964e-06
16.97777777777755 1.92946431703478e-05 2.994078999053704e-06
16.98055555555532 1.941364848850316e-05 -4.456737244406899e-06
16.9833333333331 1.670835778332412e-05 -1.156107003082454e-05
16.98611111111088 1.145843953344595e-05 -1.726835908905941e-05
16.98888888888865 4.326612256210358e-06 -2.068924964341932e-05
16.99166666666643 -3.722616160457811e-06 -2.123220972967467e-05
16.99444444444421 -1.155170570871944e-05 -1.870213732515631e-05
16.99722222222198 -1.800941361990505e-05 -1.334495179817585e-05
16.99999999999976 -2.209859285278344e-05 -5.829432825171509e-06
17.00277777777753 -2.312821211014479e-05 2.833580111330392e-06
17.00555555555531 -2.082667895182545e-05 1.142531958766782e-05
17.00833333333309 -1.53982971710652e-05 1.868904343198533e-05
17.01111111111086 -7.51230055941264e-06 2.351233674067822e-05
17.01388888888864 1.776625599364045e-06 2.509553494924495e-05
17.01666666666642 1.116741392135356e-05 2.308102696433806e-05
17.01944444444419 1.929325329808142e-05 1.762293173147489e-05
17.02222222222197 2.49189582606572e-05 9.384577584464365e-06
17.02499999999975 2.712679341095755e-05 -5.38688001483624e-07
17.02777777777752 2.546305729678394e-05 -1.076296928125393e-05
17.0305555555553 2.002240251895425e-05 -1.980712765679619e-05
17.03333333333308 1.145510762287434e-05 -2.630573374097302e-05
17.03611111111085 8.932497606791846e-07 -2.921328144404308e-05
17.03888888888863 -1.019652600517673e-05 -2.796938395677964e-05
17.0416666666664 -2.02148730464458e-05 -2.259922957284209e-05
17.04444444444418 -2.765873563183585e-05 -1.373208935128381e-05
17.04722222222196 -3.134492232150927e-05 -2.532039143236993e-06
17.04999999999973 -3.059526918868723e-05 9.452277275428158e-06
17.05277777777751 -2.535478723484337e-05 2.049987284570883e-05
17.05555555555529 -1.622294457437647e-05 2.89628405703232e-05
17.05833333333306 -4.390238895074402e-06 3.351022794462742e-05
17.06111111111084 8.514173873403572e-06 3.333453860300257e-05
17.06388888888862 2.064475481820351e-05 2.828918586823879e-05
17.06666666666639 3.020174965111308e-05 1.893418212161226e-05
17.06944444444417 3.569626807779695e-05 6.479979495215308e-06
17.07222222222195 3.617950256323101e-05 -7.366040536200352e-06
17.07499999999972 3.140115523749025e-05 -2.06314718605242e-05
17.0777777777775 2.187125849330049e-05 -3.135802173173973e-05
17.08055555555528 8.81281977791556e-06 -3.788865066844975e-05
17.08333333333305 -5.991703708544574e-06 -3.912088515956753e-05
17.08611111111083 -2.04413962428239e-05 -3.468793087551168e-05
17.0888888888886 -3.241312052804667e-05 -2.503843640034867e-05
17.09166666666638 -4.007151438017715e-05 -1.139959654839947e-05
17.09444444444416 -4.214776212417416e-05 4.375130344428461e-06
17.09722222222193 -3.8145144840273e-05 2.005542750966337e-05
17.09999999999971 -2.843864245710656e-05 3.334747616773194e-05
17.10277777777749 -1.425026813217803e-05 4.222753442647987e-05
17.10555555555526 2.500577265996133e-06 4.524750905534201e-05
17.10833333333304 1.945411407486934e-05 4.176672232770451e-05
17.11111111111082 3.414056176778941e-05 3.20733253963783e-05
17.11388888888859 4.433794273628526e-05 1.737375294124803e-05
17.11666666666637 4.840576131580168e-05 -3.52750435109142e-07
17.11944444444415 4.554478566105527e-05 -1.861778840051989e-05
17.12222222222192 3.594231627832423e-05 -3.477098548538244e-05
17.1249999999997 2.077776427938002e-05 -4.638256341020996e-05
17.12777777777747 2.083026664081347e-06 -5.16063869530619e-05
17.13055555555525 -1.75267154952551e-05 -4.946956721785061e-05
17.13333333333303 -3.521659836169207e-05 -4.004369225889925e-05
17.1361111111108 -4.833986433803257e-05 -2.446864274477882e-05
17.13888888888858 -5.483147395566909e-05 -4.820636494427728e-06
17.14166666666636 -5.352933288153657e-05 1.616125430459316e-05
17.14444444444413 -4.43736455685974e-05 3.545461813297582e-05
17.14722222222191 -2.845118771967943e-05 5.018702574278222e-05
17.14999999999969 -7.872983909441099e-06 5.806133310812684e-05
17.15277777777746 1.450203139476722e-05 5.771031761556752e-05
17.15555555555524 3.546176902841354e-05 4.892635942209741e-05
17.15833333333302 5.190002629517021e-05 3.272848956116541e-05
17.16111111111079 6.127451763789892e-05 1.125180685769381e-05
17.16388888888857 6.199667475103835e-05 -1.253012615477788e-05
17.16666666666634 5.369389264019405e-05 -3.521443740207039e-05
17.16944444444412 3.730176422349045e-05 -5.345374730406536e-05
17.1722222222219 1.496748279235063e-05 -6.444786076005656e-05
17.17499999999967 -1.022726655858799e-05 -6.637044055431819e-05
17.17777777777745 -3.468884286931754e-05 -5.866607480539394e-05
17.18055555555523 -5.482209533414317e-05 -4.217019214826828e-05
17.183333333333 -6.755653211841326e-05 -1.902883238554818e-05
17.18611111111078 -7.081151559663777e-05 7.576034345805501e-06
17.18888888888856 -6.38304138002315e-05 3.386122442507968e-05
17.19166666666633 -4.733076335080568e-05 5.597814343287895e-05
17.19444444444411 -2.344292229718701e-05 7.057411399584837e-05
17.19722222222189 4.560078291304344e-06 7.529766438341151e-05
17.19999999999966 3.270804082493999e-05 6.917201758261445e-05
17.20277777777744 5.689429096401399e-05 5.277813071029763e-05
17.20555555555521 7.347269802147222e-05 2.821486888778577e-05
17.20833333333299 7.980453461519571e-05 -1.164334051853745e-06
17.21111111111077 7.467353204006147e-05 -3.120618430342429e-05
17.21388888888854 5.850447353324366e-05 -5.754244184653505e-05
17.21666666666632 3.334764489493172e-05 -7.622300293842815e-05
17.2194444444441 2.624751107444222e-06 -8.430569734531118e-05
17.22222222222187 -2.933320649490794e-05 -8.031509672910584e-05
17.22499999999965 -5.789420078894132e-05 -6.44993735016363e-05
17.22777777777743 -7.879451381370777e-05 -3.884189121025416e-05
17.2305555555552 -8.877270916973883e-05 -6.818990576882037e-06
17.23333333333298 -8.607432024909465e-05 2.706755520841118e-05
17.23611111111076 -7.074970514219237e-05 5.79210868856466e-05
17.23888888888853 -4.469573599637296e-05 8.115564287095174e-05
17.24166666666631 -1.142822969756809e-05 9.317519743368342e-05
17.24444444444408 2.438882049662952e-05 9.192627691738079e-05
17.24722222222186 5.759476371344073e-05 7.723954295214876e-05
17.24999999999964 8.327391191216353e-05 5.09046234646878e-05
17.25277777777741 9.748096926604352e-05 1.64601182846918e-05
17.25555555555519 9.784352630836811e-05 -2.127798824400049e-05
17.25833333333297 8.395008729462522e-05 -5.688728482825838e-05
17.26111111111074 5.74611547036103e-05 -8.511615606027934e-05
17.26388888888852 2.191988672219792e-05 -0.0001016561450580795
17.2666666666663 -1.771769929802598e-05 -0.0001037961570861177
17.26944444444407 -5.577135331973709e-05 -9.085961112867809e-05
17.27222222222185 -8.664874831172311e-05 -6.435494298440317e-05
17.27499999999963 -0.0001056653167869215 -2.781012809975318e-05
17.2777777777774 -0.0001097518564058001 1.369251196199728e-05
17.28055555555518 -9.794342956340726e-05 5.422059383799305e-05
17.28333333333295 -7.157248599475305e-05 8.783784412797233e-05
17.28611111111073 -3.413058897290069e-05 0.0001094717313492958
17.28888888888851 9.189165482181636e-06 0.0001156760059763151
17.29166666666628 5.220983526122133e-05 0.0001051738941243103
17.29444444444406 8.864964503166534e-05 7.909705743740183e-05
17.29722222222184 0.0001130374988163925 4.087797141839112e-05
17.29999999999961 0.0001215318056700923 -4.196841986351212e-06
17.30277777777739 0.000112520413488313 -4.971540193350373e-05
17.30555555555517 8.690862040029792e-05 -8.905067989521934e-05
17.30833333333294 4.804574912116347e-05 -0.0001163238252500235
17.31111111111072 1.292575833536734e-06 -0.0001272804253351463
17.3138888888885 -4.671541116674859e-05 -0.0001199495022849929
17.31666666666627 -8.900810233358568e-05 -9.498376483629194e-05
17.31944444444405 -0.0001192912694348893 -5.562400026830258e-05
17.32222222222182 -0.0001328811852093753 -7.284254136395665e-06
17.3249999999996 -0.0001274248593728613 4.319007447549483e-05
17.32777777777738 -0.0001032956713944064 8.849000233332476e-05
17.33055555555515 -6.35992600393208e-05 0.0001219000225821994
17.33333333333293 -1.378016741282693e-05 0.0001382917650605265
17.33611111111071 3.912199980291375e-05 0.0001349074767814784
17.33888888888848 8.746572996721661e-05 0.0001118141037208838
17.34166666666626 0.0001241102097526433 7.195439545969836e-05
17.34444444444404 0.0001434684418777956 2.077887108665348e-05
17.34722222222181 0.0001423557802656734 -3.449649179641206e-05
17.34999999999959 0.000120505431181496 -8.590622877701312e-05
17.35277777777737 8.066850533585431e-05 -0.000125882211429756
17.35555555555514 2.827529036143773e-05 -0.0001483663556255404
17.35833333333292 -2.930184702064916e-05 -0.0001497258021429282
17.3611111111107 -8.378437613467619e-05 -0.0001293326837697746
17.36388888888847 -0.0001271770033570836 -8.971684790047059e-05
17.36666666666625 -0.0001529398022370746 -3.626052847320987e-05
17.36944444444402 -0.0001569713867872342 2.352964083735386e-05
17.3722222222218 -0.0001382556407346111 8.107532764538892e-05
17.37499999999958 -9.907079867847311e-05 0.0001279565124313811
17.37777777777735 -4.472169750360738e-05 0.0001571425526833522
17.38055555555513 1.717500255715481e-05 0.0001640444288277692
17.38333333333291 7.775686241781752e-05 0.0001472309542034012
17.38611111111068 0.0001281839861274425 0.000108697840925701
17.38888888888846 0.0001609281965938239 5.364177488669556e-05
17.39166666666624 0.0001708951437543702 -1.023687537546273e-05
17.39444444444401 0.0001562123087882524 -7.380972580627551e-05
17.39722222222179 0.0001185615907939486 -0.0001278243726237196
17.39999999999957 6.299948865726211e-05 -0.0001642505085482664
17.40277777777734 -2.718257531246439e-06 -0.000177472370266764
17.40555555555512 -6.921796604745195e-05 -0.0001651506178357348
17.40833333333289 -0.0001268447084980681 -0.0001286218591469143
17.41111111111067 -0.0001670638347923998 -7.276923438646212e-05
17.41388888888845 -0.0001837239033203224 -5.373578883894679e-06
17.41666666666622 -0.0001739942566366533 6.396926103915145e-05
17.419444444444 -0.0001388347516789656 0.0001252145105836302
17.42222222222178 -8.29210265945806e-05 0.0001693234977683918
17.42499999999955 -1.402689504404697e-05 0.000189596856426373
17.42777777777733 5.805523138366724e-05 0.000182689332531122
17.43055555555511 0.0001229061683120361 0.0001491528086839284
17.43333333333288 0.0001709862154966611 9.34204872338037e-05
17.43611111111066 0.0001950380513588739 2.322532194315642e-05
17.43888888888844 0.000191179991444354 -5.147173572123215e-05
17.44166666666621 0.0001595251854744529 -0.0001198953326403399
17.44444444444399 0.0001042288736054785 -0.0001720105324958116
17.44722222222176 3.294772980718776e-05 -0.0001999944330087844
17.44999999999954 -4.42191443216044e-05 -0.0001994087599673051
17.45277777777732 -0.000116161297445579 -0.0001698978740823833
17.45555555555509 -0.0001723572586036785 -0.000115303147784874
17.45833333333287 -0.0002044135067160978 -4.316813363646488e-05
17.46111111111065 -0.0002073169216578655 3.630258688586482e-05
17.46388888888842 -0.0001802139664566451 0.0001116873691064958
17.4666666666662 -0.000126596089315817 0.0001719899117483239
17.46944444444398 -5.385563795906197e-05 0.0002082437950034979
17.47222222222175 2.773217054588349e-05 0.0002148449257855741
17.47499999999953 0.0001064612198496041 0.0001904139589455382
17.47777777777731 0.000170875160436936 0.0001380564525701813
17.48055555555508 0.0002114353102362176 6.497442364701194e-05
17.48333333333286 0.0002219328262832825 -1.852316413166834e-05
17.48611111111063 0.0002004360973804535 -0.000100475220358395
17.48888888888841 0.0001496291697645081 -0.0001689832614801044
17.49166666666619 7.648377934567394e-05 -0.0002139400393536776
17.49444444444396 -8.696144899454734e-06 -0.0002285207482074573
17.49722222222174 -9.372674708883566e-05 -0.0002102167616030262
17.49999999999952 -0.0001662884882478961 -0.0001612556001940227
17.50277777777729 -0.0002157124364540341 -8.83381797464187e-05
17.50555555555507 -0.0002345493785463365 -1.722895894809411e-06
17.50833333333285 -0.0002196908877720133 8.621845975052443e-05
17.51111111111062 -0.0001728738257590689 0.0001627695445908783
17.5138888888884 -0.0001004874125408184 0.0002167099186807139
17.51666666666618 -1.270249195169133e-05 0.000239960477763507
17.51944444444395 7.795854446266313e-05 0.000228792426279594
17.52222222222173 0.0001584099594137901 0.0001844189923751123
17.5249999999995 0.0002168933605560817 0.0001128767554740331
17.52777777777728 0.0002446974080261259 2.420568850959625e-05
17.53055555555506 0.0002374548325815847 -6.896091822875047e-05
17.53333333333283 0.0001958236963053076 -0.0001531984568341632
17.53611111111061 0.0001254472044423676 -0.0002162275816444013
17.53888888888839 3.619007928153207e-05 -0.0002487056736493886
17.54166666666616 -5.924539052304452e-05 -0.0002456115877381908
17.54444444444394 -0.0001471292968137491 -0.0002070184139262234
17.54722222222172 -0.0002146818222087175 -0.0001381357530673238
17.54999999999949 -0.0002519334688974952 -4.860789609753292e-05
17.55277777777727 -0.0002531967449393899 4.883777804668092e-05
17.55555555555505 -0.000217931972851428 0.0001402025812089665
17.55833333333282 -0.0001508757236428172 0.0002122302013504106
17.5611111111106 -6.140615312815962e-05 0.0002543322279267051
17.56388888888837 3.776996898476774e-05 0.0002601454977986376
17.56666666666615 0.0001324245202666953 0.0002284920617775034
17.56944444444393 0.0002088521520165578 0.0001635971487561351
17.5722222222217 0.0002558571713368484 7.452684708581546e-05
17.57499999999948 0.0002663947657156071 -2.607993346478799e-05
17.57777777777726 0.000238625775824965 -0.0001238076547725772
17.58055555555503 0.0001762272022985541 -0.0002045328271941909
17.58333333333281 8.790721422704909e-05 -0.0002564678435329904
17.58611111111059 -1.381167734347174e-05 -0.0002718837911579218
17.58888888888836 -0.000114371029276725 -0.0002482601935806863
17.59166666666614 -0.0001992634716289823 -0.0001886906779430723
17.59444444444392 -0.0002561286348784643 -0.0001014800444111197
17.59722222222169 -0.0002765547432985068 1.015136904741937e-06
17.59999999999947 -0.0002573229814751845 0.0001041403121383977
17.60277777777724 -0.0002009105125319343 0.0001930417534834071
17.60555555555502 -0.0001151740518221394 0.0002548092824689264
17.6083333333328 -1.225398738376943e-05 0.0002803533220682086
17.61111111111057 9.314785847792034e-05 0.0002657430205951586
17.61388888888835 0.0001858720504974975 0.0002128083511743365
17.61666666666613 0.0002524853432643201 0.000128914301310882
17.6194444444439 0.0002832293563624407 2.59344593427124e-05
17.62222222222168 0.0002734510505016882 -8.143271259012398e-05
17.62499999999946 0.000224305150206677 -0.0001777656854443339
17.62777777777723 0.000142622688623916 -0.00024913863329551
17.63055555555501 3.995979841484865e-05 -0.0002851373898731982
17.63333333333279 -6.904054685000854e-05 -0.0002803803241564634
17.63611111111056 -0.0001687411059754339 -0.0002353218135337426
17.63888888888834 -0.0002447576267221673 -0.0001562184720750622
17.64166666666612 -0.0002860372478166234 -5.425863381613316e-05
17.64444444444389 -0.0002864672676124876 5.602353473580762e-05
17.64722222222167 -0.0002457798572584815 0.0001588240043242142
17.64999999999944 -0.0001696188525137725 0.0002393378086451888
17.65277777777722 -6.875512073960039e-05 0.0002858945776947229
17.655555555555 4.24401562096948e-05 0.000291652137748879
17.65833333333277 0.0001480473727998716 0.0002556020969135772
17.66111111111055 0.0002328819758033178 0.0001827395977109153
17.66388888888833 0.0002846813571761877 8.336941709116695e-05
17.6666666666661 0.000295879671004712 -2.835493439366614e-05
17.66944444444388 0.0002647133510635593 -0.0001364514915276918
17.67222222222166 0.0001954957065851602 -0.0002254004795790277
17.67499999999943 9.801821845946238e-05 -0.0002823763622109166
17.67777777777721 -1.383810321193335e-05 -0.0002990997158154764
17.68055555555499 -0.0001240838455042201 -0.0002730411545372723
17.68333333333276 -0.0002169114061278219 -0.0002078021079977534
17.68611111111054 -0.0002789655886049305 -0.0001126153482423853
17.68888888888831 -0.0003012678412791717 -1.034793538528696e-06
17.69166666666609 -0.0002805164741074445 0.0001109989687027543
17.69444444444387 -0.0002195743881774798 0.0002074406889207687
17.69722222222164 -0.0001270723990434466 0.0002744426204928554
17.69999999999942 -1.618337041001949e-05 0.0003023459144879141
17.7027777777772 9.725821370972816e-05 0.0002870744190486234
17.70555555555497 0.000197022149542523 0.0002307295402180936
17.70833333333275 0.0002688089394414672 0.0001412994206743562
17.71111111111053 0.0003023026389581721 3.152293369254253e-05
17.7138888888883 0.0002926549386993105 -8.29294461670047e-05
17.71666666666608 0.00024118672850841 -0.0001856974632321215
17.71944444444386 0.0001552056493242541 -0.0002620741683127584
17.72222222222163 4.696507696746752e-05 -0.0003011140466865077
17.72499999999941 -6.808666414503516e-05 -0.0002972034989291114
17.72777777777718 -0.0001735160463692114 -0.0002508680604423361
17.73055555555496 -0.0002542562445055525 -0.0001687002717108492
17.73333333333274 -0.0002987639365498409 -6.241833495867661e-05
17.73611111111051 -0.0003006717292780867 5.280954346555733e-05
17.73888888888829 -0.0002596993573099639 0.0001605348638984192
17.74166666666607 -0.0001816932173274418 0.0002453815177769277
17.74444444444384 -7.778889093412493e-05 0.0002952442520656915
17.74722222222162 3.718291091605377e-05 0.0003030180325009238
17.7499999999994 0.000146818155545486 0.0002676109159027607
17.75277777777717 0.0002354847685197512 0.0001940959712469538
17.75555555555495 0.0002905553919275576 9.298133206164117e-05
17.75833333333273 0.0003042081483165933 -2.129614824955194e-05
17.7611111111105 0.0002745382520934378 -0.0001324370805908424
17.76388888888828 0.0002058223993530865 -0.0002246091431369975
17.76666666666605 0.0001078994462914346 -0.0002847064472360854
17.76944444444383 -5.242530817168907e-06 -0.0003042156633437414
17.77222222222161 -0.0001174692819382429 -0.0002804228174696465
17.77499999999938 -0.0002128060039935592 -0.0002167895773620664
17.77777777777716 -0.0002777153599570353 -0.0001224470535525852
17.78055555555494 -0.0003030224594913752 -1.08814943550736e-05
17.78333333333271 -0.0002852126800363958 0.0001019983712123168
17.78611111111049 -0.0002269186145621148 0.0002001346923525831
17.78888888888827 -0.0001365288633209695 0.000269608997848158
17.79166666666604 -2.697708529319999e-05 0.0003006190934825073
17.79444444444382 8.611333765909298e-05 0.0002888631600404022
17.7972222222216 0.0001866622036800461 0.0002361354628807434
17.79999999999937 0.0002604231419026557 0.0001500513499588138
17.80277777777715 0.0002970051007097503 4.294382995176699e-05
17.80555555555492 0.0002913374121368705 -6.990788466334587e-05
17.8083333333327 0.0002443717016562347 -0.0001724627757533885
17.81111111111048 0.0001629236366261273 -0.0002502023832648276
17.81388888888825 5.868061169215882e-05 -0.0002921892172593271
17.81666666666603 -5.347969874448471e-05 -0.0002926069454049407
17.81944444444381 -0.0001576173910834413 -0.0002515652883977178
17.82222222222158 -0.0002389999275450092 -0.000175058378103833
17.82499999999936 -0.0002861895146896353 -7.408650703065541e-05
17.82777777777714 -0.0002926520731313636 3.692965692707843e-05
17.83055555555491 -0.0002576612658235706 0.0001422131962919053
17.83333333333269 -0.0001863726324606519 0.0002268773055292842
17.83611111111047 -8.906170656734385e-05 0.0002790334430073688
17.83888888888824 2.03609793716301e-05 0.0002914622848254826
17.84166666666602 0.0001263428422069097 0.0002626124156306636
17.84444444444379 0.0002139039903945351 0.0001967887112438157
17.84722222222157 0.0002707577782426056 0.0001035084493630564
17.84999999999935 0.0002890365335913613 -3.878335129689594e-06
17.85277777777712 0.000266379849724761 -0.0001101037495837463
17.8555555555549 0.0002062349977330068 -0.0002001569227098411
17.85833333333268 0.0001173319604846171 -0.000261408472073281
17.86111111111045 1.241309025239891e-05 -0.000285383432779644
17.86388888888823 -9.359730648488377e-05 -0.0002689335300653168
17.86666666666601 -0.0001857199457154987 -0.000214646722788906
17.86944444444378 -0.0002510404020878102 -0.0001304413809882204
17.87222222222156 -0.0002805213567453545 -2.840855570897155e-05
17.87499999999934 -0.0002702527088502349 7.692800442378095e-05
17.87777777777711 -0.0002219666879718573 0.0001706831545938692
17.88055555555489 -0.0001427506793321442 0.0002397170224666813
17.88333333333266 -4.400474394192515e-05 0.0002744784415616328
17.88611111111044 6.020252145175103e-05 0.0002703262814518689
17.88888888888822 0.0001551421646746782 0.0002281459258922343
17.89166666666599 0.0002275099161354769 0.0001541795330027351
17.89444444444377 0.0002672924826590317 5.910074813076432e-05
17.89722222222155 0.0002691530453666889 -4.352876131099109e-05
17.89999999999932 0.000233144288182347 -0.0001391973047437922
17.9027777777771 0.0001646541691432836 -0.0002144982507295897
17.90555555555488 7.359905468822827e-05 -0.0002590107275731031
17.90833333333265 -2.701485867975883e-05 -0.000266741859398311
17.91111111111043 -0.0001229527427876353 -0.0002369309520844848
17.91388888888821 -0.0002007681420381314 -0.000174108153090804
17.91666666666598 -0.0002496895632719914 -8.740651033962457e-05
17.91944444444376 -0.0002631116983793544 1.076816133528695e-05
17.92222222222154 -0.0002394848373714926 0.0001065155526566365
17.92499999999931 -0.0001824831140224232 0.0001864119299179949
17.92777777777709 -0.0001004352616110265 0.0002393940988824625
17.93055555555486 -5.1057992968226e-06 0.0002582915999400744
17.93333333333264 8.999473116599818e-05 0.0002407949262182307
17.93611111111042 0.0001715273729773912 0.0001897293973690827
17.93888888888819 0.0002281976460317807 0.000112603654750873
17.94166666666597 0.0002523205011212728 2.050433717250541e-05
17.94444444444375 0.0002408604796558966 -7.350017613598122e-05
17.94722222222152 0.0001958066342712522 -0.000156216769603373
17.9499999999993 0.0001238370842636468 -0.0002161811004338751
17.95277777777708 3.532862784737116e-05 -0.0002452469640108592
17.95555555555485 -5.714163671009512e-05 -0.0002396911454080706
17.95833333333263 -0.0001405860141251215 -0.0002006842191337896
17.96111111111041 -0.0002034322297759303 -0.0001340687785147258
17.96388888888818 -0.0002371287910252747 -4.948469924171607e-05
17.96666666666596 -0.0002373069531737418 4.102764804068832e-05
17.96944444444373 -0.0002043416872830098 0.0001247435980364564
17.97222222222151 -0.0001432405113558579 0.0001900448743624455
17.97499999999929 -6.288438428105246e-05 0.0002280325319481459
17.97777777777706 2.526446297895717e-05 0.0002337381948171161
17.98055555555484 0.0001087995672460145 0.0002067689858140297
17.98333333333262 0.0001761180683390997 0.0001513032293727995
17.98611111111039 0.0002180328863535767 7.544622285945207e-05
17.98888888888817 0.000229025188384299 -9.954993850467413e-06
17.99166666666595 0.0002079666319550881 -9.286444723437727e-05
17.99444444444372 0.0001582175851897778 -0.0001617550906187268
17.9972222222215 8.709630089082162e-05 -0.000207212006561642
17.99999999999928 4.802222373369549e-06 -0.0002232179264122685
18.00277777777705 -7.704814877427698e-05 -0.0002079457546345483
18.00555555555483 -0.0001470624558513129 -0.0001639543682614836
18.0083333333326 -0.0001956587077689274 -9.776901473088855e-05
18.01111111111038 -0.000216375610582587 -1.891402213462225e-05
18.01388888888816 -0.0002067280164044109 6.145886749822392e-05
18.01666666666593 -0.0001684948257612092 0.0001321488568724867
18.01944444444371 -0.0001074077499388158 0.0001834675934529789
18.02222222222149 -3.229356335438847e-05 0.0002085660763865487
18.02499999999926 4.62019910196619e-05 0.0002043454144499485
18.02777777777704 0.0001171240710564564 0.0001718308674658968
18.03055555555482 0.0001707381055284772 0.000115965464245983
18.03333333333259 0.0001998651130819123 4.486121061034748e-05
18.03611111111037 0.0002008399610396745 -3.137902759737615e-05
18.03888888888815 0.0001739651500053503 -0.0001020978438054042
18.04166666666592 0.0001234051656618029 -0.0001575735100209916
18.0444444444437 5.654534508988646e-05 -0.0001903556858099119
18.04722222222147 -1.70865703516143e-05 -0.0001962632454696456
18.04999999999925 -8.717876306155432e-05 -0.0001749110374006195
18.05277777777703 -0.0001440798301908966 -0.0001297002778870046
18.0555555555548 -0.0001801270682789086 -6.728308771908876e-05
18.05833333333258 -0.0001906758812552253 3.415310913032241e-06
18.06111111111036 -0.0001746924364777364 7.247313919061096e-05
18.06388888888813 -0.0001348348866051983 0.000130364740061006
18.06666666666591 -7.702092483062927e-05 0.0001692738958770124
18.06944444444369 -9.550884011504986e-06 0.0001841468440369607
18.07222222222146 5.80839048342251e-05 0.0001733435074828641
18.07499999999924 0.000116536432158918 0.0001388038617608163
18.07777777777702 0.0001578951504266266 8.571522686974797e-05
18.08055555555479 0.0001767527073378368 2.173582025514194e-05
18.08333333333257 0.0001709082520045815 -4.410954937288833e-05
18.08611111111034 0.0001416128525953307 -0.0001027024739519522
18.08888888888812 9.333265195749387e-05 -0.0001460930890136959
18.0916666666659 3.307173589375961e-05 -0.0001685767849242018
18.09444444444367 -3.064310244400177e-05 -0.0001674399821158463
18.09722222222145 -8.89686679188211e-05 -0.0001432781539705978
18.09999999999923 -0.0001339721303838552 -9.985042762259803e-05
18.102777777777 -0.0001597081900463564 -4.349996197360394e-05
18.10555555555478 -0.0001630006764357587 1.777118055616434e-05
18.10833333333256 -0.0001438264443419797 7.543793044517391e-05
18.11111111111033 -0.0001052565056494138 0.0001216377132743588
18.11388888888811 -5.297147441249271e-05 0.0001502408232394238
18.11666666666589 5.573110175471426e-06 0.0001576602305703722
18.11944444444366 6.220920473731097e-05 0.0001432943976228451
18.12222222222144 0.0001091951417317835 0.0001095495867393765
18.12499999999921 0.0001402723016239126 6.144732864084552e-05
18.12777777777699 0.0001514956110696299 5.879860210240778e-06
18.13055555555477 0.0001417281730663824 -4.937642272913727e-05
18.13333333333254 0.0001127390135504625 -9.674843291415587e-05
18.13611111111032 6.889897013209359e-05 -0.0001299028437292228
18.1388888888881 1.652524764612387e-05 -0.0001445899236182732
18.14166666666587 -3.702753046866531e-05 -0.0001391827891727394
18.14444444444365 -8.439918309903651e-05 -0.0001148445325978564
18.14722222222143 -0.0001192341247523166 -7.53084156981173e-05
18.1499999999992 -0.0001370314076246858 -2.63099117970267e-05
18.15277777777698 -0.0001357213894436423 2.524359076386828e-05
18.15555555555476 -0.0001158959274688525 7.224546758623375e-05
18.15833333333253 -8.066830228865104e-05 0.0001083681178289128
18.16111111111031 -3.519051297760174e-05 0.0001289123706551341
18.16388888888808 1.409797590179139e-05 0.0001314144095493661
18.16666666666586 6.038078989862184e-05 0.0001159325277752307
18.16944444444364 9.740593732656853e-05 8.498180197858976e-05
18.17222222222141 0.0001203280772548545 4.31338442251129e-05
18.17499999999919 0.0001263386570933403 -3.655662064323077e-06
18.17777777777697 0.0001150026002082947 -4.889309514234429e-05
18.18055555555474 8.826240384891665e-05 -8.644670034307679e-05
18.18333333333252 5.011703234105337e-05 -0.0001113756075756482
18.1861111111103 6.027364344108074e-06 -0.0001205763166311143
18.18888888888807 -3.786386158117432e-05 -0.0001131626299446566
18.19166666666585 -7.558642250657257e-05 -9.053356551209566e-05
18.19444444444363 -0.0001021527018713078 -5.612760478094351e-05
18.1972222222214 -0.0001142138938924582 -1.49045798415745e-05
18.19999999999918 -0.0001104765024262997 2.73672834368875e-05
18.20277777777696 -9.18282390737805e-05 6.491696381819678e-05
18.20555555555473 -6.116342131568638e-05 9.275660730808992e-05
18.20833333333251 -2.293926966508962e-05 0.0001073411142405205
18.21111111111028 1.746955662906901e-05 0.0001070145971903805
18.21388888888806 5.452503964609905e-05 9.218827832757025e-05
18.21666666666584 8.328294365430451e-05 6.523247148696445e-05
18.21944444444361 0.0001000497912516025 3.010474131299031e-05
18.22222222222139 0.0001028528068996019 -8.228277665355086e-06
18.22499999999917 9.166373589786625e-05 -4.449131108660439e-05
18.22777777777694 6.835254099996049e-05 -7.382460425022969e-05
18.23055555555472 3.638440298545936e-05 -9.243268189506004e-05
18.2333333333325 3.080358236858989e-07 -9.807149600775084e-05
18.23611111111027 -3.48895677546005e-05 -9.031206085250181e-05
18.23888888888805 -6.447070821403857e-05 -7.055075229719646e-05
18.24166666666583 -8.458234511648664e-05 -4.177170619550592e-05
18.2444444444436 -9.275441454717908e-05 -8.100296289913647e-06
18.24722222222138 -8.819720895996031e-05 2.578601466905795e-05
18.24999999999915 -7.186298659821236e-05 5.530561911450921e-05
18.25277777777693 -4.626995400386609e-05 7.659002066384583e-05
18.25555555555471 -1.511906462720628e-05 8.698758332742033e-05
18.25833333333248 1.723867328002771e-05 8.538867923233555e-05
18.26111111111026 4.640804433504365e-05 7.233319664084305e-05
18.26388888888804 6.854454474365363e-05 4.989197850252425e-05
18.26666666666581 8.085816736231085e-05 2.134463323166218e-05
18.26944444444359 8.196049164177205e-05 -9.296904869642948e-06
18.27222222222137 7.201262116506479e-05 -3.785022809253574e-05
18.27499999999914 5.265969332355627e-05 -6.053131854197437e-05
18.27777777777692 2.676697351397778e-05 -7.44533545826724e-05
18.2805555555547 -2.001062572446466e-06 -7.799012190013437e-05
18.28333333333247 -2.96972495641803e-05 -7.095891381984829e-05
18.28611111111025 -5.26313448091936e-05 -5.460352900833149e-05
18.28888888888802 -6.785925683090127e-05 -3.138554985080946e-05
18.2916666666658 -7.355740991997341e-05 -4.617723853055075e-06
18.29444444444358 -6.923520060286804e-05 2.200643584456436e-05
18.29722222222135 -5.576176102778282e-05 4.492034658468619e-05
18.29999999999913 -3.520900418097467e-05 6.115984976960787e-05
18.30277777777691 -1.053762858717987e-05 6.874345901475432e-05
18.30555555555468 1.482689753728862e-05 6.69090811307873e-05
18.30833333333246 3.746798075521998e-05 5.617974203224617e-05
18.31111111111024 5.443596766695552e-05 3.825471762326615e-05
18.31388888888801 6.362954303010734e-05 1.574607599248161e-05
18.31666666666579 6.405158996259196e-05 -8.199192703219891e-06
18.31944444444357 5.590905150601778e-05 -3.033715751502156e-05
18.32222222222134 4.054825755601962e-05 -4.776436805852267e-05
18.32499999999912 2.023955516884983e-05 -5.829603842044068e-05
18.32777777777689 -2.155122690393465e-06 -6.073613483036455e-05
18.33055555555467 -2.358347495563197e-05 -5.500657736774307e-05
18.33333333333245 -4.121688003856914e-05 -4.212272052882365e-05
18.33611111111022 -5.282139779314904e-05 -2.402330769001466e-05
18.338888888888 -5.703742895869404e-05 -3.282338907534052e-06
18.34166666666578 -5.353354516353381e-05 1.725477599176618e-05
18.34444444444355 -4.301798312107946e-05 3.485964842643978e-05
18.34722222222133 -2.711089556195033e-05 4.728118064103242e-05
18.34999999999911 -8.098985229319832e-06 5.30304346624128e-05
18.35277777777688 1.139083266466509e-05 5.155451131813541e-05
18.35555555555466 2.87524843107438e-05 4.327987438961233e-05
18.35833333333244 4.17471558857053e-05 2.952365848220031e-05
18.36111111111021 4.878933509830969e-05 1.228918642685886e-05
18.36388888888799 4.913633742119674e-05 -6.023160598603325e-06
18.36666666666576 4.295928482167468e-05 -2.294833052830484e-05
18.36944444444354 3.12900713602812e-05 -3.628648947561913e-05
18.37222222222132 1.58555768562173e-05 -4.438655041224543e-05
18.37499999999909 -1.174964058492587e-06 -4.634716271782132e-05
18.37777777777687 -1.749284852204982e-05 -4.211122770355521e-05
18.38055555555465 -3.096102865121496e-05 -3.244501472667093e-05
18.38333333333242 -3.989181357796204e-05 -1.880862692570198e-05
18.3861111111102 -4.325539183356789e-05 -3.138790274216624e-06
18.38888888888798 -4.079386950342463e-05 1.242413078456561e-05
18.39166666666575 -3.302897208900544e-05 2.582669263242496e-05
18.39444444444353 -2.116610933597908e-05 3.537131998368394e-05
18.39722222222131 -6.911174992356536e-06 3.992871429889033e-05
18.39999999999908 7.772540778645931e-06 3.906754623285116e-05
18.40277777777686 2.093297744142185e-05 3.308716944616764e-05
18.40555555555463 3.088696331146995e-05 2.295247124229251e-05
18.40833333333241 3.643317164838965e-05 1.014298551434642e-05
18.41111111111019 3.699378278681579e-05 -3.560679875129481e-06
18.41388888888796 3.266867302544116e-05 -1.632258038305517e-05
18.41666666666574 2.419812543584249e-05 -2.649566849965145e-05
18.41944444444352 1.284231397057945e-05 -3.283228677399143e-05
18.42222222222129 1.965214820155753e-07 -3.463433195981374e-05
18.42499999999907 -1.203114741583752e-05 -3.18254618392054e-05
18.42777777777685 -2.224883061960982e-05 -2.493867493737592e-05
18.43055555555462 -2.91862688275494e-05 -1.502402380110956e-05
18.4333333333324 -3.205024920370246e-05 -3.491593438710121e-06
18.43611111111018 -3.061149185651964e-05 8.087144302858419e-06
18.43888888888795 -2.521408640297172e-05 1.819186637004835e-05
18.44166666666573 -1.670913712307488e-05 2.555130532646081e-05
18.4444444444435 -6.324204427203581e-06 2.930101824174353e-05
18.44722222222128 4.51185008529271e-06 2.908176844380295e-05
18.44999999999906 1.436388264655379e-05 2.506782842500608e-05
18.45277777777683 2.197895124964808e-05 1.792414835324776e-05
18.45555555555461 2.6443741402266e-05 8.700736088408376e-06
18.45833333333239 2.729144324901191e-05 -1.319469125219555e-06
18.46111111111016 2.454599116567727e-05 -1.079746432335705e-05
18.46388888888794 1.870027870910335e-05 -1.851562286134694e-05
18.46666666666572 1.063376639303011e-05 -2.353240701172882e-05
18.46944444444349 1.48264423675225e-06 -2.529495089795543e-05
18.47222222222127 -7.518581043556459e-06 -2.369640377010656e-05
18.47499999999905 -1.520220181058812e-05 -1.907268703777782e-05
18.47777777777682 -2.061724442399857e-05 -1.214147347021081e-05
18.4805555555546 -2.314519975404119e-05 -3.893656414273766e-06
18.48333333333238 -2.256776567455074e-05 4.546610503529084e-06
18.48611111111015 -1.907965291543255e-05 1.207375277512172e-05
18.48888888888793 -1.32469739091029e-05 1.774417529916549e-05
18.4916666666657 -5.918830564086851e-06 2.089282959154111e-05
18.49444444444348 1.89447348740308e-06 2.120880726015131e-05
18.49722222222126 9.159355598498301e-06 1.876174811284383e-05
18.49999999999903 1.495436762668307e-05 1.397761024681613e-05
18.50277777777681 1.858554737820559e-05 7.569019321823725e-06
