16.5 -3.343313632373119e-08 -2.139742375167871e-07
16.50277777777778 -6.777971571812787e-08 -2.131687450936323e-07
16.50555555555555 -1.026850488060146e-07 -2.069409602727152e-07
16.50833333333333 -1.37305540423726e-07 -1.950992197349283e-07
16.51111111111111 -1.707519589804176e-07 -1.775813991284488e-07
16.51388888888888 -2.021090921711882e-07 -1.544643749704929e-07
16.51666666666666 -2.304572241339041e-07 -1.25970536812359e-07
16.51944444444444 -2.548949959579781e-07 -9.247101499079038e-08
16.52222222222221 -2.745631518911431e-07 -5.448535371144245e-08
16.52499999999999 -2.886686234145688e-07 -1.267743398694439e-08
16.52777777777776 -2.965083643289263e-07 3.215246526460967e-08
16.53055555555554 -2.974923236977215e-07 7.907948852479926e-08
16.53333333333332 -2.911649312560553e-07 1.270698313835826e-07
16.53611111111109 -2.77224472762589e-07 1.74999998821882e-07
16.53888888888887 -2.555397514608843e-07 2.216794174828467e-07
16.54166666666665 -2.261634666753172e-07 2.658760261694566e-07
16.54444444444442 -1.893417915550094e-07 3.063443737724144e-07
16.5472222222222 -1.455196986484529e-07 3.418556655551561e-07
16.54999999999998 -9.534166347165818e-08 3.712291197608731e-07
16.55277777777775 -3.96474712482176e-08 3.933639293107343e-07
16.55555555555553 2.053704114653931e-08 4.072710702273328e-07
16.55833333333331 8.401435936369461e-08 4.121041613711156e-07
16.56111111111108 1.494347092111759e-07 4.071885608745889e-07
16.56388888888886 2.15320316406288e-07 3.920478846684883e-07
16.56666666666663 2.800941767879444e-07 3.664271526934435e-07
16.56944444444441 3.421128764457991e-07 3.303118092867956e-07
16.57222222222219 3.997028770870496e-07 2.839419258521335e-07
16.57499999999996 4.511995658570994e-07 2.27820975770208e-07
16.57777777777774 4.949882640457729e-07 1.627186725713935e-07
16.58055555555552 5.2954629877287e-07 8.966748113117191e-08
16.58333333333329 5.534851688144055e-07 9.952546007198454e-09
16.58611111111107 5.65591782838766e-07 -7.49050715142774e-08
16.58888888888885 5.648677177632049e-07 -1.631717985434193e-07
16.59166666666662 5.505654385509896e-07 -2.529313844664829e-07
16.5944444444444 5.222204398862816e-07 -3.421207828312124e-07
16.59722222222218 4.796783155571297e-07 -4.285715340403678e-07
16.59999999999995 4.231158332102609e-07 -5.10055940224871e-07
16.60277777777773 3.530551899438969e-07 -5.843371714010733e-07
16.6055555555555 2.703707468366393e-07 -6.49222303085759e-07
16.60833333333328 1.762876861968335e-07 -7.02617163934414e-07
16.61111111111106 7.237220160348833e-08 -7.425817714894502e-07
16.61388888888883 -3.948698532299455e-08 -7.673850581805537e-07
16.61666666666661 -1.571057896752491e-07 -7.755575413388576e-07
16.61944444444439 -2.780404101357539e-07 -7.65940572616416e-07
16.62222222222216 -3.996310456316604e-07 -7.377308157132693e-07
16.62499999999994 -5.19053056048145e-07 -6.905186478667581e-07
16.62777777777772 -6.333747326048424e-07 -6.24319260582105e-07
16.63055555555549 -7.396206447212728e-07 -5.395953482180705e-07
16.63333333333327 -8.348393465575347e-07 -4.372704181098507e-07
16.63611111111105 -9.161740629912936e-07 -3.187319309289165e-07
16.63888888888882 -9.809348364247171e-07 -1.858236821337067e-07
16.6416666666666 -1.026670506942543e-06 -4.082706110277888e-08
16.64444444444437 -1.051238822917457e-06 1.1356893045454e-07
16.64722222222215 -1.052872940484101e-06 2.743087598641794e-07
16.64999999999993 -1.030242570974237e-06 4.380221355114705e-07
16.6527777777777 -9.825080771799012e-07 6.010857893358536e-07
16.65555555555548 -9.09365903055625e-07 7.596943219573896e-07
16.65833333333326 -8.110838470929958e-07 9.099389047909454e-07
16.66111111111103 -6.88524856006389e-07 1.047892392108871e-06
16.66388888888881 -5.431582204708937e-07 1.16969917739835e-06
16.66666666666659 -3.770572953355815e-07 1.271667938702894e-06
16.66944444444436 -1.928831389354353e-07 1.350365262653039e-06
16.67222222222214 6.146235138791013e-09 1.402708021734474e-06
16.67499999999992 2.163009810298492e-07 1.426052308471166e-06
16.67777777777769 4.333985719697642e-07 1.418276707177771e-06
16.68055555555547 6.528762930372285e-07 1.377857711410854e-06
16.68333333333324 8.698760483727592e-07 1.303935174750515e-06
16.68611111111102 1.079340124504653e-06 1.196365814484563e-06
16.6888888888888 1.276116236619449e-06 1.055762971345611e-06
16.69166666666657 1.45506989442017e-06 8.835210616166643e-07
16.69444444444435 1.611201866368592e-06 6.818234374248524e-07
16.69722222222213 1.739768302984313e-06 4.536326923699497e-07
16.6999999999999 1.836400908126324e-06 2.02662807198251e-07
16.70277777777768 1.897224427781383e-06 -6.666708272074093e-08
16.70555555555546 1.918968663711256e-06 -3.492971074153485e-07
16.70833333333323 1.89907221824155e-06 -6.396086568191252e-07
16.71111111111101 1.835775239046135e-06 -9.315229101188678e-07
16.71388888888879 1.728198560224072e-06 -1.218614438987706e-06
16.71666666666656 1.576406828051747e-06 -1.494238017500454e-06
16.71944444444434 1.381453454800771e-06 -1.751666390340221e-06
16.72222222222211 1.145405558747504e-06 -1.984236404344011e-06
16.72499999999989 8.713474182134222e-07 -2.185500605915453e-06
16.72777777777767 5.633613860840795e-07 -2.349381156885772e-06
16.73055555555544 2.264856711881188e-07 -2.470322731926886e-06
16.73333333333322 -1.333511144592916e-07 -2.543440938241165e-06
16.736111111111 -5.09418228134727e-07 -2.5646627485091e-06
16.73888888888877 -8.94292946574495e-07 -2.530855464930685e-06
16.74166666666655 -1.279991123484872e-06 -2.439940838152158e-06
16.74444444444433 -1.658116166722696e-06 -2.290991150650476e-06
16.7472222222221 -2.02002395332351e-06 -2.084304338762939e-06
16.74999999999988 -2.357000741383498e-06 -1.821455568184931e-06
16.75277777777766 -2.660450725406512e-06 -1.505323089760182e-06
16.75555555555543 -2.922089526962528e-06 -1.140086679400837e-06
16.75833333333321 -3.134139625679185e-06 -7.311974998264088e-07
16.76111111111098 -3.289523525532735e-06 -2.853188029436734e-07
16.76388888888876 -3.382050325900701e-06 1.897624910984172e-07
16.76666666666654 -3.406591331780347e-06 6.852526610155736e-07
16.76944444444431 -3.359240397281327e-06 1.191495168828109e-06
16.77222222222209 -3.237454853202813e-06 1.698139784502689e-06
16.77499999999987 -3.040173123441995e-06 2.194334243195513e-06
16.77777777777764 -2.767905484233864e-06 2.668935229389073e-06
16.78055555555542 -2.422794860672052e-06 3.110734930838564e-06
16.7833333333332 -2.008645080388495e-06 3.508698914389127e-06
16.78611111111097 -1.5309146062851e-06 3.852210658486247e-06
16.78888888888875 -9.966744385385941e-07 4.131317745306408e-06
16.79166666666653 -4.145295985630327e-07 4.33697447937133e-06
16.7944444444443 2.054956295452813e-07 4.461275567886134e-06
16.79722222222208 8.521077363967897e-07 4.497675477530958e-06
16.79999999999986 1.512927542672233e-06 4.441188177561103e-06
16.80277777777763 2.174704722222894e-06 4.288562191908461e-06
16.80555555555541 2.823559978610733e-06 4.038426213193902e-06
16.80833333333318 3.445250839291955e-06 3.691400976216969e-06
16.81111111111096 4.025456369983313e-06 3.250173642069437e-06
16.81388888888874 4.550075526070452e-06 2.719531598506882e-06
16.81666666666651 5.005533363738915e-06 2.106353327041967e-06
16.81944444444429 5.37908894441116e-06 1.41955480968486e-06
16.82222222222207 5.659138494292427e-06 6.699908333255037e-07
16.82499999999984 5.835507236085813e-06 -1.296885191703016e-07
16.82777777777762 5.899723299856623e-06 -9.652249434411365e-07
16.8305555555554 5.845267249384127e-06 -1.820980339074187e-06
16.83333333333317 5.667791031228927e-06 -2.680203416736368e-06
16.83611111111095 5.365300565212629e-06 -3.525330395733058e-06
16.83888888888873 4.938296743123854e-06 -4.338314832390104e-06
16.8416666666665 4.389870280264275e-06 -5.10098082480891e-06
16.84444444444428 3.725746661929404e-06 -5.795393137841285e-06
16.84722222222205 2.954278331351132e-06 -6.404237201099717e-06
16.84999999999983 2.086382261405763e-06 -6.911201468986062e-06
16.85277777777761 1.135422121770241e-06 -7.301354308709265e-06
16.85555555555538 1.170353759737364e-07 -7.561507411785685e-06
16.85833333333316 -9.510932025741087e-07 -7.68055771491827e-06
16.86111111111094 -2.049508943420126e-06 -7.649799973096683e-06
16.86388888888871 -3.157311820745589e-06 -7.463202453205823e-06
16.86666666666649 -4.252523215972928e-06 -7.117638709169989e-06
16.86944444444427 -5.312488949501173e-06 -6.61306905475861e-06
16.87222222222204 -6.314311673908925e-06 -5.952666159234817e-06
16.87499999999982 -7.235304875474027e-06 -5.142880142184483e-06
16.8777777777776 -8.053460016983565e-06 -4.193439621888162e-06
16.88055555555537 -8.747917791240057e-06 -3.117286358289663e-06
16.88333333333315 -9.299434057929565e-06 -1.930442405763554e-06
16.88611111111092 -9.690830819778338e-06 -6.518100291757159e-07
16.8888888888887 -9.907422567438482e-06 6.970939866202793e-07
16.89166666666648 -9.937408492496415e-06 2.092466615459226e-06
16.89444444444425 -9.772221437132366e-06 3.508605066898191e-06
16.89722222222203 -9.406825015650446e-06 4.918345745398597e-06
16.89999999999981 -8.839951101848849e-06 6.293548722886718e-06
16.90277777777758 -8.074270817337037e-06 7.605619604593205e-06
16.90555555555536 -7.116493265684193e-06 8.826059644778647e-06
16.90833333333314 -5.977387518313794e-06 9.927034097952596e-06
16.91111111111091 -4.671724749145656e-06 1.088194809498417e-05
16.91388888888869 -3.218138911855254e-06 1.166601883109563e-05
16.91666666666647 -1.638905929224638e-06 1.225683256002422e-05
16.91944444444424 4.035701130034521e-08 1.263487481774602e-05
16.92222222222202 1.791068819032981e-06 1.278402245776808e-05
16.92499999999979 3.582133653733184e-06 1.269198647169073e-05
16.92777777777757 5.380455426390746e-06 1.235069519223813e-05
16.93055555555535 7.151509702421897e-06 1.175660832542834e-05
16.93333333333312 8.859963675771232e-06 1.091095332341454e-05
16.9361111111109 1.047033363962172e-05 9.819876874542077e-06
16.93888888888868 1.194766830898841e-05 8.494505732851961e-06
16.94166666666645 1.325824547890467e-05 6.950912711715623e-06
16.94444444444423 1.43702688516243e-05 5.209985398280197e-06
16.94722222222201 1.525455145655798e-05 3.297196975896382e-06
16.94999999999978 1.58851719319245e-05 1.242280437491683e-06
16.95277777777756 1.624009004756788e-05 -9.211906020726464e-07
16.95555555555534 1.630170822878792e-05 -3.156309368966332e-06
16.95833333333311 1.605736649138273e-05 -5.423424671265346e-06
16.96111111111089 1.549975911255883e-05 -7.680802131764962e-06
16.96388888888866 1.46272625302188e-05 -9.885347459520599e-06
16.96666666666644 1.344416536806968e-05 -1.199337979585302e-05
16.96944444444422 1.196079310478909e-05 -1.396144185020602e-05
16.97222222222199 1.01935217162327e-05 -1.574713244147047e-05
16.97499999999977 8.164676589806567e-06 -1.730994620904814e-05
16.97777777777755 5.902315105830637e-06 -1.861210467720153e-05
16.98055555555532 3.439893464050973e-06 -1.961936256499747e-05
16.9833333333331 8.158205649658842e-07 -2.030177324469407e-05
16.98611111111088 -1.927096007316201e-06 -2.063439757174713e-05
16.98888888888865 -4.742304653510727e-06 -2.0597940940701e-05
16.99166666666643 -7.580255712195073e-06 -2.017930435918759e-05
16.99444444444421 -1.03892273336411e-05 -1.937203656613808e-05
16.99722222222198 -1.311621807869908e-05 -1.817667573404075e-05
16.99999999999976 -1.570789141777215e-05 -1.660097106628881e-05
17.00277777777753 -1.811155591597318e-05 -1.465997660167818e-05
17.00555555555531 -2.027616377277605e-05 -1.237601173651347e-05
17.00833333333309 -2.215330956685167e-05 -9.778485332928953e-06
17.01111111111086 -2.369821056082325e-05 -6.903582759472343e-06
17.01388888888864 -2.487064976430942e-05 -3.793817761852354e-06
17.01666666666642 -2.56358631470321e-05 -4.974536420443064e-07
17.01944444444419 -2.596535294182141e-05 2.932199216083408e-06
17.02222222222197 -2.583760987755596e-05 6.437599944888595e-06
17.02499999999975 -2.523872842579865e-05 9.957896011331704e-06
17.02777777777752 -2.416290071616538e-05 1.342993014238168e-05
17.0305555555553 -2.261277665250776e-05 1.678931924490823e-05
17.03333333333308 -2.059967991618002e-05 1.997158745952684e-05
17.03611111111085 -1.814367193999799e-05 2.291333403059351e-05
17.03888888888863 -1.527345853742221e-05 2.55534155408167e-05
17.0416666666664 -1.202613663223294e-05 2.783412127718075e-05
17.04444444444418 -8.446781406130343e-06 2.970232008750291e-05
17.04722222222196 -4.587877115097901e-06 3.111055706896126e-05
17.04999999999973 -5.08597765927279e-07 3.201807881076413e-05
17.05277777777751 3.726053260995621e-06 3.239176669326066e-05
17.05555555555529 8.046232763523049e-06 3.220695892009145e-05
17.05833333333306 1.237836192578491e-05 3.144814351422021e-05
17.06111111111084 1.664632823189455e-05 3.010950642268397e-05
17.06388888888862 2.077276595690951e-05 2.819532112055048e-05
17.06666666666639 2.468039422998994e-05 2.572016864748693e-05
17.06944444444417 2.829339012775887e-05 2.270897981017188e-05
17.07222222222195 3.153877309539051e-05 1.919689429416272e-05
17.07499999999972 3.434777623579021e-05 1.522893459952627e-05
17.0777777777775 3.665717967662594e-05 1.085949599035759e-05
17.08055555555528 3.841058133384264e-05 6.151656972726658e-06
17.08333333333305 3.955958094647677e-05 1.176318127978239e-06
17.08611111111083 4.006485425832357e-05 -3.988819629878381e-06
17.0888888888886 3.989709565871456e-05 -9.260423194399213e-06
17.09166666666638 3.903780944890287e-05 -1.45508247057744e-05
17.09444444444416 3.747993214709404e-05 -1.976942851616948e-05
17.09722222222193 3.52282708508542e-05 -2.482420553289921e-05
17.09999999999971 3.229974560012958e-05 -2.962325076232356e-05
17.10277777777749 2.872342688130056e-05 -3.407637823732287e-05
17.10555555555526 2.454036282969533e-05 -3.809672629719489e-05
17.10833333333304 1.980319426866432e-05 -4.160234542901567e-05
17.11111111111082 1.457555940580256e-05 -4.451774059641986e-05
17.11388888888859 8.931293728762058e-06 -4.677534018775503e-05
17.11666666666637 2.953434337669858e-06 -4.831686441652546e-05
17.11944444444415 -3.266958445895326e-06 -4.909456719791703e-05
17.12222222222192 -9.632145908875545e-06 -4.907232719431491e-05
17.1249999999997 -1.603920270686829e-05 -4.822656584787701e-05
17.12777777777747 -2.23816331033767e-05 -4.654697277007671e-05
17.13055555555525 -2.855108663198036e-05 -4.40370217987798e-05
17.13333333333303 -3.443914590957956e-05 -4.071426431747047e-05
17.1361111111108 -3.9939157546394e-05 -3.661039000714592e-05
17.13888888888858 -4.49480757887736e-05 -3.177104901084146e-05
17.14166666666636 -4.936828772248109e-05 -2.625543347176743e-05
17.14444444444413 -5.310938858098078e-05 -2.013562049098636e-05
17.14722222222191 -5.608987595634945e-05 -1.349568267144925e-05
17.14999999999969 -5.823873250519848e-05 -6.430576499748917e-06
17.15277777777746 -5.94968680719572e-05 9.551772048243662e-07
17.15555555555524 -5.981839400230699e-05 8.549002743570364e-06
17.15833333333302 -5.917170476653328e-05 1.623194730822196e-05
17.16111111111079 -5.754034482248675e-05 2.388050223570169e-05
17.16388888888857 -5.49236418796329e-05 3.136854004123429e-05
17.16666666666634 -5.133709132976406e-05 3.856933707234911e-05
17.16944444444412 -4.681248052982121e-05 4.535764964894959e-05
17.1722222222219 -4.139774579586193e-05 5.161181008943733e-05
17.17499999999967 -3.515655932623643e-05 5.721580810384062e-05
17.17777777777745 -2.816764774581379e-05 6.2061322682908e-05
17.18055555555523 -2.052384847603113e-05 6.6049669843086e-05
17.183333333333 -1.233091461310786e-05 6.909363240290477e-05
17.18611111111078 -3.706083361330611e-06 7.111913936220381e-05
17.18888888888856 5.223572753796607e-06 7.206676441439694e-05
17.19166666666633 1.432298875085619e-05 7.189301561907656e-05
17.19444444444411 2.34511174059511e-05 7.057139126121326e-05
17.19722222222189 3.246307689027287e-05 6.809318038126826e-05
17.19999999999966 4.12124031645802e-05 6.446799032431182e-05
17.20277777777744 4.95533722249524e-05 5.972398786673961e-05
17.20555555555521 5.734335560093142e-05 5.390784497023152e-05
17.20833333333299 6.444517139683128e-05 4.708438491225424e-05
17.21111111111077 7.07293926614137e-05 3.9335929375889e-05
17.21388888888854 7.607657498920856e-05 3.076135196923572e-05
17.21666666666632 8.037936600011881e-05 2.147484850724299e-05
17.2194444444441 8.354446071047461e-05 1.16044391441898e-05
17.22222222222187 8.549436877963749e-05 1.290222015734244e-06
17.22499999999965 8.616896216870387e-05 -9.31759764436724e-06
17.22777777777743 8.552677484329728e-05 -2.006087497672359e-05
17.2305555555552 8.354602974794433e-05 -3.077585805754637e-05
17.23333333333298 8.022537232012568e-05 -4.129565095020662e-05
17.23611111111076 7.558429423686769e-05 -5.14527700754429e-05
17.23888888888853 6.966323582729015e-05 -6.108175472370032e-05
17.24166666666631 6.252336056665322e-05 -7.00217911387486e-05
17.24444444444408 5.424600021294235e-05 -7.811930884234226e-05
17.24722222222186 4.493177437351675e-05 -8.523050776753174e-05
17.24999999999964 3.469939351392817e-05 -9.122377532749875e-05
17.25277777777741 2.368415955780216e-05 -9.59819537675387e-05
17.25555555555519 1.203618319451166e-05 -9.940442001378159e-05
17.25833333333297 -8.165827423037481e-08 -0.000101408942721206
17.26111111111074 -1.249599433116535e-05 -0.0001019332842992197
17.26388888888852 -2.502543368370881e-05 -0.0001009365193125144
17.2666666666663 -3.748320003340061e-05 -9.840004476379759e-05
17.26944444444407 -4.967989247723966e-05 -9.432826230255414e-05
17.27222222222185 -6.142632944016862e-05 -8.8748917300562e-05
17.27499999999963 -7.253643325969974e-05 -8.171308491647031e-05
17.2777777777774 -8.283011142201055e-05 -7.329479865697246e-05
17.28055555555518 -9.213609000604823e-05 -6.359032244912828e-05
17.28333333333295 -0.0001002946551425899 -5.271707277863639e-05
17.28611111111073 -0.0001071602592362485 -4.081220293820844e-05
17.28888888888851 -0.0001126039503238246 -2.803086677862542e-05
17.29166666666628 -0.0001165155852281705 -1.454418448083062e-05
17.29444444444406 -0.0001188057900837226 -5.369376857262832e-07
17.29722222222184 -0.0001194076353150102 1.379497424521941e-05
17.29999999999961 -0.0001182779961926531 2.82472810858355e-05
17.30277777777739 -0.0001153985746125622 4.261025250312025e-05
17.30555555555517 -0.0001107765626756037 5.667173061996558e-05
17.30833333333294 -0.0001044449339134647 7.022024002539285e-05
17.31111111111072 -9.646235353114541e-05 8.304812928063776e-05
17.3138888888885 -8.691270473447631e-05 9.49546970646194e-05
17.31666666666627 -7.590423399399803e-05 0.0001057492559089021
17.31944444444405 -6.356832387813008e-05 0.0001152540869928725
17.32222222222182 -5.005790777603694e-05 0.0001233072407040953
17.3249999999996 -3.554554634192902e-05 0.000129765139597066
17.32777777777738 -2.022119073571136e-05 0.0001345049429835312
17.33055555555515 -4.289662635847922e-06 0.0001374266356190112
17.33333333333293 1.203211452409554e-05 0.0001384548067694309
17.33611111111071 2.85180946571084e-05 0.0001375400902909858
17.33888888888848 4.493625659470249e-05 0.0001346602411733236
17.34166666666626 6.105187543778857e-05 0.0001298208292083536
17.34444444444404 7.663087082725608e-05 0.0001230555359776007
17.34722222222181 9.144318379269539e-05 0.0001144260471184946
17.34999999999959 0.0001052661330720285 0.0001040215377457418
17.35277777777737 0.0001178877017519723 9.195775488344942e-05
17.35555555555514 0.0001291097057697264 7.83757067124923e-05
17.35833333333292 0.0001387507972247595 6.343997427220837e-05
17.3611111111107 0.0001466492575631474 4.733666688252409e-05
17.36388888888847 0.0001526655384805645 3.02710478927161e-05
17.36666666666625 0.0001566845118079356 1.246486233300826e-05
17.36944444444402 0.0001586173936437804 -5.846597428965702e-06
17.3722222222218 0.0001584033125230575 -2.441764791022264e-05
17.37499999999958 0.0001560104963967616 -4.299554905369603e-05
17.37777777777735 0.0001514370585671989 -6.132397071259372e-05
17.38055555555513 0.0001447113684028847 -7.914654254755468e-05
17.38333333333291 0.0001358919985595545 -9.621043735581624e-05
17.38611111111068 0.0001250672464756954 -0.0001122699371177211
17.38888888888846 0.0001123542340022748 -0.0001270899310476539
17.39166666666624 9.789759507878149e-05 -0.0001404492956695424
17.39444444444401 8.186776729200345e-05 -0.0001521441083945621
17.39722222222179 6.445890886690787e-05 -0.0001619906482360229
17.39999999999957 4.588646805197751e-05 -0.0001698281401274697
17.40277777777734 2.63844369019107e-05 -0.0001755212027690064
17.40555555555512 6.202326051549051e-06 -0.0001789619639667083
17.40833333333289 -1.439809884790342e-05 -0.00018007181199159
17.41111111111067 -3.514627485532516e-05 -0.0001788027565014814
17.41388888888845 -5.576644657309696e-05 -0.0001751383779697829
17.41666666666622 -7.598136881356482e-05 -0.0001690943502712427
17.419444444444 -9.55160563046072e-05 -0.0001607185270044285
17.42222222222178 -0.0001141015288329098 -0.0001500905881993084
17.42499999999955 -0.0001314785001459351 -0.000137321250178968
17.42777777777733 -0.0001474009595820444 -0.000122551047429104
17.43055555555511 -0.0001616395967628441 -0.0001059487012935801
17.43333333333288 -0.0001739850217435203 -8.770909607206474e-05
17.43611111111066 -0.0001842507357452611 -6.805088856554318e-05
17.43888888888844 -0.0001922758109458869 -4.721378222427444e-05
17.44166666666621 -0.000197927241736883 -2.545550172410392e-05
17.44444444444399 -0.0002011019343062418 -3.048507970709102e-06
17.44722222222176 -0.0002017283063160724 1.97235028532324e-05
17.44999999999954 -0.0001997674737395313 4.256926957276641e-05
17.45277777777732 -0.0001952140075305737 6.519375664744885e-05
17.45555555555509 -0.0001880962486408382 8.730201446541641e-05
17.45833333333287 -0.0001784761758906005 0.0001086030576415567
17.46111111111065 -0.0001664488272607025 0.0001288137093784513
17.46388888888842 -0.000152141281213593 0.0001476623603856239
17.4666666666662 -0.0001357112105966968 0.000164892591985309
17.46944444444398 -0.0001173450274375571 0.0001802666148600883
17.47222222222175 -9.725564244403953e-05 0.0001935684773711669
17.47499999999953 -7.567986818309985e-05 0.0002046070004788875
17.47777777777731 -5.287549967518863e-05 0.0002132183999675227
17.48055555555508 -2.911811043000954e-05 0.0002192685608744052
17.48333333333286 -4.697605717959126e-06 0.0002226549336800174
17.48611111111063 2.008542193319909e-05 0.0002233080268708226
17.48888888888841 4.4923487448966e-05 0.0002211924758672679
17.49166666666619 6.950610862175095e-05 0.0002163076739413381
17.49444444444396 9.352375145896983e-05 0.0002086879565534371
17.49722222222174 0.0001166717741136426 0.0001984023364375866
17.49999999999952 0.0001386543181441401 0.0001855537926793434
17.50277777777729 0.0001591880966389538 0.0001702781228764088
17.50555555555507 0.0001780060301853904 0.000152742373179072
17.50833333333285 0.0001948606837574115 0.0001331428664908571
17.51111111111062 0.0002095274602989496 0.0001117028543035983
17.5138888888884 0.0002218075100522845 8.866982247730054e-05
17.51666666666618 0.0002315303184793445 6.431248568611411e-05
17.51944444444395 0.0002385559398880862 3.89175091925509e-05
17.52222222222173 0.0002427768485535727 1.278600002056829e-05
17.5249999999995 0.0002441193841429167 -1.377018755639124e-05
17.52777777777728 0.0002425447735495653 -4.043228505437218e-05
17.53055555555506 0.0002380497167433568 -6.687853256246306e-05
17.53333333333283 0.0002306665298718416 -9.278814152641008e-05
17.53611111111061 0.0002204628445360328 -0.0001178452474445721
17.53888888888839 0.0002075408678273668 -0.0001417428027282628
17.54166666666616 0.0001920362132855092 -0.0001641863609331344
17.54444444444394 0.0001741163183443733 -0.0001848977051551433
17.54722222222172 0.0001539784690036136 -0.0002036182755688576
17.54999999999949 0.000131847457335382 -0.0002201123538285581
17.55277777777727 0.0001079729019504774 -0.0002341699653175699
17.55555555555505 8.26262656379906e-05 -0.0002456094639774546
17.55833333333282 5.609760803153727e-05 -0.0002542797686075705
17.5611111111106 2.86921142745956e-05 -0.0002600622240591933
17.56388888888837 7.264432399287128e-07 -0.0002628720655798756
17.56666666666615 -2.747505913006177e-05 -0.0002626594696351122
17.56944444444393 -5.558423437292966e-05 -0.0002594101797776248
17.5722222222217 -8.327302614619777e-05 -0.0002531457014794061
17.57499999999948 -0.0001102173869358626 -0.0002439230652218672
17.57777777777726 -0.0001361011292190769 -0.0002318341624818142
17.58055555555503 -0.0001606196744459802 -0.0002170046644910924
17.58333333333281 -0.0001834836547630279 -0.0001995925387243339
17.58611111111059 -0.0002044223245185465 -0.0001797861829059136
17.58888888888836 -0.0002231867412069084 -0.0001578022008844548
17.59166666666614 -0.0002395526786115181 -0.0001338828489325544
17.59444444444392 -0.0002533232384411217 -0.0001082931848460055
17.59722222222169 -0.0002643311306687717 -8.131795560149733e-05
17.59999999999947 -0.0002724405970316759 -5.325826223775095e-05
17.60277777777724 -0.0002775489566678254 -2.442804303243725e-05
17.60555555555502 -0.0002795877575989507 4.849582069451962e-06
17.6083333333328 -0.0002785235226567459 3.424606150142547e-05
17.61111111111057 -0.0002743580834210846 6.34312115253267e-05
17.61388888888835 -0.0002671285007440885 9.207701980352893e-05
17.61666666666613 -0.000256906575398583 0.0001198614081460194
17.6194444444439 -0.0002437979572626923 0.000146471910349458
17.62222222222168 -0.0002279408661673369 0.0001716092224536514
17.62499999999946 -0.0002095044420401583 0.0001949905846346838
17.62777777777723 -0.0001886867462218239 0.000216352956325746
17.63055555555501 -0.0001657124397665108 0.0002354559489579444
17.63333333333279 -0.0001408301681086985 0.0002520844839213779
17.63611111111056 -0.0001143096846694541 0.0002660511468898266
17.63888888888834 -8.643874872600794e-05 0.0002771982135130326
17.64166666666612 -5.75198351751345e-05 0.0002853993255835182
17.64444444444389 -2.786669564642057e-05 0.0002905608010923163
17.64722222222167 2.199188250291591e-06 0.0002926225660379209
17.64999999999944 3.235221790253225e-05 0.0002915587003880299
17.65277777777722 6.226631495716163e-05 0.0002873775951684761
17.655555555555 9.161854105475126e-05 0.0002801217221987492
17.65833333333277 0.0001200926589099042 0.0002698670224675688
17.66111111111055 0.0001473825947323404 0.0002567219234805765
17.66388888888833 0.0001731957635576439 0.0002408260000819716
17.6666666666661 0.0001972562210840477 0.0002223482971870192
17.66944444444388 0.0002193076080192124 0.0002014853365292928
17.67222222222166 0.000239115855702769 0.0001784588328977282
17.67499999999943 0.0002564716248830271 0.00015351314834664
17.67777777777721 0.0002711924528896826 0.0001269125155257753
17.68055555555499 0.000283124588083678 9.893806349736886e-05
17.68333333333276 0.0002921444942472672 6.988468128043031e-05
17.68611111111054 0.0002981600115577902 4.005775571980349e-05
17.68888888888831 0.000301111164819794 9.769821264816099e-06
17.69166666666609 0.0003009706137340138 -2.066284025294318e-05
17.69444444444387 0.0002977437440742518 -5.092361169520713e-05
17.69722222222164 0.000291468402687739 -8.069892673574041e-05
17.69999999999942 0.0002822142831824559 -0.0001096815930462972
17.7027777777772 0.0002700819729780425 -0.0001375740167269957
17.70555555555497 0.0002552016760270707 -0.0001640912937744815
17.70833333333275 0.0002377316289143083 -0.0001889641363336034
17.71111111111053 0.0002178562312152198 -0.0002119416037269702
17.7138888888883 0.0001957839138431231 -0.0002327936108808228
17.71666666666608 0.0001717447716909896 -0.0002513131895787495
17.71944444444386 0.0001459879890737856 -0.0002673184810767479
17.72222222222163 0.0001187790883619312 -0.0002806544418575858
17.72499999999941 9.039703366901871e-05 -0.0002911942477349913
17.72777777777718 6.113122257307441e-05 -0.0002988403850292379
17.73055555555496 3.127839960301282e-05 -0.0003035254211160178
17.73333333333274 1.139525516850295e-06 -0.0003052124502758158
17.73611111111051 -2.898336359692577e-05 -0.000303895214346531
17.73888888888829 -5.879027381368093e-05 -0.0002995979012259677
17.74166666666607 -8.798631465121392e-05 -0.0002923746277011794
17.74444444444384 -0.0001162846724249599 -0.0002823086163927884
17.74722222222162 -0.0001434094654715622 -0.0002695110797315815
17.7499999999994 -0.0001690984527386704 -0.0002541198268326984
17.75277777777717 -0.0001931055693092543 -0.0002362976118390702
17.75555555555495 -0.0002152032647132145 -0.0002162302447552329
17.75833333333273 -0.0002351846223444176 -0.0001941244880101194
17.7611111111105 -0.0002528652410642611 -0.0001702057638256073
17.76388888888828 -0.0002680848628481825 -0.0001447156991064509
17.76666666666605 -0.0002807087333456172 -0.0001179095357945709
17.76944444444383 -0.0002906286852533739 -9.005343558652765e-05
17.77222222222161 -0.0002977639375065061 -6.142170851842733e-05
17.77499999999938 -0.0003020616064016742 -3.22939952091742e-05
17.77777777777716 -0.0003034969278626309 -2.952432509022039e-06
17.78055555555494 -0.0003020731930965315 2.632116806046452e-05
17.78333333333271 -0.0002978214028422339 5.524810035279844e-05
17.78611111111049 -0.0002907996482523562 8.355547435182579e-05
17.78888888888827 -0.0002810922291430811 0.0001109788311155671
17.79166666666604 -0.0002688085228770927 0.0001372646368362828
17.79444444444382 -0.0002540816194696378 0.0001621726327066381
17.7972222222216 -0.0002370667406399405 0.0001854780191692512
17.79999999999937 -0.0002179394624063668 0.0002069734552761224
17.80277777777715 -0.0001968937624802259 0.0002264708561270425
17.80555555555492 -0.0001741399150875031 0.0002438029737760178
17.8083333333327 -0.0001499022569726329 0.0002588247494839666
17.81111111111048 -0.0001244168491963028 0.000271414427764897
17.81388888888825 -9.792905988746367e-05 0.000281474425304932
17.81666666666603 -7.069109344956737e-05 0.0002889319504380146
17.81944444444381 -4.295949169484719e-05 0.0002937393715045665
17.82222222222158 -1.499263222578269e-05 0.0002958743349630154
17.82499999999936 1.295175120424864e-05 0.000295339636660973
17.82777777777714 4.061900224740656e-05 0.0002921628520624445
17.83055555555491 6.775990638623317e-05 0.0002863957335434549
17.83333333333269 9.413296427981253e-05 0.0002781133850256707
17.83611111111047 0.0001195065535122071 0.0002674132262265054
17.83888888888824 0.0001436609597309452 0.0002544137606456192
17.84166666666602 0.0001663902599021713 0.0002392531630511504
17.84444444444379 0.0001875040422200666 0.0002220877036912281
17.84722222222157 0.0002068289491933496 0.0002030900276822847
17.84999999999935 0.0002242100324365475 0.0001824473090749508
17.85277777777712 0.0002395119098361171 0.0001603592998813671
17.8555555555549 0.0002526197178877768 0.000137036294947385
17.85833333333268 0.0002634398541817479 0.0001126970339075098
17.86111111111045 0.0002719005071853373 8.756656158068626e-05
17.86388888888823 0.0002779519725921283 6.187406812843856e-05
17.86666666666601 0.0002815667576300798 3.585072995448122e-05
17.86944444444378 0.000282739476727008 9.727571879004371e-06
17.87222222222156 0.0002814865438877057 -1.626662957956896e-05
17.87499999999934 0.0002778456689754273 -4.190738284732619e-05
17.87777777777711 0.0002718751668128706 -6.697643990079113e-05
17.88055555555489 0.0002636530896089809 -9.126366007189684e-05
17.88333333333266 0.0002532761946682523 -0.000114568763569599
17.88611111111044 0.0002408587606261879 -0.0001367029606934696
17.88888888888822 0.0002265312665863277 -0.0001574904442179397
17.89166666666599 0.0002104389494929448 -0.0001767697340418292
17.89444444444377 0.0001927402558603034 -0.0001943948648667181
17.89722222222155 0.0001736052045755124 -0.0002102364093960098
17.89999999999932 0.0001532136779370994 -0.0002241823312684928
17.9027777777771 0.0001317536583274761 -0.0002361386637119082
17.90555555555488 0.0001094194280065008 -0.0002460300116320755
17.90833333333265 8.640974940399991e-05 -0.0002537998765813206
17.91111111111043 6.292604305602757e-05 -0.0002594108057116623
17.91388888888821 3.917057988347736e-05 -0.0002628443674529212
17.91666666666598 1.534470397701453e-05 -0.0002641009581894137
17.91944444444376 -8.352898666466367e-06 -0.0002631994456804171
17.92222222222154 -3.172787082858819e-05 -0.0002601766563342749
17.92499999999931 -5.459178050252775e-05 -0.0002550867147082262
17.92777777777709 -7.676363043529313e-05 -0.0002480002447519262
17.93055555555486 -9.807126928554817e-05 -0.000239003443336669
17.93333333333264 -0.0001183526941093662 -0.0002281970375073661
17.93611111111042 -0.0001374572351625829 -0.0002156951376550217
17.93888888888819 -0.0001552466153239835 -0.0002016239994349551
17.94166666666597 -0.0001715958778079579 -0.0001861207077363784
17.94444444444375 -0.000186394177191763 -0.0001693317963676478
17.94722222222152 -0.0001995454301788041 -0.0001514118173218499
17.9499999999993 -0.0002109688238822877 -0.0001325218735660155
17.95277777777708 -0.0002205991807621118 -0.0001128281292462426
17.95555555555485 -0.0002283871806732125 -9.25003110107353e-05
17.95833333333263 -0.0002342994417535695 -7.171021385335157e-05
17.96111111111041 -0.0002383184631019775 -5.063022445880433e-05
17.96388888888818 -0.0002404424333494861 -2.943187450927066e-05
17.96666666666596 -0.0002406849103121784 -8.284435790910037e-06
17.96944444444373 -0.0002390743779159885 1.26464317825817e-05
17.97222222222151 -0.0002356536874961451 3.319996889146947e-05
17.97499999999929 -0.0002304793913961892 5.322153281080424e-05
17.97777777777706 -0.0002236209775162026 7.256373213029509e-05
17.98055555555484 -0.000215160014079406 9.108747262292573e-05
17.98333333333262 -0.0002051892144090167 0.0001086629076748102
17.98611111111039 -0.0001938114319178829 0.0001251702877418186
17.98888888888817 -0.0001811385958236645 0.0001405007043400766
17.99166666666595 -0.00016729059830998 0.0001545567251334551
17.99444444444372 -0.0001523941439500419 0.0001672529177446272
17.9972222222215 -0.0001365815722160666 0.0001785162609488387
17.99999999999928 -0.0001199896638045907 0.0001882864429309172
18.00277777777705 -0.000102758441312772 0.0001965160472812449
18.00555555555483 -8.502997453626584e-05 0.0002031706283482028
18.0083333333326 -6.694720029849754e-05 0.0002082286784750076
18.01111111111038 -4.865276628504193e-05 0.0002116814905019081
18.01388888888816 -3.028790786408196e-05 0.0002135329197053315
18.01666666666593 -1.199136630432884e-05 0.0002137990500801175
18.01944444444371 6.101643815626772e-06 0.0002125077705334418
18.02222222222149 2.386041087784438e-05 0.0002096982671510282
18.02499999999926 4.115963975020951e-05 0.0002054204382152251
18.02777777777704 5.788029688290333e-05 0.0001997342390970246
18.03055555555482 7.391038205102782e-05 0.0001927089645094666
18.03333333333259 8.914562259844589e-05 0.0001844224758976166
18.03611111111037 0.000103490086823167 0.000174960381951767
18.03888888888815 0.0001168567139368507 0.0001644151803635473
18.04166666666592 0.0001291677588112739 0.0001528853690057526
18.0444444444437 0.0001403551504982838 0.0001404745347032705
18.04722222222147 0.0001503607642629478 0.0001272904276798585
18.04999999999925 0.000159136607598107 0.0001134440296166778
18.05277777777703 0.0001666449213862523 9.904862304935685e-05
18.0555555555548 0.0001728581980415398 8.421886955784325e-05
18.05833333333258 0.0001777591190879235 6.906990388132073e-05
18.06111111111036 0.0001813404152105044 5.37164507199748e-05
18.06388888888813 0.0001836046523536645 3.827197056724887e-05
18.06666666666591 0.0001845639479244187 2.284784046030474e-05
18.06944444444369 0.0001842396215915789 7.552575055291406e-06
18.07222222222146 0.0001826617855535129 -7.508907087956095e-06
18.07499999999924 0.0001798688794708727 -2.223596766364227e-05
18.07777777777702 0.0001759071555308938 -3.653287941853626e-05
18.08055555555479 0.000170830119323855 -5.030940036629609e-05
18.08333333333257 0.0001646979323712651 -6.348128875323019e-05
18.08611111111034 0.0001575767822496688 -7.597075668886504e-05
18.08888888888812 0.0001495382263048259 -8.770686092084835e-05
18.0916666666659 0.0001406585149511791 -9.862582979187601e-05
18.09444444444367 0.0001310179005019688 -0.0001086713259623012
18.09722222222145 0.0001206999373773769 -0.0001177946450122801
18.09999999999923 0.0001097907793969576 -0.0001259548505434109
18.102777777777 9.837847968369562e-05 -0.0001331188468801949
18.10555555555478 8.655229847855225e-05 -0.0001392613909342942
18.10833333333256 7.440202391801306e-05 -0.0001443650452111275
18.11111111111033 6.201731053215152e-05 -0.0001484200743380049
18.11388888888811 4.94870399130751e-05 -0.00015142428784622
18.11666666666589 3.689870766037287e-05 -0.0001533828322646482
18.11944444444366 2.433784035664924e-05 -0.000154307935865
18.12222222222144 1.188744594577493e-05 -0.000154218609647081
18.12499999999921 -3.724994904633099e-07 -0.0001531403083583666
18.12777777777699 -1.23655259693265e-05 -0.0001511045555135729
18.13055555555477 -2.401910265880393e-05 -0.0001481485365088929
18.13333333333254 -3.526502795487727e-05 -0.0001443146640193505
18.13611111111032 -4.603977519100407e-05 -0.0001396501199231988
18.1388888888881 -5.628479298540741e-05 -0.0001342063780164476
18.14166666666587 -6.59467596148357e-05 -0.0001280387117664585
18.14444444444365 -7.497779118296391e-05 -0.0001212056913050236
18.14722222222143 -8.333560371378976e-05 -0.0001137686737818
18.1499999999992 -9.098362964592397e-05 -0.0001057912910915803
18.15277777777698 -9.789108953571741e-05 -9.73389388511947e-05
18.15555555555476 -0.0001040330200826399 -8.847827034421571e-05
18.15833333333253 -0.0001093902598819473 -7.927669896554944e-05
18.16111111111031 -0.0001139493945718173 -6.980191249722119e-05
18.16388888888808 -0.0001177026632842894 -6.012140232497242e-05
18.16666666666586 -0.0001206478285248634 -5.030201047047047e-05
18.16944444444364 -0.0001227880117965231 -4.040949706507807e-05
18.17222222222141 -0.0001241314974481358 -3.050813063381648e-05
18.17499999999919 -0.0001246915073657496 -2.066030329240984e-05
18.17777777777697 -0.0001244859492376045 -1.092617269128361e-05
18.18055555555474 -0.000123537141210784 -1.363332263899486e-06
18.18333333333252 -0.0001218715158180521 7.9734889307784e-06
18.1861111111103 -0.0001195193060907238 1.703269576007388e-05
18.18888888888807 -0.0001165142167860474 2.57660652130582e-05
18.19166666666585 -0.0001128930836472809 3.412895275690502e-05
18.19444444444363 -0.0001086955235835346 4.208046661998131e-05
18.1972222222214 -0.0001039635786030868 4.95836100175387e-05
18.19999999999918 -9.874135626377263e-05 5.660539156523764e-05
18.20277777777696 -9.307466931347125e-05 6.311690435178542e-05
18.20555555555473 -8.70106770892287e-05 6.9093374348206e-05
18.20833333333251 -8.059753112275426e-05 7.451417902708736e-05
18.21111111111028 -7.388402726746228e-05 7.93628372437411e-05
18.21388888888806 -6.691926651704808e-05 8.362697159547583e-05
18.21666666666584 -5.975232653142222e-05 8.729824462213421e-05
18.21944444444361 -5.24319457228472e-05 9.037227034177965e-05
18.22222222222139 -4.500622158775127e-05 9.284850272814967e-05
18.22499999999917 -3.752232479223831e-05 9.473010283507857e-05
18.22777777777694 -3.002623034635847e-05 9.602378635026705e-05
18.23055555555472 -2.256246701910529e-05 9.6739653425746e-05
18.2333333333325 -1.517388596924113e-05 9.689100267754188e-05
18.23611111111027 -7.901449387161224e-06 9.649413127807816e-05
18.23888888888805 -7.840397669322877e-07 9.556812307963331e-05
18.24166666666583 6.141709744658445e-06 9.413462670718192e-05
18.2444444444436 1.284156364378505e-05 9.221762554499521e-05
18.24722222222138 1.92838108940635e-05 8.984320151375825e-05
18.24999999999915 2.543937031877684e-05 8.703929449529189e-05
18.25277777777693 3.128187474969632e-05 8.383545921000569e-05
18.25555555555471 3.678773425959028e-05 8.026262129031361e-05
18.25833333333248 4.193617893757658e-05 7.635283422122451e-05
18.26111111111026 4.670928178826872e-05 7.213903873846917e-05
18.26388888888804 5.109196244656251e-05 6.765482618682959e-05
18.26666666666581 5.507197250250316e-05 6.293420724589437e-05
18.26944444444359 5.863986332118364e-05 5.801138733032574e-05
18.27222222222137 6.178893732293052e-05 5.29205498669759e-05
18.27499999999914 6.451518375992576e-05 4.769564854139189e-05
18.27777777777692 6.68172000825788e-05 4.237020949718994e-05
18.2805555555547 6.869610003971091e-05 3.69771443563547e-05
18.28333333333247 7.015540969295375e-05 3.154857481699728e-05
18.28611111111025 7.120095255452526e-05 2.611566947095502e-05
18.28888888888802 7.184072507582317e-05 2.07084933701093e-05
18.2916666666658 7.208476372212476e-05 1.535587076148801e-05
18.29444444444358 7.194500486893367e-05 1.008526130099851e-05
18.29722222222135 7.143513874603052e-05 4.922649951322817e-06
18.29999999999913 7.057045863814386e-05 -1.075493325025125e-07
18.30277777777691 6.936770652642505e-05 -4.982576122682487e-06
18.30555555555468 6.784491632307011e-05 -9.681392330814145e-06
18.30833333333246 6.60212558132854e-05 -1.418473748505733e-05
18.31111111111024 6.391686837457979e-05 -1.847517072885386e-05
18.31388888888801 6.155271549445768e-05 -2.253709987198081e-05
18.31666666666579 5.895042105329241e-05 -2.635679789655953e-05
18.31944444444357 5.613211828194291e-05 -2.992240738269149e-05
18.32222222222134 5.312030024190587e-05 -3.322393337744791e-05
18.32499999999912 4.993767461262347e-05 -3.625322528043751e-05
18.32777777777689 4.660702350369781e-05 -3.900394836511593e-05
18.33055555555467 4.315106894331938e-05 -4.147154559146935e-05
18.33333333333245 3.959234462414892e-05 -4.365319039916564e-05
18.33611111111022 3.595307442048047e-05 -4.554773119384323e-05
18.338888888888 3.225505811997074e-05 -4.715562826004221e-05
18.34166666666578 2.851956474575965e-05 -4.847888384662511e-05
18.34444444444355 2.476723377696706e-05 -4.952096617855437e-05
18.34722222222133 2.101798450896626e-05 -5.028672815129029e-05
18.34999999999911 1.729093373122839e-05 -5.078232146063668e-05
18.35277777777688 1.36043218378134e-05 -5.101510691333839e-05
18.35555555555466 9.975447425635387e-06 -5.099356165123763e-05
18.35833333333244 6.420610379259126e-06 -5.072718400499605e-05
18.36111111111021 2.955063385924535e-06 -5.022639667300865e-05
18.36388888888799 -4.070282255042147e-07 -4.950244889689711e-05
18.36666666666576 -3.652618476034956e-06 -4.856731827777426e-05
18.36944444444354 -6.76980475700073e-06 -4.743361284730268e-05
18.37222222222132 -9.747844117656223e-06 -4.611447397509912e-05
18.37499999999909 -1.257716209600833e-05 -4.462348065919654e-05
18.37777777777687 -1.524935440071436e-05 -4.297455571006488e-05
18.38055555555465 -1.775718178211821e-05 -4.118187430061988e-05
18.38333333333242 -2.009455845529583e-05 -3.925977531591103e-05
18.3861111111102 -2.225653445999484e-05 -3.722267589644881e-05
18.38888888888798 -2.423927236053309e-05 -3.508498952894706e-05
18.39166666666575 -2.604001870297409e-05 -3.286104799812104e-05
18.39444444444353 -2.765707065819083e-05 -3.056502747289163e-05
18.39722222222131 -2.908973828681669e-05 -2.821087896081749e-05
18.39999999999908 -3.033830286684371e-05 -2.581226332523631e-05
18.40277777777686 -3.140397172583433e-05 -2.338249102139212e-05
18.40555555555463 -3.228883001802934e-05 -2.093446667099889e-05
18.40833333333241 -3.29957898827741e-05 -1.848063855815288e-05
18.41111111111019 -3.352853741350061e-05 -1.60329530955077e-05
18.41388888888796 -3.389147785744208e-05 -1.360281427657519e-05
18.41666666666574 -3.408967945495193e-05 -1.120104809876372e-05
18.41944444444352 -3.412881631399265e-05 -8.837871912078292e-06
18.42222222222129 -3.401511070008515e-05 -6.522868621735499e-06
18.42499999999907 -3.375527510563743e-05 -4.264965646176679e-06
18.42777777777685 -3.335645444427931e-05 -2.072418509594183e-06
18.43055555555462 -3.282616869677163e-05 4.720107391442654e-08
18.4333333333324 -3.217225631484046e-05 2.087012786947342e-06
18.43611111111018 -3.140281866826305e-05 4.040831145347916e-06
18.43888888888795 -3.05261657990222e-05 5.903164979299399e-06
18.44166666666573 -2.955076372421832e-05 7.669213166887861e-06
18.4444444444435 -2.848518350723097e-05 9.33485683872152e-06
18.44722222222128 -2.733805229413567e-05 1.089664828166129e-05
18.44999999999906 -2.61180064901264e-05 1.235179677663244e-05
18.45277777777683 -2.483364722835945e-05 1.369815161111294e-05
18.45555555555461 -2.349349826195786e-05 1.493418251011524e-05
18.45833333333239 -2.21059663883827e-05 1.605895773150113e-05
18.46111111111016 -2.067930449448355e-05 1.707212007174585e-05
18.46388888888794 -1.922157729043435e-05 1.797386102676985e-05
18.46666666666572 -1.774062978118292e-05 1.876489334992891e-05
18.46944444444349 -1.6244058505343e-05 1.944642224517777e-05
18.47222222222127 -1.473918555392299e-05 2.002011542802575e-05
18.47499999999905 -1.323303536403473e-05 2.048807228084363e-05
18.47777777777682 -1.173231426738718e-05 2.085279232136541e-05
18.4805555555546 -1.024339275823076e-05 2.111714319522196e-05
18.48333333333238 -8.772290431860841e-06 2.12843283941804e-05
18.48611111111015 -7.324663532126773e-06 2.135785489203598e-05
18.48888888888793 -5.905795034893292e-06 2.134150087978344e-05
18.4916666666657 -4.520587183955674e-06 2.123928377087608e-05
18.49444444444348 -3.173556386667159e-06 2.105542863618226e-05
18.49722222222126 -1.868830368316885e-06 2.079433721675201e-05
18.49999999999903 -6.101474771397362e-07 2.046055765080771e-05
18.50277777777681 5.991419741943384e-07 2.00587550395438e-05
