16.5 1.11563537633131e-07 -1.856241525128467e-07
16.50277777777778 5.409091118658776e-08 -2.170464859762279e-07
16.50555555555555 -1.21595171070323e-08 -2.306966112248095e-07
16.50833333333333 -8.169906243292556e-08 -2.241467826443427e-07
16.51111111111111 -1.483758099308433e-07 -1.966621566022144e-07
16.51388888888888 -2.058960725913029e-07 -1.493791671042646e-07
16.51666666666666 -2.483928522918623e-07 -8.532349752917678e-08
16.51944444444444 -2.709920319587194e-07 -9.255603315236489e-09
16.52222222222221 -2.703240619320632e-07 7.265314642883687e-08
16.52499999999999 -2.449305673060204e-07 1.532948422997541e-07
16.52777777777776 -1.95521736428902e-07 2.252159890492551e-07
16.53055555555554 -1.250512629721314e-07 2.812782071072848e-07
16.53333333333332 -3.85902817513906e-08 3.153324426625713e-07
16.53611111111109 5.700095399406448e-08 3.228456273978644e-07
16.53888888888887 1.535863886058802e-07 3.014192262401792e-07
16.54166666666665 2.42417111525174e-07 2.511452149455575e-07
16.54444444444442 3.148925932025991e-07 1.747565281110147e-07
16.5472222222222 3.63356604726671e-07 7.754519049174537e-08
16.54999999999998 3.818570360469318e-07 -3.295900747030817e-08
16.55277777777775 3.66797705576147e-07 -1.475348977131607e-07
16.55555555555553 3.174156695753688e-07 -2.56005444104597e-07
16.55833333333331 2.360293995847854e-07 -3.481068441302587e-07
16.56111111111108 1.280208075425995e-07 -4.144199913858985e-07
16.56388888888886 1.536196345087632e-09 -4.472829335343901e-07
16.56666666666663 -1.330839567324859e-07 -4.415996677557244e-07
16.56944444444441 -2.641110287143776e-07 -3.954648860464961e-07
16.57222222222219 -3.79410970273762e-07 -3.105361860463383e-07
16.57499999999996 -4.675247933427138e-07 -1.921041718453226e-07
16.57777777777774 -5.187541271318467e-07 -4.883547409537681e-08
16.58055555555552 -5.261530177902059e-07 1.078078920428093e-07
16.58333333333329 -4.86329698928412e-07 2.644396135410435e-07
16.58611111111107 -3.999735783957693e-07 4.068488308187407e-07
16.58888888888885 -2.720426548467997e-07 5.212421398494283e-07
16.59166666666662 -1.11573673494761e-07 5.955232176480274e-07
16.5944444444444 6.889050068521472e-08 6.204957024793995e-07
16.59722222222218 2.542272140160721e-07 5.908750882031376e-07
16.59999999999995 4.279509712329328e-07 5.060059650761838e-07
16.60277777777773 5.736276363413827e-07 3.702016097381624e-07
16.6055555555555 6.763689757384647e-07 1.926524025998102e-07
16.60833333333328 7.24276357041717e-07 -1.311434292108123e-08
16.61111111111106 7.096992661825071e-07 -2.302007265265614e-07
16.61388888888883 6.301832192164059e-07 -4.39668238273721e-07
16.61666666666661 4.890025164074992e-07 -6.221320342372596e-07
16.61944444444439 2.952049076269362e-07 -7.59490284968408e-07
16.62222222222216 6.313535100734443e-08 -8.366395021386447e-07
16.62499999999994 -1.885485139838132e-07 -8.430192974773178e-07
16.62777777777772 -4.383096262193765e-07 -7.738363926564013e-07
16.63055555555549 -6.635097088159107e-07 -6.308380966805331e-07
16.63333333333327 -8.423912835958822e-07 -4.225388484343863e-07
16.63611111111105 -9.560956839289363e-07 -1.638474920897788e-07
16.63888888888882 -9.905363009156499e-07 1.249056873070898e-07
16.6416666666666 -9.379490224370931e-07 4.194887484227071e-07
16.64444444444437 -7.97960873279336e-07 6.937286281311645e-07
16.64722222222215 -5.780524321042293e-07 9.217603323425498e-07
16.64999999999993 -2.933374243358358e-07 1.080377851369442e-06
16.6527777777777 3.435962731311059e-08 1.151280011064275e-06
16.65555555555548 3.780843473794855e-07 1.12300224163672e-06
16.65833333333326 7.078866421272604e-07 9.923418359442029e-07
16.66111111111103 9.933466227495852e-07 7.651192259055207e-07
16.66388888888881 1.206286399041729e-06 4.561689835558976e-07
16.66666666666659 1.323433462295628e-06 8.851791438380237e-08
16.66944444444436 1.328792634043519e-06 -3.082213223923425e-07
16.67222222222214 1.215496313346866e-06 -7.001401878801136e-07
16.67499999999992 9.869370401340596e-07 -1.05183961691022e-06
16.67777777777769 6.570402858534935e-07 -1.329526683851818e-06
16.68055555555547 2.496050837712616e-07 -1.504139830288372e-06
16.68333333333324 -2.032798210005713e-07 -1.554222826321322e-06
16.68611111111102 -6.636528617778757e-07 -1.468274887576256e-06
16.6888888888888 -1.090758058712906e-06 -1.246336615197175e-06
16.69166666666657 -1.444544453189101e-06 -9.006271074805401e-07
16.69444444444435 -1.68929504740034e-06 -4.551229469496804e-07
16.69722222222213 -1.797066214159812e-06 5.594094726624605e-08
16.6999999999999 -1.750618288050656e-06 5.905727036794465e-07
16.70277777777768 -1.545546538069607e-06 1.102356987527155e-06
16.70555555555546 -1.191377919648939e-06 1.5443664895767e-06
16.70833333333323 -7.114793202703914e-07 1.873331711364121e-06
16.71111111111101 -1.417214917781284e-07 2.053709005467766e-06
16.71388888888879 4.720484037680816e-07 2.061276720619986e-06
16.71666666666656 1.077562966395371e-06 1.885911926343609e-06
16.71944444444434 1.620455853182528e-06 1.53325523599791e-06
16.72222222222211 2.049002027324406e-06 1.025055459160239e-06
16.72499999999989 2.318874957338646e-06 3.980931472805147e-07
16.72777777777767 2.397496075724987e-06 -2.982958909267632e-07
16.73055555555544 2.267566028468485e-06 -1.005949534352449e-06
16.73333333333322 1.929419011723972e-06 -1.66259333670225e-06
16.736111111111 1.401928091620049e-06 -2.207170036647096e-06
16.73888888888877 7.218048600990215e-07 -2.58534079041813e-06
16.74166666666655 -5.872778030172414e-08 -2.754675955117689e-06
16.74444444444433 -8.75766606668233e-07 -2.689056065862288e-06
16.7472222222221 -1.658799057964975e-06 -2.381849498579048e-06
16.74999999999988 -2.336626140987782e-06 -1.847520272962327e-06
16.75277777777766 -2.843653267053194e-06 -1.121441823573059e-06
16.75555555555543 -3.126007479541942e-06 -2.578411875150153e-07
16.75833333333321 -3.146927443763992e-06 6.74039049825656e-07
16.76111111111098 -2.8909093020066e-06 1.59531039359688e-06
16.76388888888876 -2.366176207282712e-06 2.423939843734187e-06
16.76666666666654 -1.60516686274006e-06 3.081862270438307e-06
16.76944444444431 -6.628994494258644e-07 3.502102383428905e-06
16.77222222222209 3.867507926414221e-07 3.635273920714712e-06
16.77499999999987 1.456634557503045e-06 3.454847486828817e-06
16.77777777777764 2.453369582452876e-06 2.960657649952289e-06
16.78055555555542 3.285287835681047e-06 2.180250119496443e-06
16.7833333333332 3.870628925936684e-06 1.167841962127826e-06
16.78611111111097 4.145265460094548e-06 8.685846192924011e-10
16.78888888888875 4.069252497169541e-06 -1.225695869047173e-06
16.79166666666653 3.631562884910715e-06 -2.406851353063169e-06
16.7944444444443 2.852499973132987e-06 -3.436342830634957e-06
16.79722222222208 1.783460331840519e-06 -4.21597456590548e-06
16.79999999999986 5.039380272755598e-07 -4.664670260859858e-06
16.80277777777763 -8.840989195071865e-07 -4.726465423892519e-06
16.80555555555541 -2.264090321012968e-06 -4.376673651361188e-06
16.80833333333318 -3.514436684124837e-06 -3.625593648788449e-06
16.81111111111096 -4.518960024416906e-06 -2.519311014536334e-06
16.81388888888874 -5.177392797888049e-06 -1.137384378563225e-06
16.81666666666651 -5.414970754375819e-06 4.125291784816517e-07
16.81944444444429 -5.190240832758689e-06 2.002781522670455e-06
16.82222222222207 -4.500310799689309e-06 3.49598897602986e-06
16.82499999999984 -3.382956680488975e-06 4.756634094856308e-06
16.82777777777762 -1.915253805758541e-06 5.663055453184216e-06
16.8305555555554 -2.086881975736618e-07 6.118788102901658e-06
16.83333333333317 1.598986782070698e-06 6.062226224707187e-06
16.83611111111095 3.35458454364145e-06 5.473679484013677e-06
16.83888888888873 4.902183091539531e-06 4.379081095972941e-06
16.8416666666665 6.096657273455298e-06 2.849866056964841e-06
16.84444444444428 6.816895401969507e-06 9.988527867623683e-07
16.84722222222205 6.977525210054226e-06 -1.027694765043643e-06
16.84999999999983 6.538051431623148e-06 -3.061303670509386e-06
16.85277777777761 5.508484718049311e-06 -4.924992816941948e-06
16.85555555555538 3.950807961013505e-06 -6.448349251778434e-06
16.85833333333316 1.97596190249659e-06 -7.482721406818197e-06
16.86111111111094 -2.63589296245759e-07 -7.915203548895868e-06
16.86388888888871 -2.585261503669935e-06 -7.680132274160356e-06
16.86666666666649 -4.790903965268981e-06 -6.766976702504134e-06
16.86944444444427 -6.683370917874888e-06 -5.223770126611833e-06
16.87222222222204 -8.083752801402155e-06 -3.155583458630865e-06
16.87499999999982 -8.847790498511075e-06 -7.179527090212194e-07
16.8777777777776 -8.88000236331277e-06 1.894389647124922e-06
16.88055555555537 -8.144189185854659e-06 4.462703488568467e-06
16.88333333333315 -6.669240376696178e-06 6.762197459228467e-06
16.88611111111092 -4.549528197284761e-06 8.581308261204152e-06
16.8888888888887 -1.939618472998358e-06 9.740679757346252e-06
16.89166666666648 9.5648943155087e-07 1.011017467954351e-05
16.89444444444425 3.900894096337192e-06 9.622351406022057e-06
16.89722222222203 6.64094952322e-06 8.281079106999977e-06
16.89999999999981 8.930537982391587e-06 6.164331460546948e-06
16.90277777777758 1.055169879346846e-05 3.420665340747206e-06
16.90555555555536 1.133474775264583e-05 2.594198095923421e-07
16.90833333333314 1.117507422504637e-05 -3.064781165223929e-06
16.91111111111091 1.004501539815803e-05 -6.272118631250351e-06
16.91388888888869 7.999567932498938e-06 -9.080711773688743e-06
16.91666666666647 5.175180909598259e-06 -1.123091535015055e-05
16.91944444444424 1.781443462441148e-06 -1.250872293795811e-05
16.92222222222202 -1.913910315752172e-06 -1.276620950080674e-05
16.92499999999979 -5.605659075181804e-06 -1.193711809624166e-05
16.92777777777757 -8.975861073322619e-06 -1.004603853861628e-05
16.93055555555535 -1.17207565610503e-05 -7.210117611936832e-06
16.93333333333312 -1.357756611323386e-05 -3.632844230417821e-06
16.9361111111109 -1.434886293037114e-05 4.098792036461126e-07
16.93888888888868 -1.392231277711783e-05 4.590491542652299e-06
16.94166666666645 -1.228388674074749e-05 8.555839365326705e-06
16.94444444444423 -9.523140121575403e-06 1.195652026900375e-05
16.94722222222201 -5.829780146089372e-06 1.447710300740095e-05
16.94999999999978 -1.481466817596152e-06 1.586465266120056e-05
16.95277777777756 3.176453823696317e-06 1.595303287730535e-05
16.95555555555534 7.757860548864173e-06 1.468072136216519e-05
16.95833333333311 1.186735883339529e-05 1.210034495883919e-05
16.96111111111089 1.51338439084093e-05 8.378784069933916e-06
16.96388888888866 1.72433181372381e-05 3.787463945886355e-06
16.96666666666644 1.796811041981653e-05 -1.316719147297637e-06
16.96944444444422 1.718984411780343e-05 -6.518564983021431e-06
16.97222222222199 1.491393516696677e-05 -1.137781186977668e-05
16.97499999999977 1.127404500163383e-05 -1.546583624888777e-05
16.97777777777755 6.52571603778234e-06 -1.840279311185815e-05
16.98055555555532 1.029317522779982e-06 -1.989202754718942e-05
16.9833333333331 -4.776647372134056e-06 -1.974870122199133e-05
16.98611111111088 -1.040995491287013e-05 -1.791995817189172e-05
16.98888888888865 -1.538414126120479e-05 -1.449457905834497e-05
16.99166666666643 -1.924986213696704e-05 -9.700897318844081e-06
16.99444444444421 -2.163466310527206e-05 -3.892710833242842e-06
16.99722222222198 -2.227769850654644e-05 2.476058698794737e-06
16.99999999999976 -2.105624082753563e-05 8.886214905633315e-06
17.00277777777753 -1.800140798224009e-05 1.47950222141137e-05
17.00555555555531 -1.330136345448535e-05 1.968151960836451e-05
17.00833333333309 -7.29125126865936e-06 2.309167718266349e-05
17.01111111111086 -4.302343956464639e-07 2.467953680818992e-05
17.01388888888864 6.732879810857837e-06 2.424068073222436e-05
17.01666666666642 1.360291541736888e-05 2.173489433071276e-05
17.01944444444419 1.958714302414474e-05 1.729569812953071e-05
17.02222222222197 2.414567900280022e-05 1.122546046845915e-05
17.02499999999975 2.683923709045251e-05 3.975985151656233e-06
17.02777777777752 2.737007534874911e-05 -3.884297884085804e-06
17.0305555555553 2.561241344111839e-05 -1.171423007990129e-05
17.03333333333308 2.162935975323738e-05 -1.885157592795984e-05
17.03611111111085 1.567443127571404e-05 -2.46683179817097e-05
17.03888888888863 8.176991932701909e-06 -2.862503073235967e-05
17.0416666666664 -2.877219748342391e-07 -3.031968808604631e-05
17.04444444444418 -9.041988368156411e-06 -2.952657076352675e-05
17.04722222222196 -1.735918963847706e-05 -2.622163062549172e-05
17.04999999999973 -2.452342219445274e-05 -2.059169265243711e-05
17.05277777777751 -2.989028736848897e-05 -1.302615612694532e-05
17.05555555555529 -3.294376081888672e-05 -4.091294131840757e-06
17.05833333333306 -3.334419669721835e-05 5.511272182892515e-06
17.06111111111084 -3.096310650518626e-05 1.499895516928125e-05
17.06388888888862 -2.590132512051069e-05 2.357128116147063e-05
17.06666666666639 -1.848846810913517e-05 3.047663829198328e-05
17.06944444444417 -9.263095996031395e-06 3.507718263356772e-05
17.07222222222195 1.06538836434033e-06 3.690636674798691e-05
17.07499999999972 1.167050703389885e-05 3.57139951132925e-05
17.0777777777775 2.167412929850153e-05 3.149459626921526e-05
17.08055555555528 3.021842554416085e-05 2.449617112011272e-05
17.08333333333305 3.653851211632547e-05 1.520793547212094e-05
17.08611111111083 4.002969945796519e-05 4.327399922053947e-06
17.0888888888886 4.030351430802714e-05 -7.29111885533611e-06
17.09166666666638 3.722742479092984e-05 -1.870283159371028e-05
17.09444444444416 3.094440638776484e-05 -2.894856353803357e-05
17.09722222222193 2.187005900514208e-05 -3.713452257121898e-05
17.09999999999971 1.066679927299122e-05 -4.250917483120918e-05
17.10277777777749 -1.803437629493992e-06 -4.453069074576585e-05
17.10555555555526 -1.45447038229439e-05 -4.291901155757568e-05
17.10833333333304 -2.650584007063498e-05 -3.768769149984542e-05
17.11111111111082 -3.666639381864166e-05 -2.915221645327307e-05
17.11388888888859 -4.412268864449737e-05 -1.791336942427017e-05
17.11666666666637 -4.816685384942184e-05 -4.816259096048397e-06
17.11944444444415 -4.835199305825143e-05 9.112316562367899e-06
17.12222222222192 -4.453762343876406e-05 2.27436063433797e-05
17.1249999999997 -3.691098967881465e-05 3.49376089319528e-05
17.12777777777747 -2.598174087292988e-05 4.4637510186438e-05
17.13055555555525 -1.254960803913101e-05 5.096009394454874e-05
17.13333333333303 2.353037244751086e-06 5.327447142505475e-05
17.1361111111108 1.753971167140897e-05 5.126222270322318e-05
17.13888888888858 3.176352856109769e-05 4.495339059193374e-05
17.14166666666636 4.381874034887022e-05 3.473461693582321e-05
17.14444444444413 5.26419039272819e-05 2.132792345526079e-05
17.14722222222191 5.740425161471749e-05 5.741039289303602e-06
17.14999999999969 5.758734009485481e-05 -1.080742979300406e-05
17.15277777777746 5.303521323497392e-05 -2.698250972362178e-05
17.15555555555524 4.397807382321887e-05 -4.143977234160825e-05
17.15833333333302 3.102468372556495e-05 -5.293614793431175e-05
17.16111111111079 1.512322919286761e-05 -6.043556575477745e-05
17.16388888888857 -2.507003525135688e-06 -6.320052748961548e-05
17.16666666666634 -2.046831199767951e-05 -6.086163744401451e-05
17.16944444444412 -3.729463872615592e-05 -5.345871900183597e-05
17.1722222222219 -5.157039644068581e-05 -4.14493245860225e-05
17.17499999999967 -6.204848362879394e-05 -2.568303019509158e-05
17.17777777777745 -6.775772301897495e-05 -7.342691874792897e-06
17.18055555555523 -6.809056605387385e-05 1.214339561699236e-05
17.183333333333 -6.286329063780195e-05 3.121198782536495e-05
17.18611111111078 -5.234298295450497e-05 4.828953481786817e-05
17.18888888888856 -3.723818350728505e-05 6.192109442308139e-05
17.19166666666633 -1.865299187698709e-05 7.089301513970888e-05
17.19444444444411 1.992568764672171e-06 7.433912726047436e-05
17.19722222222189 2.307027381078404e-05 7.18212715141911e-05
17.19999999999966 4.287139343845933e-05 6.337686940596143e-05
17.20277777777744 5.974439760067577e-05 4.952876316751219e-05
17.20555555555521 7.223162603063916e-05 3.125553362013326e-05
17.20833333333299 7.919368322935792e-05 9.92370674195831e-06
17.21111111111077 7.991104205535865e-05 -1.281357419864068e-05
17.21388888888854 7.415394583275339e-05 -3.514396611791208e-05
17.21666666666632 6.221407687820905e-05 -5.523966179460539e-05
17.2194444444441 4.489443186306815e-05 -7.140609155350522e-05
17.22222222222187 2.345718120113862e-05 -8.222355146778497e-05
17.22499999999965 -4.672749170427503e-07 -8.667000243017039e-05
17.22777777777743 -2.500358696463605e-05 -8.421453888034825e-05
17.2305555555552 -4.817780437654491e-05 -7.487317070405133e-05
17.23333333333298 -6.807541418114858e-05 -5.922144151714956e-05
17.23611111111076 -8.299846521370967e-05 -3.836180204174987e-05
17.23888888888853 -9.160894830351832e-05 -1.38473021480084e-05
17.24166666666631 -9.304642151709517e-05 1.24332334366128e-05
17.24444444444408 -8.700968828345846e-05 3.840011846235878e-05
17.24722222222186 -7.379502866566767e-05 6.194673152715316e-05
17.24999999999964 -5.428684950110876e-05 8.110957444396055e-05
17.25277777777741 -2.990039754076319e-05 9.423078631688102e-05
17.25555555555519 -2.48007164073595e-06 0.000100099738605178
17.25833333333297 2.583943958649476e-05 9.806173409522431e-05
17.26111111111074 5.27987847474145e-05 8.808423611263399e-05
17.26388888888852 7.619352500307567e-05 7.077428918462538e-05
17.2666666666663 9.405342482054764e-05 4.734461293311925e-05
17.26944444444407 0.000104806934415135 1.952995862952985e-05
17.27222222222185 0.0001074172225221776 -1.054061554820737e-05
17.27499999999963 0.0001014781263349226 -4.050620041621593e-05
17.2777777777774 8.726137954868339e-05 -6.795885893398617e-05
17.28055555555518 6.571023655811062e-05 -9.063637791893423e-05
17.28333333333295 3.837884158752478e-05 -0.0001066075613215065
17.28611111111073 7.321062342887489e-06 -0.0001144349558239135
17.28888888888851 -2.506333279285489e-05 -0.0001133014054202595
17.29166666666628 -5.62136680530961e-05 -0.000103089468071631
17.29444444444406 -8.361028651636198e-05 -8.440630336738941e-05
17.29722222222184 -0.0001049775148181988 -5.855088443861107e-05
17.29999999999961 -0.0001184713648703489 -2.742496996986763e-05
17.30277777777739 -0.0001228365708950582 6.60617073152669e-06
17.30555555555517 -0.000117519718942117 4.089312349833075e-05
17.30833333333294 -0.0001027284935977624 7.270820402503613e-05
17.31111111111072 -7.943120008637327e-05 9.946186142748252e-05
17.3138888888885 -4.929540236141307e-05 0.0001189124722008684
17.31666666666627 -1.456938203838043e-05 0.000129352583934461
17.31944444444405 2.208521911029734e-05 0.0001297562309335688
17.32222222222182 5.779713736106319e-05 0.0001198747707144348
17.3249999999996 8.971002003726126e-05 0.0001002725766314322
17.32777777777738 0.0001152102096108914 7.229857428184516e-05
17.33055555555515 0.0001321396481159744 3.799466776899559e-05
17.33333333333293 0.0001389766257548912 -5.283243619019212e-08
17.33611111111071 0.0001349693505077618 -3.890800153743754e-05
17.33888888888848 0.0001202108102140878 -7.551164689817843e-05
17.34166666666626 9.564787622728423e-05 -0.0001069217609470864
17.34444444444404 6.302271652820131e-05 -0.0001305491957075346
17.34722222222181 2.474994736194766e-05 -0.0001443697206026577
17.34999999999959 -1.626186854098101e-05 -0.0001470951757145102
17.35277777777737 -5.683118904721695e-05 -0.0001382893880926734
17.35555555555514 -9.375013119896742e-05 -0.0001184186658715776
17.35833333333292 -0.0001240376595364514 -8.883171214653119e-05
17.3611111111107 -0.0001451793582104973 -5.166932092603413e-05
17.36388888888847 -0.0001553345511644559 -9.709798897034752e-06
17.36666666666625 -0.0001534938057862617 3.383874434315388e-05
17.36944444444402 -0.0001395735105108898 7.558369818624193e-05
17.3722222222218 -0.0001144389863876486 0.0001122120730684208
17.37499999999958 -7.985311438567018e-05 0.0001407528768704278
17.37777777777735 -3.835330687441796e-05 0.0001588169888369661
17.38055555555513 6.934636023405882e-06 0.0001647952249474789
17.38333333333291 5.253212177676194e-05 0.0001579982902133402
17.38611111111068 9.48750305512015e-05 0.0001387266502851488
17.38888888888846 0.0001305920945900577 0.0001082637026085695
17.39166666666624 0.0001567726465097403 6.879157711967095e-05
17.39444444444401 0.0001712025013690172 2.323498580902407e-05
17.39722222222179 0.0001725489309697946 -2.495571015660182e-05
17.39999999999957 0.0001604794156250756 -7.206609667572453e-05
17.40277777777734 0.0001357038451227547 -0.0001144040976145915
17.40555555555512 9.993571021575048e-05 -0.000148589054842356
17.40833333333289 5.577412749297554e-05 -0.0001718208643522836
17.41111111111067 6.514782952046163e-06 -0.0001821077811951533
17.41388888888845 -4.409642943988594e-05 -0.0001784344499022814
17.41666666666622 -9.214861343914536e-05 -0.0001608561492193556
17.419444444444 -0.0001338681629488421 -0.000130510830520537
17.42222222222178 -0.0001659147510689657 -8.954685324311997e-05
17.42499999999955 -0.0001856478060611634 -4.097089034932064e-05
17.42777777777733 -0.0001913422657905541 1.157322054637084e-05
17.43055555555511 -0.0001823360892797469 6.407836681454408e-05
17.43333333333288 -0.0001590971078129851 0.0001124801476279939
17.43611111111066 -0.0001232029353138076 0.000152971545678573
17.43888888888844 -7.723435991664748e-05 0.0001823018989343924
17.44166666666621 -2.458938781983459e-05 0.000198036707698957
17.44444444444399 3.076862052434611e-05 0.0001987575743804202
17.44722222222176 8.460998822175713e-05 0.0001841859821676632
17.44999999999954 0.0001327623058317234 0.0001552203479782117
17.45277777777732 0.0001714337574906365 0.0001138824017774268
17.45555555555509 0.0001975111156818347 6.317594213458732e-05
17.45833333333287 0.0002088090085517243 6.867855362032509e-06
17.46111111111065 0.0002042505777703373 -5.079257131493457e-05
17.46388888888842 0.0001839647408508664 -0.0001053950484967916
17.4666666666662 0.0001492915690808776 -0.00015270601486066
17.46944444444398 0.0001026943132208468 -0.0001889967881460821
17.47222222222175 4.758381564352377e-05 -0.0002113366885039083
17.47499999999953 -1.193211789639719e-05 -0.0002178281241155176
17.47777777777731 -7.135588469060358e-05 -0.000207764872561828
17.48055555555508 -0.0001261407319397458 -0.0001817005280362502
17.48333333333286 -0.0001720390093395334 -0.00014142088338363
17.48611111111063 -0.0002054313078921482 -8.982136035986145e-05
17.48888888888841 -0.0002236109753789236 -3.069792818669913e-05
17.49166666666619 -0.0002250016877504232 3.153330701198234e-05
17.49444444444396 -0.0002092906937690671 9.21670266368129e-05
17.49722222222174 -0.0001774666709472959 0.0001465652437708284
17.49999999999952 -0.0001317583578651609 0.0001905123750583709
17.50277777777729 -7.547771152495507e-05 0.0002205416158116239
17.50555555555507 -1.277869718596153e-05 0.0002342073530975629
17.50833333333285 5.165061600232905e-05 0.0002302822677463206
17.51111111111062 0.0001129397182347479 0.000208863362809169
17.5138888888884 0.0001664046017053083 0.0001713779958601686
17.51666666666618 0.000207905961560364 0.000120488569324786
17.51944444444395 0.0002341692272323835 5.990227036622916e-05
17.52222222222173 0.0002430416934753331 -5.900442591242628e-06
17.5249999999995 0.0002336666291158853 -7.199859871743647e-05
17.52777777777728 0.0002065604212336794 -0.000133399884672712
17.53055555555506 0.0001635861002636232 -0.0001854184283177933
17.53333333333283 0.0001078244369017466 -0.0002240325378552489
17.53611111111061 4.335160845577007e-05 -0.0002461950572421977
17.53888888888839 -2.506039607526753e-05 -0.0002500724104981405
17.54166666666616 -9.229847741565381e-05 -0.0002351936635971622
17.54444444444394 -0.0001532917430034637 -0.0002024976424860237
17.54722222222172 -0.0002033946013360482 -0.0001542738059739309
17.54999999999949 -0.0002387406263654339 -9.400060444696088e-05
17.55277777777727 -0.000256540217863905 -2.60928501850506e-05
17.55555555555505 -0.0002552991756328064 4.442341150544213e-05
17.55833333333282 -0.000234941155105338 0.0001122844423228308
17.5611111111106 -0.0001968241433124425 0.0001723828715780185
17.56388888888837 -0.0001436490491055197 0.0002201526771881079
17.56666666666615 -7.926664013440299e-05 0.0002519160090685026
17.56944444444393 -8.396765395535614e-06 0.0002651655007989854
17.5722222222217 6.371950914484176e-05 0.0002587604436837021
17.57499999999948 0.0001317090634077943 0.0002330215800016011
17.57777777777726 0.0001904681589235955 0.0001897168329500788
17.58055555555503 0.0002355460599384703 0.0001319384624644642
17.58333333333281 0.0002634819535791809 6.388030383241054e-05
17.58611111111059 0.0002720696637319136 -9.468706471743263e-06
17.58888888888836 0.0002605299660594173 -8.269215706230031e-05
17.59166666666614 0.0002295771616028654 -0.0001503476968184823
17.59444444444392 0.00018137444233077 -0.00020737258422364
17.59722222222169 0.0001193808940119077 -0.0002494629405117242
17.59999999999947 4.810110611354651e-05 -0.0002733982534659181
17.60277777777724 -2.724431570927708e-05 -0.0002772866745722308
17.60555555555502 -0.0001011030632853434 -0.0002607124915299952
17.6083333333328 -0.0001680018200348848 -0.0002247744066090454
17.61111111111057 -0.0002229528328711088 -0.0001720113683708405
17.61388888888835 -0.0002618260776483144 -0.0001062210833544019
17.61666666666613 -0.000281659214909341 -3.218434871840823e-05
17.6194444444439 -0.0002808820939559287 4.468460340893734e-05
17.62222222222168 -0.0002594388665916965 0.0001187360021302657
17.62499999999946 -0.0002187983484618336 0.0001845012792397598
17.62777777777723 -0.0001618515515611881 0.0002370977966323289
17.63055555555501 -9.270368889919412e-05 0.0002725915307883519
17.63333333333279 -1.637579729097882e-05 0.0002882907500189982
17.63611111111056 6.156214761575244e-05 0.0002829487917478327
17.63888888888834 0.0001353996396939414 0.0002568607490974158
17.64166666666612 0.0001997054775249399 0.0002118467104503571
17.64444444444389 0.0002497280471464464 0.0001511225804639434
17.64722222222167 0.0002817464850575627 7.90678236787011e-05
17.64999999999944 0.0002933467554831263 9.070957462495277e-07
17.65277777777722 0.0002836021986731162 -7.767090247277508e-05
17.655555555555 0.0002531451410271442 -0.0001509293672117579
17.65833333333277 0.0002041241813757254 -0.0002135035716732905
17.66111111111055 0.0001400501864868233 -0.0002607944027210138
17.66388888888833 6.554222021576591e-05 -0.0002893063293448402
17.6666666666661 -1.400800998394032e-05 -0.0002969049640450889
17.66944444444388 -9.282862016896929e-05 -0.0002829752905272051
17.67222222222166 -0.0001651881895539844 -0.0002484689306926796
17.67499999999943 -0.0002258137772321367 -0.0001958369707118465
17.67777777777721 -0.0002702757311455873 -0.0001288532586127377
17.68055555555499 -0.0002953111602523097 -5.234110637535687e-05
17.68333333333276 -0.0002990624563537329 2.817661080276453e-05
17.68611111111054 -0.0002812134909973454 0.000106878383064748
17.68888888888831 -0.0002430136130327725 0.0001780667483485828
17.69166666666609 -0.0001871877804650206 0.0002365819057817542
17.69444444444387 -0.0001177394726790489 0.0002781761455205986
17.69722222222164 -3.966083688841609e-05 0.0002998218880584818
17.69999999999942 4.142874404907129e-05 0.0002999310131544877
17.7027777777772 0.0001196893053445453 0.0002784696615293163
17.70555555555497 0.0001894825843122724 0.0002369603308192149
17.70833333333275 0.000245779274554513 0.0001783712992776931
17.71111111111053 0.0002845217562969257 0.0001069015952330563
17.7138888888883 0.0003029161167061403 2.767729080555667e-05
17.71666666666608 0.0002996324739478017 -5.361871329447005e-05
17.71944444444386 0.0002748993245707208 -0.0001311564890866971
17.72222222222163 0.0002304853513346625 -0.000199378761122196
17.72499999999941 0.0001695702925520724 -0.0002534001371229103
17.72777777777718 9.651448951658354e-05 -0.0002893571416278769
17.73055555555496 1.654401482329484e-05 -0.0003046839594053291
17.73333333333274 -6.462568337194153e-05 -0.0002982942496436706
17.73611111111051 -0.0001412003384103661 -0.0002706562415702134
17.73888888888829 -0.0002077219836070666 -0.0002237560641422659
17.74166666666607 -0.0002594587853794127 -0.000160952332007789
17.74444444444384 -0.0002927416907498499 -8.67328220889304e-05
17.74722222222162 -0.0003052239360626622 -6.391067151735944e-06
17.7499999999994 -0.0002960451149087495 7.435363506082452e-05
17.75277777777717 -0.0002658884409079619 0.0001497653472958026
17.75555555555495 -0.0002169275573491823 0.000214500346742496
17.75833333333273 -0.000152667180440799 0.0002639864683061119
17.7611111111105 -7.768944385120006e-05 0.0002947459626390776
17.76388888888828 2.675503101670173e-06 0.0003046390797966515
17.76666666666605 8.273077692155173e-05 0.0002930113823006684
17.76944444444383 0.0001568184821832225 0.0002607347648450276
17.77222222222161 0.0002197208494892502 0.0002101398035985171
17.77499999999938 0.0002670282631465579 0.0001448448234127224
17.77777777777716 0.0002954481858532172 6.949439945648938e-05
17.78055555555494 0.0003030333586182153 -1.057362001235879e-05
17.78333333333271 0.0002893135362201283 -8.970851878898434e-05
17.78611111111049 0.0002553219798392998 -0.000162347280016614
17.78888888888827 0.0002035154637108179 -0.0002234067999658353
17.79166666666604 0.0001375941198224575 -0.000268640020636249
17.79444444444382 6.223450443553723e-05 -0.0002949310065235242
17.7972222222216 -1.724467566375786e-05 -0.0003005084961758083
17.79999999999937 -9.526011280226654e-05 -0.0002850633813238955
17.80277777777715 -0.0001663577769498956 -0.0002497624720145601
17.80555555555492 -0.000225595226631267 -0.0001971582962238711
17.8083333333327 -0.0002688854890573218 -0.000131002028096256
17.81111111111048 -0.0002932785710322659 -5.597341990761542e-05
17.81388888888825 -0.0002971612533615073 2.265264602209375e-05
17.81666666666603 -0.0002803617382139334 9.937906430769358e-05
17.81944444444381 -0.0002441525299574771 0.0001688723731518588
17.82222222222158 -0.0001911521452428484 0.000226334395264885
17.82499999999936 -0.0001251333540675184 0.000267833703148251
17.82777777777714 -5.075215005448786e-05 0.0002905740090470643
17.83055555555491 2.678291655843816e-05 0.0002930812114175667
17.83333333333269 0.0001020774072872634 0.0002752966996098055
17.83611111111047 0.0001699277262270487 0.0002385712005933227
17.83888888888824 0.0002256815144322398 0.0001855604672343585
17.84166666666602 0.0002655567042599748 0.0001200309603513724
17.84444444444379 0.0002868973621085218 4.658988725978018e-05
17.84722222222157 0.000288349077637468 -2.964090069545482e-05
17.84999999999935 0.0002699424432474724 -0.0001033839279940235
17.85277777777712 0.000233079690924949 -0.0001695727504350767
17.8555555555549 0.0001804263494012481 -0.0002237006938754223
17.85833333333268 0.0001157163746552144 -0.0002621276384883996
17.86111111111045 4.348513317558927e-05 -0.0002823239835851872
17.86388888888823 -3.125052537988416e-05 -0.0002830355172731845
17.86666666666601 -0.0001033424071789984 -0.0002643585835925048
17.86944444444378 -0.0001678667822039427 -0.0002277212787312981
17.87222222222156 -0.0002204612015951206 -0.000175772967827706
17.87499999999934 -0.0002576192604861071 -0.0001121907355003363
17.87777777777711 -0.0002769234179827836 -4.14170303624369e-05
17.88055555555489 -0.0002772005000829356 3.165264702754688e-05
17.88333333333266 -0.0002585900331404848 0.0001020099364370944
17.88611111111044 -0.0002225216887116216 0.0001648779551233935
17.88888888888822 -0.000171604432117557 0.0002160360470819178
17.89166666666599 -0.0001094360175984117 0.0002521028527984428
17.89444444444377 -4.034684769346881e-05 0.0002707587516532842
17.89722222222155 3.090344847573789e-05 0.0002708931371661887
17.89999999999932 9.945534869014676e-05 0.0002526673353975753
17.9027777777771 0.000160681810441843 0.0002174898866049882
17.90555555555488 0.0002105009007125169 0.0001679069642634518
17.90833333333265 0.0002456475542942355 0.000107416484833643
17.91111111111043 0.0002638864130445252 4.021957266253676e-05
17.91388888888821 0.0002641519732490212 -2.907285432809304e-05
17.91666666666598 0.0002466074253072996 -9.575778735963643e-05
17.91944444444376 0.0002126192420506112 -0.0001553601526532294
17.92222222222154 0.0001646503622583554 -0.0002039333432688027
17.92499999999931 0.000106080325876955 -0.0002383200767474515
17.92777777777709 4.09655743177597e-05 -0.0002563563887938775
17.93055555555486 -2.624298882972896e-05 -0.0002570056912275399
17.93333333333264 -9.100542394942773e-05 -0.0002404147685602288
17.93611111111042 -0.0001490001445865212 -0.0002078890108200915
17.93888888888819 -0.0001964124251261368 -0.0001617897029287383
17.94166666666597 -0.0002301847760820734 -0.0001053614350178456
17.94444444444375 -0.000248212812125071 -4.250231110249306e-05
17.94722222222152 -0.0002494741792912656 2.250668782603772e-05
17.9499999999993 -0.0002340828284288411 8.529432020056478e-05
17.95277777777708 -0.0002032660880345643 0.000141693622853135
17.95555555555485 -0.000159267242959536 0.000188018502156063
17.95833333333263 -0.0001051813083379163 0.0002213040342001291
17.96111111111041 -4.473606771627715e-05 0.0002394948720313698
17.96388888888818 1.796606503227666e-05 0.0002415699060301335
17.96666666666596 7.87274190433287e-05 0.0002275958071211577
17.96944444444373 0.0001335366029213144 0.0001987069855163215
17.97222222222151 0.0001788333049248505 0.0001570144815441582
17.97499999999929 0.0002117388986878299 0.0001054510322166369
17.97777777777706 0.0002302379854459551 4.756371372976898e-05
17.98055555555484 0.0002332995452837699 -1.273112319744906e-05
17.98333333333262 0.0002209306077156148 -7.141363867317561e-05
17.98611111111039 0.0001941599880988974 -0.000124628933626449
17.98888888888817 0.0001549543520025828 -0.0001689401894532091
17.99166666666595 0.0001060733468791768 -0.0002015499209842051
17.99444444444372 5.087448369283509e-05 -0.0002204751698340304
17.9972222222215 -6.918393109918777e-06 -0.0002246657898500417
17.99999999999928 -6.346703642459005e-05 -0.0002140589622019971
18.00277777777705 -0.0001150740538258709 -0.0001895674450852664
18.00555555555483 -0.0001584245116219571 -0.0001530035127387144
18.0083333333326 -0.0001907981287180746 -0.000106944771938306
18.01111111111038 -0.0002102385502560623 -5.455178342204309e-05
18.01388888888816 -0.0002156692912978477 6.495781329213288e-07
18.01666666666593 -0.0002069496707171328 5.500600395480025e-05
18.01944444444371 -0.0001848681538767927 0.0001049787991764681
18.02222222222149 -0.0001510747096670848 0.0001473740633639773
18.02499999999926 -0.0001079577832999417 0.0001795460648576431
18.02777777777704 -5.847502996113193e-05 0.0001995609328149304
18.03055555555482 -5.949820879478873e-06 0.0002063106618881872
18.03333333333259 4.615245262999083e-05 0.0001995708965779028
18.03611111111037 9.445320480846087e-05 0.000179999792846508
18.03888888888815 0.0001358795069983148 0.000149079182664756
18.04166666666592 0.0001678588249994264 0.000109003031343924
18.0444444444437 0.000188477375473106 6.252153314071936e-05
18.04722222222147 0.0001965924739158413 1.275192567059178e-05
18.04999999999925 0.0001918924610831506 -3.703094804288791e-05
18.05277777777703 0.0001749013597945246 -8.361024993282869e-05
18.0555555555548 0.0001469290875687923 -0.0001240347445112512
18.05833333333258 0.0001099715888586203 -0.0001558050245820077
18.06111111111036 6.656842479861519e-05 -0.000177026687497961
18.06388888888813 1.962796875649138e-05 -0.000186521191663319
18.06666666666591 -2.776775520259321e-05 -0.0001838880813379593
18.06944444444369 -7.256549318254644e-05 -0.0001695155708286049
18.07222222222146 -0.0001119371612417484 -0.0001445399028655821
18.07499999999924 -0.0001434576300617292 -0.0001107572139281138
18.07777777777702 -0.0001652527903383347 -7.049463760438636e-05
18.08055555555479 -0.0001761089717077733 -2.644986800438782e-05
18.08333333333257 -0.0001755374936685532 1.848976110455329e-05
18.08611111111034 -0.0001637911724384203 6.143655269695687e-05
18.08888888888812 -0.0001418327867036108 9.968768828130396e-05
18.0916666666659 -0.0001112586080712754 0.0001308945921741976
18.09444444444367 -7.418292932167073e-05 0.0001532058756562702
18.09722222222145 -3.309189890521269e-05 0.0001653752687172994
18.09999999999923 9.323248916872042e-06 0.0001668284047925845
18.102777777777 5.03423925157048e-05 0.0001576851171651364
18.10555555555478 8.73906349548358e-05 0.0001387368454991872
18.10833333333256 0.0001181992254201814 0.0001113816436939974
18.11111111111033 0.0001409433006965377 7.752194051302859e-05
18.11388888888811 0.0001543481863535156 3.943246680685338e-05
18.11666666666589 0.000157758213092759 -3.925077203442091e-07
18.11944444444366 0.0001511645509812055 -3.940238661291015e-05
18.12222222222144 0.0001351912706343039 -7.51532519381222e-05
18.12499999999921 0.0001110415278240633 -0.000105460285882714
18.12777777777699 8.04082645813007e-05 -0.0001285301673401077
18.13055555555477 4.535597075032676e-05 -0.0001430655167381589
18.13333333333254 8.181726724224765e-06 -0.0001483354434903756
18.13611111111032 -2.873514367118944e-05 -0.0001442085587349034
18.1388888888881 -6.308499681535192e-05 -0.0001311472950483952
18.14166666666587 -9.277170946710026e-05 -0.0001101648616259427
18.14444444444365 -0.0001160395392113392 -8.274849917083007e-05
18.14722222222143 -0.0001315754174342431 -5.075473876808057e-05
18.1499999999992 -0.0001385808419266766 -1.628399168704068e-05
18.15277777777698 -0.0001368096132828411 1.845708916828224e-05
18.15555555555476 -0.000126569917485315 5.129648699842535e-05
18.15833333333253 -0.0001086915479778886 8.023198460766543e-05
18.16111111111031 -8.446123788668858e-05 0.0001035522612317164
18.16388888888808 -5.553100215151811e-05 0.0001199366823027222
18.16666666666586 -2.380595519357791e-05 0.0001285280797431344
18.16944444444364 8.680816159155826e-06 0.0001289746747420073
18.17222222222141 3.989813969965907e-05 0.0001214393393509411
18.17499999999919 6.794314732489233e-05 0.0001065764930595163
18.17777777777697 9.115635807926758e-05 8.547895173077135e-05
18.18055555555474 0.0001082185721480406 5.959886387872084e-05
18.18333333333252 0.0001182240246695269 3.064837490729429e-05
18.1861111111103 0.0001207258891454876 4.86768214669499e-07
18.18888888888807 0.0001157520581918449 -2.89985146892278e-05
18.19166666666585 0.0001037910431417158 -5.600940202528058e-05
18.19444444444363 8.574970129475424e-05 -7.894600208949478e-05
18.1972222222214 6.288620487030535e-05 -9.650018287724407e-05
18.19999999999918 3.672310721669977e-05 -0.0001077285439770441
18.20277777777696 8.946457538616637e-06 -0.0001121008411220638
18.20555555555473 -1.870239241505861e-05 -0.0001095215632845903
18.20833333333251 -4.453538828989314e-05 -0.0001003240952564867
18.21111111111028 -6.702005705284639e-05 -8.523861433217262e-05
18.21388888888806 -8.486934299087582e-05 -6.533646171707886e-05
18.21666666666584 -9.711381681282802e-05 -4.195510247953364e-05
18.21944444444361 -0.0001031523233930082 -1.660886382735286e-05
18.22222222222139 -0.000102778583226691 9.108637130720768e-06
18.22499999999917 -9.618282078145903e-05 3.362413162418497e-05
18.22777777777694 -8.392905958464019e-05 5.548022180103666e-05
18.23055555555472 -6.691020184276785e-05 7.342104842810221e-05
18.2333333333325 -4.628431110887182e-05 8.646314683403632e-05
18.23611111111027 -2.339656540629183e-05 9.394759709922313e-05
18.23888888888805 3.07911225940331e-07 9.557084313741829e-05
18.24166666666583 2.337473412083382e-05 9.139294474229642e-05
18.2444444444436 4.442881595039066e-05 8.182344731933902e-05
18.24722222222138 6.225546079982364e-05 6.758641743310112e-05
18.24999999999915 7.586928285144316e-05 4.966741656319288e-05
18.25277777777693 8.45671312748501e-05 2.924620003950063e-05
18.25555555555471 8.796230032412945e-05 7.619677816954684e-06
18.25833333333248 8.599853121557634e-05 -1.387987846711112e-05
18.26111111111026 7.894359051819159e-05 -3.396626902358189e-05
18.26388888888804 6.736345863026164e-05 -5.147551431875262e-05
18.26666666666581 5.207930612620809e-05 -6.543227392043129e-05
18.26944444444359 3.411040907849532e-05 -7.510282699615161e-05
18.27222222222137 1.460690342429993e-05 -8.003184207597182e-05
18.27499999999914 -5.223234808743619e-06 -8.006123683464862e-05
18.27777777777692 -2.418839257478004e-05 -7.533056845902239e-05
18.2805555555547 -4.118419656874266e-05 -6.6259530019491e-05
18.28333333333247 -5.525690559320352e-05 -5.351418939340907e-05
18.28611111111025 -6.565575144665933e-05 -3.795953290759016e-05
18.28888888888802 -7.187144739543385e-05 -2.06016146543239e-05
18.2916666666658 -7.365901004900585e-05 -2.523126298569201e-06
18.29444444444358 -7.104404675267136e-05 1.518353193774605e-05
18.29722222222135 -6.431268276471733e-05 3.148158772699879e-05
18.29999999999913 -5.398627822203141e-05 4.544978507089239e-05
18.30277777777691 -4.078295704433704e-05 5.633342869268938e-05
18.30555555555468 -2.556868969024343e-05 6.358383549198312e-05
18.30833333333246 -9.301201293737602e-06 6.688423320317454e-05
18.31111111111024 7.029708719825989e-06 6.616102471688341e-05
18.31388888888801 2.246176089898828e-05 6.15802480727219e-05
18.31666666666579 3.611616375120393e-05 5.352995099583754e-05
18.31944444444357 4.724675644744561e-05 4.259001258029323e-05
18.32222222222134 5.527964698845412e-05 2.949163738572712e-05
18.32499999999912 5.984132712552288e-05 1.506928189419028e-05
18.32777777777689 6.077400194466409e-05 2.081239362396129e-07
18.33055555555467 5.81376759095053e-05 -1.420966166162138e-05
18.33333333333245 5.219933859374889e-05 -2.735660496549854e-05
18.33611111111022 4.341034465790459e-05 -3.850664038673254e-05
18.338888888888 3.237374103368786e-05 -4.707422800647608e-05
18.34166666666578 1.980382417884565e-05 -5.264386289203628e-05
18.34444444444355 6.480585115634741e-06 -5.498858042157006e-05
18.34722222222133 -6.798096498638144e-06 -5.407676566674565e-05
18.34999999999911 -1.926362123414771e-05 -5.006728931324789e-05
18.35277777777688 -3.02204583369557e-05 -4.329367856801357e-05
18.35555555555466 -3.90841113328199e-05 -3.423864954322715e-05
18.35833333333244 -4.541125160603829e-05 -2.350084386340333e-05
18.36111111111021 -4.892054558973641e-05 -1.175600023697548e-05
18.36388888888799 -4.950330204084058e-05 2.849663481470826e-07
18.36666666666576 -4.722369473211766e-05 1.191841777560511e-05
18.36944444444354 -4.230893465433545e-05 2.248848444450802e-05
18.37222222222132 -3.51303385188738e-05 3.142331125918385e-05
18.37499999999909 -2.617673519972554e-05 3.8265109000425e-05
18.37777777777687 -1.602204285779113e-05 4.269249806206191e-05
18.38055555555465 -5.289118114619142e-06 4.453413865030797e-05
18.38333333333242 5.387885974822703e-06 4.377318725077518e-05
18.3861111111102 1.540041676500217e-05 4.054266999748842e-05
18.38888888888798 2.419956784518128e-05 3.511238714358364e-05
18.39166666666575 3.132541580773988e-05 2.786842970205273e-05
18.39444444444353 3.643013569615564e-05 1.928677461294312e-05
18.39722222222131 3.929380245360087e-05 9.902709430997816e-06
18.39999999999908 3.98322516277855e-05 2.780091229736265e-07
18.40277777777686 3.809685587368796e-05 -9.032159158359185e-06
18.40555555555463 3.426654566034102e-05 -1.75106906557143e-05
18.40833333333241 2.863283614950423e-05 -2.470661542058945e-05
18.41111111111019 2.157899396858438e-05 -3.025831167390308e-05
18.41388888888796 1.355476864363657e-05 -3.39107221188516e-05
18.41666666666574 5.048310381010661e-06 -3.552582562234366e-05
18.41944444444352 -3.443008688526256e-06 -3.508603388955904e-05
18.42222222222129 -1.144115994032477e-05 -3.269060155786946e-05
18.42499999999907 -1.851380562754907e-05 -2.854553433736467e-05
18.42777777777685 -2.429701621274288e-05 -2.294783159102183e-05
18.43055555555462 -2.85132112106967e-05 -1.626518876940836e-05
18.4333333333324 -3.098349701106237e-05 -8.91249750216866e-06
18.43611111111018 -3.163392874379298e-05 -1.326608039193281e-06
18.43888888888795 -3.049558879725815e-05 6.059143427149006e-06
18.44166666666573 -2.76987306507584e-05 1.2839189523505e-05
18.4444444444435 -2.346156329633685e-05 1.865744568080069e-05
18.44722222222128 -1.807453133690551e-05 2.322536036237865e-05
18.44999999999906 -1.18811649554424e-05 2.633543365754737e-05
18.45277777777683 -5.256722548388859e-06 2.7869629711801e-05
18.45555555555461 1.414078424890112e-06 2.780242165780364e-05
18.45833333333239 7.758950670149696e-06 2.61985220553494e-05
18.46111111111016 1.343833146512977e-05 2.32056494318297e-05
18.46388888888794 1.816300948897376e-05 1.904294620181517e-05
18.46666666666572 2.170820779979778e-05 1.398588150915054e-05
18.46944444444349 2.392348392969949e-05 8.348634111527549e-06
18.47222222222127 2.47380708067233e-05 2.465048743126872e-06
18.47499999999905 2.416155444822115e-05 -3.330708239475752e-06
18.47777777777682 2.228005029910205e-05 -8.72270051854447e-06
18.4805555555546 1.924828500901381e-05 -1.342997975198243e-05
18.48333333333238 1.527820152237898e-05 -1.722069315834319e-05
18.48611111111015 1.062487227720671e-05 -1.992287003775253e-05
18.48888888888793 5.570620730172618e-06 -2.143143157786102e-05
18.4916666666657 4.083112517051113e-07 -2.171119908041182e-05
18.49444444444348 -4.57522910591659e-06 -2.079590858368765e-05
18.49722222222126 -9.114743940049696e-06 -1.878346161219674e-05
18.49999999999903 -1.298022196598916e-05 -1.582784056779504e-05
18.50277777777681 -1.598803849767578e-05 -1.212828305402304e-05
