16.5 1.766650390627607e-07 1.252685630886091e-07
16.50277777777778 1.120423205312118e-07 1.936014518478759e-07
16.50555555555555 2.193479339749613e-08 2.299731400087764e-07
16.50833333333333 -7.834679222211486e-08 2.253404027704176e-07
16.51111111111111 -1.705166719344801e-07 1.778073378813611e-07
16.51388888888888 -2.365776327753067e-07 9.347915245507445e-08
16.51666666666666 -2.622575580460388e-07 -1.414501848804001e-08
16.51944444444444 -2.399769357936402e-07 -1.262276430301213e-07
16.52222222222221 -1.707490767893366e-07 -2.21806967701759e-07
16.52499999999999 -6.457596917335881e-08 -2.81638484021408e-07
16.52777777777776 6.084103172878241e-08 -2.919749304268853e-07
16.53055555555554 1.829473079815615e-07 -2.475591457949261e-07
16.53333333333332 2.783028493402233e-07 -1.532034049566408e-07
16.53611111111109 3.26991683040522e-07 -2.355519281349523e-08
16.53888888888887 3.166604048877215e-07 1.190315785351477e-07
16.54166666666665 2.453875031645249e-07 2.482437274956593e-07
16.54444444444442 1.227534678744829e-07 3.385687160622813e-07
16.5472222222222 -3.121721625385453e-08 3.702252884072824e-07
16.54999999999998 -1.89185631037157e-07 3.333315004031996e-07
16.55277777777775 -3.212413320710154e-07 2.304584765817873e-07
16.55555555555553 -4.004587431679479e-07 7.696940771189035e-08
16.55833333333331 -4.082555791338689e-07 -1.010724220781902e-07
16.56111111111108 -3.385102445059739e-07 -2.711901008308622e-07
16.56388888888886 -1.995623245625562e-07 -4.002989647070415e-07
16.56666666666663 -1.356790345571772e-08 -4.610179151587894e-07
16.56944444444441 1.868449792060816e-07 -4.373054599817089e-07
16.57222222222219 3.641585930431761e-07 -3.2828939416481e-07
16.57499999999996 4.828601876332095e-07 -1.494305337919475e-07
16.57777777777774 5.164075641701573e-07 6.938281930196436e-08
16.58055555555552 4.529262355999283e-07 2.886474749962885e-07
16.58333333333329 2.984534915763203e-07 4.662299847022279e-07
16.58611111111107 7.693920796994863e-08 5.653186648521786e-07
16.58888888888885 -1.732123238123072e-07 5.618701498482069e-07
16.59166666666662 -4.056200201892282e-07 4.500766452468572e-07
16.5944444444444 -5.743691569742575e-07 2.446648511673545e-07
16.59722222222218 -6.429147255534978e-07 -2.06276967184891e-08
16.59999999999995 -5.917501240264904e-07 -2.983552600282484e-07
16.60277777777773 -4.232733007711845e-07 -5.356655765322191e-07
16.6055555555555 -1.627227619530342e-07 -6.841865551962823e-07
16.60833333333328 1.452550599068229e-07 -7.096824606338652e-07
16.61111111111106 4.44025147677347e-07 -5.995891019218544e-07
16.61388888888883 6.75187328465692e-07 -3.668257365671496e-07
16.61666666666661 7.897977122822282e-07 -4.890094836315636e-08
16.61944444444439 7.584694108161745e-07 2.978180372384902e-07
16.62222222222216 5.783137998866289e-07 6.07869128963059e-07
16.62499999999994 2.751667980959917e-07 8.188499931429776e-07
16.62777777777772 -9.96365710385795e-08 8.837480663332259e-07
16.63055555555549 -4.776595727747542e-07 7.810526041523267e-07
16.63333333333327 -7.856250202015023e-07 5.205338420775004e-07
16.63611111111105 -9.593927491820051e-07 1.432847176381519e-07
16.63888888888882 -9.570318266839102e-07 -2.843478096757091e-07
16.6416666666666 -7.683748488582917e-07 -6.82143145084626e-07
16.64444444444437 -4.189631148920951e-07 -9.708093907319712e-07
16.64722222222215 3.274333648982432e-08 -1.087526826546075e-06
16.64999999999993 5.047684778321809e-07 -9.992356729183647e-07
16.6527777777777 9.062088425885841e-07 -7.109231895778275e-07
16.65555555555548 1.154472838802938e-06 -2.669724197754427e-07
16.65833333333326 1.191955058346536e-06 2.551253737859575e-07
16.66111111111103 9.988379928980248e-07 7.579364133762904e-07
16.66388888888881 5.992666898121313e-07 1.141970425428388e-06
16.66666666666659 5.927239318707953e-08 1.325065407327701e-06
16.66944444444436 -5.236567783847456e-07 1.259553026401551e-06
16.67222222222214 -1.037821803216568e-06 9.436914088900759e-07
16.67499999999992 -1.378400515002215e-06 4.247626644751701e-07
16.67777777777769 -1.468460278157418e-06 -2.072861591672026e-07
16.68055555555547 -1.275750901449475e-06 -8.349844096480142e-07
16.68333333333324 -8.21709744254706e-07 -1.334812487086156e-06
16.68611111111102 -1.804287444351451e-07 -1.601159496931705e-06
16.6888888888888 5.328221698961212e-07 -1.568186416308816e-06
16.69166666666657 1.181881393071795e-06 -1.225150699578969e-06
16.69444444444435 1.635315602332186e-06 -6.217696798496985e-07
16.69722222222213 1.792629918582303e-06 1.380374683168698e-07
16.6999999999999 1.605919494679673e-06 9.134895102826558e-07
16.70277777777768 1.092404498094643e-06 1.552596999169933e-06
16.70555555555546 3.348216748988753e-07 1.921547201494776e-06
16.70833333333323 -5.311287392840169e-07 1.932220687779068e-06
16.71111111111101 -1.340561718172292e-06 1.562273964496038e-06
16.71388888888879 -1.930360941128416e-06 8.633643792951463e-07
16.71666666666656 -2.171588653431324e-06 -4.481585389328269e-08
16.71944444444434 -1.997002681032961e-06 -9.943485720690137e-07
16.72222222222211 -1.417926378443415e-06 -1.799620178717741e-06
16.72499999999989 -5.264939997284033e-07 -2.293133945048566e-06
16.72777777777767 5.180302580963626e-07 -2.359790779572867e-06
16.73055555555544 1.517066057687774e-06 -1.962727881225495e-06
16.73333333333322 2.269948083352663e-06 -1.155080094596131e-06
16.736111111111 2.613704458756552e-06 -7.450467785511127e-08
16.73888888888877 2.457601805600554e-06 1.079436252759425e-06
16.74166666666655 1.80526647636588e-06 2.081514237086127e-06
16.74444444444433 7.592537938578445e-07 2.724247299937806e-06
16.7472222222221 -4.938536475797928e-07 2.860232494633765e-06
16.74999999999988 -1.715956143540515e-06 2.43488139242958e-06
16.75277777777766 -2.662063354373614e-06 1.502469422045681e-06
16.75555555555543 -3.128803766800842e-06 2.213409789988722e-07
16.75833333333321 -2.997333371245279e-06 -1.171952916556061e-06
16.76111111111098 -2.261738586529068e-06 -2.405599802658791e-06
16.76388888888876 -1.03642737768966e-06 -3.224917440916628e-06
16.76666666666654 4.601542055609689e-07 -3.444226156670679e-06
16.76944444444431 1.943543726732607e-06 -2.987774182622552e-06
16.77222222222209 3.116612177872096e-06 -1.910895388810345e-06
16.77499999999987 3.728390925191419e-06 -3.960511334534419e-07
16.77777777777764 3.626869276779784e-06 1.276845831522699e-06
16.78055555555542 2.794822279652518e-06 2.781290199169445e-06
16.7833333333332 1.360529546704346e-06 3.807175131688692e-06
16.78611111111097 -4.201547403416689e-07 4.123917613539404e-06
16.78888888888875 -2.208348320213066e-06 3.631025192109245e-06
16.79166666666653 -3.645795910039856e-06 2.385236802738816e-06
16.7944444444443 -4.425857265885441e-06 5.974910948198389e-07
16.79722222222208 -4.357923698762614e-06 -1.401311289961571e-06
16.79999999999986 -3.411919284642672e-06 -3.22054482548655e-06
16.80277777777763 -1.732831482751802e-06 -4.485354094729807e-06
16.80555555555541 3.79280410715548e-07 -4.912995379834112e-06
16.80833333333318 2.521622026272016e-06 -4.37465620014617e-06
16.81111111111096 4.2645103426424e-06 -2.929484464498512e-06
16.81388888888874 5.236658940624293e-06 -8.224612743481312e-07
16.81666666666651 5.203159881256344e-06 1.555382860883015e-06
16.81944444444429 4.119996239710179e-06 3.738363908765408e-06
16.82222222222207 2.152805273054192e-06 5.276378082608619e-06
16.82499999999984 -3.457993748784765e-07 5.826696028346435e-06
16.82777777777762 -2.897937656327858e-06 5.228800201418014e-06
16.8305555555554 -4.990748236740184e-06 3.546202285472748e-06
16.83333333333317 -6.178435224342048e-06 1.06502756179067e-06
16.83611111111095 -6.175983660216055e-06 -1.752606739372714e-06
16.83888888888873 -4.9250829907712e-06 -4.353309986906498e-06
16.8416666666665 -2.617423679519704e-06 -6.20000481729694e-06
16.84444444444428 3.315757630174383e-07 -6.881702356568131e-06
16.84722222222205 3.355829492413173e-06 -6.20325906317722e-06
16.84999999999983 5.845979508751834e-06 -4.235825807192429e-06
16.85277777777761 7.271030269999534e-06 -1.315703974556243e-06
16.85555555555538 7.290183863506091e-06 2.010798561267283e-06
16.85833333333316 5.831592621585949e-06 5.088032290388649e-06
16.86111111111094 3.120295404362232e-06 7.278989155580947e-06
16.86388888888871 -3.529353887745113e-07 8.095890649107598e-06
16.86666666666649 -3.918466588904985e-06 7.306870334712331e-06
16.86944444444427 -6.855471873387099e-06 4.99577086692098e-06
16.87222222222204 -8.536371531950525e-06 1.56048947034787e-06
16.87499999999982 -8.559373327898637e-06 -2.352866556265173e-06
16.8777777777776 -6.84142804143411e-06 -5.969758492724267e-06
16.88055555555537 -3.65062038891725e-06 -8.53911650569863e-06
16.88333333333315 4.316353364683916e-07 -9.487875031642352e-06
16.88611111111092 4.614326099613539e-06 -8.546639862432783e-06
16.8888888888887 8.048501886038171e-06 -5.819328083757736e-06
16.89166666666648 9.998147710928812e-06 -1.779760218119352e-06
16.89444444444425 9.996178950254672e-06 2.807673009148045e-06
16.89722222222203 7.952841196543296e-06 7.030703993833852e-06
16.89999999999981 4.191957581790715e-06 1.000904504150596e-05
16.90277777777758 -5.959154425039248e-07 1.107628925167894e-05
16.90555555555536 -5.477818510692451e-06 9.926596074064549e-06
16.90833333333314 -9.458391702639754e-06 6.694325501904019e-06
16.91111111111091 -1.168121887152406e-05 1.947031625130884e-06
16.91388888888869 -1.161112602729722e-05 -3.410889297777906e-06
16.91666666666647 -9.159015986765338e-06 -8.308332155342277e-06
16.91944444444424 -4.720810116772332e-06 -1.171988234539297e-05
16.92222222222202 8.815921620634476e-07 -1.287874034892462e-05
16.92499999999979 6.549797880001307e-06 -1.14463247307561e-05
16.92777777777757 1.112229112258578e-05 -7.601553295965318e-06
16.93055555555535 1.361068248130005e-05 -2.027622433935182e-06
16.93333333333312 1.341116254296585e-05 4.205779120194774e-06
16.9361111111109 1.04463561178144e-05 9.845380247403453e-06
16.93888888888868 5.205050935801236e-06 1.370440988962222e-05
16.94166666666645 -1.33313301392522e-06 1.491036609449844e-05
16.94444444444423 -7.877868616228343e-06 1.309915114744849e-05
16.94722222222201 -1.308060868834036e-05 8.512962139064764e-06
16.94999999999978 -1.581051309581331e-05 1.977276824142811e-06
16.95277777777756 -1.539777475438161e-05 -5.243820123897152e-06
16.95555555555534 -1.179247586765859e-05 -1.168954630941023e-05
16.95833333333311 -5.602236431037341e-06 -1.599585886328798e-05
16.96111111111089 2.004622729352032e-06 -1.71819306728796e-05
16.96388888888866 9.516376880212156e-06 -1.486995207111163e-05
16.96666666666644 1.537598143120419e-05 -9.389671793989577e-06
16.96944444444422 1.830169230946446e-05 -1.740829929069413e-06
16.97222222222199 1.756465838830925e-05 6.585046758415371e-06
16.97499999999977 1.316391654067226e-05 1.389271330181727e-05
16.97777777777755 5.857887200049494e-06 1.862613544660083e-05
16.98055555555532 -2.960500943546322e-06 1.9697403094421e-05
16.9833333333331 -1.152595092759425e-05 1.673260336253406e-05
16.98611111111088 -1.805166255763624e-05 1.017985958034646e-05
16.98888888888865 -2.109975190201486e-05 1.251037208374095e-06
16.99166666666643 -1.989493211789213e-05 -8.297968251774497e-06
16.99444444444421 -1.451364546244241e-05 -1.650957118463078e-05
16.99722222222198 -5.903853512806155e-06 -2.162339545787814e-05
16.99999999999976 4.275917065973328e-06 -2.245098274867264e-05
17.00277777777753 1.39724330158921e-05 -1.864710399165467e-05
17.00555555555531 2.114920291565426e-05 -1.081663995311096e-05
17.00833333333309 2.421166969166937e-05 -4.277276149223357e-07
17.01111111111086 2.235791382359167e-05 1.045888752013554e-05
17.01388888888864 1.577843849599816e-05 1.95954880402886e-05
17.01666666666642 5.656927772207111e-06 2.500888057469534e-05
17.01944444444419 -6.036513125341541e-06 2.542356888644341e-05
17.02222222222197 -1.692502915856865e-05 2.055646285762236e-05
17.02499999999975 -2.470530904665067e-05 1.1216096042438e-05
17.02777777777752 -2.763208749507118e-05 -8.225176674382577e-07
17.0305555555553 -2.490552719734693e-05 -1.31504229462728e-05
17.03333333333308 -1.687630120132738e-05 -2.320348198147589e-05
17.03611111111085 -5.017915200289689e-06 -2.879295460536356e-05
17.03888888888863 8.337413337720449e-06 -2.857871796165827e-05
17.0416666666664 2.045349625326559e-05 -2.238349303812057e-05
17.04444444444418 2.874778207575289e-05 -1.127568004283773e-05
17.04722222222196 3.133886671519623e-05 2.605918373913547e-06
17.04999999999973 2.746846754734581e-05 1.645901980739497e-05
17.05277777777751 1.770414668768081e-05 2.738016092859002e-05
17.05555555555529 3.871423898129595e-06 3.297032213318883e-05
17.05833333333306 -1.128117461245038e-05 3.185819633658059e-05
17.06111111111084 -2.462419402224292e-05 2.402772751170099e-05
17.06388888888862 -3.329048188561353e-05 1.08732586842738e-05
17.06666666666639 -3.528806180687328e-05 -5.040002829084683e-06
17.06944444444417 -2.99523310294445e-05 -2.047123725725764e-05
17.07222222222195 -1.813601710023315e-05 -3.216053237500642e-05
17.07499999999972 -2.086681354537731e-06 -3.751447643650632e-05
17.0777777777775 1.497444119361692e-05 -3.517731635511639e-05
17.08055555555528 2.949485747629317e-05 -2.536274875416682e-05
17.08333333333305 3.832732395865051e-05 -9.867137739370632e-06
17.08611111111083 3.940847647990099e-05 8.250770286070376e-06
17.0888888888886 3.223399905553706e-05 2.526861659504971e-05
17.09166666666638 1.802220572164698e-05 3.756164489361003e-05
17.09444444444416 -4.802802993822645e-07 4.237151104740936e-05
17.09722222222193 -1.952305627135078e-05 3.842033994261944e-05
17.09999999999971 -3.510800010982415e-05 2.623430730644858e-05
17.10277777777749 -4.382540508595435e-05 8.09744864945241e-06
17.10555555555526 -4.359607148244191e-05 -1.236820575808345e-05
17.10833333333304 -3.415866510024465e-05 -3.0920983926889e-05
17.11111111111082 -1.718970075216496e-05 -4.35751115644381e-05
17.11388888888859 3.982711939849185e-06 -4.745354004659524e-05
17.11666666666637 2.502542154413022e-05 -4.143634199552869e-05
17.11944444444415 4.14829441025508e-05 -2.645968432205198e-05
17.12222222222192 4.971747025689081e-05 -5.389311860613181e-06
17.1249999999997 4.770861312694027e-05 1.751987187326355e-05
17.12777777777747 3.553798752870002e-05 3.747812184251491e-05
17.13055555555525 1.54444204359935e-05 5.015868533134936e-05
17.13333333333303 -8.577162647392085e-06 5.263210399380155e-05
17.1361111111108 -3.156397026670616e-05 4.403603913834099e-05
17.13888888888858 -4.860659536749887e-05 2.582882032038751e-05
17.14166666666636 -5.58940752617957e-05 1.5581944900432e-06
17.14444444444413 -5.156108207537784e-05 -2.382236728830264e-05
17.14722222222191 -3.614993924905824e-05 -4.49598657455349e-05
17.14999999999969 -1.257573055255162e-05 -5.722720750657683e-05
17.15277777777746 1.441512979485753e-05 -5.773208559251871e-05
17.15555555555524 3.919473721364146e-05 -4.59901976912298e-05
17.15833333333302 5.642323969375735e-05 -2.410777428248981e-05
17.16111111111079 6.219596302319671e-05 3.582157581287817e-06
17.16388888888857 5.492249210958715e-05 3.137055310499038e-05
17.16666666666634 3.574098959138009e-05 5.334484390669711e-05
17.16944444444412 8.363715895214313e-06 6.46434294530843e-05
17.1722222222219 -2.163215417686577e-05 6.252681187582859e-05
17.17499999999967 -4.793517487478744e-05 4.703032394485756e-05
17.17777777777745 -6.482382898753565e-05 2.104507895159842e-05
17.18055555555523 -6.840734700926614e-05 -1.020892343989298e-05
17.183333333333 -5.751488426486193e-05 -4.022461412895127e-05
17.18611111111078 -3.403127963552932e-05 -6.25582851736691e-05
17.18888888888856 -2.589603034216798e-06 -7.22094052156613e-05
17.19166666666633 3.033433190390227e-05 -6.673516321629727e-05
17.19444444444411 5.775057986648327e-05 -4.685239265198615e-05
17.19722222222189 7.363544605352353e-05 -1.638150359760454e-05
17.19999999999966 7.4250967582382e-05 1.847641101879688e-05
17.20277777777744 5.901534426594853e-05 5.039524349323773e-05
17.20555555555521 3.072342114011146e-05 7.245955819874105e-05
17.20833333333299 -4.950410915842017e-06 7.96593550733157e-05
17.21111111111077 -4.058244021389205e-05 7.002162431994309e-05
17.21388888888854 -6.853975221779644e-05 4.512436595661977e-05
17.21666666666632 -8.261186851612358e-05 9.863608734373129e-06
17.2194444444441 -7.938593655897474e-05 -2.849935086821585e-05
17.22222222222187 -5.90619187269099e-05 -6.182751428105797e-05
17.22499999999965 -2.551544280105983e-05 -8.283036789583685e-05
17.22777777777743 1.442788997588593e-05 -8.665508589097087e-05
17.2305555555552 5.237416300480463e-05 -7.200027482842544e-05
17.23333333333298 8.012080088867806e-05 -4.149817364970291e-05
17.23611111111076 9.1426376359906e-05 -1.261265007286248e-06
17.23888888888853 8.340948622268027e-05 4.033366824531884e-05
17.24166666666631 5.72642541996999e-05 7.438431986499853e-05
17.24444444444408 1.811820929313009e-05 9.336479767620197e-05
17.24722222222186 -2.596172250810783e-05 9.278519691780533e-05
17.24999999999964 -6.562524522064745e-05 7.224370065940905e-05
17.25277777777741 -9.221831109511014e-05 3.562664679364105e-05
17.25555555555519 -9.966813509727748e-05 -9.610997367546703e-06
17.25833333333297 -8.586376231505054e-05 -5.395548770061395e-05
17.26111111111074 -5.321962950316432e-05 -8.783060604308721e-05
17.26388888888852 -8.277336766059275e-06 -0.0001036626208333773
17.2666666666663 3.959517161303494e-05 -9.756936752483129e-05
17.26944444444407 8.015078480429909e-05 -7.029768474725528e-05
17.27222222222185 0.0001044533731230521 -2.718560489911107e-05
17.27499999999963 0.0001068436035591886 2.286934137862527e-05
17.2777777777774 8.624871541683175e-05 6.923954041799512e-05
17.28055555555518 4.653477616935251e-05 0.0001018199528464583
17.28333333333295 -4.20078014347287e-06 0.0001132274748402758
17.28611111111073 -5.527151845569319e-05 0.0001004689818593353
17.28888888888851 -9.564825709166017e-05 6.570228334098508e-05
17.29166666666628 -0.0001163381999784412 1.590088453677113e-05
17.29444444444406 -0.0001123844236093347 -3.853369161517663e-05
17.29722222222184 -8.404192291672414e-05 -8.593858201301756e-05
17.29999999999961 -3.685347239810832e-05 -0.0001158853521558844
17.30277777777739 1.941972169014824e-05 -0.0001214715565491277
17.30555555555517 7.280989201709798e-05 -0.0001009051609886354
17.30833333333294 0.000111684218100573 -5.801949462616358e-05
17.31111111111072 0.0001272771872211511 -1.579569198626628e-06
17.3138888888885 0.0001156631102190576 5.650006790571181e-05
17.31666666666627 7.872579228437479e-05 0.0001036658453527465
17.31944444444405 2.388935284249646e-05 0.0001294362205489722
17.32222222222182 -3.736205044070168e-05 0.000127728410809179
17.3249999999996 -9.188336205805503e-05 9.828491794929997e-05
17.32777777777738 -0.0001276868987456797 4.6867175405432e-05
17.33055555555515 -0.0001365762440914364 -1.585594314338492e-05
17.33333333333293 -0.0001160175404289616 -7.651428370112121e-05
17.33611111111071 -6.982204527835574e-05 -0.0001218828952448683
17.33888888888848 -7.462716584857514e-06 -0.0001417637315069574
17.34166666666626 5.785866205143577e-05 -0.000131275109660718
17.34444444444404 0.0001120017947177028 -9.20356087527634e-05
17.34722222222181 0.0001429470231193076 -3.195817114036336e-05
17.34999999999959 0.0001434620038367135 3.633307779533095e-05
17.35277777777737 0.0001127847156226808 9.814961451517564e-05
17.35555555555514 5.693266908038256e-05 0.0001398954563880171
17.35833333333292 -1.246062443333038e-05 0.0001520563938310267
17.3611111111107 -8.056115947141673e-05 0.0001313646237005624
17.36388888888847 -0.0001325022646599701 8.164712389339295e-05
17.36666666666625 -0.000156629100414191 1.314282834526968e-05
17.36944444444402 -0.0001471120650055808 -5.959614582870382e-05
17.3722222222218 -0.0001053435376208199 -0.0001207914319365241
17.37499999999958 -3.978567352307723e-05 -0.0001568597858174868
17.37777777777735 3.573117577205176e-05 -0.00015942739780035
17.38055555555513 0.0001049204215065424 -0.0001272684583593153
17.38333333333291 0.0001525499103078722 -6.672037465248194e-05
17.38611111111068 0.0001677950973530938 9.54778642907237e-06
17.38888888888846 0.0001466967031400217 8.517864614904188e-05
17.39166666666624 9.316541382006398e-05 0.0001436319931074405
17.39444444444401 1.828306889118418e-05 0.0001718018929828018
17.39722222222179 -6.198169166393679e-05 0.000162954567124447
17.39999999999957 -0.0001301748411359802 0.0001183286772708245
17.40277777777734 -0.000171151937341331 4.701962862910217e-05
17.40555555555512 -0.0001754417564830491 -3.586144834517509e-05
17.40833333333289 -0.0001414315275205551 -0.0001123845440777824
17.41111111111067 -7.587043790403294e-05 -0.0001656784929343105
17.41388888888845 7.452441624621711e-06 -0.0001836513248389682
17.41666666666622 9.06011752808286e-05 -0.0001617327880739377
17.419444444444 0.000155351736819941 -0.0001040173052981372
17.42222222222178 0.0001871869599016822 -2.252522121506706e-05
17.42499999999955 0.0001785518706429546 6.529127997857748e-05
17.42777777777733 0.000130639376611339 0.0001402824129756783
17.43055555555511 5.328576080927371e-05 0.0001857770552098078
17.43333333333288 -3.703637033353492e-05 0.0001912903045044081
17.43611111111066 -0.0001207211983380339 0.0001549375659065905
17.43888888888844 -0.0001792851083764269 8.399987274557333e-05
17.44166666666621 -0.0001994509819069671 -6.517776150118024e-06
17.44444444444399 -0.000176158575098305 -9.705378818930401e-05
17.44722222222176 -0.0001138184223881896 -0.0001677161079294898
17.44999999999954 -2.550168349622042e-05 -0.0002026545099796493
17.45277777777732 6.979184454930797e-05 -0.0001936177499000515
17.45555555555509 0.000151218701405016 -0.0001418969514396148
17.45833333333287 0.0002006521554180834 -5.819864273078155e-05
17.46111111111065 0.0002067200610981019 3.956008291063524e-05
17.46388888888842 0.0001674202382873561 0.0001300830732100543
17.4666666666662 9.071210051304192e-05 0.000193334979746983
17.46944444444398 -7.079893666021974e-06 0.0002149785640549175
17.47222222222175 -0.0001047345972256132 0.0001896261573807353
17.47499999999953 -0.0001807388861395732 0.0001221675985284366
17.47777777777731 -0.0002180297734527291 2.684999885964555e-05
17.48055555555508 -0.0002078281104644285 -7.572346164652189e-05
17.48333333333286 -0.0001517019280689667 -0.0001630454292879515
17.48611111111063 -6.13752480787816e-05 -0.0002156454914030032
17.48888888888841 4.371058779694669e-05 -0.0002214353531379186
17.49166666666619 0.0001405783731942894 -0.0001784876184268756
17.49444444444396 0.0002077407414474642 -9.560930728891531e-05
17.49722222222174 0.0002299706117061069 9.450276728071342e-06
17.49999999999952 0.0002017564731593582 0.0001137961135364575
17.50277777777729 0.0001286578556713138 0.0001943775846539555
17.50555555555507 2.622988609218442e-05 0.0002330844748633595
17.50833333333285 -8.328020722262444e-05 0.0002208214574192573
17.51111111111062 -0.0001757647227001796 0.000159643498248528
17.5138888888884 -0.0002305661490958056 6.245125959403076e-05
17.51666666666618 -0.0002350962977365518 -4.972036786710171e-05
17.51944444444395 -0.0001877300099417816 -0.0001522529222868943
17.52222222222173 -9.8307843321171e-05 -0.0002223502820588956
17.5249999999995 1.389638878935629e-05 -0.000244112232709199
17.52777777777728 0.0001243264212307756 -0.0002121454167189942
17.53055555555506 0.000208519680646852 -0.000132890739113889
17.53333333333283 0.0002475314461834165 -2.334245834072883e-05
17.53611111111061 0.0002322032511452424 9.25905952231158e-05
17.53888888888839 0.0001653126628803571 0.0001893038759117339
17.54166666666616 6.10999331153924e-05 0.0002451568202249279
17.54444444444394 -5.775627192767493e-05 0.0002473213835042451
17.54722222222172 -0.0001650736113954154 0.0001947317998766699
17.54999999999949 -0.0002369377598968965 9.845658052560207e-05
17.55277777777727 -0.0002570379105275268 -2.062117271355958e-05
17.55555555555505 -0.0002203743271612685 -0.0001363314508717287
17.55833333333282 -0.0001344940394623322 -0.0002229719616882001
17.5611111111106 -1.795096066110006e-05 -0.0002610236786490914
17.56388888888837 0.0001036988124225719 -0.0002415549769393285
17.56666666666615 0.0002035031185103409 -0.0001683192104893704
17.56944444444393 0.0002590911242631516 -5.705293867225881e-05
17.5722222222217 0.0002576950823752371 6.789983490897222e-05
17.57499999999948 0.0001990876038714728 0.0001789146727211507
17.57777777777726 9.575774155265434e-05 0.0002511992261156216
17.58055555555503 -2.974256759136913e-05 0.0002683376304268507
17.58333333333281 -0.0001497198410241771 0.0002260252248827946
17.58611111111059 -0.0002374544810503516 0.0001331425091942946
17.58888888888836 -0.0002731589414161484 9.901958338959442e-06
17.59166666666614 -0.0002484484076392166 -0.0001165482381239121
17.59444444444392 -0.0001683122330750791 -0.000218107930198947
17.59722222222169 -5.01221677419051e-05 -0.0002719766990841139
17.59999999999947 8.012951679121161e-05 -0.0002657810789848818
17.60277777777724 0.000193548374821201 -0.0002004225018251816
17.60555555555502 0.0002647541643823532 -8.998924984496679e-05
17.6083333333328 0.0002775690176391097 4.127451814790709e-05
17.61111111111057 0.0002287006923507023 0.0001642920261375183
17.61388888888835 0.0001285806865742507 0.0002516005177375004
17.61666666666613 -8.544857397311382e-07 0.0002834907679270968
17.6194444444439 -0.000130968928658431 0.0002524650554293486
17.62222222222168 -0.0002327673845919997 0.0001650033586641881
17.62499999999946 -0.0002833649688652923 4.022106103406151e-05
17.62777777777723 -0.0002711412160127684 -9.430657924973416e-05
17.63055555555501 -0.0001984156137015489 -0.0002086417044420729
17.63333333333279 -8.102717482351071e-05 -0.0002771539648346239
17.63611111111056 5.511123239176604e-05 -0.000284275691600395
17.63888888888834 0.0001797352013811173 -0.0002280477236032493
17.64166666666612 0.0002649636703464469 -0.0001206464250553704
17.64444444444389 0.0002915461240930558 1.42474342944732e-05
17.64722222222167 0.0002532202174123765 0.000146670801720064
17.64999999999944 0.0001581913276232532 0.0002470397653009785
17.65277777777722 2.738363624107494e-05 0.0002927680184879788
17.655555555555 -0.0001101664193690032 0.0002733596465391469
17.65833333333277 -0.0002237603957174407 0.0001928256773563527
17.66111111111055 -0.0002878978825850825 6.886642453787118e-05
17.66388888888833 -0.0002880114211148391 -7.101659057718774e-05
17.6666666666661 -0.0002237842461759741 -0.0001956256455114634
17.66944444444388 -0.0001092932581485541 -0.0002770327624933636
17.67222222222166 3.007248513112894e-05 -0.0002968494452171416
17.67499999999943 0.0001632441251535427 -0.0002503903686012946
17.67777777777721 0.0002604062662692869 -0.0001477860263661356
17.68055555555499 0.0002996823725564335 -1.177914959191761e-05
17.68333333333276 0.0002720710063860985 0.0001273170910785918
17.68611111111054 0.0001835167329203017 0.0002383812597997328
17.68888888888831 5.363754239437292e-05 0.0002964563998846566
17.69166666666609 -8.862056402318882e-05 0.0002883689631894519
17.69444444444387 -0.0002114395026646784 0.0002157264195140484
17.69722222222164 -0.0002872546101266008 9.460938379810409e-05
17.69999999999942 -0.0002989520056831174 -4.798595402200824e-05
17.7027777777772 -0.000243742015973314 -0.0001801685651143854
17.70555555555497 -0.0001338296959297905 -0.0002722929683758819
17.70833333333275 6.27972409866358e-06 -0.0003036187366942292
17.71111111111053 0.0001452464288011591 -0.0002669907410195515
17.7138888888883 0.0002519131590325552 -0.000170481572297131
17.71666666666608 0.0003023011562508063 -3.561736639422129e-05
17.71944444444386 0.0002850117536899422 0.0001074242223037763
17.72222222222163 0.0002038143187290867 0.0002265725293310792
17.72499999999941 7.683090387864394e-05 0.0002950639351382946
17.72777777777718 -6.75075768669588e-05 0.0002974648368517757
17.73055555555496 -0.0001968314715047664 0.0002331595834844667
17.73333333333274 -0.0002821005104024499 0.0001165128334238258
17.73611111111051 -0.0003041359784959375 -2.633710789806457e-05
17.73888888888829 -0.0002579451302139535 -0.0001633386314164497
17.74166666666607 -0.0001538603610312933 -0.0002637261909492984
17.74444444444384 -1.523146647620384e-05 -0.0003049398012060332
17.74722222222162 0.0001268143746120981 -0.0002777059799080036
17.7499999999994 0.0002403685320948792 -0.000188133308817567
17.75277777777717 0.0002999188729554367 -5.634706650962189e-05
17.75555555555495 0.0002920927249275098 8.803297072435928e-05
17.75833333333273 0.0002186695413121652 0.0002125552990042935
17.7611111111105 9.618236939398595e-05 0.0002892400110560503
17.76388888888828 -4.780397381004634e-05 0.0003008768973254113
17.76666666666605 -0.0001809003891914749 0.0002448981437213539
17.76944444444383 -0.0002731877636773381 0.0001339518560155715
17.77222222222161 -0.0003039533527696498 -6.953279570813917e-06
17.77499999999938 -0.0002663501015234799 -0.0001460881227443287
17.77777777777716 -0.0001689283800612683 -0.0002521553181863333
17.78055555555494 -3.36956689143124e-05 -0.0003013397082563443
17.78333333333271 0.0001088563351730791 -0.0002826663030433506
17.78611111111049 0.000226633141230817 -0.0002004579058398677
17.78888888888827 0.0002931729445368499 -7.33400765747972e-05
17.79166666666604 0.0002936027605766533 6.997872161542742e-05
17.79444444444382 0.0002279721204209815 0.000197195700921895
17.7972222222216 0.0001112149745231736 0.0002797033509888714
17.79999999999937 -3.024688276540976e-05 0.000299033019156562
17.80277777777715 -0.0001644866559193138 0.0002509986900424311
17.80555555555492 -0.0002612860500446735 0.0001466090041599245
17.8083333333327 -0.0002989477932347843 9.547487155269139e-06
17.81111111111048 -0.0002691689982260712 -0.0001292029193046943
17.81388888888825 -0.0001788784797287212 -0.0002383703890191181
17.81666666666603 -4.862985096137333e-05 -0.0002934519386074752
17.81944444444381 9.207801674249387e-05 -0.0002822232717749308
17.82222222222158 0.0002114875283303147 -0.0002074594574166204
17.82499999999936 0.0002827589282886099 -8.625912888134836e-05
17.82777777777714 0.0002900130688971378 5.386515884781829e-05
17.83055555555491 0.0002318775991373019 0.0001812365860517281
17.83333333333269 0.0001217426992223851 0.0002671830553770004
17.83611111111047 -1.532043741895213e-05 0.0002925011693831773
17.83888888888824 -0.000148269719169458 0.0002517556818307637
17.84166666666602 -0.0002471296322065691 0.0001544497960689439
17.84444444444379 -0.0002897589684491415 2.281346494938218e-05
17.84722222222157 -0.0002668186667115879 -0.0001132765318266186
17.84999999999935 -0.0001838230525503686 -0.0002230834924080057
17.85277777777712 -5.982269136777671e-05 -0.0002819615321445503
17.8555555555549 7.696820047858595e-05 -0.000276896305706116
17.85833333333268 0.0001955961304251628 -0.0002093879938906569
17.86111111111045 0.000269380521929332 -9.503642943518274e-05
17.86388888888823 0.0002819233227380407 4.006169580734759e-05
17.86666666666601 0.0002307603424061981 0.0001652718312755065
17.86944444444378 0.0001278396515097135 0.0002523752381997855
17.87222222222156 -3.264462171778125e-06 0.0002819372641465708
17.87499999999934 -0.0001327531519497842 0.0002476510552226915
17.87777777777711 -0.0002313820665024524 0.0001576841435667049
17.88055555555489 -0.000277074164070292 3.274011171069788e-05
17.88333333333266 -0.0002598690732175057 -9.870611509208414e-05
17.88611111111044 -0.0001840976411354466 -0.0002069026354619677
17.88888888888822 -6.730613115667283e-05 -0.0002675622160729923
17.89166666666599 6.380546599578612e-05 -0.0002673218151329476
17.89444444444377 0.000179491011897365 -0.0002066909440776368
17.89722222222155 0.0002537136807853447 -9.983728298478662e-05
17.89999999999932 0.0002700135026686379 2.872032619248842e-05
17.9027777777771 0.0002251629357749694 0.0001497402662463105
17.90555555555488 0.0001297973561373674 0.0002359152902816992
17.90833333333265 5.899448080889242e-06 0.0002680414495131238
17.91111111111043 -0.0001182687405416692 0.0002393034851926528
17.91388888888821 -0.0002146174329451852 0.0001567190266245713
17.91666666666598 -0.000261590488810091 3.943592550969643e-05
17.91944444444376 -0.0002489942610080647 -8.570634228374742e-05
17.92222222222154 -0.0001802107867976893 -0.0001903224175192106
17.92499999999931 -7.131453674491039e-05 -0.0002509257487144972
17.92777777777709 5.268117126349386e-05 -0.0002542075344062957
17.93055555555486 0.0001635721220191943 -0.0001999619480906322
17.93333333333264 0.0002363840139672104 -0.0001010140884769699
17.93611111111042 0.0002550030902238361 1.980676356334977e-05
17.93888888888819 0.0002157456947212142 0.0001349353323891128
17.94166666666597 0.0001280751971357242 0.0002183639324788309
17.94444444444375 1.232979152089387e-05 0.0002515234040663814
17.94722222222152 -0.0001049950677479555 0.0002274202121152636
17.9499999999993 -0.0001973153396419507 0.0001521070293106284
17.95277777777708 -0.0002439872751612976 4.317863894898688e-05
17.95555555555485 -0.0002349279570767012 -7.433617434808554e-05
17.95833333333263 -0.0001727922807543587 -0.0001737279795790954
17.96111111111041 -7.223666373078587e-05 -0.000232682130592538
17.96388888888818 4.353344972265764e-05 -0.0002382931760403481
17.96666666666596 0.0001481199020067276 -0.000189890369839738
17.96944444444373 0.0002179552359077022 -9.905556800688318e-05
17.97222222222151 0.0002376178123866874 1.314053277041652e-05
17.97499999999929 0.0002032388634572212 0.0001210258063129772
17.97777777777706 0.0001232484127467949 0.0002002040598024299
17.98055555555484 1.632023435565495e-05 0.0002330759731891276
17.98333333333262 -9.2985591306482e-05 0.0002127531927457674
17.98611111111039 -0.0001798660467527111 0.0001444945580324095
17.98888888888817 -0.0002249071495004378 4.436679975628401e-05
17.99166666666595 -0.0002184247518532276 -6.453335063938217e-05
17.99444444444372 -0.0001625429758269759 -0.0001574080512987447
17.9972222222215 -7.056511315814549e-05 -0.0002134084021240603
17.99999999999928 3.618703083080834e-05 -0.0002203175045500615
18.00277777777705 0.0001333156816020268 -0.0001772139473604205
18.00555555555483 0.0001989257366736784 -9.453545409990862e-05
18.0083333333326 0.0002185632503992222 8.438942006089772e-06
18.01111111111038 0.0001883991930719164 0.0001080827883529431
18.01388888888816 0.0001159573126149476 0.000181844897678725
18.01666666666593 1.825271824154474e-05 0.0002133557239864916
18.01944444444371 -8.220131874992556e-05 0.0001960605156325971
18.02222222222149 -0.0001625818117559072 0.0001345727942028786
18.02499999999926 -0.0002049437172119589 4.347119915814102e-05
18.02777777777704 -0.0002002270653974399 -5.615173476616519e-05
18.03055555555482 -0.0001501885555189701 -0.0001415729047818296
18.03333333333259 -6.684729341744298e-05 -0.0001936234257713509
18.03611111111037 3.03941710019447e-05 -0.0002009913622335034
18.03888888888815 0.0001192655080131511 -0.0001626763096595867
18.04166666666592 0.0001797302267742053 -8.806413319873925e-05
18.0444444444437 0.0001985042277030501 5.36048090304074e-06
18.04722222222147 0.0001719719695250604 9.610855376255927e-05
18.04999999999925 0.0001068606554919026 0.0001636300951577809
18.05277777777703 1.855270824032546e-05 0.000192968796878545
18.0555555555548 -7.254374314479374e-05 0.000178073524001496
18.05833333333258 -0.0001457108624481774 0.0001230337376726309
18.06111111111036 -0.0001846337895485328 4.098984049270896e-05
18.06388888888813 -0.0001810377641826292 -4.89973472421223e-05
18.06666666666591 -0.0001364390337126836 -0.0001263735129158649
18.06944444444369 -6.164111534052596e-05 -0.0001737862263062005
18.07222222222146 2.587277947681028e-05 -0.000180975995285003
18.07499999999924 0.0001060236997276193 -0.0001469905682556317
18.07777777777702 0.000160743776161717 -8.024597853382564e-05
18.08055555555479 0.0001780488841038939 3.5440517458109e-06
18.08333333333257 0.0001546591696548734 8.50636478809009e-05
18.08611111111034 9.659541578043567e-05 0.0001458469191523875
18.08888888888812 1.764979935283998e-05 0.0001724606017668582
18.0916666666659 -6.388459208404114e-05 0.0001594698436214912
18.09444444444367 -0.0001294511002971544 0.0001105330718391767
18.09722222222145 -0.0001644524272027681 3.740925638916178e-05
18.09999999999923 -0.0001614982060686044 -4.285987695534088e-05
18.102777777777 -0.0001219552418562311 -0.0001119190405756602
18.10555555555478 -5.547780145124585e-05 -0.0001542959783112018
18.10833333333256 2.23388245597081e-05 -0.0001608661069311931
18.11111111111033 9.36133568931223e-05 -0.0001308098034680166
18.11388888888811 0.0001422862355167049 -7.164432462922631e-05
18.11666666666589 0.0001577365861078451 2.64145103555682e-06
18.11944444444366 0.0001370941769463496 7.488962672857756e-05
18.12222222222144 8.574447610825953e-05 0.000128734516542816
18.12499999999921 1.59459095532759e-05 0.0001523083082713636
18.12777777777699 -5.609001492567558e-05 0.0001408524162202765
18.13055555555477 -0.0001139615522005264 9.766099928992953e-05
18.13333333333254 -0.0001448096252325597 3.317403936336214e-05
18.13611111111032 -0.0001421715458665843 -3.753756039099627e-05
18.1388888888881 -0.0001073231019912882 -9.829080120067874e-05
18.14166666666587 -4.883331675436306e-05 -0.0001354924130321665
18.14444444444365 1.953119990475352e-05 -0.0001411772680203344
18.14722222222143 8.204212789722684e-05 -0.0001147049398696783
18.1499999999992 0.0001246258262409701 -6.275525131911807e-05
18.15277777777698 0.0001380291686758387 2.341585322668876e-06
18.15555555555476 0.0001198233004934492 6.552595096200933e-05
18.15833333333253 7.481310292027129e-05 0.0001124901043974767
18.16111111111031 1.379227032450736e-05 0.0001329155551124441
18.16388888888808 -4.903795374275479e-05 0.0001227345878489819
18.16666666666586 -9.937055547187064e-05 8.49216314630615e-05
18.16944444444364 -0.0001260480553668833 2.866550247637001e-05
18.17222222222141 -0.0001235312154507521 -3.285442896698129e-05
18.17499999999919 -9.303603965783382e-05 -8.555182912166821e-05
18.17777777777697 -4.210906420734495e-05 -0.0001176561070189257
18.18055555555474 1.722831199336371e-05 -0.0001223375216327938
18.18333333333252 7.131257870951416e-05 -9.915018412145442e-05
18.1861111111103 0.0001079814563376613 -5.399057640423098e-05
18.18888888888807 0.0001193053231322142 2.385938420741211e-06
18.19166666666585 0.0001032941406776578 5.692059603815884e-05
18.19444444444363 6.421439648407956e-05 9.727278037683267e-05
18.1972222222214 1.147545603706959e-05 0.0001146092228709053
18.19999999999918 -4.262848691493466e-05 0.0001055312176296966
18.20277777777696 -8.578053425792866e-05 7.272095726259922e-05
18.20555555555473 -0.0001084417851016643 2.418949256003138e-05
18.20833333333251 -0.0001059545160477738 -2.86699394531311e-05
18.21111111111028 -7.94854395457668e-05 -7.375211400937537e-05
18.21388888888806 -3.562167811876184e-05 -0.0001010086860493372
18.21666666666584 1.525662078656844e-05 -0.0001046831388629446
18.21944444444361 6.142741231645877e-05 -8.451585173868316e-05
18.22222222222139 9.252394113001343e-05 -4.566973569263124e-05
18.22499999999917 0.0001018581508615453 2.575722039634164e-06
18.22777777777694 8.785059719191057e-05 4.903483075201733e-05
18.23055555555472 5.426327797268551e-05 8.320530107259229e-05
18.2333333333325 9.211843760345057e-06 9.763838973376175e-05
18.23611111111027 -3.678779787756875e-05 8.95556151274056e-05
18.23888888888805 -7.326989911846457e-05 6.136287762556525e-05
18.24166666666583 -9.219622433436475e-05 1.997260029078864e-05
18.2444444444436 -8.972118387160035e-05 -2.488182836233738e-05
18.24722222222138 -6.695859614385141e-05 -6.293022027042635e-05
18.24999999999915 -2.960104545808346e-05 -8.571335051345555e-05
18.25277777777693 1.349214430119456e-05 -8.84584758571159e-05
18.25555555555471 5.239045162462021e-05 -7.106804026364358e-05
18.25833333333248 7.837670752883109e-05 -3.80196017133045e-05
18.26111111111026 8.589595259009139e-05 2.771866505988113e-06
18.26388888888804 7.373401986723234e-05 4.184326047560901e-05
18.26666666666581 4.517802295507291e-05 7.037458944005678e-05
18.26944444444359 7.149229044223795e-06 8.217568469072467e-05
18.27222222222137 -3.146703443806031e-05 7.502188425648909e-05
18.27499999999914 -6.189301629603588e-05 5.105231002745718e-05
18.27777777777692 -7.744967740490478e-05 1.616540595182554e-05
18.2805555555547 -7.501661475964417e-05 -2.14236055653525e-05
18.28333333333247 -5.564319330778155e-05 -5.311241964628159e-05
18.28611111111025 -2.41951400385191e-05 -7.187627588505387e-05
18.28888888888802 1.185646862483414e-05 -7.381975093989544e-05
18.2916666666658 4.420468621764012e-05 -5.897424560024532e-05
18.29444444444358 6.561671728668575e-05 -3.118080553192081e-05
18.29722222222135 7.154622535857988e-05 2.889492541466303e-06
18.29999999999913 6.10896915528184e-05 3.533059276658694e-05
18.30277777777691 3.708791798298106e-05 5.883188857449869e-05
18.30555555555468 5.373886257579339e-06 6.832117808438415e-05
18.30833333333246 -2.663765439842986e-05 6.205198115155608e-05
18.31111111111024 -5.167934012929596e-05 4.190398310512018e-05
18.31388888888801 -6.427681712769108e-05 1.285100911658866e-05
18.31666666666579 -6.19391946226256e-05 -1.825839826548469e-05
18.31944444444357 -4.5637005219293e-05 -4.431059603535029e-05
18.32222222222134 -1.947990765244467e-05 -5.9549384923033e-05
18.32499999999912 1.03090647201096e-05 -6.08423444119883e-05
18.32777777777689 3.686879255181678e-05 -4.83137119637269e-05
18.33055555555467 5.427628409901904e-05 -2.521881894734557e-05
18.33333333333245 5.886263696349491e-05 2.888728884299212e-06
18.33611111111022 4.997755346137339e-05 2.948666693959784e-05
18.338888888888 3.004534444078238e-05 4.859340828092562e-05
18.34166666666578 3.921172657030176e-06 5.610875294725329e-05
18.34444444444355 -2.228490974344059e-05 5.068653428621028e-05
18.34722222222133 -4.263271577863688e-05 3.395529776513354e-05
18.34999999999911 -5.269419957568092e-05 1.005693259933076e-05
18.35277777777688 -5.051093545783891e-05 -1.537088498493777e-05
18.35555555555466 -3.69612896852552e-05 -3.652007593123044e-05
18.35833333333244 -1.547230987385109e-05 -4.873478287513454e-05
18.36111111111021 8.837714673271206e-06 -4.953098143306968e-05
18.36388888888799 3.037340979785698e-05 -3.909109995916862e-05
18.36666666666576 4.434624143948344e-05 -2.013794668324305e-05
18.36944444444354 4.783450380379244e-05 2.763716707745754e-06
18.37222222222132 4.038588638297963e-05 2.430113898571997e-05
18.37499999999909 2.404050344450072e-05 3.964207646763607e-05
18.37777777777687 2.787821256247773e-06 4.551464929843214e-05
18.38055555555465 -1.840094884606411e-05 4.089828061569066e-05
18.38333333333242 -3.473160595633038e-05 2.718155229311442e-05
18.3861111111102 -4.266767488446076e-05 7.768555014606344e-06
18.38888888888798 -4.069041869931702e-05 -1.275886518812313e-05
18.39166666666575 -2.957627152132106e-05 -2.97182639547324e-05
18.39444444444353 -1.21447117813748e-05 -3.939086743850807e-05
18.39722222222131 7.448637178514599e-06 -3.983195161575984e-05
18.39999999999908 2.469815894104335e-05 -3.12519839967743e-05
18.40277777777686 3.578061975316036e-05 -1.589646427990314e-05
18.40555555555463 3.839807788742326e-05 2.531413297691909e-06
18.40833333333241 3.224658229619125e-05 1.975889879826883e-05
18.41111111111019 1.901708502187599e-05 3.193068873861008e-05
18.41388888888796 1.944307806306971e-06 3.646763626503393e-05
18.41666666666574 -1.497868366682734e-05 3.260688208739544e-05
18.41944444444352 -2.793065570236122e-05 2.151191658046093e-05
18.42222222222129 -3.412129209642778e-05 5.942473951623551e-06
18.42499999999907 -3.238694329857421e-05 -1.04256622425279e-05
18.42777777777685 -2.339719449443917e-05 -2.386460268601962e-05
18.43055555555462 -9.439049317798828e-06 -3.143984617052777e-05
18.4333333333324 6.157541951131451e-06 -3.164639593825385e-05
18.43611111111018 1.981001313147128e-05 -2.469875940989667e-05
18.43888888888795 2.850268981686955e-05 -1.242138592772725e-05
18.44166666666573 3.044880418566186e-05 2.221438936132342e-06
18.4444444444435 2.545069425601002e-05 1.583689974480952e-05
18.44722222222128 1.488742676623862e-05 2.538642494111785e-05
18.44999999999906 1.346050018420756e-06 2.886009868273879e-05
18.45277777777683 -1.200715742298019e-05 2.569392073708123e-05
18.45555555555461 -2.21636626102046e-05 1.684477151911141e-05
18.45833333333239 -2.694710294052997e-05 4.518574609202165e-06
18.46111111111016 -2.547478730463617e-05 -8.374134576374029e-06
18.46388888888794 -1.830963610210073e-05 -1.890200887605407e-05
18.46666666666572 -7.279580544842154e-06 -2.477617554341985e-05
18.46944444444349 4.982412184993121e-06 -2.484367814317323e-05
18.47222222222127 1.566324184017295e-05 -1.930573665004012e-05
18.47499999999905 2.241198550421896e-05 -9.62170652688732e-06
18.47777777777682 2.385366966734703e-05 1.867776503712807e-06
18.4805555555546 1.986312751949756e-05 1.250267959563318e-05
18.48333333333238 1.154605471401655e-05 1.991643379606821e-05
18.48611111111015 9.426314868177444e-07 2.255925768566406e-05
18.48888888888793 -9.468734706180473e-06 2.001702120346434e-05
18.4916666666657 -1.734772985856089e-05 1.306136104477399e-05
18.49444444444348 -2.10151748381601e-05 3.430008996239291e-06
18.49722222222126 -1.980661594565832e-05 -6.602647348657561e-06
18.49999999999903 -1.418309154120526e-05 -1.475962782930782e-05
18.50277777777681 -5.583447420348224e-06 -1.927531425803149e-05
