16.5 -9.358364838932502e-08 1.95307065103838e-07
16.50277777777778 -9.211498732701044e-08 2.038377611174361e-07
16.50555555555555 -9.041170266418561e-08 2.125899910820121e-07
16.50833333333333 -8.846275017943928e-08 2.215645702790033e-07
16.51111111111111 -8.625681658390864e-08 2.307620991516535e-07
16.51388888888888 -8.378231920110152e-08 2.401829537302171e-07
16.51666666666666 -8.102740586031773e-08 2.498272759324844e-07
16.51944444444444 -7.797995500911888e-08 2.596949637451994e-07
16.52222222222221 -7.462757604942617e-08 2.697856612914168e-07
16.52499999999999 -7.095760990197504e-08 2.800987487896985e-07
16.52777777777776 -6.695712980368581e-08 2.906333324105471e-07
16.53055555555554 -6.261294234240307e-08 3.01388234036501e-07
16.53333333333332 -5.791158873311603e-08 3.12361980931742e-07
16.53611111111109 -5.283934633982748e-08 3.235527953279556e-07
16.53888888888887 -4.738223044660133e-08 3.34958583932596e-07
16.54166666666665 -4.152599628189967e-08 3.465769273668611e-07
16.54444444444442 -3.525614129926107e-08 3.584050695399828e-07
16.5472222222222 -2.855790771764642e-08 3.704399069669542e-07
16.54999999999998 -2.141628532458771e-08 3.826779780375027e-07
16.55277777777775 -1.381601454478392e-08 3.951154522430842e-07
16.55555555555553 -5.741589776605921e-09 4.077481193702908e-07
16.55833333333331 2.822737000933713e-09 4.205713786677668e-07
16.56111111111108 1.189295234896211e-08 4.335802279954343e-07
16.56388888888886 2.148527721534887e-08 4.46769252963227e-07
16.56666666666663 3.161616250573611e-08 4.601326160684018e-07
16.56944444444441 4.23022843775209e-08 4.736640458392197e-07
16.57222222222219 5.356053925616495e-08 4.873568259939244e-07
16.57499999999996 6.540803857279285e-08 5.012037846231657e-07
16.57777777777774 7.78621032229233e-08 5.151972834052476e-07
16.58055555555552 9.094025774612399e-08 5.293292068623488e-07
16.58333333333329 1.046602242268906e-07 5.435909516670723e-07
16.58611111111107 1.190399159170781e-07 5.579734160080998e-07
16.58888888888885 1.340974305810447e-07 5.7246698902423e-07
16.59166666666662 1.498510435640536e-07 5.870615403156124e-07
16.5944444444444 1.663192005862972e-07 6.017464095417587e-07
16.59722222222218 1.835205102630819e-07 6.165103961152784e-07
16.59999999999995 2.014737363548069e-07 6.313417490005902e-07
16.60277777777773 2.201977897476211e-07 6.462281566270467e-07
16.6055555555555 2.397117201687737e-07 6.611567369260535e-07
16.60833333333328 2.600347076389292e-07 6.761140275005459e-07
16.61111111111106 2.81186053665527e-07 6.910859759374033e-07
16.61388888888883 3.031851721803917e-07 7.060579302710341e-07
16.61666666666661 3.260515802262093e-07 7.210146296081996e-07
16.61944444444439 3.498048883960104e-07 7.359401949225741e-07
16.62222222222216 3.744647910307991e-07 7.508181200289987e-07
16.62499999999994 4.000510561799474e-07 7.656312627459535e-07
16.62777777777772 4.26583515330755e-07 7.803618362555267e-07
16.63055555555549 4.540820529117208e-07 7.949914006704533e-07
16.63333333333327 4.825665955774895e-07 8.095008548156863e-07
16.63611111111105 5.120571012798532e-07 8.238704282352444e-07
16.63888888888882 5.42573548133939e-07 8.380796734312697e-07
16.6416666666666 5.741359230847807e-07 8.521074583452104e-07
16.64444444444437 6.067642103834405e-07 8.659319590887199e-07
16.64722222222215 6.404783798792799e-07 8.795306529331852e-07
16.64999999999993 6.752983751378137e-07 8.928803115658128e-07
16.6527777777777 7.112441013912689e-07 9.05956994620263e-07
16.65555555555548 7.483354133325113e-07 9.18736043489603e-07
16.65833333333326 7.865921027593258e-07 9.311920754301883e-07
16.66111111111103 8.260338860810808e-07 9.432989779619491e-07
16.66388888888881 8.666803916950733e-07 9.550299035751484e-07
16.66666666666659 9.08551147244504e-07 9.663572647480571e-07
16.66944444444436 9.516655667679614e-07 9.772527292844014e-07
16.67222222222214 9.960429377503118e-07 9.876872159759649e-07
16.67499999999992 1.041702408087761e-06 9.976308905976078e-07
16.67777777777769 1.088662972976071e-06 1.007053162240879e-06
16.68055555555547 1.136943461735931e-06 1.015922679991104e-06
16.68333333333324 1.186562524584973e-06 1.024207329955609e-06
16.68611111111102 1.237538619370655e-06 1.03187423264621e-06
16.6888888888888 1.289889998274084e-06 1.038889740723616e-06
16.69166666666657 1.343634694499939e-06 1.045219437106017e-06
16.69444444444435 1.39879050896241e-06 1.050828133449118e-06
16.69722222222213 1.455374996983009e-06 1.055679869000272e-06
16.6999999999999 1.513405455010941e-06 1.05973790983044e-06
16.70277777777768 1.572898907381631e-06 1.06296474844962e-06
16.70555555555546 1.633872093125147e-06 1.065322103807739e-06
16.70833333333323 1.696341452840238e-06 1.066770921684087e-06
16.71111111111101 1.760323115645685e-06 1.067271375468623e-06
16.71388888888879 1.825832886225953e-06 1.066782867337905e-06
16.71666666666656 1.892886231982118e-06 1.065264029827532e-06
16.71944444444434 1.961498270306188e-06 1.062672727802099e-06
16.72222222222211 2.03168375598956e-06 1.058966060826259e-06
16.72499999999989 2.103457068784048e-06 1.05410036593601e-06
16.72777777777767 2.176832201126774e-06 1.048031220812656e-06
16.73055555555544 2.251822746047087e-06 1.040713447358687e-06
16.73333333333322 2.328441885267227e-06 1.032101115677061e-06
16.736111111111 2.406702377515282e-06 1.022147548452992e-06
16.73888888888877 2.486616547061825e-06 1.010805325738213e-06
16.74166666666655 2.568196272499181e-06 9.980262901367036e-07
16.74444444444433 2.651452975774525e-06 9.837615523908088e-07
16.7472222222221 2.736397611496213e-06 9.679614973667977e-07
16.74999999999988 2.823040656524383e-06 9.505757904368432e-07
16.75277777777766 2.911392099865378e-06 9.315533842580608e-07
16.75555555555543 3.001461432880004e-06 9.108425259424545e-07
16.75833333333321 3.09325763982668e-06 8.883907646180974e-07
16.76111111111098 3.186789188749218e-06 8.641449593775451e-07
16.76388888888876 3.282064022728425e-06 8.380512876099087e-07
16.76666666666654 3.37908955150947e-06 8.100552537138793e-07
16.76944444444431 3.477872643521748e-06 7.801016981846498e-07
16.77222222222209 3.578419618305984e-06 7.481348070769995e-07
16.77499999999987 3.680736239362307e-06 7.14098121832359e-07
16.77777777777764 3.784827707434047e-06 6.779345494703343e-07
16.78055555555542 3.890698654243711e-06 6.395863731383655e-07
16.7833333333332 3.998353136691744e-06 5.989952630126775e-07
16.78611111111097 4.107794631536116e-06 5.561022875471456e-07
16.78888888888875 4.219026030564306e-06 5.108479250624709e-07
16.79166666666653 4.332049636271622e-06 4.631720756716121e-07
16.7944444444443 4.446867158061311e-06 4.130140735322206e-07
16.79722222222208 4.563479708977032e-06 3.603126994230095e-07
16.79999999999986 4.681887802983956e-06 3.050061936335292e-07
16.80277777777763 4.802091352808342e-06 2.470322691645868e-07
16.80555555555541 4.924089668352143e-06 1.863281252295508e-07
16.80833333333318 5.047881455689712e-06 1.228304610486625e-07
16.81111111111096 5.17346481666582e-06 5.647548993182529e-08
16.81388888888874 5.300837249098933e-06 -1.280104636149316e-08
16.81666666666651 5.429995647609439e-06 -8.506386298964051e-08
16.81944444444429 5.560936305077697e-06 -1.60378117131383e-07
16.82222222222207 5.693654914746319e-06 -2.388093928379666e-07
16.82499999999984 5.828146572976783e-06 -3.204236856311485e-07
16.82777777777762 5.964405782670855e-06 -4.052873868682904e-07
16.8305555555554 6.102426457365751e-06 -4.934672678708262e-07
16.83333333333317 6.24220192601531e-06 -5.850304638351032e-07
16.83611111111095 6.383724938461702e-06 -6.800444575264949e-07
16.83888888888873 6.526987671615274e-06 -7.785770627663437e-07
16.8416666666665 6.671981736338526e-06 -8.806964077256601e-07
16.84444444444428 6.818698185057585e-06 -9.864709180246336e-07
16.84722222222205 6.967127520094191e-06 -1.095969299655132e-06
16.84999999999983 7.117259702737258e-06 -1.209260521730569e-06
16.85277777777761 7.269084163053182e-06 -1.326413799069509e-06
16.85555555555538 7.42258981044857e-06 -1.447498574625974e-06
16.85833333333316 7.577765044982882e-06 -1.572584501770513e-06
16.86111111111094 7.734597769445138e-06 -1.701741426434513e-06
16.86388888888871 7.893075402195493e-06 -1.835039369118195e-06
16.86666666666649 8.053184890778747e-06 -1.972548506779147e-06
16.86944444444427 8.214912726309803e-06 -2.114339154603931e-06
16.87222222222204 8.378244958641938e-06 -2.260481747670804e-06
16.87499999999982 8.543167212316607e-06 -2.411046822509307e-06
16.8777777777776 8.709664703298431e-06 -2.566104998571167e-06
16.88055555555537 8.877722256499013e-06 -2.725726959608246e-06
16.88333333333315 9.047324324092916e-06 -2.889983434974523e-06
16.88611111111092 9.218455004621917e-06 -3.058945180852527e-06
16.8888888888887 9.391098062897907e-06 -3.232682961412495e-06
16.89166666666648 9.565236950694802e-06 -3.411267529909387e-06
16.89444444444425 9.740854828237036e-06 -3.594769609728036e-06
16.89722222222203 9.917934586484229e-06 -3.783259875367721e-06
16.89999999999981 1.009645887020248e-05 -3.976808933395885e-06
16.90277777777758 1.027641010183318e-05 -4.175487303347231e-06
16.90555555555536 1.045777050615055e-05 -4.379365398594439e-06
16.90833333333314 1.064052213570253e-05 -4.588513507186332e-06
16.91111111111091 1.082464689704097e-05 -4.80300177265124e-06
16.91388888888869 1.101012657772991e-05 -5.02290017478351e-06
16.91666666666647 1.119694287413412e-05 -5.248278510396961e-06
16.91944444444424 1.138507741997495e-05 -5.479206374070098e-06
16.92222222222202 1.157451181566009e-05 -5.715753138858931e-06
16.92499999999979 1.176522765836926e-05 -5.957987937007867e-06
16.92777777777757 1.195720657290172e-05 -6.205979640629469e-06
16.93055555555535 1.215043024326699e-05 -6.459796842383538e-06
16.93333333333312 1.234488044502469e-05 -6.719507836126355e-06
16.9361111111109 1.254053907835037e-05 -6.985180597559929e-06
16.93888888888868 1.273738820183848e-05 -7.256882764846538e-06
16.94166666666645 1.293541006701039e-05 -7.534681619224013e-06
16.94444444444423 1.31345871535403e-05 -7.818644065585206e-06
16.94722222222201 1.333490220517427e-05 -8.108836613045902e-06
16.94999999999978 1.353633826633771e-05 -8.405325355478978e-06
16.95277777777756 1.373887871942398e-05 -8.708175952024588e-06
16.95555555555534 1.394250732273655e-05 -9.017453607565396e-06
16.95833333333311 1.41472082490983e-05 -9.333223053164191e-06
16.96111111111089 1.435296612508889e-05 -9.65554852645495e-06
16.96388888888866 1.455976607092025e-05 -9.984493751987273e-06
16.96666666666644 1.476759374091297e-05 -1.032012192151468e-05
16.96944444444422 1.497643536458074e-05 -1.066249567422138e-05
16.97222222222199 1.518627778829335e-05 -1.101167707687195e-05
16.97499999999977 1.539710851751147e-05 -1.136772760389038e-05
16.97777777777755 1.560891575956899e-05 -1.173070811734323e-05
16.98055555555532 1.582168846699547e-05 -1.210067884683281e-05
16.9833333333331 1.603541638134467e-05 -1.247769936927878e-05
16.98611111111088 1.625009007754462e-05 -1.286182858858039e-05
16.98888888888865 1.646570100870012e-05 -1.325312471515333e-05
16.99166666666643 1.668224155138925e-05 -1.365164524532101e-05
16.99444444444421 1.68997050513731e-05 -1.405744694055292e-05
16.99722222222198 1.711808586974486e-05 -1.447058580654217e-05
16.99999999999976 1.733737942947583e-05 -1.489111707208922e-05
17.00277777777753 1.755758226234086e-05 -1.531909516780637e-05
17.00555555555531 1.777869205619995e-05 -1.575457370459664e-05
17.00833333333309 1.800070770261074e-05 -1.619760545192526e-05
17.01111111111086 1.822362934476624e-05 -1.664824231582942e-05
17.01388888888864 1.84474584256979e-05 -1.710653531669222e-05
17.01666666666642 1.867219773676317e-05 -1.757253456671968e-05
17.01944444444419 1.889785146636049e-05 -1.804628924714249e-05
17.02222222222197 1.912442524883698e-05 -1.852784758510425e-05
17.02499999999975 1.935192621362618e-05 -1.901725683020767e-05
17.02777777777752 1.958036303448687e-05 -1.951456323073149e-05
17.0305555555553 1.980974597892011e-05 -2.001981200946463e-05
17.03333333333308 2.00400869576568e-05 -2.053304733915923e-05
17.03611111111085 2.027139957422867e-05 -2.105431231757016e-05
17.03888888888863 2.050369917456662e-05 -2.158364894207845e-05
17.0416666666664 2.073700289663678e-05 -2.212109808383886e-05
17.04444444444418 2.097132972003357e-05 -2.266669946148016e-05
17.04722222222196 2.120670051551291e-05 -2.32204916142979e-05
17.04999999999973 2.144313809447338e-05 -2.378251187492932e-05
17.05277777777751 2.168066725828082e-05 -2.435279634149058e-05
17.05555555555529 2.191931484746851e-05 -2.493137984915389e-05
17.05833333333306 2.215910979073041e-05 -2.551829594112953e-05
17.06111111111084 2.240008315369822e-05 -2.611357683905102e-05
17.06388888888862 2.264226818744937e-05 -2.671725341271285e-05
17.06666666666639 2.288570037674867e-05 -2.732935514915374e-05
17.06944444444417 2.313041748790481e-05 -2.794991012106452e-05
17.07222222222195 2.337645961629826e-05 -2.857894495448288e-05
17.07499999999972 2.362386923346569e-05 -2.921648479575659e-05
17.0777777777775 2.387269123375019e-05 -2.986255327776004e-05
17.08055555555528 2.412297298044607e-05 -3.051717248531565e-05
17.08333333333305 2.437476435140588e-05 -3.11803629198329e-05
17.08611111111083 2.462811778409426e-05 -3.185214346308881e-05
17.0888888888886 2.488308831996759e-05 -3.25325313401936e-05
17.09166666666638 2.513973364824578e-05 -3.32215420816416e-05
17.09444444444416 2.53981141489221e-05 -3.391918948449434e-05
17.09722222222193 2.565829293507963e-05 -3.462548557260116e-05
17.09999999999971 2.592033589431053e-05 -3.534044055592277e-05
17.10277777777749 2.618431172939721e-05 -3.606406278882432e-05
17.10555555555526 2.645029199798139e-05 -3.679635872743382e-05
17.10833333333304 2.671835115137983e-05 -3.753733288593051e-05
17.11111111111082 2.69885665723514e-05 -3.828698779183295e-05
17.11388888888859 2.726101861181932e-05 -3.904532394020667e-05
17.11666666666637 2.753579062451277e-05 -3.981233974680245e-05
17.11944444444415 2.781296900344159e-05 -4.058803150008134e-05
17.12222222222192 2.809264321315404e-05 -4.137239331213747e-05
17.1249999999997 2.837490582178572e-05 -4.2165417068451e-05
17.12777777777747 2.865985253171762e-05 -4.296709237652265e-05
17.13055555555525 2.894758220893005e-05 -4.377740651329509e-05
17.13333333333303 2.923819691090908e-05 -4.459634437140636e-05
17.1361111111108 2.953180191304775e-05 -4.542388840422536e-05
17.13888888888858 2.982850573354595e-05 -4.626001856967247e-05
17.14166666666636 3.012842015668502e-05 -4.710471227279007e-05
17.14444444444413 3.043166025441619e-05 -4.795794430709501e-05
17.14722222222191 3.073834440632718e-05 -4.881968679462352e-05
17.14999999999969 3.104859431767131e-05 -4.968990912476952e-05
17.15277777777746 3.136253503572913e-05 -5.056857789178137e-05
17.15555555555524 3.168029496410779e-05 -5.145565683102233e-05
17.15833333333302 3.200200587517494e-05 -5.23511067539163e-05
17.16111111111079 3.232780292043498e-05 -5.325488548159264e-05
17.16388888888857 3.265782463876059e-05 -5.416694777726216e-05
17.16666666666634 3.299221296251514e-05 -5.508724527726058e-05
17.16944444444412 3.333111322144389e-05 -5.601572642081003e-05
17.1722222222219 3.367467414421754e-05 -5.695233637848157e-05
17.17499999999967 3.4023047857673e-05 -5.789701697936767e-05
17.17777777777745 3.437638988358689e-05 -5.884970663695702e-05
17.18055555555523 3.473485913295906e-05 -5.981034027374564e-05
17.183333333333 3.509861789770253e-05 -6.077884924457326e-05
17.18611111111078 3.546783183978106e-05 -6.175516125868923e-05
17.18888888888856 3.584266997747276e-05 -6.273920030061245e-05
17.19166666666633 3.622330466908797e-05 -6.373088654971283e-05
17.19444444444411 3.660991159359332e-05 -6.473013629863782e-05
17.19722222222189 3.700266972848084e-05 -6.573686187052643e-05
17.19999999999966 3.740176132458651e-05 -6.675097153505803e-05
17.20277777777744 3.780737187788795e-05 -6.777236942337366e-05
17.20555555555521 3.821969009804896e-05 -6.880095544190129e-05
17.20833333333299 3.863890787394798e-05 -6.983662518507632e-05
17.21111111111077 3.906522023572617e-05 -7.087926984705457e-05
17.21388888888854 3.949882531368923e-05 -7.192877613238347e-05
17.21666666666632 3.993992429353496e-05 -7.298502616576078e-05
17.2194444444441 4.03887213684263e-05 -7.404789740079635e-05
17.22222222222187 4.084542368712718e-05 -7.51172625279809e-05
17.22499999999965 4.131024129877246e-05 -7.61929893817734e-05
17.22777777777743 4.178338709383726e-05 -7.727494084691595e-05
17.2305555555552 4.226507674134387e-05 -7.836297476404882e-05
17.23333333333298 4.275552862216995e-05 -7.945694383465109e-05
17.23611111111076 4.325496375855162e-05 -8.05566955253762e-05
17.23888888888853 4.376360573940657e-05 -8.166207197188123e-05
17.24166666666631 4.428168064191389e-05 -8.277290988212151e-05
17.24444444444408 4.48094169486357e-05 -8.388904043932742e-05
17.24722222222186 4.534704546064944e-05 -8.501028920462334e-05
17.24999999999964 4.589479920645481e-05 -8.613647601937061e-05
17.25277777777741 4.645291334639041e-05 -8.726741490743331e-05
17.25555555555519 4.702162507287788e-05 -8.840291397727707e-05
17.25833333333297 4.760117350604548e-05 -8.954277532416531e-05
17.26111111111074 4.819179958497388e-05 -9.068679493240334e-05
17.26388888888852 4.879374595437587e-05 -9.183476257781215e-05
17.2666666666663 4.940725684651475e-05 -9.298646173053264e-05
17.26944444444407 5.003257795875342e-05 -9.414166945816718e-05
17.27222222222185 5.066995632598109e-05 -9.530015632955325e-05
17.27499999999963 5.131964018863398e-05 -9.646168631904745e-05
17.2777777777774 5.198187885565767e-05 -9.762601671165602e-05
17.28055555555518 5.265692256276071e-05 -9.879289800894673e-05
17.28333333333295 5.334502232557999e-05 -9.996207383604272e-05
17.28611111111073 5.40464297880415e-05 -0.0001011332808496579
17.28888888888851 5.476139706564828e-05 -0.0001023062486474302
17.29166666666628 5.549017658382717e-05 -0.0001034806996785931
17.29444444444406 5.623302091103638e-05 -0.0001046563491562498
17.29722222222184 5.699018258704003e-05 -0.0001058329049712072
17.29999999999961 5.776191394572994e-05 -0.0001070100676077609
17.30277777777739 5.854846693322347e-05 -0.0001081875300612783
17.30555555555517 5.935009292043592e-05 -0.0001093649777580534
17.30833333333294 6.016704251060811e-05 -0.0001105420884773689
17.31111111111072 6.099956534171257e-05 -0.0001117185322759986
17.3138888888885 6.184790988370232e-05 -0.0001128939714152768
17.31666666666627 6.271232323017049e-05 -0.0001140680602911117
17.31944444444405 6.359305088555937e-05 -0.0001152404453666426
17.32222222222182 6.449033654629017e-05 -0.0001164107651083788
17.3249999999996 6.540442187754016e-05 -0.0001175786499253032
17.32777777777738 6.633554628421983e-05 -0.0001187437221117274
17.33055555555515 6.728394667723015e-05 -0.0001199055957936306
17.33333333333293 6.824985723441495e-05 -0.0001210638768789575
17.33611111111071 6.923350915638591e-05 -0.0001222181630119555
17.33888888888848 7.023513041744894e-05 -0.0001233680435317289
17.34166666666626 7.125494551160174e-05 -0.0001245130994351777
17.34444444444404 7.229317519310046e-05 -0.0001256529033448009
17.34722222222181 7.335003621286174e-05 -0.0001267870194810198
17.34999999999959 7.442574104928192e-05 -0.0001279150036398859
17.35277777777737 7.552049763500317e-05 -0.0001290364031757241
17.35555555555514 7.663450907831223e-05 -0.0001301507569895543
17.35833333333292 7.77679733804097e-05 -0.0001312575955229589
17.3611111111107 7.892108314815393e-05 -0.0001323564407578701
17.36388888888847 8.009402530184387e-05 -0.0001334468062226722
17.36666666666625 8.128698077951374e-05 -0.000134528197004282
17.36944444444402 8.250012423626001e-05 -0.0001356001097670796
17.3722222222218 8.373362373982923e-05 -0.0001366620327784632
17.37499999999958 8.498764046251164e-05 -0.0001377134459412282
17.37777777777735 8.626232836844398e-05 -0.0001387538208335145
17.38055555555513 8.755783389806062e-05 -0.0001397826207557539
17.38333333333291 8.887429564854951e-05 -0.0001407993007854855
17.38611111111068 9.02118440507962e-05 -0.0001418033078400649
17.38888888888846 9.15706010436249e-05 -0.0001427940807472236
17.39166666666624 9.295067974477686e-05 -0.000143771050323991
17.39444444444401 9.435218411862649e-05 -0.0001447336394643577
17.39722222222179 9.577520864198567e-05 -0.0001456812632352677
17.39999999999957 9.721983796688941e-05 -0.0001466133289818234
17.40277777777734 9.868614658154429e-05 -0.0001475292364414441
17.40555555555512 0.0001001741984687948 -0.0001484283778675953
17.40833333333289 0.0001016840467633362 -0.0001493101381628193
17.41111111111067 0.0001032157334070127 -0.0001501738950216934
17.41388888888845 0.0001047692888028469 -0.000151019019083764
17.41666666666622 0.0001063447314683384 -0.0001518448740964398
17.419444444444 0.0001079420676876938 -0.0001526508170884239
17.42222222222178 0.0001095612911634729 -0.000153436198553713
17.42499999999955 0.0001112023826686856 -0.0001542003626459633
17.42777777777733 0.0001128653096979717 -0.000154942647384311
17.43055555555511 0.0001145500261199438 -0.0001556623848698563
17.43333333333288 0.0001162564718301977 -0.0001563589015133656
17.43611111111066 0.000117984572405123 -0.0001570315182745499
17.43888888888844 0.0001197342387570225 -0.0001576795509129069
17.44166666666621 0.000121505366791219 -0.0001583023102501278
17.44444444444399 0.0001232978370649987 -0.0001588991024444521
17.44722222222176 0.00012511151444952 -0.0001594692292766857
17.44999999999954 0.0001269462477935398 -0.0001600119884489108
17.45277777777732 0.0001288018695915277 -0.0001605266738946544
17.45555555555509 0.0001306781956543497 -0.0001610125761019906
17.45833333333287 0.000132575024784414 -0.000161468982448766
17.46111111111065 0.0001344921384554975 -0.0001618951775500636
17.46388888888842 0.0001364293004963434 -0.0001622904436189817
17.4666666666662 0.0001383862567810225 -0.0001626540608389211
17.46944444444398 0.000140362734923454 -0.0001629853077496393
17.47222222222175 0.0001423584439790982 -0.0001632834616452161
17.47499999999953 0.000144373074152442 -0.0001635477989853496
17.47777777777731 0.0001464062965120789 -0.0001637775958189294
17.48055555555508 0.0001484577627132499 -0.0001639721282203879
17.48333333333286 0.0001505271047275365 -0.0001641306727393743
17.48611111111063 0.0001526139345820883 -0.0001642525068622965
17.48888888888841 0.0001547178441066671 -0.0001643369094873527
17.49166666666619 0.0001568384046910865 -0.0001643831614113984
17.49444444444396 0.0001589751670520076 -0.0001643905458297243
17.49722222222174 0.0001611276610096419 -0.0001643583488487277
17.49999999999952 0.0001632953952765539 -0.0001642858600098596
17.50277777777729 0.0001654778572566123 -0.0001641723728268752
17.50555555555507 0.0001676745128564137 -0.0001640171853346513
17.50833333333285 0.0001698848063093464 -0.0001638196006497512
17.51111111111062 0.0001721081600117983 -0.0001635789275434095
17.5138888888884 0.0001743439743739428 -0.0001632944810250739
17.51666666666618 0.0001765916276831771 -0.0001629655829384827
17.51944444444395 0.0001788504759829149 -0.0001625915625680659
17.52222222222173 0.0001811198529663443 -0.0001621717572562503
17.5249999999995 0.0001833990698854354 -0.0001617055130315979
17.52777777777728 0.0001856874154753126 -0.0001611921852480032
17.53055555555506 0.0001879841558974409 -0.0001606311392315558
17.53333333333283 0.0001902885346966622 -0.0001600217509404252
17.53611111111061 0.0001925997727786494 -0.0001593634076311248
17.53888888888839 0.0001949170684041628 -0.0001586555085350858
17.54166666666616 0.0001972395972014306 -0.0001578974655443223
17.54444444444394 0.0001995665121988609 -0.0001570887039039387
17.54722222222172 0.0002018969438765163 -0.0001562286629132275
17.54999999999949 0.0002042300002376224 -0.0001553167966341519
17.55277777777727 0.0002065647669015547 -0.0001543525746054975
17.55555555555505 0.0002089003072164705 -0.0001533354825649844
17.55833333333282 0.0002112356623942176 -0.0001522650231762229
17.5611111111106 0.0002135698516674642 -0.0001511407167605666
17.56388888888837 0.0002159018724685999 -0.0001499621020343597
17.56666666666615 0.0002182307006316275 -0.0001487287368501051
17.56944444444393 0.0002205552906178701 -0.0001474401989402865
17.5722222222217 0.0002228745757637776 -0.0001460960866661461
17.57499999999948 0.0002251874685546488 -0.0001446960197660945
17.57777777777726 0.0002274928609219058 -0.0001432396401067754
17.58055555555503 0.0002297896245641004 -0.0001417266124364582
17.58333333333281 0.0002320766112951869 -0.000140156625135473
17.58611111111059 0.0002343526534165013 -0.0001385293909684504
17.58888888888836 0.000236616564115034 -0.0001368446478344451
17.59166666666614 0.0002388671378876919 -0.0001351021595149123
17.59444444444392 0.0002411031509918154 -0.0001333017164188306
17.59722222222169 0.0002433233619224196 -0.0001314431363236952
17.59999999999947 0.0002455265119159748 -0.0001295262651122765
17.60277777777724 0.0002477113254804543 -0.0001275509775051115
17.60555555555502 0.0002498765109545105 -0.0001255171777831958
17.6083333333328 0.0002520207610913926 -0.0001234248005078294
17.61111111111057 0.0002541427536717173 -0.0001212738112298711
17.61388888888835 0.0002562411521437316 -0.0001190642071898055
17.61666666666613 0.0002583146062902483 -0.0001167960180095559
17.6194444444439 0.0002603617529239383 -0.0001144693063718624
17.62222222222168 0.0002623812166099944 -0.0001120841686881862
17.62499999999946 0.000264371610416114 -0.0001096407357542089
17.62777777777723 0.0002663315366898268 -0.0001071391733919232
17.63055555555501 0.0002682595878639418 -0.0001045796830752689
17.63333333333279 0.0002701543472884626 -0.0001019625025417503
17.63611111111056 0.0002720143900900587 -9.928790638620326e-05
17.63888888888834 0.0002738382840582296 -9.655620663726982e-05
17.64166666666612 0.0002756245905582718 -9.376775331470148e-05
17.64444444444389 0.0002773718654710142 -9.092293496576297e-05
17.64722222222167 0.0002790786601573798 -8.80221791842221e-05
17.64999999999944 0.0002807435224508538 -8.506595310144321e-05
17.65277777777722 0.0002823649976729266 -8.205476386127218e-05
17.655555555555 0.0002839416296754311 -7.898915906537247e-05
17.65833333333277 0.0002854719619068842 -7.5869727194688e-05
17.66111111111055 0.0002869545385018446 -7.269709800808906e-05
17.66388888888833 0.0002883879053950682 -6.947194290965464e-05
17.6666666666661 0.0002897706114582718 -6.619497528834796e-05
17.66944444444388 0.0002911012096584886 -6.286695083106524e-05
17.67222222222166 0.000292378258238849 -5.948866780239422e-05
17.67499999999943 0.0002936003219195712 -5.606096729598813e-05
17.67777777777721 0.0002947659731203931 -5.258473344793679e-05
17.68055555555499 0.0002958737932004247 -4.90608936257187e-05
17.68333333333276 0.0002969223737184932 -4.549041857396233e-05
17.68611111111054 0.0002979103177099694 -4.187432253056935e-05
17.68888888888831 0.0002988362409806842 -3.82136633053425e-05
17.69166666666609 0.0002996987734170558 -3.450954231889876e-05
17.69444444444387 0.0003004965603101835 -3.076310460902837e-05
17.69722222222164 0.000301228263694864 -2.697553879016731e-05
17.69999999999942 0.0003018925637000358 -2.314807698234975e-05
17.7027777777772 0.0003024881599116939 -1.928199469321697e-05
17.70555555555497 0.0003030137727461318 -1.537861065782019e-05
17.70833333333275 0.0003034681448318013 -1.143928664296492e-05
17.71111111111053 0.0003038500423998177 -7.465427200663329e-06
17.7138888888883 0.000304158256680651 -3.458479384152006e-06
17.71666666666608 0.0003043916053064402 5.800675847753268e-07
17.71944444444386 0.0003045489337171337 4.648682689134939e-06
17.72222222222163 0.0003046291165693642 8.745793540509921e-06
17.72499999999941 0.0003046310591463298 1.286978684712571e-05
17.72777777777718 0.0003045536987674909 1.701900892362249e-05
17.73055555555496 0.0003043960061963407 2.11917662571813e-05
17.73333333333274 0.0003041569870449774 2.538632611254293e-05
17.73611111111051 0.0003038356831735794 2.960091719119379e-05
17.73888888888829 0.0003034311740833906 3.383373033626872e-05
17.74166666666607 0.0003029425783019041 3.808291928280178e-05
17.74444444444384 0.0003023690547576044 4.234660146438685e-05
17.74722222222162 0.0003017098041439642 4.662285886057284e-05
17.7499999999994 0.0003009640702697544 5.090973889891131e-05
17.75277777777717 0.0003001311413942792 5.520525540622317e-05
17.75555555555495 0.0002992103515472806 5.950738960067531e-05
17.75833333333273 0.0002982010818281416 6.381409114767104e-05
17.7611111111105 0.0002971027616872413 6.81232792498979e-05
17.76388888888828 0.0002959148701838697 7.24328437952093e-05
17.76666666666605 0.000294636937220736 7.674064655041739e-05
17.76944444444383 0.0002932685447528676 8.104452240328639e-05
17.77222222222161 0.0002918093279691637 8.534228065200837e-05
17.77499999999938 0.0002902589764446456 8.963170634232492e-05
17.77777777777716 0.000288617235261293 9.39105616525784e-05
17.78055555555494 0.0002868839060961422 9.817658732417583e-05
17.78333333333271 0.0002850588482749003 0.0001024275041368107
17.78611111111049 0.0002831419797878847 0.0001066610144319366
17.78888888888827 0.0002811332782690999 0.0001108748036754649
17.79166666666604 0.0002790327819331917 0.0001150665420692956
17.79444444444382 0.0002768405904722071 0.0001192338861998369
17.7972222222216 0.0002745568659067538 0.0001233744807326653
17.79999999999937 0.0002721818333927883 0.000127485960144063
17.80277777777715 0.0002697157819799072 0.0001315659504944282
17.80555555555492 0.0002671590653211124 0.000135612071238006
17.8083333333327 0.0002645121023324381 0.0001396219370679305
17.81111111111048 0.0002617753777979447 0.0001435931598009646
17.81388888888825 0.0002589494429233518 0.0001475233502902846
17.81666666666603 0.0002560349158301129 0.0001514101203779913
17.81944444444381 0.0002530324819975185 0.0001552510848681996
17.82222222222158 0.000249942894639021 0.0001590438635418904
17.82499999999936 0.0002467669750254109 0.0001627860831861882
17.82777777777714 0.0002435056127397439 0.0001664753796604127
17.83055555555491 0.0002401597658741098 0.0001701093999773601
17.83333333333269 0.0002367304611579625 0.0001736858044126802
17.83611111111047 0.0002332187940236756 0.000177202268629317
17.83888888888824 0.0002296259286025213 0.0001806564858234889
17.84166666666602 0.0002259530976546816 0.0001840461688830995
17.84444444444379 0.0002222016024270679 0.0001873690525635184
17.84722222222157 0.0002183728124444965 0.0001906228956696889
17.84999999999935 0.0002144681652260165 0.0001938054832518275
17.85277777777712 0.0002104891659315722 0.0001969146288045092
17.8555555555549 0.0002064373869344014 0.0001999481764715619
17.85833333333268 0.0002023144673185644 0.0002029040032538949
17.86111111111045 0.0001981221123060718 0.0002057800212121869
17.86388888888823 0.0001938620926038212 0.0002085741796720902
17.86666666666601 0.0001895362436792019 0.0002112844674190781
17.86944444444378 0.0001851464649583782 0.0002139089148865458
17.87222222222156 0.000180694718947388 0.0002164455963336945
17.87499999999934 0.0001761830302789898 0.0002188926320076299
17.87777777777711 0.0001716134846810305 0.0002212481902907778
17.88055555555489 0.0001669882278709383 0.0002235104898267722
17.88333333333266 0.0001623094643706721 0.0002256778016270156
17.88611111111044 0.0001575794562475926 0.0002277484511505109
17.88888888888822 0.0001528005217794532 0.0002297208203561373
17.89166666666599 0.0001479750340434213 0.0002315933497248173
17.89444444444377 0.0001431054194288986 0.0002333645402492071
17.89722222222155 0.0001381941560786247 0.0002350329553853009
17.89999999999932 0.000133243772254013 0.0002365972229666066
17.9027777777771 0.000128256844628739 0.000238056037075724
17.90555555555488 0.0001232359965091634 0.0002394081598720947
17.90833333333265 0.0001181838959863831 0.000240652423370793
17.91111111111043 0.0001131032540151975 0.0002417877311731027
17.91388888888821 0.0001079968224276465 0.0002428130601422945
17.91666666666598 0.0001028673918780966 0.0002437274620245055
17.91944444444376 9.771778972327053e-05 0.0002445300650108486
17.92222222222154 9.255087783757318e-05 0.0002452200752387406
17.92499999999931 8.736955036733208e-05 0.0002457967782288499
17.92777777777709 8.217673142394744e-05 0.000246259540256003
17.93055555555486 7.697537271873928e-05 0.0002466078096510206
17.93333333333264 7.176845114141229e-05 0.0002468411180311055
17.93611111111042 6.655896628442207e-05 0.0002469590814562395
17.93888888888819 6.134993791452523e-05 0.0002469614015095953
17.94166666666597 5.614440339659024e-05 0.000246847866298688
17.94444444444375 5.094541506818109e-05 0.0002466183513764124
17.94722222222152 4.57560375701797e-05 0.0002462728205787751
17.9499999999993 4.057934513661624e-05 0.0002458113267772788
17.95277777777708 3.541841884380327e-05 0.0002452340125446033
17.95555555555485 3.027634382390962e-05 0.0002445411107310952
17.95833333333263 2.515620644465559e-05 0.0002437329449504961
17.96111111111041 2.006109145955774e-05 0.000242809929972991
17.96388888888818 1.499407913059124e-05 0.0002417725720241588
17.96666666666596 9.958242325970485e-06 0.0002406214689883933
17.96944444444373 4.956643598311967e-06 0.0002393573105150283
17.97222222222151 -7.667755259266173e-09 0.0002379808780262206
17.97499999999929 -4.931658645938386e-06 0.0002364930446251838
17.97777777777706 -9.812315158560397e-06 0.0002348947749040159
17.98055555555484 -1.464664552155348e-05 0.0002331871246498151
17.98333333333262 -1.943168308195678e-05 0.0002313712404486265
17.98611111111039 -2.416448927937795e-05 0.0002294483591863246
17.98888888888817 -2.884215661536193e-05 0.0002274198074460566
17.99166666666595 -3.346181161649485e-05 0.0002252870008017145
17.99444444444372 -3.802061778452272e-05 0.0002230514430073035
17.9972222222215 -4.251577853135524e-05 0.0002207147250820372
17.99999999999928 -4.694454009578143e-05 0.0002182785242911263
18.00277777777705 -5.13041944357644e-05 0.0002157446030225836
18.00555555555483 -5.5592082094347e-05 0.0002131148075602842
18.0083333333326 -5.980559503514521e-05 0.0002103910667536705
18.01111111111038 -6.394217944213507e-05 0.0002075753905849297
18.01388888888816 -6.79993384812248e-05 0.0002046698686343021
18.01666666666593 -7.197463501950689e-05 0.0002016766684443542
18.01944444444371 -7.586569429767772e-05 0.0001985980337845217
18.02222222222149 -7.967020655214052e-05 0.000195436282817042
18.02499999999926 -8.338592958332813e-05 0.000192193806165616
18.02777777777704 -8.701069126593945e-05 0.000188873064888416
18.03055555555482 -9.054239199744988e-05 0.0001854765883571829
18.03333333333259 -9.39790070812714e-05 0.0001820069720441771
18.03611111111037 -9.731858904097598e-05 0.0001784668752190402
18.03888888888815 -0.0001005592698617783 0.000174859018557702
18.04166666666592 -0.0001036992631558434 0.0001711861816657166
18.0444444444437 -0.0001067368662482185 0.000167451200518259
18.04722222222147 -0.0001096704621794924 0.0001636569648196971
18.04999999999925 -0.0001124985216221246 0.0001598064152853067
18.05277777777703 -0.0001152196047074851 0.0001559025408479756
18.0555555555548 -0.0001178323627602476 0.0001519483757929206
18.05833333333258 -0.000120335539936808 0.000147946996823884
18.06111111111036 -0.0001227279747656184 0.0001439015200635469
18.06388888888813 -0.0001250086015861123 0.0001398150979919372
18.06666666666591 -0.0001271764518831776 0.0001356909163266019
18.06944444444369 -0.000129230655515676 0.000131532190847574
18.07222222222146 -0.0001311704418360128 0.0001273421641711741
18.07499999999924 -0.000132995140697814 0.0001231241024771939
18.07777777777702 -0.0001347041833512627 0.0001188812921920383
18.08055555555479 -0.0001362971032222928 0.0001146170366334364
18.08333333333257 -0.000137773536575098 0.0001103346526197954
18.08611111111034 -0.0001391332230556807 0.0001060374670490412
18.08888888888812 -0.0001403760061150582 0.0001017288134510941
18.0916666666659 -0.0001415018333107375 9.741202851859433e-05
18.09444444444367 -0.000142510756485593 9.309044861989079e-05
18.09722222222145 -0.0001434029318226118 8.876740629955983e-05
18.09999999999923 -0.0001441786197748568 8.444622677077793e-05
18.102777777777 -0.0001448381848705953 8.013022440365035e-05
18.10555555555478 -0.0001453820953920108 7.582269921536027e-05
18.10833333333256 -0.0001458109229282836 7.152693336575807e-05
18.11111111111033 -0.0001461253418021513 6.724618766402051e-05
18.11388888888811 -0.0001463261283705944 6.298369809058138e-05
18.11666666666589 -0.0001464141601995622 5.874267233951676e-05
18.11944444444366 -0.0001463904151135432 5.452628638580849e-05
18.12222222222144 -0.0001462559701200824 5.033768108312143e-05
18.12499999999921 -0.000146012000210988 4.617995879548223e-05
18.12777777777699 -0.0001456597770402949 4.205618006933252e-05
18.13055555555477 -0.0001452006674810163 3.796936034921117e-05
18.13333333333254 -0.0001446361320616567 3.392246674284318e-05
18.13611111111032 -0.0001439677232844026 2.991841483948782e-05
18.1388888888881 -0.0001431970838265212 2.596006558705213e-05
18.14166666666587 -0.000142325944627273 2.205022223165965e-05
18.14444444444365 -0.0001413561228623808 1.819162732468688e-05
18.14722222222143 -0.0001402895198084237 1.438695980161647e-05
18.1499999999992 -0.0001391281185998531 1.063883213681639e-05
18.15277777777698 -0.0001378739818811906 6.949787578881832e-06
18.15555555555476 -0.00013652924935756 3.322297470165022e-06
18.15833333333253 -0.0001350961352464524 -2.412413450244824e-07
18.16111111111031 -0.0001335769256341164 -3.73850901980909e-06
18.16388888888808 -0.0001319739757399455 -7.167265107996491e-06
18.16666666666586 -0.0001302897070925172 -1.052535086741654e-05
18.16944444444364 -0.0001285266046209663 -1.381069145993234e-05
18.17222222222141 -0.0001266872136656443 -1.702129804456575e-05
18.17499999999919 -0.0001247741369120738 -2.015526976064112e-05
18.17777777777697 -0.000122790031252436 -2.321079559801822e-05
18.18055555555474 -0.0001207376045788185 -2.618615615098641e-05
18.18333333333252 -0.0001186196125127743 -2.90797252538302e-05
18.1861111111103 -0.0001164388550756487 -3.188997149474178e-05
18.18888888888807 -0.0001141981733044296 -3.461545960638232e-05
18.19166666666585 -0.000111900445817839 -3.725485173026323e-05
18.19444444444363 -0.0001095485853375783 -3.980690855353412e-05
18.1972222222214 -0.0001071455351696568 -4.227049031581498e-05
18.19999999999918 -0.0001046942656508922 -4.464455768493588e-05
18.20277777777696 -0.0001021977705656231 -4.692817249990375e-05
18.20555555555473 -9.965906353792258e-05 -4.912049837991944e-05
18.20833333333251 -9.708117440441754e-05 -5.122080119856803e-05
18.21111111111028 -9.446714557312223e-05 -5.322844942229845e-05
18.21388888888806 -9.182002837348455e-05 -5.514291431274487e-05
18.21666666666584 -8.914287940310011e-05 -5.696376999240864e-05
18.21944444444361 -8.643875687638641e-05 -5.869069337361983e-05
18.22222222222139 -8.371071698060523e-05 -6.03234639510862e-05
18.22499999999917 -8.096181024463878e-05 -6.186196345792691e-05
18.22777777777694 -7.819507792585031e-05 -6.330617538616994e-05
18.23055555555472 -7.541354842039248e-05 -6.465618437216031e-05
18.2333333333325 -7.262023370229846e-05 -6.591217544801959e-05
18.23611111111027 -6.981812579656887e-05 -6.707443316035802e-05
18.23888888888805 -6.701019329160619e-05 -6.814334055754569e-05
18.24166666666583 -6.419937789602471e-05 -6.911937804734309e-05
18.2444444444436 -6.138859104511231e-05 -7.000312212659012e-05
18.24722222222138 -5.858071056181741e-05 -7.079524398511772e-05
18.24999999999915 -5.57785773773189e-05 -7.149650798616993e-05
18.25277777777693 -5.298499231601495e-05 -7.210777002570563e-05
18.25555555555471 -5.020271294963016e-05 -7.262997577339244e-05
18.25833333333248 -4.743445052515733e-05 -7.306415879810454e-05
18.26111111111026 -4.468286697109806e-05 -7.341143858098273e-05
18.26388888888804 -4.195057198643945e-05 -7.367301841937548e-05
18.26666666666581 -3.924012021654897e-05 -7.385018322507015e-05
18.26944444444359 -3.65540085202304e-05 -7.394429722040165e-05
18.27222222222137 -3.389467333167575e-05 -7.395680153616101e-05
18.27499999999914 -3.12644881214278e-05 -7.388921171501336e-05
18.27777777777692 -2.866576095960951e-05 -7.374311512485529e-05
18.2805555555547 -2.610073218521755e-05 -7.35201682860711e-05
18.28333333333247 -2.357157218452303e-05 -7.322209411727913e-05
18.28611111111025 -2.108037928173671e-05 -7.285067910408285e-05
18.28888888888802 -1.862917774489444e-05 -7.24077703953726e-05
18.2916666666658 -1.621991590956033e-05 -7.189527283211927e-05
18.29444444444358 -1.385446442286279e-05 -7.131514591344491e-05
18.29722222222135 -1.153461461020008e-05 -7.066940070498721e-05
18.29999999999913 -9.262076966659194e-06 -6.996009669461998e-05
18.30277777777691 -7.038479774906137e-06 -6.918933860077573e-05
18.30555555555468 -4.865367851336252e-06 -6.835927313846101e-05
18.30833333333246 -2.744201421791653e-06 -6.747208574840338e-05
18.31111111111024 -6.763551280548428e-07 -6.652999729456187e-05
18.31388888888801 1.336882833950218e-06 -6.553526073549701e-05
18.31666666666579 3.294311443461245e-06 -6.449015777491964e-05
18.31944444444357 5.194817451292677e-06 -6.339699549695966e-05
18.32222222222134 7.037375842983804e-06 -6.225810299152962e-05
18.32499999999912 8.821050168775149e-06 -6.107582797531576e-05
18.32777777777689 1.054499274049538e-05 -5.985253341376428e-05
18.33055555555467 1.220844469592144e-05 -5.859059414959923e-05
18.33333333333245 1.381073593114295e-05 -5.729239354315211e-05
18.33611111111022 1.535128490195865e-05 -5.596032012998231e-05
18.338888888888 1.682959829533211e-05 -5.459676430100722e-05
18.34166666666578 1.824527057226965e-05 -5.320411501046527e-05
18.34444444444355 1.959798338378213e-05 -5.178475651685023e-05
18.34722222222133 2.088750486155342e-05 -5.034106516194805e-05
18.34999999999911 2.211368878546933e-05 -4.887540619297788e-05
18.35277777777688 2.327647363015182e-05 -4.739013063276995e-05
18.35555555555466 2.437588149290553e-05 -4.588757220276549e-05
18.35833333333244 2.541201690573466e-05 -4.437004430357978e-05
18.36111111111021 2.638506553421551e-05 -4.283983705763128e-05
18.36388888888799 2.729529276623134e-05 -4.129921441833956e-05
18.36666666666576 2.814304219378568e-05 -3.975041135013443e-05
18.36944444444354 2.892873399117869e-05 -3.819563108345416e-05
18.37222222222132 2.965286319319203e-05 -3.663704244870287e-05
18.37499999999909 3.031599787685955e-05 -3.507677729297838e-05
18.37777777777687 3.091877725074963e-05 -3.351692798325323e-05
18.38055555555465 3.146190965570208e-05 -3.195954499944715e-05
18.38333333333242 3.194617048116873e-05 -3.040663462070773e-05
18.3861111111102 3.237240000143486e-05 -2.886015670796173e-05
18.38888888888798 3.274150113604774e-05 -2.732202258568377e-05
18.39166666666575 3.305443713899339e-05 -2.579409302554345e-05
18.39444444444353 3.331222922116347e-05 -2.427817633446636e-05
18.39722222222131 3.351595411085323e-05 -2.27760265493471e-05
18.39999999999908 3.366674155698935e-05 -2.128934174056501e-05
18.40277777777686 3.376577177995774e-05 -1.981976242608107e-05
18.40555555555463 3.381427287495196e-05 -1.836887009782157e-05
18.40833333333241 3.381351817274687e-05 -1.693818586173212e-05
18.41111111111019 3.376482356290965e-05 -1.552916919274313e-05
18.41388888888796 3.366954478449719e-05 -1.414321680556524e-05
18.41666666666574 3.352907468926714e-05 -1.278166164212367e-05
18.41944444444352 3.33448404824329e-05 -1.144577197613413e-05
18.42222222222129 3.311830094610684e-05 -1.013675063511814e-05
18.42499999999907 3.285094365038191e-05 -8.85573433994975e-06
18.42777777777685 3.254428215715467e-05 -7.603793161816912e-06
18.43055555555462 3.219985322168605e-05 -6.381930096151345e-06
18.4333333333324 3.181921399682554e-05 -5.19108075307015e-06
18.43611111111018 3.140393924485289e-05 -4.03211316341843e-06
18.43888888888795 3.095561856179305e-05 -2.905827699467574e-06
18.44166666666573 3.047585361896437e-05 -1.812957109034856e-06
18.4444444444435 2.996625542650569e-05 -7.541666615990794e-07
18.44722222222128 2.942844162348302e-05 2.699455952232969e-07
18.44999999999906 2.886403379913263e-05 1.258848470643451e-06
18.45277777777683 2.827465484962831e-05 2.212077159149673e-06
18.45555555555461 2.766192637472877e-05 3.129232664589404e-06
18.45833333333239 2.702746611846746e-05 4.00998112234199e-06
18.46111111111016 2.637288545796407e-05 4.85405302204066e-06
18.46388888888794 2.569978694428296e-05 5.661242333643813e-06
18.46666666666572 2.500976189913387e-05 6.431405539680406e-06
18.46944444444349 2.430438807103115e-05 7.164460576726613e-06
18.47222222222127 2.35852273544265e-05 7.860385689294063e-06
18.47499999999905 2.28538235750984e-05 8.519218199409124e-06
18.47777777777682 2.211170034498268e-05 9.141053195361355e-06
18.4805555555546 2.136035898940236e-05 9.726042143171163e-06
18.48333333333238 2.060127654951668e-05 1.027439142443803e-05
18.48611111111015 1.983590386259608e-05 1.078636080436674e-05
18.48888888888793 1.906566372257708e-05 1.126226183382254e-05
18.4916666666657 1.829194912312168e-05 1.170245618939341e-05
18.49444444444348 1.751612158526297e-05 1.210735395546874e-05
18.49722222222126 1.673950957148675e-05 1.24774118524494e-05
18.49999999999903 1.596340698790625e-05 1.281313141524552e-05
18.50277777777681 1.5189071776018e-05 1.311505712624382e-05
