16.5 1.782628038836373e-07 1.229842334483388e-07
16.50277777777778 2.223774198836484e-07 2.415133274823064e-08
16.50555555555555 2.13876356905427e-07 -8.732516386328459e-08
16.50833333333333 1.513541504801337e-07 -1.844137687502382e-07
16.51111111111111 4.683362730725565e-08 -2.418635899950894e-07
16.51388888888888 -7.633852338023841e-08 -2.426515158028313e-07
16.51666666666666 -1.885788689077016e-07 -1.828034969626957e-07
16.51944444444444 -2.610632230284281e-07 -7.326896450649371e-08
16.52222222222221 -2.730046899696007e-07 6.182246679049751e-08
16.52499999999999 -2.17405135021363e-07 1.903294479130815e-07
16.52777777777776 -1.037321412009119e-07 2.796258822453338e-07
16.53055555555554 4.335855253143191e-08 3.047544652450442e-07
16.53333333333332 1.892002578821248e-07 2.551999640645214e-07
16.53611111111109 2.971527308105842e-07 1.384870479791039e-07
16.53888888888887 3.37670668192069e-07 -2.051459370658724e-08
16.54166666666665 2.961917949917256e-07 -1.846899984564363e-07
16.54444444444442 1.777818168043683e-07 -3.131945321761085e-07
16.5472222222222 7.151964325560183e-09 -3.714702251502551e-07
16.54999999999998 -1.762623361484391e-07 -3.403420059403044e-07
16.55277777777775 -3.272499745888383e-07 -2.218435416927057e-07
16.55555555555553 -4.058131051475023e-07 -4.009012838235788e-08
16.55833333333331 -3.875640135578014e-07 1.633474450172112e-07
16.56111111111108 -2.708725830979247e-07 3.387643726102338e-07
16.56388888888886 -7.875088801665269e-08 4.40298399005639e-07
16.56666666666663 1.453441080073617e-07 4.377175988797855e-07
16.56944444444441 3.471287995237683e-07 3.250364719927943e-07
16.57222222222219 4.744605904087369e-07 1.235821805814914e-07
16.57499999999996 4.906031320020018e-07 -1.216224161096587e-07
16.57777777777774 3.844634352100535e-07 -3.516797050341819e-07
16.58055555555552 1.75023283920038e-07 -5.077660778373251e-07
16.58333333333329 -9.152709980092696e-08 -5.459557447921649e-07
16.58611111111107 -3.516990726519922e-07 -4.492355694388209e-07
16.58888888888885 -5.396100090666217e-07 -2.334986349553813e-07
16.59166666666662 -6.034395058569745e-07 5.438152394026521e-08
16.5944444444444 -5.193816972404491e-07 3.464151706431078e-07
16.59722222222218 -2.99411078072996e-07 5.693134923156184e-07
16.59999999999995 9.492373462506712e-09 6.626416567934278e-07
16.60277777777773 3.350039492894477e-07 5.94869944599491e-07
16.6055555555555 5.961212500897492e-07 3.731345531579913e-07
16.60833333333328 7.230669733608973e-07 4.384494719558684e-08
16.61111111111106 6.756000857238661e-07 -3.165911355095882e-07
16.61388888888883 4.550062395342889e-07 -6.191997831988763e-07
16.61666666666661 1.063401829631998e-07 -7.841323195509866e-07
16.61944444444439 -2.902550735296911e-07 -7.613957070661058e-07
16.62222222222216 -6.376361133559093e-07 -5.453181787085315e-07
16.62499999999994 -8.451614665453586e-07 -1.787013528531708e-07
16.62777777777772 -8.519962487458645e-07 2.550303573283323e-07
16.63055555555549 -6.443084058176247e-07 6.504371730684241e-07
16.63333333333327 -2.61627124119242e-07 9.05380252181187e-07
16.63611111111105 2.099122969022821e-07 9.470489876985555e-07
16.63888888888882 6.565299112426738e-07 7.521516268658882e-07
16.6416666666666 9.639121597292212e-07 3.557984360141232e-07
16.64444444444437 1.046101032842378e-06 -1.538622561240357e-07
16.64722222222215 8.689494862431316e-07 -6.54762181940634e-07
16.64999999999993 4.618693803612564e-07 -1.019774397467569e-06
16.6527777777777 -8.581389493895713e-08 -1.148591408334861e-06
16.65555555555548 -6.439044820644785e-07 -9.947204765318475e-07
16.65833333333326 -1.071874562663255e-06 -5.804573536296829e-07
16.66111111111103 -1.253843306465094e-06 4.680343037765212e-09
16.66388888888881 -1.129389550203186e-06 6.226526013463108e-07
16.66666666666659 -7.121325031243979e-07 1.119007975076331e-06
16.66944444444436 -9.063767420394091e-08 1.361056596868953e-06
16.67222222222214 5.896312448721724e-07 1.272777500396324e-06
16.67499999999992 1.15985576595298e-06 8.574064981536138e-07
16.67777777777769 1.469300683466901e-06 2.012427436509199e-07
16.68055555555547 1.424590185506619e-06 -5.433986844505668e-07
16.68333333333324 1.016720665639784e-06 -1.1929838085847e-06
16.68611111111102 3.28230699906529e-07 -1.577507804757841e-06
16.6888888888888 -4.824524904363529e-07 -1.584407679702437e-06
16.69166666666657 -1.216842575914494e-06 -1.190433538426208e-06
16.69444444444435 -1.684466876780359e-06 -4.726795902525294e-07
16.69722222222213 -1.75167343867738e-06 4.052363901328294e-07
16.6999999999999 -1.378807873621472e-06 1.22976800919039e-06
16.70277777777768 -6.356376796094052e-07 1.788817981112014e-06
16.70555555555546 3.101482926095375e-07 1.92568357684898e-06
16.70833333333323 1.229983479450217e-06 1.581997207410425e-06
16.71111111111101 1.889047602649428e-06 8.181105153313119e-07
16.71388888888879 2.105576358752925e-06 -1.955495127343705e-07
16.71666666666656 1.800032022015767e-06 -1.215602920443055e-06
16.71944444444434 1.021047081300013e-06 -1.983484723560342e-06
16.72222222222211 -5.977521933558376e-08 -2.290322013492232e-06
16.72499999999989 -1.184635207585207e-06 -2.032805609652227e-06
16.72777777777767 -2.070297880591721e-06 -1.245325080963975e-06
16.73055555555544 -2.478712986675276e-06 -9.885387607765747e-08
16.73333333333322 -2.28005972740446e-06 1.13498985260527e-06
16.736111111111 -1.491735399288331e-06 2.14749329294791e-06
16.73888888888877 -2.820185830139055e-07 2.669354749278791e-06
16.74166666666655 1.064484077663215e-06 2.541370145863096e-06
16.74444444444433 2.212914166929648e-06 1.760965804468678e-06
16.7472222222221 2.860657287184659e-06 4.913870509731173e-07
16.74999999999988 2.816132202986192e-06 -9.70851325929149e-07
16.75277777777766 2.053583961008323e-06 -2.264241281747717e-06
16.75555555555543 7.285993572704705e-07 -3.050827398709467e-06
16.75833333333321 -8.517512579233051e-07 -3.103546482917715e-06
16.76111111111098 -2.298994957913514e-06 -2.370019837012923e-06
16.76388888888876 -3.237861930210296e-06 -9.952508883933604e-07
16.76666666666654 -3.402604747363144e-06 7.047812741636379e-07
16.76944444444431 -2.71054759951624e-06 2.31453850579857e-06
16.77222222222209 -1.292874551452279e-06 3.419542081689353e-06
16.77499999999987 5.274895953305505e-07 3.712076254359209e-06
16.77777777777764 2.308083246938205e-06 3.075267102794357e-06
16.78055555555542 3.593428915253413e-06 1.622921864372649e-06
16.7833333333332 4.030494606021188e-06 -3.173899205054255e-07
16.78611111111097 3.464085085548348e-06 -2.27669519461293e-06
16.78888888888875 1.986742986202139e-06 -3.756860199141892e-06
16.79166666666653 -7.197767294420866e-08 -4.356145272761295e-06
16.7944444444443 -2.217303473106451e-06 -3.876696203538527e-06
16.79722222222208 -3.906948718879007e-06 -2.385565761755537e-06
16.79999999999986 -4.687053946656973e-06 -2.112521692481433e-07
16.80277777777763 -4.312564034616824e-06 2.126710546843346e-06
16.80555555555541 -2.820473868069906e-06 4.040582184754897e-06
16.80833333333318 -5.347856730838231e-07 5.020975880914168e-06
16.81111111111096 2.00160432122519e-06 4.770902203094796e-06
16.81388888888874 4.1544248613629e-06 3.29238416341601e-06
16.81666666666651 5.35538637568081e-06 9.010690101299294e-07
16.81944444444429 5.250655779771491e-06 -1.838572166638565e-06
16.82222222222207 3.802023352951471e-06 -4.244921040247298e-06
16.82499999999984 1.312486018674335e-06 -5.687472572698602e-06
16.82777777777762 -1.634116905648151e-06 -5.750483122746033e-06
16.8305555555554 -4.308300470683186e-06 -4.349904098520844e-06
16.83333333333317 -6.014126722424912e-06 -1.77133432625773e-06
16.83611111111095 -6.268738332221421e-06 1.38467479080402e-06
16.83888888888873 -4.936300713112963e-06 4.340585856518e-06
16.8416666666665 -2.279800105585437e-06 6.331941087153952e-06
16.84444444444428 1.086635487170416e-06 6.803454499666906e-06
16.84722222222205 4.337602518318644e-06 5.561224593568949e-06
16.84999999999983 6.637204642344542e-06 2.839931552214557e-06
16.85277777777761 7.352327938039274e-06 -7.363640590358502e-07
16.85555555555538 6.224399557383152e-06 -4.294990310555727e-06
16.85833333333316 3.453611188365248e-06 -6.925901735642198e-06
16.86111111111094 -3.302249452227589e-07 -7.912703584938696e-06
16.86388888888871 -4.208217872116689e-06 -6.925237261766193e-06
16.86666666666649 -7.193712859106573e-06 -4.122527112996165e-06
16.86944444444427 -8.481561774718611e-06 -1.353921091131383e-07
16.87222222222204 -7.662812894255207e-06 4.072599276407888e-06
16.87499999999982 -4.848143334606273e-06 7.436017684557138e-06
16.8777777777776 -6.640442126984378e-07 9.055506578384017e-06
16.88055555555537 3.883313133487261e-06 8.435841334991934e-06
16.88333333333315 7.647900505120929e-06 5.631669338972375e-06
16.88611111111092 9.630755911678578e-06 1.259205646972676e-06
16.8888888888887 9.242654000511714e-06 -3.635424181962304e-06
16.89166666666648 6.474029060078795e-06 -7.824158217521331e-06
16.89444444444425 1.924236427763683e-06 -1.020313361188024e-05
16.89722222222203 -3.323907392182795e-06 -1.008117658780661e-05
16.89999999999981 -7.959310969749821e-06 -7.37582943791733e-06
16.90277777777758 -1.076806368245445e-05 -2.66234921302193e-06
16.90555555555536 -1.094890794503221e-05 2.943674585433846e-06
16.90833333333314 -8.337328761997259e-06 8.04761558726436e-06
16.91111111111091 -3.476574678393928e-06 1.132056690184991e-05
16.91388888888869 2.48960355528531e-06 1.184290030191023e-05
16.91666666666647 8.083081877821985e-06 9.358405013983057e-06
16.91944444444424 1.185525998808949e-05 4.369725502051384e-06
16.92222222222202 1.275974109799827e-05 -1.956569658173392e-06
16.92499999999979 1.043852443672856e-05 -8.059491900523813e-06
16.92777777777757 5.344359118932163e-06 -1.236635750473188e-05
16.93055555555535 -1.339479820458394e-06 -1.369553665074685e-05
16.93333333333312 -7.970422268736355e-06 -1.157671056992219e-05
16.9361111111109 -1.284767668570356e-05 -6.402739424323759e-06
16.93888888888868 -1.464589790759753e-05 6.333088877405137e-07
16.94166666666645 -1.277151400475767e-05 7.809269538891889e-06
16.94444444444423 -7.546797625492789e-06 1.329264534688686e-05
16.94722222222201 -1.668617788310842e-07 1.560592852685802e-05
16.94999999999978 7.569278718473307e-06 1.40209831208173e-05
16.95277777777756 1.369431304082917e-05 8.778092458970603e-06
16.95555555555534 1.657021553100944e-05 1.065803577142585e-06
16.95833333333311 1.532263607809403e-05 -7.243574906202177e-06
16.96111111111089 1.00977700093816e-05 -1.404536559767346e-05
16.96388888888866 2.06809794973622e-06 -1.753282277312157e-05
16.96666666666644 -6.825198055624319e-06 -1.667343434548149e-05
16.96944444444422 -1.433814318021547e-05 -1.150652338353749e-05
16.97222222222199 -1.8487287452138e-05 -3.178091844258174e-06
16.97499999999977 -1.806975805347059e-05 6.307140831257073e-06
16.97777777777755 -1.300455251031523e-05 1.456466196415411e-05
16.98055555555532 -4.39985153462383e-06 1.942661990604935e-05
16.9833333333331 5.682389501798456e-06 1.950738346429494e-05
16.98611111111088 1.471663953614384e-05 1.459152435263519e-05
16.98888888888865 2.0343306902985e-05 5.737115013164622e-06
16.99166666666643 2.098146285575473e-05 -4.943967790710031e-06
16.99444444444421 1.626653383362268e-05 -1.478552408098795e-05
16.99722222222198 7.193243186142361e-06 -2.122931863940704e-05
16.99999999999976 -4.084983578249676e-06 -2.248650711652899e-05
17.00277777777753 -1.476252740865117e-05 -1.802806579109357e-05
17.00555555555531 -2.207611964141109e-05 -8.771170128372769e-06
17.00833333333309 -2.401637134996781e-05 3.098678323336221e-06
17.01111111111086 -1.987395828846377e-05 1.463866184630277e-05
17.01388888888864 -1.047335267431562e-05 2.287468375013076e-05
17.01666666666642 1.978479045371971e-06 2.556424378084292e-05
17.01944444444419 1.440478099658352e-05 2.180136761940911e-05
17.02222222222197 2.361551335456065e-05 1.230171964547128e-05
17.02499999999975 2.712263825427413e-05 -7.180526801691545e-07
17.02777777777752 2.380673535305701e-05 -1.405162433592725e-05
17.0305555555553 1.425762103360821e-05 -2.428866301601755e-05
17.03333333333308 6.886374055040905e-07 -2.86833906089629e-05
17.03611111111085 -1.356986559857199e-05 -2.588575777334937e-05
17.03888888888863 -2.488376760637162e-05 -1.634177748006924e-05
17.0416666666664 -3.023765919702314e-05 -2.247272981776618e-06
17.04444444444418 -2.803335807088896e-05 1.295016486276345e-05
17.04722222222196 -1.85542304090381e-05 2.53900750588229e-05
17.04999999999973 -3.963120877550035e-06 3.177592981062453e-05
17.05277777777751 1.218322422478509e-05 3.024366164840191e-05
17.05555555555529 2.579648380405707e-05 2.089429319006201e-05
17.05833333333306 3.328802526091914e-05 5.840971553185422e-06
17.06111111111084 3.250997490094916e-05 -1.12598469155345e-05
17.06388888888862 2.336050372068791e-05 -2.60915849366654e-05
17.06666666666639 7.885076648462267e-06 -3.476311983770682e-05
17.06944444444417 -1.017099968120985e-05 -3.482476783016918e-05
17.07222222222195 -2.626370912744775e-05 -2.595057883309355e-05
17.07499999999972 -3.618975885814301e-05 -1.009908585813698e-05
17.0777777777775 -3.717966084647611e-05 8.907878218186512e-06
17.08055555555528 -2.866137094081481e-05 2.63009782652063e-05
17.08333333333305 -1.2485983510021e-05 3.755588349095973e-05
17.08611111111083 7.461975416785292e-06 3.956541610623731e-05
17.0888888888886 2.619136177909961e-05 3.148882735028896e-05
17.09166666666638 3.884886101728192e-05 1.50480252474183e-05
17.09444444444416 4.197193371977409e-05 -5.825152137892924e-06
17.09722222222193 3.442795266957695e-05 -2.592273755725148e-05
17.09999999999971 1.778667523916411e-05 -4.005552066191501e-05
17.10277777777749 -3.989710209829699e-06 -4.438825315351003e-05
17.10555555555526 -2.548295734163176e-05 -3.747277475049119e-05
17.10833333333304 -4.116219509925987e-05 -2.070254436169784e-05
17.11111111111082 -4.680256013269059e-05 1.948467302289328e-06
17.11388888888859 -4.061631460211555e-05 2.485991644176645e-05
17.11666666666637 -2.379532981847449e-05 4.215476770499216e-05
17.11944444444415 -3.051667005452294e-07 4.920219933217291e-05
17.12222222222192 2.404162757157655e-05 4.385056071232587e-05
17.1249999999997 4.301872559095445e-05 2.706375667718339e-05
17.12777777777747 5.157369312022212e-05 2.777112236403929e-06
17.13055555555525 4.716644820987886e-05 -2.30162985737905e-05
17.13333333333303 3.050552182233834e-05 -4.373921842284106e-05
17.1361111111108 5.472541951951105e-06 -5.390276659481538e-05
17.13888888888858 -2.177241375748354e-05 -5.055384329144092e-05
17.14166666666636 -4.430112298188331e-05 -3.411724083193325e-05
17.14444444444413 -5.617437912343944e-05 -8.395802409462204e-06
17.14722222222191 -5.400153332735228e-05 2.029881853364833e-05
17.14999999999969 -3.789439829665311e-05 4.468911339091208e-05
17.15277777777746 -1.155033611266296e-05 5.837276256567792e-05
17.15555555555524 1.858480699287841e-05 5.749722304565907e-05
17.15833333333302 4.48877368818632e-05 4.18313021076238e-05
17.16111111111079 6.048146632325956e-05 1.493860437619425e-05
17.16388888888857 6.102753717555204e-05 -1.662021203015468e-05
17.16666666666634 4.592104224156936e-05 -4.488149493776941e-05
17.16944444444412 1.85620115876672e-05 -6.248340932480443e-05
17.1722222222219 -1.439549758079945e-05 -6.457802991024227e-05
17.17499999999967 -4.465492959751918e-05 -5.015545457151495e-05
17.17777777777745 -6.436093901164397e-05 -2.242083143471097e-05
17.18055555555523 -6.813320152364856e-05 1.190185249386173e-05
17.183333333333 -5.452509022932687e-05 4.419271466324797e-05
17.18611111111078 -2.651413568603924e-05 6.609589734865546e-05
17.18888888888856 9.131285529688224e-06 7.167652244668197e-05
17.19166666666633 4.34797515042305e-05 5.901919103725757e-05
17.19444444444411 6.766969383702265e-05 3.083972613585549e-05
17.19722222222189 7.519046507572373e-05 -6.076720934523444e-06
17.19999999999966 6.362567151547845e-05 -4.250126910175622e-05
17.20277777777744 3.539407032867082e-05 -6.906338545959247e-05
17.20555555555521 -2.732094005522481e-06 -7.865654355013559e-05
17.20833333333299 -4.124292793209774e-05 -6.83311079561869e-05
17.21111111111077 -7.02577634362954e-05 -4.017224169805469e-05
17.21388888888854 -8.205536169478212e-05 -9.075539666378405e-07
17.21666666666632 -7.31207350364173e-05 3.969092723437119e-05
17.2194444444441 -4.516786475112087e-05 7.123344661800166e-05
17.22222222222187 -4.845982028772374e-06 8.536666928055324e-05
17.22499999999965 3.783211516594079e-05 7.797845041525787e-05
17.22777777777743 7.197098128924648e-05 5.037306593995186e-05
17.2305555555552 8.856942670821774e-05 9.085657840810759e-06
17.23333333333298 8.288682773679091e-05 -3.565410129333847e-05
17.23611111111076 5.577843085175922e-05 -7.245094709827677e-05
17.23888888888853 1.362766859866893e-05 -9.164187817051646e-05
17.24166666666631 -3.314537083167856e-05 -8.782713842120084e-05
17.24444444444408 -7.265406877270552e-05 -6.137296834827829e-05
17.24722222222186 -9.456163329368311e-05 -1.847163532270237e-05
17.24999999999964 -9.277938259586078e-05 3.029539998691708e-05
17.25277777777741 -6.714408226889656e-05 7.256133322411475e-05
17.25555555555519 -2.361563125193356e-05 9.730575720244329e-05
17.25833333333297 2.709477172612488e-05 9.772232946985951e-05
17.26111111111074 7.215411158416945e-05 7.307755129894056e-05
17.26388888888852 9.985086889354811e-05 2.905610509319451e-05
17.2666666666663 0.0001026335674136281 -2.353529124981348e-05
17.26944444444407 7.915751758017519e-05 -7.141428565849978e-05
17.27222222222185 3.47878098885445e-05 -0.0001021732477396731
17.27499999999963 -1.961010040926708e-05 -0.0001074895639517792
17.2777777777774 -7.032437822530413e-05 -8.536648461529373e-05
17.28055555555518 -0.0001042489478823685 -4.080373826263889e-05
17.28333333333295 -0.0001122657358236977 1.531379027160856e-05
17.28611111111073 -9.16853249851614e-05 6.886768654902545e-05
17.28888888888851 -4.709506481563553e-05 0.0001060539202052545
17.29166666666628 1.064251101151405e-05 0.0001169365292055708
17.29444444444406 6.7028418422519e-05 9.809329836065065e-05
17.29722222222184 0.0001075641415111407 5.365109641861985e-05
17.29999999999961 0.000121475510126013 -5.594078272279359e-06
17.30277777777739 0.0001045680802472283 -6.479182999730734e-05
17.30555555555517 6.045923115686463e-05 -0.0001087557504576411
17.30833333333294 -1.680751234646436e-07 -0.0001258554650389273
17.31111111111072 -6.214436460798629e-05 -0.0001110858018526709
17.3138888888885 -0.0001096051897365107 -6.75049266477595e-05
17.31666666666627 -0.000130048511447443 -5.634051278284744e-06
17.31944444444405 -0.0001176211014131132 5.907379174897783e-05
17.32222222222182 -7.47716784394896e-05 0.0001100893539099648
17.3249999999996 -1.180889923183706e-05 0.0001340262183989557
17.32777777777738 5.556934531179741e-05 0.0001241471872552545
17.33055555555515 0.0001101857422496353 8.224100916201604e-05
17.33333333333293 0.0001377597365943698 1.835102915182827e-05
17.33611111111071 0.0001306359128055463 -5.162186015232323e-05
17.33888888888848 8.989246906952255e-05 -0.0001098726158521201
17.34166666666626 2.525288825771854e-05 -0.0001412199377760058
17.34444444444404 -4.722390601320366e-05 -0.0001370578636902469
17.34722222222181 -0.0001091291582389844 -9.770364856728399e-05
17.34999999999959 -0.0001443775629772496 -3.250474420261007e-05
17.35277777777737 -0.0001433824569928457 4.236991779861385e-05
17.35555555555514 -0.0001056502032686077 0.0001079356385811925
17.35833333333292 -4.009462853824868e-05 0.0001472033791342599
17.3611111111107 3.705632116149055e-05 0.0001495780526592918
17.36388888888847 0.0001062735766250856 0.0001137058920698303
17.36666666666625 0.0001496683434765757 4.800829089282091e-05
17.36944444444402 0.0001556120769546207 -3.128165234944526e-05
17.3722222222218 0.0001218426286682317 -0.0001041259083367844
17.37499999999958 5.622916471338071e-05 -0.0001517437750289225
17.37777777777735 -2.504667122995438e-05 -0.0001614511577900353
17.38055555555513 -0.00010147715121987 -0.0001300305468825188
17.38333333333291 -0.0001534015324725087 -6.473834538967823e-05
17.38611111111068 -0.0001670612716467531 1.835446641009124e-05
17.38888888888846 -0.0001382380800516831 9.83135682170056e-05
17.39166666666624 -7.351458153570922e-05 0.0001546141975302048
17.39444444444401 1.121055135938969e-05 0.00017240790172951
17.39722222222179 9.462332904808209e-05 0.0001464320547151396
17.39999999999957 0.0001553552629587318 8.253428015354531e-05
17.40277777777734 0.0001774562068852865 -3.622950454525727e-06
17.40555555555512 0.0001545777986824329 -9.039666780232763e-05
17.40833333333289 9.177152634958924e-05 -0.0001555993241496735
17.41111111111067 4.397726131526467e-06 -0.0001821712007250493
17.41388888888845 -8.562603556304323e-05 -0.0001626392635098704
17.41666666666622 -0.0001553222732641554 -0.0001011981182062775
17.419444444444 -0.0001865179402852019 -1.283821974511836e-05
17.42222222222178 -0.0001705791613052812 8.030624680813168e-05
17.42499999999955 -0.0001107836173373862 0.000154501494753232
17.42777777777733 -2.168257379444201e-05 0.0001904617234651797
17.43055555555511 7.443461832299889e-05 0.0001783591156699331
17.43333333333288 0.0001531160610449452 0.0001204954155764963
17.43611111111066 0.0001939682943764449 3.091209850402971e-05
17.43888888888844 0.0001859398264912136 -6.801109932383865e-05
17.44166666666621 0.0001302988181572181 -0.0001511469271154017
17.44444444444399 4.050535081402795e-05 -0.000197004055638436
17.44722222222176 -6.103839151458003e-05 -0.0001932812481728774
17.44999999999954 -0.0001485771226001472 -0.0001401571436498833
17.45277777777732 -0.0001995362865573289 -5.043813030699249e-05
17.45555555555509 -0.0002003427807894425 5.352205777087819e-05
17.45833333333287 -0.0001500318408065466 0.0001453919400579926
17.46111111111065 -6.068349196605932e-05 0.0002015333660293117
17.46388888888842 4.547061818964608e-05 0.0002070834735207493
17.4666666666662 0.0001415791179391674 0.000159882622372858
17.46944444444398 0.000202964998914084 7.121177650671501e-05
17.47222222222175 0.0002134622396132004 -3.689563223894429e-05
17.47499999999953 0.0001696676157870639 -0.0001371290167918961
17.47777777777731 8.199065891998976e-05 -0.0002038024445399938
17.48055555555508 -2.781176579890569e-05 -0.0002194380819869099
17.48333333333286 -0.0001320347871992489 -0.0001793435305796766
17.48611111111063 -0.0002040187459131854 -9.298521578824128e-05
17.48888888888841 -0.0002249703284920991 1.823684191482613e-05
17.49166666666619 -0.0001888658421492812 0.0001262925279297776
17.49444444444396 -0.0001041580118152784 0.0002035889581291105
17.49722222222174 8.191874143544015e-06 0.0002300188756966142
17.49999999999952 0.0001199014327670517 0.0001981889914655033
17.50277777777729 0.0002024903744163151 0.0001154692058974462
17.50555555555507 0.0002345444399687312 2.298918548201006e-06
17.50833333333285 0.0002072666001002921 -0.0001128639245050149
17.51111111111062 0.0001268766769546847 -0.000200702748172105
17.5138888888884 1.320811631708669e-05 -0.0002385088145060986
17.51666666666618 -0.0001051857745857747 -0.0002160516998661753
17.51944444444395 -0.0001982085093048872 -0.0001383361695897893
17.52222222222173 -0.0002418751308493746 -2.450512327510821e-05
17.5249999999995 -0.0002244969761788695 9.687620691480038e-05
17.52777777777728 -0.0001498014595167645 0.0001949929731492268
17.53055555555506 -3.615621340297583e-05 0.0002446081233149449
17.53333333333283 8.794798439699123e-05 0.0002325550241374047
17.53611111111061 0.0001910445401878655 0.0001612245385498077
17.53888888888839 0.0002466743946801482 4.812459821112524e-05
17.54166666666616 0.0002401786161572236 -7.84174768167407e-05
17.54444444444394 0.0001725558187906742 -0.000186354884794892
17.54722222222172 6.037051667465168e-05 -0.0002480426813650579
17.54999999999949 -6.830470873779073e-05 -0.0002473209798581578
17.55277777777727 -0.0001809191312033197 -0.0001837443554971834
17.55555555555505 -0.0002486841162679946 -7.285134785698151e-05
17.55833333333282 -0.0002539360847674139 5.763338618349914e-05
17.5611111111106 -0.0001947380879455365 0.0001747360149124301
17.56388888888837 -8.552174646544569e-05 0.0002485724873422465
17.56666666666615 4.643090095185702e-05 0.0002599789362621474
17.56944444444393 0.0001678080277532015 0.0002054840974495718
17.5722222222217 0.0002476844899353175 9.8333801444506e-05
17.57499999999948 0.0002654058750442857 -3.472831153652565e-05
17.57777777777726 0.0002159288815058624 -0.0001601415448906978
17.58055555555503 0.0001112372175334465 -0.0002459999708647156
17.58333333333281 -2.256029973055143e-05 -0.0002701748803195634
17.58611111111059 -0.0001517469320588707 -0.0002260186428951494
17.58888888888836 -0.0002435021621638985 -0.0001241795195515098
17.59166666666614 -0.0002742458747319892 9.965102143809878e-06
17.59444444444392 -0.0002356995923723839 0.0001426386314217875
17.59722222222169 -0.000137106278983478 0.0002401779024122391
17.59999999999947 -3.015583990463263e-06 0.0002775810290001056
17.60277777777724 0.0001328352245061357 0.0002449182634353705
17.60555555555502 0.00023601784355197 0.0001499613622588691
17.6083333333328 0.0002801450641045461 1.63367211931286e-05
17.61111111111057 0.0002536218374774587 -0.0001223594707761483
17.61388888888835 0.0001626871999196425 -0.0002310166411061987
17.61666666666613 2.995007857395911e-05 -0.0002819055487910589
17.6194444444439 -0.0001112383205131876 -0.0002617584774869508
17.62222222222168 -0.0002251731257367834 -0.0001752250756775106
17.62499999999946 -0.0002828331900819427 -4.380440524428487e-05
17.62777777777723 -0.0002692776682920253 9.950290081137877e-05
17.63055555555501 -0.0001875154341619217 0.0002184904541258532
17.63333333333279 -5.784563019032942e-05 0.0002829021144341544
17.63611111111056 8.718847363887055e-05 0.0002761305612118044
17.63888888888834 0.0002109762372240132 0.0001994982059641933
17.64166666666612 0.000282090137139398 7.201708832476727e-05
17.64444444444389 0.0002822703208373358 -7.43343650813425e-05
17.64722222222167 0.000211113148380223 -0.0002026426439932313
17.64999999999944 8.625977218380087e-05 -0.0002803790175422703
17.65277777777722 -6.098386506732814e-05 -0.0002876524715426776
17.655555555555 -0.0001935064788733406 -0.0002223002000598194
17.65833333333277 -0.0002777546976452611 -0.00010051260854018
17.66111111111055 -0.0002922352412180409 4.718409706498298e-05
17.66388888888833 -0.0002329998475833291 0.0001835892313180228
17.6666666666661 -0.0001147127589572836 0.0002742075216888368
17.66944444444388 3.29858574569059e-05 0.000295979899620335
17.67222222222166 0.00017291709589155 0.0002431535017969497
17.67499999999943 0.0002697324343281992 0.0001287959430914707
17.67777777777721 0.000298851088660686 -1.844342451188571e-05
17.68055555555499 0.0002527038815644758 -0.0001615209615759179
17.68333333333276 0.0001426967833100109 -0.0002643291550881867
17.68611111111054 -3.614337119257431e-06 -0.0003008171418862918
17.68888888888831 -0.0001494363691190053 -0.0002615954024275045
17.69166666666609 -0.0002580023268604077 -0.0001563491689564192
17.69444444444387 -0.0003018503903762344 -1.14408563120355e-05
17.69722222222164 -0.0002697745675144279 0.0001367034354507806
17.69999999999942 -0.0001696866383743333 0.0002507616363054348
17.7027777777772 -2.665887812683375e-05 0.0003019274522515805
17.70555555555497 0.000123366744414912 0.0002771903578988182
17.70833333333275 0.0002426219041564362 0.0001826427765614072
17.71111111111053 0.0003010295030045491 4.197402995297961e-05
17.7138888888883 0.0002837946194861739 -0.000109475203299017
17.71666666666608 0.0001951516261175315 -0.000233603143564289
17.71944444444386 5.731852828862593e-05 -0.0002991425238808642
17.72222222222163 -9.508186489126256e-05 -0.0002895424434090522
17.72499999999941 -0.0002237305848045676 -0.0002071481089296046
17.72777777777718 -0.0002962575256017371 -7.262286569695538e-05
17.73055555555496 -0.0002943925368242597 8.0243715065783e-05
17.73333333333274 -0.0002185684558453111 0.000213034664858016
17.73611111111051 -8.781619586984892e-05 0.0002923707447934283
17.73888888888829 6.502142617051603e-05 0.0002983075809510117
17.74166666666607 0.0002015509806024698 0.0002293506413932356
17.74444444444384 0.0002874838105967672 0.0001028267405656371
17.74722222222162 0.0003012545731523366 -4.947907678732067e-05
17.7499999999994 0.0002394348204481853 -0.0001893202045874615
17.75277777777717 0.0001175822161475472 -0.0002816038790658442
17.75555555555495 -3.368383873066725e-05 -0.000303205149854847
17.75833333333273 -0.0001763879626352635 -0.0002487637635787379
17.7611111111105 -0.0002747437331225178 -0.0001320102772054056
17.76388888888828 -0.0003041358871218557 1.770563245974384e-05
17.76666666666605 -0.0002572832876942471 0.0001628046727862296
17.76944444444383 -0.0001460389744786075 0.0002669218460266566
17.77222222222161 1.616752392593064e-06 0.0003040285757431399
17.77499999999938 0.0001486253454076891 0.0002649426785004167
17.77777777777716 0.0002581624065354892 0.000159597224072288
17.78055555555494 0.0003028704677850324 1.45085360831923e-05
17.78333333333271 0.0002716951011873078 -0.0001339093446116723
17.78611111111049 0.0001726152847315472 -0.0002484953041707219
17.78888888888827 3.05944257817311e-05 -0.0003006544916536092
17.79166666666604 -0.0001187201114361492 -0.0002774979957364546
17.79444444444382 -0.0002379560732773472 -0.0001850252397424247
17.7972222222216 -0.0002973794328664128 -4.656402066665474e-05
17.79999999999937 -0.0002823134531952717 0.0001031248496138264
17.80277777777715 -0.0001967614798351408 0.000226585794858417
17.80555555555492 -6.233980982583917e-05 0.0002930500779040856
17.8083333333327 8.719417507916282e-05 0.0002861085692935318
17.81111111111048 0.0002144309554797269 0.000207761183320979
17.81388888888825 0.0002876773187160629 7.784415949524397e-05
17.81666666666603 0.0002888557718133235 -7.100173073341239e-05
17.81944444444381 0.0002179647895508887 -0.0002015432628856996
17.82222222222158 9.299981980841008e-05 -0.0002812782156983855
17.82499999999936 -5.462376835193924e-05 -0.0002905331182039769
17.82777777777714 -0.0001879794183100831 -0.0002273164617018299
17.83055555555491 -0.0002738760172282025 -0.0001077304427382625
17.83333333333269 -0.0002911245600563007 3.813869985417364e-05
17.83611111111047 -0.0002357645348005938 0.0001738008458653001
17.83888888888824 -0.0001219611074458538 0.0002655001341379013
17.84166666666602 2.162662055269617e-05 0.000290620171192163
17.84444444444379 0.0001590733797521699 0.000243261944894653
17.84722222222157 0.0002561860678502921 0.000135618849013778
17.84999999999935 0.0002890163363290242 -5.168807293434968e-06
17.85277777777712 0.0002497666352589326 -0.0001438669104527439
17.8555555555549 0.0001486331864006819 -0.000245975291236715
17.85833333333268 1.11528052142124e-05 -0.0002863158974955894
17.86111111111045 -0.0001282549914766479 -0.0002552419355749223
17.86388888888823 -0.0002349150816625756 -0.0001609366452430377
17.86666666666601 -0.0002825282556474327 -2.725616630056646e-05
17.86944444444378 -0.0002596569101200506 0.0001123144086100773
17.87222222222156 -0.0001724652710608489 0.0002230583060673422
17.87499999999934 -4.305966556868464e-05 0.0002776694252283245
17.87777777777711 9.612471408301484e-05 0.0002629866710952651
17.88055555555489 0.0002104631583644464 0.0001831591283047122
17.88333333333266 0.000271762039760946 5.848269929190279e-05
17.88611111111044 0.0002652126534253967 -7.976772841070499e-05
17.88888888888822 0.0001929627806523876 -0.0001971928498806901
17.89166666666599 7.344624254816355e-05 -0.0002648353069219993
17.89444444444377 -6.33270131124686e-05 -0.0002663228475476673
17.89722222222155 -0.000183315254008558 -0.0002018257479590005
17.89999999999932 -0.0002569249119540452 -8.787342247457769e-05
17.9027777777771 -0.0002663119869728647 4.688731786830728e-05
17.90555555555488 -0.0002097029353174145 0.0001689025066960501
17.90833333333265 -0.0001016900878119866 0.000248072868701005
17.91111111111043 3.053400604095971e-05 0.0002651816876968572
17.91388888888821 0.000154030564890924 0.0002165550297488308
17.91666666666598 0.0002383273180061454 0.0001148253697956438
17.91944444444376 0.0002629405368768165 -1.435246283892085e-05
17.92222222222154 0.0002223488602298416 -0.0001387787254700422
17.92499999999931 0.0001272122293368017 -0.0002277422736916296
17.92777777777709 1.572509301807923e-06 -0.0002596041285671653
17.93055555555486 -0.0001232291077041193 -0.0002270577168926646
17.93333333333264 -0.0002163773168321021 -0.0001387879853972366
17.93611111111042 -0.000255195044724605 -1.715730324285324e-05
17.93888888888819 -0.0002306616255210224 0.0001074661027008019
17.94166666666597 -0.0001494948194466686 0.0002042972395495886
17.94444444444375 -3.232012248088466e-05 0.0002497427801457121
17.94722222222152 9.157579373119397e-05 0.0002331475737219907
17.9499999999993 0.0001915716400649429 0.0001592802509621036
17.95277777777708 0.0002432836104835772 4.698159397249957e-05
17.95555555555485 0.0002345096854976018 -7.564535174587562e-05
17.95833333333263 0.0001680975790032765 -0.0001782744712800039
17.96111111111041 6.106537299179847e-05 -0.0002358604030044256
17.96388888888818 -5.976241076606216e-05 -0.0002347493413229949
17.96666666666596 -0.0001644835456640265 -0.0001759062850899456
17.96944444444373 -0.000227522370280964 -7.449873444885021e-05
17.97222222222151 -0.0002338752412642634 4.401442818562952e-05
17.97499999999929 -0.0001826723927878239 0.0001502799997546588
17.97777777777706 -8.721314504312133e-05 0.0002183247675772648
17.98055555555484 2.848803532804895e-05 0.0002319034091397327
17.98333333333262 0.0001357477220552551 0.000188368779714004
17.98611111111039 0.0002083285352550428 9.914481062525778e-05
17.98888888888817 0.0002288571362363959 -1.326838387680439e-05
17.99166666666595 0.0001929754379682639 -0.0001209727486165634
17.99444444444372 0.0001102351932307739 -0.0001975998881015145
17.9972222222215 1.561505990114178e-06 -0.0002247668636414392
17.99999999999928 -0.0001060426310238851 -0.0001964796793998006
18.00277777777705 -0.0001862098540758181 -0.0001204314923312728
18.00555555555483 -0.0002196700028245529 -1.592138976667875e-05
18.0083333333326 -0.0001988762825434969 9.104578193927717e-05
18.01111111111038 -0.0001296870850746213 0.0001742337655368335
18.01388888888816 -2.97344289776775e-05 0.000213610694708945
18.01666666666593 7.607080372619109e-05 0.0002001675785472176
18.01944444444371 0.000161750706589962 0.0001379619205143026
18.02222222222149 0.0002066395080927793 4.292780158100072e-05
18.02499999999926 0.0002003634739415972 -6.120580602326084e-05
18.02777777777704 0.0001452228631447354 -0.0001488429207418541
18.03055555555482 5.543328627775625e-05 -0.0001988130789200954
18.03333333333259 -4.653771841793e-05 -0.0001994814086804206
18.03611111111037 -0.0001355951835690854 -0.0001514439814460808
18.03888888888815 -0.0001901936925435894 -6.718781468935675e-05
18.04166666666592 -0.0001975462484958912 3.215160458751883e-05
18.0444444444437 -0.0001566067775659036 0.0001220941456087058
18.04722222222147 -7.813398550340067e-05 0.0001808488117683205
18.04999999999925 1.812998446790083e-05 0.0001945901112510531
18.05277777777703 0.0001084276511252099 0.000160700354770217
18.0555555555548 0.0001708505540995414 8.822053493177695e-05
18.05833333333258 0.0001906521276555628 -4.552171075038861e-06
18.06111111111036 0.0001637215198423929 -9.468403881946837e-05
18.06388888888813 9.740275810912529e-05 -0.0001602751222421795
18.06666666666591 8.506371334972196e-06 -0.0001857781373947393
18.06944444444369 -8.095143089095507e-05 -0.0001656748182159283
18.07222222222146 -0.0001492021924938596 -0.00010564287643887
18.07499999999924 -0.0001800203224323785 -2.097464115040786e-05
18.07777777777702 -0.0001665725002667249 6.731701716855344e-05
18.08055555555479 -0.0001129103463211578 0.0001377142662437521
18.08333333333257 -3.278667882113176e-05 0.0001734367799546012
18.08611111111034 5.386634123936509e-05 0.0001664344178874146
18.08888888888812 0.0001258959903098799 0.000119182105212473
18.0916666666659 0.0001660910381284308 4.388210550813773e-05
18.09444444444367 0.0001652878511808813 -4.068259566885288e-05
18.09722222222145 0.0001244427515234675 -0.0001138334523316425
18.09999999999923 5.420661493626933e-05 -0.0001580515185411244
18.102777777777 -2.784593347911551e-05 -0.0001631672658601129
18.10555555555478 -0.000101613457849397 -0.0001286846554984841
18.10833333333256 -0.0001493909498549029 -6.371241278869738e-05
18.11111111111033 -0.000160114002704393 1.543280305446205e-05
18.11388888888811 -0.0001319079988943556 8.932279606449781e-05
18.11666666666589 -7.235859840430866e-05 0.0001401857378533739
18.11944444444366 3.515313546443825e-06 0.0001561759011973771
18.12222222222144 7.704750156546261e-05 0.0001341207420017967
18.12499999999921 0.0001305152976508746 8.011148406483045e-05
18.12777777777699 0.0001514068602412009 7.839362305314565e-06
18.13055555555477 0.0001353385173326612 -6.487211950027445e-05
18.13333333333254 8.694484772977917e-05 -0.0001204613543877115
18.13611111111032 1.856954129855565e-05 -0.0001458663396063781
18.1388888888881 -5.287898182604635e-05 -0.0001355844500772285
18.14166666666587 -0.0001101072192201923 -9.284011573725918e-05
18.14444444444365 -0.0001396188065158434 -2.861953253455228e-05
18.14722222222143 -0.0001348889062758006 4.114750228300289e-05
18.1499999999992 -9.778647269213771e-05 9.953704784048973e-05
18.15277777777698 -3.794008396151047e-05 0.000132733132473245
18.15555555555476 2.975349770784829e-05 0.000133289170470703
18.15833333333253 8.8835089106143e-05 0.0001017808965347523
18.16111111111031 0.0001252819461131196 4.648876734935912e-05
18.16388888888808 0.0001308290554500848 -1.876854314470491e-05
18.16666666666586 0.0001048281175951272 -7.808493162319061e-05
18.16944444444364 5.423029694145138e-05 -0.0001173409484691412
18.17222222222141 -8.25936797317376e-06 -0.0001275584475217939
18.17499999999919 -6.736875630575574e-05 -0.0001069405012850269
18.17777777777697 -0.000108988197610143 -6.113677771161659e-05
18.18055555555474 -0.0001235327915651926 -1.712700062953425e-06
18.18333333333252 -0.0001081378549652636 5.676660300767159e-05
18.1861111111103 -6.718787988849965e-05 0.0001003033700797332
18.18888888888807 -1.109223647623351e-05 0.0001188125208880989
18.19166666666585 4.635565931662081e-05 0.0001084471604100191
18.19444444444363 9.13670069777434e-05 7.237093721918407e-05
18.1972222222214 0.0001134624376526301 1.983016137742183e-05
18.19999999999918 0.0001079022342042548 -3.620957946170168e-05
18.20277777777696 7.668096729905027e-05 -8.225975283725595e-05
18.20555555555473 2.788411523389253e-05 -0.0001075510503155146
18.20833333333251 -2.639784108159845e-05 -0.0001065433192903001
18.21111111111028 -7.306159567070236e-05 -8.012061319464834e-05
18.21388888888806 -0.0001011498751460068 -3.521876442122103e-05
18.21666666666584 -0.0001044166117670077 1.698514725051519e-05
18.21944444444361 -8.270000651877896e-05 6.385111667625883e-05
18.22222222222139 -4.180603273408602e-05 9.433270942521217e-05
18.22499999999917 8.030880740827547e-06 0.000101573727880222
18.22777777777694 5.470475810355135e-05 8.443655307203297e-05
18.23055555555472 8.717488438760033e-05 4.762525585159811e-05
18.2333333333325 9.807111694713469e-05 4.11383043394073e-07
18.23611111111027 8.535464312127047e-05 -4.56961176815866e-05
18.23888888888805 5.266325666262852e-05 -7.975250632429169e-05
18.24166666666583 8.294298649928928e-06 -9.396942669716523e-05
18.2444444444436 -3.689527779399831e-05 -8.548528934546592e-05
18.24722222222138 -7.214169452748056e-05 -5.691434029788499e-05
18.24999999999915 -8.933282818680686e-05 -1.557710360113387e-05
18.25277777777693 -8.486569641264928e-05 2.836817726263468e-05
18.25555555555471 -6.038020870493428e-05 6.441782490192533e-05
18.25833333333248 -2.222589756896335e-05 8.422830803686005e-05
18.26111111111026 2.017603316232537e-05 8.353876705529592e-05
18.26388888888804 5.665478810285549e-05 6.306979560797402e-05
18.26666666666581 7.872493624157393e-05 2.821384430994414e-05
18.26944444444359 8.155255036905751e-05 -1.237481953882615e-05
18.27222222222137 6.499902371163287e-05 -4.892427097315512e-05
18.27499999999914 3.35212938997806e-05 -7.289311819812279e-05
18.27777777777692 -5.014809254150523e-06 -7.895963885337636e-05
18.2805555555547 -4.129506984516288e-05 -6.619048701966003e-05
18.28333333333247 -6.680383989252966e-05 -3.813582381151778e-05
18.28611111111025 -7.581652143582888e-05 -1.859815571078846e-06
18.28888888888802 -6.667306213118324e-05 3.383244394263069e-05
18.2916666666658 -4.205219841040363e-05 6.052791534961471e-05
18.29444444444358 -8.211279885058338e-06 7.218290035562123e-05
18.29722222222135 2.659751666937766e-05 6.648145333271577e-05
18.29999999999913 5.41352455005151e-05 4.527224750170745e-05
18.30277777777691 6.8120980318351e-05 1.400845509045852e-05
18.30555555555468 6.565567720970674e-05 -1.964673200515367e-05
18.30833333333246 4.780466563408951e-05 -4.769409754147952e-05
18.31111111111024 1.922701875971142e-05 -6.36947387614343e-05
18.31388888888801 -1.303137254956192e-05 -6.424049334225112e-05
18.31666666666579 -4.127041364741159e-05 -4.966473492421045e-05
18.31944444444357 -5.896918637783834e-05 -2.384953300024013e-05
18.32222222222134 -6.228478840786956e-05 6.797144977579916e-06
18.32499999999912 -5.087397520840912e-05 3.492715756319982e-05
18.32777777777689 -2.786544086281693e-05 5.400962722944607e-05
18.33055555555467 9.838377881274313e-07 5.984092168326852e-05
18.33333333333245 2.872370712971281e-05 5.145972632641634e-05
18.33611111111022 4.888092783081509e-05 3.127098130199712e-05
18.338888888888 5.696404049549133e-05 4.374944725365755e-06
18.34166666666578 5.145466828959102e-05 -2.271530020735587e-05
18.34444444444355 3.40690243050839e-05 -4.364680450067412e-05
18.34722222222133 9.251969390390537e-06 -5.371137461823328e-05
18.34999999999911 -1.695254075604591e-05 -5.089628595628345e-05
18.35277777777688 -3.836913805454127e-05 -3.626882891682204e-05
18.35555555555466 -5.014151892494945e-05 -1.362648014415774e-05
18.35833333333244 -4.982628562724621e-05 1.148097100906781e-05
18.36111111111021 -3.788572796286126e-05 3.310732455353827e-05
18.36388888888799 -1.748422241392127e-05 4.631371379350613e-05
18.36666666666576 6.340714765841139e-06 4.828997165752266e-05
18.36944444444354 2.791767032873342e-05 3.894074431250467e-05
18.37222222222132 4.228713279922358e-05 2.081738635283133e-05
18.37499999999909 4.633559175364443e-05 -1.566195827652059e-06
18.37777777777687 3.94601444909842e-05 -2.285283887981327e-05
18.38055555555465 2.362447055018536e-05 -3.812018713199965e-05
18.38333333333242 2.81406547350076e-06 -4.401366007139112e-05
18.3861111111102 -1.79613564988213e-05 -3.947493634932498e-05
18.38888888888798 -3.3869855926469e-05 -2.591006897587619e-05
18.39166666666575 -4.137626753952545e-05 -6.777575826478618e-06
18.39444444444353 -3.902031829626982e-05 1.328718261591111e-05
18.39722222222131 -2.768458502455546e-05 2.959105130534471e-05
18.39999999999908 -1.030791191507408e-05 3.847638900368317e-05
18.40277777777686 8.86934990546318e-06 3.813508828856891e-05
18.40555555555463 2.533602640552129e-05 2.896387758417514e-05
18.40833333333241 3.536719680403624e-05 1.339468333816942e-05
18.41111111111019 3.686102134207228e-05 -4.741678149194935e-06
18.41388888888796 2.976884503867098e-05 -2.115383399452871e-05
18.41666666666574 1.603341718457937e-05 -3.210139026954168e-05
18.41944444444352 -9.325647416525112e-07 -3.524222475853616e-05
18.42222222222129 -1.708984249730309e-05 -3.012495401511581e-05
18.42499999999907 -2.87305503297146e-05 -1.82253671340818e-05
18.42777777777685 -3.332448055237223e-05 -2.535146442861777e-06
18.43055555555462 -3.006172048107908e-05 1.318531535336787e-05
18.4333333333324 -1.997725108171443e-05 2.530452801335787e-05
18.43611111111018 -5.644217297762152e-06 3.115458469876732e-05
18.43888888888795 9.477058624455089e-06 2.961215147521134e-05
18.44166666666573 2.187087503039121e-05 2.130092234361587e-05
18.4444444444435 2.877969280752963e-05 8.382989535021262e-06
18.44722222222128 2.881215629818551e-05 -5.997140690367135e-06
18.44999999999906 2.221298048988901e-05 -1.847432392227987e-05
18.45277777777683 1.074528242863496e-05 -2.6246681652211e-05
18.45555555555461 -2.772686721200863e-06 -2.769993639299782e-05
18.45833333333239 -1.515632443294708e-05 -2.273432873585003e-05
18.46111111111016 -2.360153565342936e-05 -1.27302173162746e-05
18.46388888888794 -2.631536339245362e-05 -1.742505807421828e-07
18.46666666666572 -2.288968559831284e-05 1.195464180465438e-05
18.46944444444349 -1.434197304717599e-05 2.08887669328955e-05
18.47222222222127 -2.826743697434972e-06 2.469935490277952e-05
18.47499999999905 8.903021662701832e-06 2.2707059166795e-05
18.47777777777682 1.815087692688333e-05 1.558947761959545e-05
18.4805555555546 2.289325752181528e-05 5.172967423706807e-06
18.48333333333238 2.221719284462202e-05 -6.030925029969081e-06
18.48611111111015 1.6486042214643e-05 -1.542786678530581e-05
18.48888888888793 7.206102569877839e-06 -2.093824635800161e-05
18.4916666666657 -3.363335834712942e-06 -2.145299176456469e-05
18.49444444444348 -1.275680289684508e-05 -1.704894469003184e-05
18.49722222222126 -1.887474992523621e-05 -8.924169568611786e-06
18.49999999999903 -2.044893927643107e-05 9.206420556984475e-07
18.50277777777681 -1.729897032778592e-05 1.017144288879644e-05
