16.5 -8.865797877529673e-08 1.975917805092374e-07
16.50277777777778 -3.851593947280816e-08 2.203441085079227e-07
16.50555555555555 1.743541679048495e-08 2.303579530388069e-07
16.50833333333333 7.595618371624617e-08 2.261574122762576e-07
16.51111111111111 1.334333557354443e-07 2.070915845447275e-07
16.51388888888888 1.860911486174716e-07 1.734284079368688e-07
16.51666666666666 2.302247980065577e-07 1.263948206341466e-07
16.51944444444444 2.62444120384215e-07 6.81574005783695e-08
16.52222222222221 2.799116763156181e-07 1.741151240006773e-09
16.52499999999999 2.805598293638791e-07 -6.911203675096316e-08
16.52777777777776 2.632714322935661e-07 -1.401397305466992e-07
16.53055555555554 2.280103226792524e-07 -2.068007275521945e-07
16.53333333333332 1.758902362805156e-07 -2.645493980760114e-07
16.53611111111109 1.09174046889289e-07 -3.091268920232749e-07
16.53888888888887 3.119925202790743e-08 -3.36851503462763e-07
16.54166666666665 -5.376987379322376e-08 -3.44889512195601e-07
16.54444444444442 -1.407583049366967e-07 -3.314879921846662e-07
16.5472222222222 -2.243546469501493e-07 -2.961524458091967e-07
16.54999999999998 -2.990297490396553e-07 -2.397546690708157e-07
16.55277777777775 -3.594817789818024e-07 -1.645598779752744e-07
16.55555555555553 -4.009872835924002e-07 -7.416665760542091e-08
16.55833333333331 -4.19736205832541e-07 2.664150731443954e-08
16.56111111111108 -4.131285976306958e-07 1.321287941511694e-07
16.56388888888886 -3.800119426659838e-07 2.359137680627508e-07
16.56666666666663 -3.208405875939345e-07 3.3133506221636e-07
16.56944444444441 -2.37742685480377e-07 4.118561970942206e-07
16.57222222222219 -1.344851045840507e-07 4.714861226518766e-07
16.57499999999996 -1.633268982735951e-08 5.05189754917425e-07
16.57777777777774 1.101952460175273e-07 5.092619715839588e-07
16.58055555555552 2.376616612318579e-07 4.816393614489666e-07
16.58333333333329 3.581257904854269e-07 4.221265254147439e-07
16.58611111111107 4.636126888009416e-07 3.325178331098261e-07
16.58888888888885 5.466118813444811e-07 2.166010747525341e-07
16.59166666666662 6.005753939820414e-07 8.003613882672643e-08
16.5944444444444 6.20383842725849e-07 -6.98906686530616e-08
16.59722222222218 6.02749549037399e-07 -2.246281980087353e-07
16.59999999999995 5.465279035968611e-07 -3.748217190370787e-07
16.60277777777773 4.529123849212212e-07 -5.108505345130803e-07
16.6055555555555 3.254945891268721e-07 -6.234125536256932e-07
16.60833333333328 1.701780618636576e-07 -7.041219032384957e-07
16.61111111111106 -5.056745951630718e-09 -7.460830062625246e-07
16.61388888888883 -1.905299279069152e-07 -7.444040543283304e-07
16.61666666666661 -3.75366279564092e-07 -6.966145887384712e-07
16.61944444444439 -5.481017331639452e-07 -6.029559855836087e-07
16.62222222222216 -6.97359971396924e-07 -4.66519881011411e-07
16.62499999999994 -8.125610518171941e-07 -2.932176923624999e-07
16.62777777777772 -8.84619860243135e-07 -9.157398047184552e-08
16.63055555555549 -9.065906094817036e-07 1.276530638726907e-07
16.63333333333327 -8.742146307273657e-07 3.520098472156582e-07
16.63611111111105 -7.863324380518228e-07 5.680195897670492e-07
16.63888888888882 -6.451273861777456e-07 7.619542307493181e-07
16.6416666666666 -4.561769265067281e-07 9.206637771015123e-07
16.64444444444437 -2.28298076304191e-07 1.032415106984237e-06
16.64722222222215 2.681430843254068e-08 1.087689163964203e-06
16.64999999999993 2.951451957267461e-07 1.079885391921316e-06
16.6527777777777 5.610890971211494e-07 1.005885317994565e-06
16.65555555555548 8.083161783482369e-07 8.664333582422663e-07
16.65833333333326 1.020728906081087e-06 6.663019718999986e-07
16.66111111111103 1.183455487651623e-06 4.142198106386613e-07
16.66388888888881 1.283821370515376e-06 1.225549129145958e-07
16.66666666666659 1.312238423087142e-06 -1.932404493485317e-07
16.66944444444436 1.262953381467583e-06 -5.154017890007701e-07
16.67222222222214 1.134602772101658e-06 -8.248055043365415e-07
16.67499999999992 9.30530641624679e-07 -1.102054456861357e-06
16.67777777777769 6.588376536487417e-07 -1.328636927999171e-06
16.68055555555547 3.321448517425808e-07 -1.488092444831734e-06
16.68333333333324 -3.292813881847638e-08 -1.567114232325842e-06
16.68611111111102 -4.165534097762403e-07 -1.556518397975694e-06
16.6888888888888 -7.967194163516255e-07 -1.452014556620086e-06
16.69166666666657 -1.150439968850355e-06 -1.254721380243341e-06
16.69444444444435 -1.455083977628997e-06 -9.713831746838392e-07
16.69722222222213 -1.689751959490598e-06 -6.142594590671029e-07
16.6999999999999 -1.836618879997616e-06 -2.006778473697651e-07
16.70277777777768 -1.882161012414494e-06 2.477396872439651e-07
16.70555555555546 -1.818187464828792e-06 7.061469707461349e-07
16.70833333333323 -1.642604908634134e-06 1.147790764079365e-06
16.71111111111101 -1.359856586167288e-06 1.545508241786069e-06
16.71388888888879 -9.809933433330448e-07 1.873324177713546e-06
16.71666666666656 -5.233544129806622e-07 2.108057375615171e-06
16.71944444444434 -9.857919955028429e-09 2.230841010077294e-06
16.72222222222211 5.320756396500723e-07 2.228462141483382e-06
16.72499999999989 1.071920719887598e-06 2.09443194970848e-06
16.72777777777767 1.577697344088536e-06 1.829710075972826e-06
16.73055555555544 2.017789281624213e-06 1.443023414255877e-06
16.73333333333322 2.362830068218063e-06 9.507409714392546e-07
16.736111111111 2.587548466999425e-06 3.76290945513038e-07
16.73888888888877 2.672462315253705e-06 -2.508673597964026e-07
16.74166666666655 2.605313511030237e-06 -8.966772435642704e-07
16.74444444444433 2.382147223456127e-06 -1.524258600266446e-06
16.7472222222221 2.007954935638251e-06 -2.09593375969584e-06
16.74999999999988 1.496822943024731e-06 -2.575397825383301e-06
16.75277777777766 8.715543717016503e-07 -2.929912736592836e-06
16.75555555555543 1.627622822576249e-07 -3.132397369365133e-06
16.75833333333321 -5.925376211573287e-07 -3.163286288738037e-06
16.76111111111098 -1.352775509728481e-06 -3.012037560294587e-06
16.76388888888876 -2.074029485219836e-06 -2.678185188591643e-06
16.76666666666654 -2.712468843698782e-06 -2.171853697456004e-06
16.76944444444431 -3.226907083422752e-06 -1.51368010458736e-06
16.77222222222209 -3.581320910670866e-06 -7.34120691050792e-07
16.77499999999987 -3.747187078856422e-06 1.278451696817398e-07
16.77777777777764 -3.705492930968766e-06 1.026566201891776e-06
16.78055555555542 -3.448289122595541e-06 1.912043115054519e-06
16.7833333333332 -2.979673805872001e-06 2.732611780221371e-06
16.78611111111097 -2.316125683557614e-06 3.437846463566528e-06
16.78888888888875 -1.486137464786944e-06 3.981525045114809e-06
16.79166666666653 -5.291396351796228e-07 4.32448767708789e-06
16.7944444444443 5.062549579537043e-07 4.437219181416133e-06
16.79722222222208 1.564614671339346e-06 4.301994098768648e-06
16.79999999999986 2.586551618693471e-06 3.914441582361262e-06
16.80277777777763 3.511940622939547e-06 3.284414615067996e-06
16.80555555555541 4.283325381853109e-06 2.436083107243428e-06
16.80833333333318 4.84932469890856e-06 1.407211596531568e-06
16.81111111111096 5.167843686145908e-06 2.476273930808462e-07
16.81388888888874 5.208897775979925e-06 -9.830683433078692e-07
16.81666666666651 4.956871449401012e-06 -2.218448563288609e-06
16.81944444444429 4.412058433352182e-06 -3.388727506051746e-06
16.82222222222207 3.591364742195019e-06 -4.424571787511312e-06
16.82499999999984 2.528098739803029e-06 -5.261053181276616e-06
16.82777777777762 1.27082125331442e-06 -5.841524419912702e-06
16.8305555555554 -1.187188765613185e-07 -6.121194690611091e-06
16.83333333333317 -1.568485420718883e-06 -6.070189372149494e-06
16.83611111111095 -2.999762515911746e-06 -5.675898995073925e-06
16.83888888888873 -4.331295160735345e-06 -4.944454726122409e-06
16.8416666666665 -5.483750822470888e-06 -3.901210500558203e-06
16.84444444444428 -6.384263801483911e-06 -2.590163223443295e-06
16.84722222222205 -6.970809712793779e-06 -1.072299647981056e-06
16.84999999999983 -7.196156873295265e-06 5.770813985470674e-07
16.85277777777761 -7.031155077007989e-06 2.271963120074212e-06
16.85555555555538 -6.467149962587302e-06 3.919957012407945e-06
16.85833333333316 -5.517351888015329e-06 5.42718833614487e-06
16.86111111111094 -4.217040117526019e-06 6.703469190257028e-06
16.86388888888871 -2.622543690668214e-06 7.667481554036735e-06
16.86666666666649 -8.090065002196273e-07 8.251681221379444e-06
16.86944444444427 1.132987652249428e-06 8.40663786191771e-06
16.87222222222204 3.101787675494607e-06 8.10454684326716e-06
16.87499999999982 4.989842005813539e-06 7.341684381322344e-06
16.8777777777776 6.689404081902105e-06 6.139627605694495e-06
16.88055555555537 8.098481171546147e-06 4.545122950590631e-06
16.88333333333315 9.126706436900084e-06 2.628556884375358e-06
16.88611111111092 9.700806191493921e-06 4.81058756050613e-07
16.8888888888887 9.769344284569511e-06 -1.789657566553032e-06
16.89166666666648 9.30645352664761e-06 -4.06453279478706e-06
16.89444444444425 8.314309127216609e-06 -6.219235087122502e-06
16.89722222222203 6.824159353887177e-06 -8.130764469538003e-06
16.89999999999981 4.895801239505295e-06 -9.684246033310291e-06
16.90277777777758 2.615470576878826e-06 -1.077954602304541e-05
16.90555555555536 9.220146078953312e-08 -1.133734114086486e-05
16.90833333333314 -2.547203318857384e-06 -1.130428780500607e-05
16.91111111111091 -5.16436839691727e-06 -1.065697450192275e-05
16.91388888888869 -7.616413842546685e-06 -9.404395440565965e-06
16.91666666666647 -9.763542061978657e-06 -7.588755066102147e-06
16.91944444444424 -1.147674950104292e-05 -5.284497255064567e-06
16.92222222222202 -1.26452480641267e-05 -2.595546014219515e-06
16.92499999999979 -1.318318210506305e-05 3.491585535738291e-07
16.92777777777757 -1.303525039131409e-05 3.401649535548543e-06
16.93055555555535 -1.218088806061579e-05 6.402179034993719e-06
16.93333333333312 -1.063672952086869e-05 9.187374154871289e-06
16.9361111111109 -8.457156568415233e-06 1.159889525487111e-05
16.93888888888868 -5.732832756437871e-06 1.34921471328241e-05
16.94166666666645 -2.587230418881321e-06 1.474457525547621e-05
16.94444444444423 8.28734686870527e-07 1.526308532168493e-05
16.94722222222201 4.343740187715568e-06 1.499015574369593e-05
16.94999999999978 7.774446855975701e-06 1.390826819110798e-05
16.95277777777756 1.093483919788597e-05 1.204235892982919e-05
16.95555555555534 1.364605000112395e-05 9.460089818600117e-06
16.95833333333311 1.574616019991974e-05 6.269847905805524e-06
16.96111111111089 1.709944957712095e-05 2.616501116791994e-06
16.96388888888866 1.760458557783786e-05 -1.324941567004662e-06
16.96666666666644 1.720127708268056e-05 -5.357500172321806e-06
16.96944444444422 1.587498611929122e-05 -9.27185234699979e-06
16.97222222222199 1.365938045510411e-05 -1.285695884302502e-05
16.97499999999977 1.063631973320102e-05 -1.591115596395793e-05
16.97777777777755 6.933292032242659e-06 -1.825314289976561e-05
16.98055555555532 2.718350269132917e-06 -1.9732278791745e-05
16.9833333333331 -1.807268083196622e-06 -2.023762194895082e-05
16.98611111111088 -6.418526000551927e-06 -1.970519185774594e-05
16.98888888888865 -1.087754872945122e-05 -1.8123011837488e-05
16.99166666666643 -1.494563764264357e-05 -1.553359316249105e-05
16.99444444444421 -1.839573921634302e-05 -1.203364549894028e-05
16.99722222222198 -2.102472937767209e-05 -7.770937654112967e-06
16.99999999999976 -2.266486302902605e-05 -2.938379997850236e-06
17.00277777777753 -2.319376200059143e-05 2.234452040008045e-06
17.00555555555531 -2.254237174992738e-05 7.491993041296251e-06
17.00833333333309 -2.070040577895334e-05 1.256507464194875e-05
17.01111111111086 -1.77189132145357e-05 1.718443345582712e-05
17.01388888888864 -1.370974397710103e-05 2.109467214704776e-05
17.01666666666642 -8.8418407954701e-06 2.406796191551961e-05
17.01944444444419 -3.334450360039641e-06 2.591676651190472e-05
17.02222222222197 2.552491146289446e-06 2.650489702268848e-05
17.02499999999975 8.530388541844775e-06 2.575627257288748e-05
17.02777777777752 1.429588707149164e-05 2.366086235722772e-05
17.0305555555553 1.95459806512658e-05 2.027741475198426e-05
17.03333333333308 2.399358680840368e-05 1.573273372209029e-05
17.03611111111085 2.738280027992538e-05 1.021743395836465e-05
17.03888888888863 2.950303076128887e-05 3.978285735646775e-06
17.0416666666664 3.020126465041678e-05 -2.692560692988558e-06
17.04444444444418 2.939176511555317e-05 -9.471012516916034e-06
17.04722222222196 2.706263663840757e-05 -1.601652508323372e-05
17.04999999999973 2.327882456012969e-05 -2.198891469623984e-05
17.05277777777751 1.818129050212593e-05 -2.706567379711268e-05
17.05555555555529 1.198229276272816e-05 -3.09589199539248e-05
17.05833333333306 4.956897704224288e-06 -3.343110437312187e-05
17.06111111111084 -2.568956128023255e-06 -3.430864446511854e-05
17.06388888888862 -1.023333491574947e-05 -3.349272749558628e-05
17.06666666666639 -1.765545771476702e-05 -3.096665541328227e-05
17.06944444444417 -2.445431230164745e-05 -2.679925929561956e-05
17.07222222222195 -3.026783880575752e-05 -2.114409830029327e-05
17.07499999999972 -3.47717280241008e-05 -1.423436375812161e-05
17.0777777777775 -3.769687507989428e-05 -6.37362410406169e-06
17.08055555555528 -3.884457125561726e-05 2.077239967146504e-06
17.08333333333305 -3.809860644081377e-05 1.071635928228618e-05
17.08611111111083 -3.543358828403686e-05 1.911972934164542e-05
17.0888888888886 -3.091895612220777e-05 2.686171684857423e-05
17.09166666666638 -2.471837030451898e-05 3.353623764938009e-05
17.09444444444416 -1.708438114117909e-05 3.877756488782699e-05
17.09722222222193 -8.348515626568539e-06 4.227971776530336e-05
17.09999999999971 1.092847207279632e-06 4.381342530026766e-05
17.10277777777749 1.079622166453897e-05 4.323975489464124e-05
17.10555555555526 2.029159528962289e-05 4.051963873208432e-05
17.10833333333304 2.910489611711579e-05 3.571871596865568e-05
17.11111111111082 3.678128248904076e-05 2.900712702532934e-05
17.11388888888859 4.290812329655293e-05 2.06541379030316e-05
17.11666666666637 4.713652384211319e-05 1.101772578682764e-05
17.11944444444415 4.920029639204087e-05 5.295099369492979e-07
17.12222222222192 4.893137395522025e-05 -1.032434859592408e-05
17.1249999999997 4.627081714814983e-05 -2.102544071818978e-05
17.12777777777747 4.127476080698598e-05 -3.104758114183012e-05
17.13055555555525 3.411488051426641e-05 -3.988231142085901e-05
17.13333333333303 2.507321865898157e-05 -4.70642092887266e-05
17.1361111111108 1.453148278538045e-05 -5.219475998650824e-05
17.13888888888858 2.955202631595835e-06 -5.496358658028817e-05
17.14166666666636 -9.126607040178131e-06 -5.516593752828147e-05
17.14444444444413 -2.114539604531141e-05 -5.27154872318332e-05
17.14722222222191 -3.251956242749431e-05 -4.76517124046075e-05
17.14999999999969 -4.268224364544304e-05 -4.014135467721812e-05
17.15277777777746 -5.110909734662447e-05 -3.047375661577942e-05
17.15555555555524 -5.734472463314185e-05 -1.90501513294237e-05
17.15833333333302 -6.102642452112564e-05 -6.367281096514176e-06
17.16111111111079 -6.190406855699341e-05 7.003996388569215e-06
17.16388888888857 -5.985504565640496e-05 2.044419847072422e-05
17.16666666666634 -5.489344251560024e-05 3.331367102538405e-05
17.16944444444412 -4.717288499953043e-05 4.498270374102501e-05
17.1722222222219 -3.698275898440072e-05 5.486189784895048e-05
17.17499999999967 -2.473784166413604e-05 6.243133468407376e-05
17.17777777777745 -1.096169158623575e-05 6.726712027619828e-05
17.18055555555523 3.735547556471563e-06 6.90639770582399e-05
17.183333333333 1.868399305063859e-05 6.765271537423444e-05
17.18611111111078 3.318434102898156e-05 6.301163819465376e-05
17.18888888888856 4.654028783020043e-05 5.527120275655755e-05
17.19166666666633 5.809155834354602e-05 4.471157065883871e-05
17.19444444444411 6.724598560745788e-05 3.17530091772814e-05
17.19722222222189 7.350909979071626e-05 1.693944578722168e-05
17.19999999999966 7.650977221810516e-05 9.158090352949247e-07
17.20277777777744 7.602061840355029e-05 -1.559990394563176e-05
17.20555555555521 7.197208677982124e-05 -3.184862485990989e-05
17.20833333333299 6.445943745998248e-05 -4.706485250454827e-05
17.21111111111077 5.37421356618788e-05 -6.05123556029476e-05
17.21388888888854 4.023553289188642e-05 -7.15192836231586e-05
17.21666666666632 2.4495069582581e-05 -7.951102541870912e-05
17.2194444444441 7.193588759758094e-06 -8.403923014884609e-05
17.22222222222187 -1.090731539001151e-05 -8.480555545989517e-05
17.22499999999965 -2.899069357229095e-05 -8.167892845337386e-05
17.22777777777743 -4.622091719900606e-05 -7.47053862396175e-05
17.2305555555552 -6.178198925197284e-05 -6.410989260552345e-05
17.23333333333298 -7.491573957862807e-05 -5.028989078026787e-05
17.23611111111076 -8.495812813415454e-05 -3.380073294563832e-05
17.23888888888853 -9.137193625529339e-05 -1.533350745959748e-05
17.24166666666631 -9.377426364860666e-05 4.313853032715036e-06
17.24444444444408 -9.195746216271402e-05 2.427097249186389e-05
17.24722222222186 -8.590241775668254e-05 4.363345535504032e-05
17.24999999999964 -7.578342729232917e-05 6.150363601499239e-05
17.25277777777741 -6.196429208073838e-05 7.703182050248007e-05
17.25555555555519 -4.498564866103864e-05 8.945613360029452e-05
17.25833333333297 -2.554396095071728e-05 9.813911753656043e-05
17.26111111111074 -4.462988091426232e-06 0.000102599347267153
17.26388888888852 1.734109917438839e-05 0.0001025365278396305
17.2666666666663 3.889947086728282e-05 9.784881328103426e-05
17.26944444444407 5.923352978019537e-05 8.864142223220621e-05
17.27222222222185 7.739904334313484e-05 7.522600853482561e-05
17.27499999999963 9.252952934223878e-05 5.811065819889612e-05
17.2777777777774 0.0001038769127834131 3.798080908743268e-05
17.28055555555518 0.000110847564959127 1.567180696087218e-05
17.28333333333295 0.0001130320168597042 -7.865797934516047e-06
17.28611111111073 0.0001102269002716964 -3.160676390810962e-05
17.28888888888851 0.0001024480002985734 -5.449574621669954e-05
17.29166666666628 8.993368841863768e-05 -7.5494016919852e-05
17.29444444444406 7.313842870897452e-05 -9.362624795151288e-05
17.29722222222184 5.271649275189844e-05 -0.0001080252566666138
17.29999999999961 2.949646117238698e-05 -0.0001179726750158584
17.30277777777739 4.447511729300246e-06 -0.0001229336580453396
17.30555555555517 -2.136112387375041e-05 -0.000122583988663015
17.30833333333294 -4.680582743649103e-05 -0.0001168282536349714
17.31111111111072 -7.075742671802394e-05 -0.0001058081470871911
17.3138888888885 -9.213106614122358e-05 -8.990038593119269e-05
17.31666666666627 -0.0001099349146023227 -6.970417788685337e-05
17.31944444444405 -0.000123315532265499 -4.601864699567052e-05
17.32222222222182 -0.0001315978386096864 -1.981107302068331e-05
17.3249999999996 -0.0001343178373361831 7.822780370361054e-06
17.32777777777738 -0.0001312465514380689 3.570460722914253e-05
17.33055555555515 -0.000122403991333605 6.26238316353498e-05
17.33333333333293 -0.000108062404726393 8.73900565409511e-05
17.33611111111071 -8.87385204009832e-05 0.0001088854129678011
17.33888888888848 -6.517497929606364e-05 0.0001261145105979494
17.34166666666626 -3.831162379014541e-05 0.0001382497691621152
17.34444444444404 -9.247769053970083e-06 0.0001446700869772415
17.34722222222181 2.080301161722688e-05 0.0001449910715491204
17.34999999999959 5.056371073594359e-05 0.0001390854062924598
17.35277777777737 7.874817712076746e-05 0.0001270923424432912
17.35555555555514 0.0001041165555440341 0.0001094157684626581
17.35833333333292 0.0001255294829991061 8.671080073521365e-05
17.3611111111107 0.0001419986776226915 5.985933785781752e-05
17.36388888888847 0.0001527316880892872 2.993550456365369e-05
17.36666666666625 0.0001571688013234403 -1.837640885732211e-06
17.36944444444402 0.0001550104253426599 -3.413836995127378e-05
17.3722222222218 0.0001462336587186831 -6.560143295304413e-05
17.37499999999958 0.000131097211912198 -9.487577801125519e-05
17.37777777777735 0.0001101343393263405 -0.0001206823905654623
17.38055555555513 8.413395323343963e-05 -0.0001418697756944047
17.38333333333291 5.411059973164957e-05 -0.0001574646834226285
17.38611111111068 2.126446059820463e-05 -0.0001667158589843713
17.38888888888846 -1.306701768161182e-05 -0.0001691288784354813
17.39166666666624 -4.746389440814802e-05 -0.0001644904936581193
17.39444444444401 -8.048264112088732e-05 -0.0001528813445740203
17.39722222222179 -0.0001107167248557792 -0.0001346763820625165
17.39999999999957 -0.0001368563170333776 -0.0001105328621609893
17.40277777777734 -0.0001577445928490404 -8.136629866842931e-05
17.40555555555512 -0.0001724282100217103 -4.831527485154263e-05
17.40833333333289 -0.0001801997829475484 -1.269649361142589e-05
17.41111111111067 -0.0001806304895314326 2.404813132800816e-05
17.41388888888845 -0.0001735913500346468 6.041019114706849e-05
17.41666666666622 -0.0001592621834916442 9.487689186472383e-05
17.419444444444 -0.00013812775815266 0.0001259939854206476
17.42222222222178 -0.0001109611865885876 0.0001524268959825475
17.42499999999955 -7.879515109331144e-05 0.0001730174728619096
17.42777777777733 -4.288205829168336e-05 0.0001868339669020242
17.43055555555511 -4.644691726554074e-06 0.0001932120943062736
17.43333333333288 3.43806622379837e-05 0.0001917854097395044
17.43611111111066 7.260631387475089e-05 0.0001825036444642988
17.43888888888844 0.0001084579620888045 0.0001656381573381058
17.44166666666621 0.0001404395190912923 0.0001417741763051469
17.44444444444399 0.0001671952909249302 0.000111790053560625
17.44722222222176 0.0001875669311343414 7.682429614905573e-05
17.44999999999954 0.0002006427864466696 3.82316429564476e-05
17.45277777777732 0.0002057975542495 -2.470082362540828e-06
17.45555555555509 0.0002027205596619883 -4.366022414974582e-05
17.45833333333287 0.0001914314192130762 -8.368023200072607e-05
17.46111111111065 0.0001722823697176583 -0.0001209006571726035
17.46388888888842 0.0001459470838554792 -0.0001537874859604941
17.4666666666662 0.0001133963458878587 -0.0001809651024715419
17.46944444444398 7.586149919128797e-05 -0.0002012732988696878
17.47222222222175 3.478707972798522e-05 -0.0002138159828052936
17.47499999999953 -8.22550444987847e-06 -0.0002179995600218585
17.47777777777731 -5.148101635270752e-05 -0.0002135593816855247
17.48055555555508 -9.325764335747052e-05 -0.0002005731240679015
17.48333333333286 -0.0001318757684985624 -0.0001794604933528489
17.48611111111063 -0.0001657654968398022 -0.0001509691991653536
17.48888888888841 -0.0001935302151074897 -0.0001161476945329441
17.49166666666619 -0.0002140036140287579 -7.630571488611642e-05
17.49444444444396 -0.0002262978581290463 -3.296414269497141e-05
17.49722222222174 -0.0002298409367482072 1.220384256800881e-05
17.49999999999952 -0.0002244016585984042 5.743801472883987e-05
17.50277777777729 -0.0002101012429843179 0.0001009601750111937
17.50555555555507 -0.0001874109940213531 0.0001410443145492415
17.50833333333285 -0.0001571360983475456 0.0001760850804807682
17.51111111111062 -0.0001203861396579696 0.0002046618226664432
17.5138888888884 -7.853345274047815e-05 0.0002255956686960309
17.51666666666618 -3.31609244035384e-05 0.000237997347218359
17.51944444444395 1.399873053352295e-05 0.0002413038427399993
17.52222222222173 6.112984985760392e-05 0.0002353024042514593
17.5249999999995 0.0001064042467086905 0.0002201409277304228
17.52777777777728 0.0001480524174544663 0.0001963242688431982
17.53055555555506 0.0001844327442138576 0.0001646965956571252
17.53333333333283 0.0002140959782288001 0.000126410439906265
17.53611111111061 0.0002358424737692971 8.288362765088057e-05
17.53888888888839 0.0002487699250836573 3.574574544853239e-05
17.54166666666616 0.000252309729598915 -1.322379216508787e-05
17.54444444444394 0.0002462505443235541 -6.216367995695516e-05
17.54722222222172 0.0002307481015293584 -0.0001092020361665888
17.54999999999949 0.000206320884535262 -0.0001525283348048513
17.55277777777727 0.0001738318137246232 -0.0001904631742611868
17.55555555555505 0.0001344566352619837 -0.000221523185699823
17.55833333333282 8.964021920841119e-05 -0.0002444785746241326
17.5611111111106 4.104243992256748e-05 -0.0002584010757124725
17.56388888888837 -9.524288150821262e-06 -0.0002627004730053439
17.56666666666615 -6.01634272313242e-05 -0.0002571482799611539
17.56944444444393 -0.0001089660676932238 -0.0002418876693313658
17.5722222222217 -0.0001540832723484743 -0.00021742927181829
17.57499999999948 -0.0001937962532866911 -0.0001846330044771022
17.57777777777726 -0.000226581708851018 -0.0001446766238288157
17.58055555555503 -0.0002511698382764007 -9.901220414792812e-05
17.58333333333281 -0.0002665928358002333 -4.931219909528047e-05
17.58611111111059 -0.000272222033254592 2.592862545611085e-06
17.58888888888836 -0.0002677922957215543 5.478268345669961e-05
17.59166666666614 -0.0002534127617501841 0.0001053189216161789
17.59444444444392 -0.0002295635389933651 0.0001523176240073033
17.59722222222169 -0.0001970784979359771 0.0001940196438382913
17.59999999999947 -0.0001571148303367019 0.0002288563992896646
17.60277777777724 -0.0001111105352435531 0.0002555085156930864
17.60555555555502 -6.073144533229934e-05 0.0002729551688342024
17.6083333333328 -7.80979311072524e-06 0.0002805123037106393
17.61111111111057 4.572337391456582e-05 0.0002778583265117862
17.61388888888835 9.790939888446792e-05 0.0002650463414117729
17.61666666666613 0.0001468341867975281 0.0002425025097463593
17.6194444444439 0.0001906986610949497 0.0002110106280344066
17.62222222222168 0.0002278849008083651 0.0001716835335255661
17.62499999999946 0.0002570155255179013 0.0001259224323680688
17.62777777777723 0.0002770041569513188 7.536568809715889e-05
17.63055555555501 0.0002870951266648888 2.182899077665036e-05
17.63333333333279 0.0002868910055615376 -3.276086401976482e-05
17.63611111111056 0.0002763669873347561 -8.643613296609733e-05
17.63888888888834 0.0002558716469272548 -0.0001372596341058397
17.64166666666612 0.0002261140983293952 -0.0001833949863512802
17.64444444444389 0.0001881380747687716 -0.0002231730196057734
17.64722222222167 0.0001432839301546997 -0.0002551519506940927
17.64999999999944 9.313999622870896e-05 -0.0002781691623413459
17.65277777777722 3.948510949480001e-05 -0.0002913827419586559
17.655555555555 -1.577556766252469e-05 -0.000294301321399547
17.65833333333277 -7.067907706606069e-05 -0.0002868011935202707
17.66111111111055 -0.000123275048929385 -0.000269130149810574
17.66388888888833 -0.0001716953925887568 -0.0002418979681468817
17.6666666666661 -0.0002142207888169684 -0.0002060539629732016
17.66944444444388 -0.0002493416118005867 -0.0001628524743321894
17.67222222222166 -0.0002758111266020988 -0.00011380760049385
17.67499999999943 -0.0002926891016069926 -6.063885623862998e-05
17.67777777777721 -0.0002993743335436816 -5.209752074653124e-06
17.68055555555499 -0.0002956249915703077 5.053847193195782e-05
17.68333333333276 -0.0002815661312463757 0.0001046555680869759
17.68611111111054 -0.00025768419259731 0.0001552510005472476
17.68888888888831 -0.000224808761979352 0.000200560224182141
17.69166666666609 -0.0001840823283511921 0.0002390061917347571
17.69444444444387 -0.0001369191848154319 0.0002692539474045188
17.69722222222164 -8.495500127677399e-05 0.0002902564285243407
17.69999999999942 -2.998891081929429e-05 0.0003012899246792587
17.7027777777772 2.607979952388618e-05 0.0003019780228144189
17.70555555555497 8.131813168209274e-05 0.0002923032835931595
17.70833333333275 0.0001338266018319689 0.0002726063331044653
17.71111111111053 0.0001818048913235644 0.0002435724991875855
17.7138888888883 0.0002236136443301587 0.0002062065572576407
17.71666666666608 0.0002578302903154846 0.0001617965613208995
17.71944444444386 0.0002832969992258747 0.0001118681076473638
17.72222222222163 0.0002991591707159138 5.813069880064442e-05
17.72499999999941 0.0003048932046459001 2.418133755284672e-06
17.72777777777718 0.0003003226855865268 -5.337496248053088e-05
17.73055555555496 0.0002856225251383298 -0.0001073582445785413
17.73333333333274 0.0002613110277604723 -0.0001577101299617009
17.73611111111051 0.0002282302636062851 -0.000202739447178691
17.73888888888829 0.000187515531088095 -0.0002409421596874278
17.74166666666607 0.0001405550589016116 -0.0002710512680406977
17.74444444444384 8.894141979705746e-05 -0.0002920782494042895
17.74722222222162 3.441639585160815e-05 -0.0003033447025769652
17.7499999999994 -2.118876089184635e-05 -0.0003045032175855637
17.75277777777717 -7.601559407737717e-05 -0.0002955468688992704
17.75555555555495 -0.000128241095259469 -0.0002768071266726809
17.75833333333273 -0.0001761386156394134 -0.0002489403774262188
17.7611111111105 -0.0002181349956160663 -0.0002129036304658143
17.76388888888828 -0.0002528620240477005 -0.0001699203461940264
17.76666666666605 -0.0002792005550113325 -0.0001214376452717852
17.76944444444383 -0.0002963158793592357 -6.907643297539612e-05
17.77222222222161 -0.0003036832615932622 -1.457619239648597e-05
17.77499999999938 -0.0003011028980712309 4.02636431739114e-05
17.77777777777716 -0.0002887039180677458 9.364373856327854e-05
17.78055555555494 -0.0002669374219851985 0.0001438243046897766
17.78333333333271 -0.0002365589183052868 0.0001891819725918452
17.78611111111049 -0.0001986008703781175 0.0002282622329753805
17.78888888888827 -0.0001543363843371824 0.0002598257545166174
17.79166666666604 -0.0001052353500998573 0.0002828871216342687
17.79444444444382 -5.291457971100391e-05 0.0002967448051867527
17.7972222222216 9.163355871864142e-07 0.0003010014874409853
17.79999999999937 5.451161133349504e-05 0.0002955741949033088
17.80277777777715 0.0001061464067507891 0.0002806940375434277
17.80555555555492 0.0001541726302965719 0.0002568956989055071
17.8083333333327 0.0001970716035651669 0.0002249971570024409
17.81111111111048 0.0002335019038764295 0.000186070429808083
17.81388888888825 0.0002623408897689556 0.000141404421523575
17.81666666666603 0.0002827186435376968 9.246118792885764e-05
17.81944444444381 0.0002940433326178579 4.082713364370794e-05
17.82222222222158 0.0002960172872545892 -1.183920425105665e-05
17.82499999999936 0.0002886434054540766 -6.386104704877527e-05
17.82777777777714 0.0002722218168136814 -0.0001135971739062869
17.83055555555491 0.0002473370539822039 -0.000159493895910687
17.83333333333269 0.0002148362837870928 -0.0002001335580633421
17.83611111111047 0.0001757994298667836 -0.0002342780620368626
17.83888888888824 0.0001315022663314644 -0.0002609060882891606
17.84166666666602 8.337377006251648e-05 -0.0002792429212815522
17.84444444444379 3.294918187683323e-05 -0.0002887820378648136
17.84722222222157 -1.817966053014137e-05 -0.0002892978975233404
17.84999999999935 -6.841509464745762e-05 -0.0002808496645151419
17.85277777777712 -0.0001162038801332573 -0.0002637758864145131
17.8555555555549 -0.0001600853361087974 -0.0002386804415144652
17.85833333333268 -0.0001987358795238488 -0.0002064103398881298
17.86111111111045 -0.0002310086164523865 -0.0001680262111679663
17.86388888888823 -0.0002559668194050716 -0.0001247665289180933
17.86666666666601 -0.0002729103386191302 -7.800680044314674e-05
17.86944444444378 -0.0002813942359576914 -2.92150872719996e-05
17.87222222222156 -0.0002812391884760804 2.009468817971322e-05
17.87499999999934 -0.0002725334761458291 6.841015191757633e-05
17.87777777777711 -0.0002556266360024634 0.0001142671116173618
17.88055555555489 -0.0002311151245968761 0.0001562939745884354
17.88333333333266 -0.0001998205740450887 0.00019325260815779
17.88611111111044 -0.0001627614468383538 0.0002240744373100807
17.88888888888822 -0.0001211190845337411 0.0002478907463437841
17.89166666666599 -7.619930018082392e-05 0.0002640563519191801
17.89444444444377 -2.939077982244222e-05 0.0002721660371484171
17.89722222222155 1.787836809807261e-05 0.0002720633728482796
17.89999999999932 6.418454630730399e-05 0.0002638417949744032
17.9027777777771 0.0001081517291031709 0.0002478380488833652
17.90555555555488 0.0001484923480994573 0.0002246183438743564
17.90833333333265 0.0001840447955694689 0.0001949577784253505
17.91111111111043 0.0002138064665008307 0.0001598137913231898
17.91388888888821 0.0002369614197271813 0.0001202945609369467
17.91666666666598 0.0002529019223129199 7.762340978814614e-05
17.91944444444376 0.0002612433435899771 3.310037088221621e-05
17.92222222222154 0.0002618320790903488 -1.193786613362303e-05
17.92499999999931 0.0002547464032583388 -5.615838802896657e-05
17.92777777777709 0.0002402903663986989 -9.827164479441966e-05
17.93055555555486 0.000218981059251935 -0.0001370690171955845
17.93333333333264 0.000191529761729245 -0.0001714572789414964
17.93611111111042 0.0001588176651732295 -0.0002004889850727075
17.93888888888819 0.0001218670053000322 -0.0002233879623813727
17.94166666666597 8.180856185573526e-05 -0.0002395692433015355
17.94444444444375 3.984656818513949e-05 -0.0002486529661113173
17.94722222222152 -2.777872517496103e-06 -0.0002504719556242291
17.9499999999993 -4.48237481858003e-05 -0.0002450728936914458
17.95277777777708 -8.508637462363272e-05 -0.0002327111818446388
17.95555555555485 -0.0001224318537927602 -0.000213839783505805
17.95833333333263 -0.0001558287769410163 -0.0001890925050180326
17.96111111111041 -0.0001843763005344194 -0.0001592623285189533
17.96388888888818 -0.0002073278508797476 -0.0001252755412749697
17.96666666666596 -0.0002241098600501115 -8.816251219579973e-05
17.96944444444373 -0.0002343350963593037 -4.902604437464081e-05
17.97222222222151 -0.000237810321970613 -9.008281143409469e-06
17.97499999999929 -0.0002345381830354549 3.074283837768933e-05
17.97777777777706 -0.0002247134087796626 6.910658955992174e-05
17.98055555555484 -0.0002087135601957901 0.0001050209937006917
17.98333333333262 -0.0001870847217873174 0.0001375119925239097
17.98611111111039 -0.0001605226669718096 0.0001657194782265722
17.98888888888817 -0.0001298501456958501 0.0001889195026454204
17.99166666666595 -9.599103864461113e-05 0.0002065421169321605
17.99444444444372 -5.994219395317124e-05 0.0002181844334237379
17.9972222222215 -2.274380819980918e-05 0.0002236186496711238
17.99999999999928 1.455076692389137e-05 0.0002227949263188972
18.00277777777705 5.090491732349361e-05 0.0002158391611648896
18.00555555555483 8.532751515213276e-05 0.0002030458469188772
18.0083333333326 0.0001168997349102754 0.0001848663358893733
18.01111111111038 0.0001447992245713858 0.0001618929573879658
18.01388888888816 0.0001683210136413558 0.0001348395399258436
18.01666666666593 0.0001868946494197743 0.0001045189776990996
18.01944444444371 0.0002000971734724377 7.181854748383529e-05
18.02222222222149 0.0002076616786422584 3.7673726612627e-05
18.02499999999926 0.0002094813189020843 3.041284588033861e-06
18.02777777777704 0.000205608776098782 -3.112757983013393e-05
18.03055555555482 0.0001962513153864096 -6.391330680182148e-05
18.03333333333259 0.000181761681388673 -9.445254270496926e-05
18.03611111111037 0.0001626251966779964 -0.0001219605621863798
18.03888888888815 0.0001394435202354681 -0.0001457509786946124
18.04166666666592 0.0001129156038738143 -0.0001652522688926371
18.0444444444437 8.381644739100234e-05 -0.0001800207385782193
18.04722222222147 5.297429726928343e-05 -0.000189749667292158
18.04999999999925 2.124695840817299e-05 -0.0001942744823488275
18.05277777777703 -1.050210637908102e-05 -0.0001935739272562456
18.0555555555548 -4.14272280949672e-05 -0.0001877673011792436
18.05833333333258 -7.072290515511077e-05 -0.000177107952185978
18.06111111111036 -9.764451761580424e-05 -0.000161973304733362
18.06388888888813 -0.000121526863497349 -0.0001428517887375131
18.06666666666591 -0.0001418000737166306 -0.0001203271115796652
18.06944444444369 -0.0001580025470280345 -9.506037390431264e-05
18.07222222222146 -0.0001697906384391353 -6.777057389224251e-05
18.07499999999924 -0.000176944930992926 -3.921407216745735e-05
18.07777777777702 -0.0001793730187957715 -1.016360042854957e-05
18.08055555555479 -0.0001771088259760235 1.861260849030691e-05
18.08333333333257 -0.0001703085792351989 4.637101236795228e-05
18.08611111111034 -0.0001592436384054822 7.241175183229805e-05
18.08888888888812 -0.0001442904677770499 9.609597019470944e-05
18.0916666666659 -0.0001259180990645048 0.0001168610476522813
18.09444444444367 -0.0001046734932404665 0.0001342334054964953
18.09722222222145 -8.116525195140601e-05 0.0001478386118445942
18.09999999999923 -5.604615912123778e-05 0.0001574086009840672
18.102777777777 -2.99950493202318e-05 0.0001627859013424226
18.10555555555478 -3.698501563042865e-06 0.0001639248500474009
18.10833333333256 2.216715410727493e-05 0.0001608898527586243
18.11111111111033 4.695305386967434e-05 0.0001538508238666653
18.11388888888811 7.005381331826154e-05 0.0001430760123454079
18.11666666666589 9.092195438307168e-05 0.0001289224808623132
18.11944444444366 0.0001090804179976688 0.0001118245588124387
18.12222222222144 0.0001241328955939789 9.228063265955e-05
18.12499999999921 0.0001357717784777098 7.08386685996122e-05
18.12777777777699 0.0001437835931315195 4.808088264208738e-05
18.13055555555477 0.0001480518605099252 2.460798166877128e-05
18.13333333333254 0.0001485573865824619 1.023396045176943e-06
18.13611111111032 0.0001453760579182785 -2.20820895375264e-05
18.1388888888881 0.0001386742783445263 -4.414492436655252e-05
18.14166666666587 0.0001287022391681093 -6.464224971043288e-05
18.14444444444365 0.0001157852648630391 -8.310391817478091e-05
18.14722222222143 0.0001003135174607201 -9.912281369628906e-05
18.1499999999992 8.273037536893288e-05 -0.0001123632641288317
18.15277777777698 6.351982546839702e-05 -0.0001225673945208547
18.15555555555476 4.319322086396066e-05 -0.00012955932719035
18.15833333333253 2.227576060073829e-05 -0.000133247193011984
18.16111111111031 1.293042283297253e-06 -0.0001336229753942302
18.16388888888808 -1.924197565576363e-05 -0.0001307602628270494
18.16666666666586 -3.884128758103521e-05 -0.0001248100363119228
18.16944444444364 -5.705314521782564e-05 -0.0001159946633028836
18.17222222222141 -7.347210386109907e-05 -0.0001046003090230158
18.17499999999919 -8.774760160536627e-05 -9.096800840835786e-05
18.17777777777697 -9.959090739926147e-05 -7.548366691317346e-05
18.18055555555474 -0.0001087803206372133 -5.856727563631456e-05
18.18333333333252 -0.0001151645530760164 -4.066163558343889e-05
18.1861111111103 -0.0001186642718579311 -2.222088741905666e-05
18.18888888888807 -0.0001192718290905774 -3.699137090957114e-06
18.19166666666585 -0.0001170492476691611 1.446054534789058e-05
18.19444444444363 -0.0001121245737903744 3.183649588728268e-05
18.1972222222214 -0.0001046867430216697 4.803796304847304e-05
18.19999999999918 -9.497913810943194e-05 6.271354809809918e-05
18.20277777777696 -8.329204235686133e-05 7.555841027170484e-05
18.20555555555473 -6.995421196930879e-05 8.632010503990582e-05
18.20833333333251 -5.53238040102709e-05 9.48029620264963e-05
18.21111111111028 -3.977890347102312e-05 0.0001008709485396002
18.21388888888806 -2.370789352214658e-05 0.0001044490037968424
18.21666666666584 -7.499907540307004e-06 0.0001055228668436872
18.21944444444361 8.464409624240957e-06 0.0001041374569918258
18.22222222222139 2.382161993407293e-05 0.0001003938985406064
18.22499999999917 3.823349958541105e-05 9.4445310896895e-05
18.22777777777694 5.139416972536201e-05 8.649151040475009e-05
18.23055555555472 6.303621226571314e-05 7.677279079279079e-05
18.2333333333325 7.293566245093466e-05 6.556296483618082e-05
18.23611111111027 8.091580110509756e-05 5.316186043630475e-05
18.23888888888805 8.684970132251499e-05 3.988746980581759e-05
18.24166666666583 9.066151598032122e-05 2.606795089833647e-05
18.2444444444436 9.232652307743828e-05 1.203367584761992e-05
18.24722222222138 9.186997483993967e-05 -1.890487701263092e-06
18.24999999999915 8.936482315013144e-05 -1.539248946076442e-05
18.25277777777693 8.492841761333752e-05 -2.817984724058592e-05
18.25555555555471 7.871829302308734e-05 -3.998569884193463e-05
18.25833333333248 7.092717977753861e-05 -5.057404043877601e-05
18.26111111111026 6.177738369391791e-05 -5.974406061878194e-05
18.26388888888804 5.151469053061285e-05 -6.733350423486262e-05
18.26666666666581 4.040195532325398e-05 -7.322102568964354e-05
18.26944444444359 2.871253744321634e-05 -7.732751660235879e-05
18.27222222222137 1.67237392541693e-05 -7.961641739665679e-05
18.27499999999914 4.710399618050624e-06 -8.009304564566911e-05
18.27777777777692 -7.061216384312556e-06 -7.880299551974563e-05
18.2805555555547 -1.833910293229454e-05 -7.58296819791259e-05
18.28333333333247 -2.88906607793644e-05 -7.129112007747922e-05
18.28611111111025 -3.850721024099017e-05 -6.533604362099153e-05
18.28888888888802 -4.700779238133145e-05 -5.813947826144903e-05
18.2916666666658 -5.424220057779887e-05 -4.989789178107542e-05
18.29444444444358 -6.009320477039502e-05 -4.082404881345898e-05
18.29722222222135 -6.447795079997888e-05 -3.114169858635509e-05
18.29999999999913 -6.734853684506433e-05 -2.108022258150777e-05
18.30277777777691 -6.869178764307619e-05 -1.086936446868366e-05
18.30555555555468 -6.852826454161063e-05 -7.341575189046554e-07
18.30833333333246 -6.691056512282212e-05 9.109844764201035e-06
18.31111111111024 -6.392097989999942e-05 1.8460940520394e-05
18.31388888888801 -5.966858517034979e-05 2.713517273116204e-05
18.31666666666579 -5.428586035990371e-05 3.496967690307677e-05
18.31944444444357 -4.792492501464542e-05 4.182543160248789e-05
18.32222222222134 -4.07534949346804e-05 4.758937588861931e-05
18.32499999999912 -3.295065883867057e-05 5.217587345745112e-05
18.32777777777689 -2.470257645448109e-05 5.552751880332297e-05
18.33055555555467 -1.619819619236085e-05 5.76152955803423e-05
18.33333333333245 -7.625085731496232e-06 5.843811130119208e-05
18.33611111111022 8.345378372394874e-07 5.802174526666208e-05
18.338888888888 9.007499990447725e-06 5.641725795219107e-05
18.34166666666578 1.673301422482382e-05 5.369891979596972e-05
18.34444444444355 2.386562308424769e-05 4.996172530068481e-05
18.34722222222133 3.027768838933232e-05 4.531856448277469e-05
18.34999999999911 3.58613963029146e-05 3.989712793465809e-05
18.35277777777688 4.05302550598454e-05 3.383662410510289e-05
18.35555555555466 4.422007528868909e-05 2.728438789276495e-05
18.35833333333244 4.688943459132062e-05 2.039245837130095e-05
18.36111111111021 4.851963918329314e-05 1.331420053522893e-05
18.36388888888799 4.911420571230437e-05 6.201041526688592e-06
18.36666666666576 4.869789568061272e-05 -8.006139558229205e-07
18.36944444444354 4.731534304249794e-05 -7.552231257479421e-06
18.37222222222132 4.502932241040191e-05 -1.392570638072966e-05
18.37499999999909 4.191871079719386e-05 -1.98055981387127e-05
18.37777777777687 3.807619989664688e-05 -2.509099937321437e-05
18.38055555555465 3.360581854270547e-05 -2.969702402312393e-05
18.38333333333242 2.862032620756422e-05 -3.355589613081031e-05
18.3861111111102 2.323853824491895e-05 -3.66176360146371e-05
18.38888888888798 1.758264213264583e-05 -3.88503476232805e-05
18.39166666666575 1.177556131828818e-05 -4.024011934904381e-05
18.39444444444353 5.938419539971889e-06 -4.079055816212938e-05
18.39722222222131 1.88153823406434e-07 -4.05219837060838e-05
18.39999999999908 -5.364681109168024e-06 -3.947031486330724e-05
18.40277777777686 -1.061788037868635e-05 -3.768568617905733e-05
18.40555555555463 -1.547929836214093e-05 -3.523083537113726e-05
18.40833333333241 -1.986827677142615e-05 -3.21793059222736e-05
18.41111111111019 -2.371677519627077e-05 -2.861351045119798e-05
18.41388888888796 -2.697019489857442e-05 -2.462270120716643e-05
18.41666666666574 -2.958789346871969e-05 -2.030089367333084e-05
18.41944444444352 -3.154339447621414e-05 -1.574478795813065e-05
18.42222222222129 -3.282430234383514e-05 -1.10517304815114e-05
18.42499999999907 -3.34319382433291e-05 -6.317755512408004e-06
18.42777777777685 -3.338071775829783e-05 -1.63574249594786e-06
18.43055555555462 -3.269729531961806e-05 2.906279069871149e-06
18.4333333333324 -3.141950393588401e-05 7.226650066499841e-06
18.43611111111018 -2.95951214835607e-05 1.125140529135396e-05
18.43888888888795 -2.728049677400069e-05 1.491538302981046e-05
18.44166666666573 -2.453906977897299e-05 1.816310881062045e-05
18.4444444444435 -2.143982079287468e-05 2.094944667549641e-05
18.44722222222128 -1.805568297154467e-05 2.324001633911217e-05
18.44999999999906 -1.446195166315325e-05 2.501137942461653e-05
18.45277777777683 -1.073472229402779e-05 2.625100244740654e-05
18.45555555555461 -6.94938636224929e-06 2.695700830986688e-05
18.45833333333239 -3.179212399236904e-06 2.71377317015808e-05
18.46111111111016 5.05964332192173e-07 2.681109692299486e-05
18.46388888888794 4.04092303987831e-06 2.60038392305359e-05
18.46666666666572 7.366092772954775e-06 2.475059281567663e-05
18.46944444444349 1.042842900066281e-05 2.309286996977392e-05
18.47222222222127 1.318212226417626e-05 2.107795685441916e-05
18.47499999999905 1.558913356673218e-05 1.875775160752085e-05
18.47777777777682 1.761955486424534e-05 1.618757029490781e-05
18.4805555555546 1.925179654641152e-05 1.342494549942238e-05
18.48333333333238 2.047260709292096e-05 1.052844116814611e-05
18.48611111111015 2.127693309918447e-05 7.556505762649941e-06
18.48888888888793 2.166763054636128e-05 4.566383832132298e-06
18.4916666666657 2.165504050680966e-05 1.613103913570696e-06
18.49444444444348 2.125644440302571e-05 -1.251441782024646e-06
18.49722222222126 2.049541545989348e-05 -3.979313050753941e-06
18.49999999999903 1.940108409977382e-05 -6.527222616043481e-06
18.50277777777681 1.800733572962343e-05 -8.857114923172954e-06
