16.5 2.089372600953278e-07 -5.699096655777069e-08
16.50277777777778 1.868665195915839e-07 -1.229467673562523e-07
16.50555555555555 1.440407311807549e-07 -1.806129786250164e-07
16.50833333333333 8.350450561100197e-08 -2.234804566732658e-07
16.51111111111111 1.033634959099652e-08 -2.461392790458287e-07
16.51388888888888 -6.874282665235402e-08 -2.449117229883684e-07
16.51666666666666 -1.459573229108043e-07 -2.183473567254928e-07
16.51944444444444 -2.132122696541498e-07 -1.675197768825244e-07
16.52222222222221 -2.629106024257933e-07 -9.608118066284562e-08
16.52499999999999 -2.887719226941973e-07 -1.005326514382441e-08
16.52777777777776 -2.865683979289134e-07 8.26410578832529e-08
16.53055555555554 -2.546959514732552e-07 1.728734232539722e-07
16.53333333333332 -1.945107953659537e-07 2.511758541884542e-07
16.53611111111109 -1.103812004291314e-07 3.086979081205087e-07
16.53888888888887 -9.430730241438384e-09 3.381617808672913e-07
16.54166666666665 9.902033472613345e-08 3.34716220492798e-07
16.54444444444442 2.042768967864758e-07 2.965942325982772e-07
16.5472222222222 2.952859833662906e-07 2.25493828727746e-07
16.54999999999998 3.617558461335863e-07 1.266246419151843e-07
16.55277777777775 3.952678072537739e-07 8.394248504305522e-09
16.55555555555553 3.902652325294742e-07 -1.182562598000086e-07
16.55833333333331 3.448094134660742e-07 -2.408209309504979e-07
16.56111111111108 2.610093280983374e-07 -3.46420823666537e-07
16.56388888888886 1.45060180261068e-07 -4.231098280978199e-07
16.56666666666663 6.862061787786558e-09 -4.611664755915818e-07
16.56944444444441 -1.407682109704061e-07 -4.542371873421706e-07
16.57222222222219 -2.832360696901201e-07 -4.002033683451165e-07
16.57499999999996 -4.055631199334836e-07 -3.016653791543593e-07
16.57777777777774 -4.939077836367766e-07 -1.659694225134598e-07
16.58055555555552 -5.370633241868748e-07 -4.74610680437081e-09
16.58333333333329 -5.277769954104868e-07 1.670219398313145e-07
16.58611111111107 -4.637428982108637e-07 3.323362136636352e-07
16.58888888888885 -3.481457920771079e-07 4.73809119656755e-07
16.59166666666662 -1.89672006806667e-07 5.754312445539491e-07
16.5944444444444 -1.953570256557958e-09 6.243052149736661e-07
16.59722222222218 1.975317945607882e-07 6.121650401182952e-07
16.59999999999995 3.890245069244102e-07 5.365109537410304e-07
16.60277777777773 5.52377664464736e-07 4.012191581016688e-07
16.6055555555555 6.691068729144572e-07 2.165315962801171e-07
16.60833333333328 7.243932858929368e-07 -1.610811319278514e-09
16.61111111111106 7.088303871916003e-07 -2.328624166909545e-07
16.61388888888883 6.197188847877276e-07 -4.542989691449072e-07
16.61666666666661 4.61748983895297e-07 -6.426193312908648e-07
16.61944444444439 2.469629131179501e-07 -7.765183513560497e-07
16.62222222222216 -6.041539022437394e-09 -8.389965607151559e-07
16.62499999999994 -2.736297356263649e-07 -8.193649039504318e-07
16.62777777777772 -5.292577051526437e-07 -7.147197860508684e-07
16.63055555555549 -7.460254792174993e-07 -5.307050237889149e-07
16.63333333333327 -8.994185309166699e-07 -2.814399746984689e-07
16.63611111111105 -9.699661630710542e-07 1.142803521467572e-08
16.63888888888882 -9.455382946518714e-07 3.205010569407632e-07
16.6416666666666 -8.230230076016643e-07 6.151034934889075e-07
16.64444444444437 -6.091759379463861e-07 8.64237028482701e-07
16.64722222222215 -3.205057106612972e-07 1.039741705413109e-06
16.64999999999993 1.784900784623117e-08 1.119350061046382e-06
16.6527777777777 3.741940106675713e-07 1.08931404573969e-06
16.65555555555548 7.131475229914488e-07 9.463098958087837e-07
16.65833333333326 9.990527653942051e-07 6.983834114764688e-07
16.66111111111103 1.199615851706434e-06 3.647831562900313e-07
16.66388888888881 1.28940824486034e-06 -2.536525492994849e-08
16.66666666666659 1.252866259235232e-06 -4.354740942473697e-07
16.66944444444436 1.086450824607349e-06 -8.24812011051978e-07
16.67222222222214 7.996978746549468e-07 -1.15243693090641e-06
16.67499999999992 4.14988433470675e-07 -1.381374641788379e-06
16.67777777777769 -3.401064319778746e-08 -1.482628212485424e-06
16.68055555555547 -5.051505118247849e-07 -1.438597333275558e-06
16.68333333333324 -9.516313994262202e-07 -1.245523568267721e-06
16.68611111111102 -1.326525811300104e-06 -9.146559672290093e-07
16.6888888888888 -1.587568995305991e-06 -4.719457449447179e-07
16.69166666666657 -1.701740606160076e-06 4.378096977110553e-08
16.69444444444435 -1.649156425355552e-06 5.84069977588281e-07
16.69722222222213 -1.425833054179761e-06 1.095251783501922e-06
16.6999999999999 -1.044979889394143e-06 1.523633006845962e-06
16.70277777777768 -5.36604619872636e-07 1.820977899706703e-06
16.70555555555546 5.462039143753638e-08 1.949734806170753e-06
16.70833333333323 6.731081164856863e-07 1.88745860550528e-06
16.71111111111101 1.257428189126584e-06 1.629932516873339e-06
16.71388888888879 1.746253008614493e-06 1.192598777617481e-06
16.71666666666656 2.084618179475121e-06 6.100596579627971e-07
16.71944444444434 2.22987424660966e-06 -6.640508365721913e-08
16.72222222222211 2.156704572796859e-06 -7.731580614666375e-07
16.72499999999989 1.860646051661349e-06 -1.440019267968677e-06
16.72777777777767 1.359672234008055e-06 -1.99706266494771e-06
16.73055555555544 6.935730245166102e-07 -2.381752845866071e-06
16.73333333333322 -7.892377169690266e-08 -2.545711170637739e-06
16.736111111111 -8.851158134502601e-07 -2.460400768477863e-06
16.73888888888877 -1.644978938489452e-06 -2.121092537016838e-06
16.74166666666655 -2.278920067844654e-06 -1.548616122303276e-06
16.74444444444433 -2.71589760407479e-06 -7.885999485713726e-07
16.7472222222221 -2.901100489734943e-06 9.185476060840738e-08
16.74999999999988 -2.802379672005126e-06 1.009861899314302e-06
16.75277777777766 -2.414710857981272e-06 1.87434445586411e-06
16.75555555555543 -1.762130720509136e-06 2.594860336120091e-06
16.75833333333321 -8.968174694254904e-07 3.090825036060455e-06
16.76111111111098 1.047390802230702e-07 3.300212352170773e-06
16.76388888888876 1.14823883580209e-06 3.186820011533249e-06
16.76666666666654 2.130220351416871e-06 2.745286317599552e-06
16.76944444444431 2.948087717337951e-06 2.003231288430928e-06
16.77222222222209 3.510565914417124e-06 1.020156661875983e-06
16.77499999999987 3.747542960270595e-06 -1.169493577827118e-07
16.77777777777764 3.618266557396359e-06 -1.30102388446681e-06
16.78055555555542 3.11697806839466e-06 -2.414757641666095e-06
16.7833333333332 2.275281066493701e-06 -3.341963374912961e-06
16.78611111111097 1.160838545653697e-06 -3.979407036232499e-06
16.78888888888875 -1.276540356199495e-07 -4.247923103860259e-06
16.79166666666653 -1.468896566669876e-06 -4.101649095087059e-06
16.7944444444443 -2.730127670247375e-06 -3.534347330205338e-06
16.79722222222208 -3.779988171682902e-06 -2.582026668636081e-06
16.79999999999986 -4.501884896289848e-06 -1.321413848286031e-06
16.80277777777763 -4.806523798616362e-06 1.357765666814196e-07
16.80555555555541 -4.642300092804633e-06 1.652400399591446e-06
16.80833333333318 -4.002386083262334e-06 3.078489914449211e-06
16.81111111111096 -2.927635765420458e-06 4.265779707775954e-06
16.81388888888874 -1.504806740794709e-06 5.082774447197269e-06
16.81666666666651 1.399492484210259e-07 5.428858333177479e-06
16.81944444444429 1.851898316744635e-06 5.245970487338274e-06
16.82222222222207 3.461953063879806e-06 4.526545835161263e-06
16.82499999999984 4.803042820468036e-06 3.316736872162897e-06
16.82777777777762 5.727072121082696e-06 1.714362600568914e-06
16.8305555555554 6.120779938311853e-06 -1.384613981460566e-07
16.83333333333317 5.918842910779767e-06 -2.067521251710961e-06
16.83611111111095 5.112765956619425e-06 -3.882528664026038e-06
16.83888888888873 3.754460959331483e-06 -5.395532708912009e-06
16.8416666666665 1.953899773278309e-06 -6.439972214893377e-06
16.84444444444428 -1.292016325383097e-07 -6.888474196015066e-06
16.84722222222205 -2.299109394212674e-06 -6.667541569460472e-06
16.84999999999983 -4.342076614796383e-06 -5.767500962883502e-06
16.85277777777761 -6.047009809201901e-06 -4.246484487588361e-06
16.85555555555538 -7.226835670923794e-06 -2.227765203782168e-06
16.85833333333316 -7.738445207333267e-06 1.095940932441874e-07
16.86111111111094 -7.499137865931423e-06 2.546145676370972e-06
16.86388888888871 -6.497745985139033e-06 4.842241826217154e-06
16.86666666666649 -4.799073336015968e-06 6.7611855182508e-06
16.86944444444427 -2.540893682868366e-06 8.093150218174481e-06
16.87222222222204 7.652856192911054e-08 8.67749443663152e-06
16.87499999999982 2.807681116482386e-06 8.421150725766755e-06
16.8777777777776 5.384381363863409e-06 7.311059528963971e-06
16.88055555555537 7.541657850983225e-06 5.419126938961315e-06
16.88333333333315 9.044480781314569e-06 2.898870310341926e-06
16.88611111111092 9.712691049084441e-06 -2.628453413585437e-08
16.8888888888887 9.441540454662636e-06 -3.082251741655819e-06
16.89166666666648 8.215582455663116e-06 -5.969481468080095e-06
16.89444444444425 6.114221773167308e-06 -8.391836118534482e-06
16.89722222222203 3.307995603948216e-06 -1.008640901563122e-05
16.89999999999981 4.555052522367481e-08 -1.085133246012118e-05
16.90277777777758 -3.367786931716019e-06 -1.05686948098635e-05
16.90555555555536 -6.598063908273824e-06 -9.220051947578873e-06
16.90833333333314 -9.314853738687106e-06 -6.892653143229673e-06
16.91111111111091 -1.12244607921872e-05 -3.775352486637767e-06
16.91388888888869 -1.210089372374882e-05 -1.441683391425169e-07
16.91666666666647 -1.181140582576705e-05 3.661509179061769e-06
16.91944444444424 -1.033380903237177e-05 7.270081239638619e-06
16.92222222222202 -7.763473999349123e-06 1.031346833885967e-05
16.92499999999979 -4.308874160771719e-06 1.2464020441953e-05
16.92777777777757 -2.756317681694112e-07 1.346896430522138e-05
16.93055555555535 3.959825444824827e-06 1.317883579030724e-05
16.93333333333312 7.984800669204767e-06 1.156679804590638e-05
16.9361111111109 1.138994839052895e-05 8.736529288982416e-06
16.93888888888868 1.381023057585878e-05 4.917411626930992e-06
16.94166666666645 1.496317071720504e-05 4.469706842328354e-07
16.94444444444423 1.468047063032304e-05 -4.258210515049613e-06
16.94722222222201 1.292955621186647e-05 -8.740676415634016e-06
16.94999999999978 9.822484094377072e-06 -1.254594572791887e-05
16.95277777777756 5.610799327318981e-06 -1.526787633520187e-05
16.95555555555534 6.662806176374754e-07 -1.659108345309966e-05
16.95833333333311 -4.551083023283007e-06 -1.632605883606499e-05
16.96111111111089 -9.535210666046932e-06 -1.443319131338528e-05
16.96388888888866 -1.378235345802435e-05 -1.10328435446841e-05
16.96666666666644 -1.684125299983028e-05 -6.399917090657274e-06
16.96944444444422 -1.836010663293664e-05 -9.428227083871635e-07
16.97222222222199 -1.812553394322205e-05 4.831675111348485e-06
16.97499999999977 -1.608934523243414e-05 1.036480349875598e-05
16.97777777777755 -1.237996221835509e-05 1.5099148969254e-05
16.98055555555532 -7.296746229563896e-06 1.853401599659906e-05
16.9833333333331 -1.287123140869649e-06 2.027734879350442e-05
16.98611111111088 5.091897049178889e-06 2.008891850276916e-05
16.98888888888865 1.122459245562781e-05 1.791014094384462e-05
16.99166666666643 1.64952219984599e-05 1.387704047354904e-05
16.99444444444421 2.034901251514881e-05 8.314417295769022e-06
16.99722222222198 2.234947331330843e-05 1.711069854264537e-06
16.99999999999976 2.222620741279182e-05 -5.322198528788312e-06
17.00277777777753 1.990811037976925e-05 -1.210828281657226e-05
17.00555555555531 1.553810486965543e-05 -1.796818802501647e-05
17.00833333333309 9.467246638925138e-06 -2.228809415918797e-05
17.01111111111086 2.228003905867299e-06 -2.458252707305411e-05
17.01388888888864 -5.511428786543468e-06 -2.454722847166153e-05
17.01666666666642 -1.300797005245549e-05 -2.209610043726637e-05
17.01944444444419 -1.951418763342578e-05 -1.737796957770402e-05
17.02222222222197 -2.435191034713855e-05 -1.077075854710952e-05
17.02499999999975 -2.698174612350176e-05 -2.852802420534955e-06
17.02777777777752 -2.706147804912887e-05 5.646698189653304e-06
17.0305555555553 -2.448715429626684e-05 1.391395641485434e-05
17.03333333333308 -1.941217543435835e-05 2.112767292458624e-05
17.03611111111085 -1.224168938037424e-05 2.653968253348667e-05
17.03888888888863 -3.60194959805267e-06 2.955133737395139e-05
17.0416666666664 5.713244446024385e-06 2.977792987213706e-05
17.04444444444418 1.481456415994041e-05 2.709436516057236e-05
17.04722222222196 2.280118256692939e-05 2.165690308224817e-05
17.04999999999973 2.884895975865294e-05 1.38979697532925e-05
17.05277777777751 3.229423563701395e-05 4.4935917744523e-06
17.05555555555529 3.270481509820881e-05 -5.694307153396532e-06
17.05833333333306 2.99306995431964e-05 -1.569594849990325e-05
17.06111111111084 2.412885647467132e-05 -2.452510766227803e-05
17.06388888888862 1.575868049049778e-05 -3.127535655735843e-05
17.06666666666639 5.547572057994662e-06 -3.521183577810516e-05
17.06944444444417 -5.571014989246103e-06 -3.584937211346876e-05
17.07222222222195 -1.654191402368102e-05 -3.300878730485158e-05
17.07499999999972 -2.628745126037601e-05 -2.684511291862857e-05
17.0777777777775 -3.381227486846328e-05 -1.784397778603519e-05
17.08055555555528 -3.830370023137865e-05 -6.785439595083055e-06
17.08333333333305 -3.921756485809824e-05 5.322290446782819e-06
17.08611111111083 -3.634067583612819e-05 1.73337390240496e-05
17.0888888888886 -2.982293580523821e-05 2.807358508806147e-05
17.09166666666638 -2.01749827603989e-05 3.645061229670405e-05
17.09444444444416 -8.230428083991899e-06 4.156724276592021e-05
17.09722222222193 4.924777629719266e-06 4.28137689625497e-05
17.09999999999971 1.805001290289323e-05 3.993754606590122e-05
17.10277777777749 2.98660078605753e-05 3.307954624916379e-05
17.10555555555526 3.917845988157511e-05 2.2773630445853e-05
17.10833333333304 4.49973901245637e-05 9.907397762047139e-06
17.11111111111082 4.664042558529795e-05 -4.352799217112282e-06
17.11388888888859 4.380938839908913e-05 -1.866649258557671e-05
17.11666666666637 3.663185004780924e-05 -3.16441104078887e-05
17.11944444444415 2.566247316607037e-05 -4.198079342793221e-05
17.12222222222192 1.184273476656769e-05 -4.858622401797135e-05
17.1249999999997 -3.578349276497602e-06 -5.069766358923277e-05
17.12777777777747 -1.915598464745779e-05 -4.796463725098725e-05
17.13055555555525 -3.338395376551039e-05 -4.049611669969503e-05
17.13333333333303 -4.483916344492385e-05 -2.886443332985363e-05
17.1361111111108 -5.232260694147453e-05 -1.406420153577766e-05
17.13888888888858 -5.498289158839775e-05 2.571129117941214e-06
17.14166666666636 -5.240976357111275e-05 1.948826061659036e-05
17.14444444444413 -4.468760770932331e-05 3.505806733435642e-05
17.14722222222191 -3.240250085998996e-05 4.7731389814099e-05
17.14999999999969 -1.660073180048804e-05 5.619179639074951e-05
17.15277777777746 1.298633815751159e-06 5.949036244701392e-05
17.15555555555524 1.963001364637322e-05 5.714882564994674e-05
17.15833333333302 3.663527518816095e-05 4.922015207496205e-05
17.16111111111079 5.06312684540794e-05 3.629937084924441e-05
17.16388888888857 6.017505328048656e-05 1.948216374870326e-05
17.16666666666634 6.421071402235122e-05 2.737026504202854e-07
17.16944444444412 6.218297959085274e-05 -1.954486541870623e-05
17.1722222222219 5.410566772727879e-05 -3.808055957404318e-05
17.17499999999967 4.057701760845618e-05 -5.350829844648147e-05
17.17777777777745 2.273890515827418e-05 -6.424925170682762e-05
17.18055555555523 2.182295504050681e-06 -6.913049131158226e-05
17.183333333333 -1.91934327105892e-05 -6.750995211528129e-05
17.18611111111078 -3.935497158416498e-05 -5.935362877795481e-05
17.18888888888856 -5.632743931551838e-05 -4.525620206812534e-05
17.19166666666633 -6.838649862550015e-05 -2.640152471556151e-05
17.19444444444411 -7.423165668423816e-05 -4.465122399705171e-06
17.19722222222189 -7.312347985718956e-05 1.853346349700716e-05
17.19999999999966 -6.49704797654478e-05 4.041559983599156e-05
17.20277777777744 -5.035591054420783e-05 5.904890937887747e-05
17.20555555555521 -3.050026441134987e-05 7.255377351831629e-05
17.20833333333299 -7.161353861169152e-06 7.949109654425075e-05
17.21111111111077 1.752005272573047e-05 7.901272099228703e-05
17.21388888888854 4.121560874688481e-05 7.095899965957516e-05
17.21666666666632 6.162803727262889e-05 5.589272420372403e-05
17.2194444444441 7.67125996638703e-05 3.506446885475387e-05
17.22222222222187 8.488013454851573e-05 1.031089350659783e-05
17.22499999999965 8.516164693049972e-05 -1.610594794412122e-05
17.22777777777743 7.731762021711255e-05 -4.170435857185858e-05
17.2305555555552 6.188012018244872e-05 -6.401517985625241e-05
17.23333333333298 4.012192861124233e-05 -8.081876017249006e-05
17.23611111111076 1.395382142410613e-05 -9.036406338465495e-05
17.23888888888853 -1.424195472545729e-05 -9.154842386219958e-05
17.24166666666631 -4.182761974948986e-05 -8.403970535954029e-05
17.24444444444408 -6.615572066567571e-05 -6.832770723734905e-05
17.24722222222186 -8.482207344591979e-05 -4.569813627489517e-05
17.24999999999964 -9.590170904029378e-05 -1.812973519903821e-05
17.25277777777741 -9.814479616226051e-05 1.187745129485714e-05
17.25555555555519 -9.111280057073853e-05 4.152789419564848e-05
17.25833333333297 -7.524040105472012e-05 6.799016385501262e-05
17.26111111111074 -5.181545595579718e-05 8.866624412053839e-05
17.26388888888852 -2.28769846130189e-05 0.0001014450434323875
17.2666666666663 8.961020821010649e-06 0.0001049154859880404
17.26944444444407 4.074485595513627e-05 9.851786385607813e-05
17.27222222222185 6.945433906962226e-05 8.261754689480959e-05
17.27499999999963 9.22888067857466e-05 5.849220921343534e-05
17.2777777777774 0.0001069388631467922 2.823179798065414e-05
17.28055555555518 0.0001118176258062933 -5.441208489893777e-06
17.28333333333295 0.0001062284925420059 -3.941592298516032e-05
17.28611111111073 9.045200010721408e-05 -7.047973286593833e-05
17.28888888888851 6.574168321166111e-05 -9.562118075713665e-05
17.29166666666628 3.42273004801577e-05 -0.00011232055379634
17.29444444444406 -1.267408639419844e-06 -0.0001188002429914882
17.29722222222184 -3.747697074960697e-05 -0.0001142101630739657
17.29999999999961 -7.099396205099914e-05 -9.872917818149184e-05
17.30277777777739 -9.858885485146678e-05 -7.357106999403477e-05
17.30555555555517 -0.0001175199610551556 -4.089242770096465e-05
17.30833333333294 -0.0001258038179766767 -3.609115113567794e-06
17.31111111111072 -0.0001224195039328179 3.486319667821626e-05
17.3138888888885 -0.0001074261013591257 7.092140357941858e-05
17.31666666666627 -8.198034927723246e-05 0.0001011117213575411
17.31944444444405 -4.825074097184097e-05 0.0001224593906766802
17.32222222222182 -9.234076731800987e-06 0.0001327599396199137
17.3249999999996 3.15101423342539e-05 0.0001308036247566073
17.32777777777738 7.018399433998282e-05 0.0001165104423657307
17.33055555555515 0.0001031045781382768 9.096113098471151e-05
17.33333333333293 0.0001270537606479316 5.63191548471701e-05
17.33611111111071 0.0001395910833704118 1.564888505929543e-05
17.33888888888848 0.0001392995276320386 -2.735487728163903e-05
17.34166666666626 0.0001259396094524528 -6.870221220440754e-05
17.34444444444404 0.0001004954778519531 -0.0001044778169267801
17.34722222222181 6.510659139244455e-05 -0.0001312109289600752
17.34999999999959 2.288923909537139e-05 -0.0001462105393621188
17.35277777777737 -2.233734511616094e-05 -0.0001478336291941995
17.35555555555514 -6.639624703105424e-05 -0.0001356598905602506
17.35833333333292 -0.0001051383143020364 -0.0001105547327430671
17.3611111111107 -0.0001348322201709781 -7.46125805687907e-05
17.36388888888847 -0.000152522518600829 -3.09836134068251e-05
17.36666666666625 -0.0001563214245180056 1.640186788550055e-05
17.36944444444402 -0.0001456056899240379 6.318736685119331e-05
17.3722222222218 -0.000121098379732926 0.0001049905394490622
17.37499999999958 -8.482583101215192e-05 0.0001378131728736066
17.37777777777735 -3.995165102831702e-05 0.0001584224658044303
17.38055555555513 9.498800181228323e-06 0.0001646673256520078
17.38333333333291 5.899948017094973e-05 0.0001556988916732073
17.38611111111068 0.000103937889540179 0.0001320729724029975
17.38888888888846 0.0001400445282509162 9.572280072643966e-05
17.39166666666624 0.0001637976070621352 4.980248685555749e-05
17.39444444444401 0.0001727647088789567 -1.586318544056261e-06
17.39722222222179 0.0001658483878031373 -5.376089016505806e-05
17.39999999999957 0.0001434111670233504 -0.0001018842593457956
17.40277777777734 0.0001072663025464558 -0.0001414134769748688
17.40555555555512 6.053303058080178e-05 -0.0001685277591495682
17.40833333333289 7.367674456782114e-06 -0.0001804962052162522
17.41111111111067 -4.740623053078871e-05 -0.0001759498101038925
17.41388888888845 -9.873584644602469e-05 -0.0001550309021707081
17.41666666666622 -0.0001418051776997643 -0.0001194041845078092
17.419444444444 -0.0001724864249303191 -7.212624452455198e-05
17.42222222222178 -0.0001877342681191162 -1.73835589509607e-05
17.42499999999955 -0.0001858855070494471 3.987856592593739e-05
17.42777777777733 -0.0001668347696697575 9.440318713325811e-05
17.43055555555511 -0.0001320681303089882 0.0001411045552210814
17.43333333333288 -8.454945812472207e-05 0.0001755421956558815
17.43611111111066 -2.846795407352154e-05 0.0001943420506429267
17.43888888888844 3.113163231479473e-05 0.0001955248070609867
17.44166666666621 8.880341079590064e-05 0.0001787096243088516
17.44444444444399 0.0001391983799672516 0.0001451726296415826
17.44722222222176 0.0001775604760336775 9.775276714572553e-05
17.44999999999954 0.0002001746212890904 4.061166418656592e-05
17.45277777777732 0.0002047246087528703 -2.113218429168691e-05
17.45555555555509 0.0001905264813498137 -8.186269227758695e-05
17.45833333333287 0.0001586141720497637 -0.0001359776228450689
17.46111111111065 0.0001116675716525578 -0.000178405541566175
17.46388888888842 5.378766499590442e-05 -0.0002050805432464421
17.4666666666662 -9.862407703282816e-06 -0.0002133303365383105
17.46944444444398 -7.351887253446026e-05 -0.000202140751157945
17.47222222222175 -0.0001313400705821724 -0.0001722707208972691
17.47499999999953 -0.0001779429298326798 -0.0001262053121534147
17.47777777777731 -0.0002089038356138915 -6.794918701806207e-05
17.48055555555508 -0.000221177296114631 -2.677653145531612e-06
17.48333333333286 -0.0002133928590836445 6.372420798756309e-05
17.48611111111063 -0.0001860015256660083 0.0001251931766874374
17.48888888888841 -0.0001412564677828107 0.0001760421580599179
17.49166666666619 -8.302796084725592e-05 0.0002114863273575798
17.49444444444396 -1.64677134787015e-05 0.0002280924586876817
17.49722222222174 5.244819851838498e-05 0.000224109295770823
17.49999999999952 0.000117457112100497 0.0001996473308980525
17.50277777777729 0.0001725797485680838 0.0001566898836109826
17.50555555555507 0.0002126704051589097 9.893269488031862e-05
17.50833333333285 0.0002338966951864181 3.14649797819726e-05
17.51111111111062 0.0002341041381313664 -3.968043332259505e-05
17.5138888888884 0.000213031038312256 -0.0001080679677302779
17.51666666666618 0.0001723524957981139 -0.0001674425315815383
17.51944444444395 0.000115547861168415 -0.000212302144965719
17.52222222222173 4.760207195269033e-05 -0.000238407472063988
17.5249999999995 -2.543338317906842e-05 -0.0002431810740985445
17.52777777777728 -9.698104864777086e-05 -0.0002259588746964957
17.53055555555506 -0.0001605311816433241 -0.0001880695229948194
17.53333333333283 -0.0002102348040309538 -0.0001327328685183469
17.53611111111061 -0.0002414420085425012 -6.47852195886853e-05
17.53888888888839 -0.0002511359548104202 9.74505747845044e-06
17.54166666666616 -0.0002382221118241159 8.417418706207667e-05
17.54444444444394 -0.0002036451897719522 0.0001517639297335932
17.54722222222172 -0.0001503217034080703 0.0002063326356804182
17.54999999999949 -8.289282167221562e-05 0.0002428208813693172
17.55277777777727 -7.318564940091709e-06 0.0002577598859785148
17.55555555555505 6.965098875707674e-05 0.0002495993756677568
17.55833333333282 0.0001410803785054523 0.0002188640426171871
17.5611111111106 0.0002004749732346102 0.0001681231183113816
17.56388888888837 0.0002423720474411004 0.0001017744624216716
17.56666666666615 0.000262842855856244 2.566142997832652e-05
17.56944444444393 0.0002598595704093115 -5.344391592849887e-05
17.5722222222217 0.0002334929108639304 -0.0001284453332641345
17.57499999999948 0.0001859214432346018 -0.0001925605127635562
17.57777777777726 0.0001212504771145687 -0.000239935237236721
17.58055555555503 4.515573224597173e-05 -0.000266177880514806
17.58333333333281 -3.561709886669109e-05 -0.0002687654281114725
17.58611111111059 -0.0001138525469442481 -0.0002472835535973882
17.58888888888836 -0.0001825117071390361 -0.0002034780892669578
17.59166666666614 -0.0002353666532227592 -0.0001411121597133566
17.59444444444392 -0.0002675656282531865 -6.564077692917823e-05
17.59722222222169 -0.0002760776774420705 1.626876031018968e-05
17.59999999999947 -0.0002599760189591037 9.732826400248174e-05
17.60277777777724 -0.0002205338024445408 0.0001702791667032267
17.60555555555502 -0.0001611226987018137 0.0002285438877075966
17.6083333333328 -8.692248794420309e-05 0.0002668194642282908
17.61111111111057 -4.466869793503564e-06 0.0002815598046744411
17.61388888888835 7.893443651430345e-05 0.0002713027243096784
17.61666666666613 0.000155845945477254 0.0002368117119655935
17.6194444444439 0.0002193709546000175 0.0001810189182509891
17.62222222222168 0.0002637708342421365 0.0001087736673256442
17.62499999999946 0.0002849833576106812 2.641827427513812e-05
17.62777777777723 0.0002809932444897303 -5.877147660050539e-05
17.63055555555501 0.0002520211986802101 -0.0001392315769100015
17.63333333333279 0.0002005138883427375 -0.0002077833098810102
17.63611111111056 0.0001309351031684323 -0.0002582748836586595
17.63888888888834 4.937612763723009e-05 -0.0002861337185228031
17.64166666666612 -3.69804033656548e-05 -0.0002887797711908075
17.64444444444389 -0.0001204957105751954 -0.0002658625877979779
17.64722222222167 -0.0001937527171278773 -0.0002193004495871869
17.64999999999944 -0.0002502161843801353 -0.0001531176111667631
17.65277777777722 -0.0002848162462797648 -7.309365251692759e-05
17.655555555555 -0.0002944031796060828 1.374424062736481e-05
17.65833333333277 -0.0002780326441162461 9.974119181807858e-05
17.66111111111055 -0.0002370556760861096 0.0001772917980645517
17.66388888888833 -0.0001750050775583731 0.0002395144205649942
17.6666666666661 -9.728796180150794e-05 0.0002808626612898803
17.66944444444388 -1.071147542016418e-05 0.00029761960967946
17.67222222222166 7.711642106743469e-05 0.0002882308191180062
17.67499999999943 0.000158458094833876 0.0002534462729397614
17.67777777777721 0.0002261298633188979 0.0001962585489011355
17.68055555555499 0.0002741375206693971 0.0001216424783839826
17.68333333333276 0.0002982074391859275 3.611921110476049e-05
17.68611111111054 0.0002961661676038301 -5.281682925270192e-05
17.68888888888831 0.0002681348741678968 -0.0001373574615433969
17.69166666666609 0.000216521386600894 -0.0002100684470432763
17.69444444444387 0.0001458105026310362 -0.0002645446062310141
17.69722222222164 6.217109080595606e-05 -0.0002959744955391257
17.69999999999942 -2.708531134104186e-05 -0.0003015648178997673
17.7027777777772 -0.0001141465986781216 -0.0002807871724568764
17.70555555555497 -0.0001913862466471787 -0.0002354254717185769
17.70833333333275 -0.0002520330256865681 -0.0001694199698082512
17.71111111111053 -0.0002907653237920105 -8.852179025407645e-05
17.7138888888883 -0.0003041778451271014 2.114722121114924e-07
17.71666666666608 -0.000291079775049303 8.903454619798878e-05
17.71944444444386 -0.0002525984087710859 0.0001701931466461056
17.72222222222163 -0.0001920794061010884 0.000236602809193673
17.72499999999941 -0.0001147927370654636 0.0002824683011014236
17.72777777777718 -2.747044154622571e-05 0.0003037893627811173
17.73055555555496 6.228296049035621e-05 0.0002987086412843432
17.73333333333274 0.0001466554914465535 0.0002676716368058835
17.73611111111051 0.0002183097704129876 0.0002133850529215771
17.73888888888829 0.0002710223644228668 0.0001405776536179596
17.74166666666607 0.00030022461535949 5.558502335658373e-05
17.74444444444384 0.0003033979180950025 -3.420501755896253e-05
17.74722222222162 0.0002802893129947524 -0.0001209975119820725
17.7499999999994 0.0002329290855942665 -0.0001972693949712216
17.75277777777717 0.0001654494366179481 -0.0002564230999381739
17.75555555555495 8.372066671103552e-05 -0.0002933578256252822
17.75833333333273 -5.162810488536873e-06 -0.0003049089516894129
17.7611111111105 -9.350133826275464e-05 -0.0002901177897355127
17.76388888888828 -0.0001736595209340105 -0.0002503088053688237
17.76666666666605 -0.0002387279312650241 -0.0001889683212650046
17.76944444444383 -0.0002831195259971267 -0.0001114360262760829
17.77222222222161 -0.0003030492184505339 -2.44368564513045e-05
17.77499999999938 -0.0002968554623872746 6.450543108426977e-05
17.77777777777716 -0.0002651366343526022 0.0001477215867906579
17.78055555555494 -0.0002106912267941517 0.0002180601403915373
17.78333333333271 -0.0001382679537902963 0.0002695030863239854
17.78611111111049 -5.414833174014442e-05 0.0002976808876760683
17.78888888888827 3.440129955924537e-05 0.0003002427231908195
17.79166666666604 0.0001197602434625442 0.000277050693164542
17.79444444444382 0.0001946114619477156 0.0002301821257828001
17.7972222222216 0.0002525701416911024 0.0001637408276476286
17.79999999999937 0.0002887287051646015 8.349464220466954e-05
17.80277777777715 0.0003000717197404151 -3.628414332038406e-06
17.80555555555492 0.0002857256928696536 -9.014115865057884e-05
17.8083333333327 0.0002470232238147557 -0.0001686430090074667
17.81111111111048 0.0001873771357667824 -0.00023245462558254
17.81388888888825 0.0001119766256387711 -0.000276186871849005
17.81666666666603 2.733272096435656e-05 -0.0002961955857903616
17.81944444444381 -5.928688469395011e-05 -0.0002908838283608487
17.82222222222158 -0.000140484318113103 -0.0002608266809112149
17.82499999999936 -0.0002093651271590353 -0.0002087091094609272
17.82777777777714 -0.0002601245876291504 -0.0001390835517938809
17.83055555555491 -0.0002885367905175751 -5.796931622144327e-05
17.83333333333269 -0.0002923053222873917 2.767071479028733e-05
17.83611111111047 -0.000271246554223973 0.0001105303429600013
17.83888888888824 -0.0002272911438345939 0.0001835853177436165
17.84166666666602 -0.0001643050451973642 0.0002406899390148757
17.84444444444379 -8.774676706709212e-05 0.0002770942418185206
17.84722222222157 -4.191483751240916e-06 0.0002898382394239578
17.84999999999935 7.923628028086056e-05 0.0002779905953825439
17.85277777777712 0.0001554722315704291 0.0002427126803904102
17.8555555555549 0.000218111831574338 0.0001871440539421283
17.85833333333268 0.000261948781887607 0.0001161206867463757
17.86111111111045 0.0002834071736121781 3.575139801272926e-05
17.86388888888823 0.0002808314985417892 -4.711017725917568e-05
17.86666666666601 0.0002546111730012263 -0.0001254522396114349
17.86944444444378 0.0002071305405870365 -0.0001926997055281753
17.87222222222156 0.0001425502551719726 -0.0002432667309315634
17.87499999999934 6.644021909776414e-05 -0.0002730204054494026
17.87777777777711 -1.470334602202558e-05 -0.000279617169442556
17.88055555555489 -9.401462247199723e-05 -0.000262684712291233
17.88333333333266 -0.0001648408255209725 -0.0002238355079362107
17.88611111111044 -0.0002213011687307217 -0.0001665125663460875
17.88888888888822 -0.00025877514086569 -9.568218868270189e-05
17.89166666666599 -0.0002742795744105819 -1.740130449314876e-05
17.89444444444377 -0.0002667038490677804 6.170272771989431e-05
17.89722222222155 -0.0002368849170726054 0.0001349950034443386
17.89999999999932 -0.000187517582742904 0.0001963906945917948
17.9027777777771 -0.0001229094335486504 0.000240860470245885
17.90555555555488 -4.860281842358311e-05 0.0002648417336641512
17.90833333333265 2.910278673124142e-05 0.0002665221378220419
17.91111111111043 0.0001036866951620791 0.0002459730112451953
17.91388888888821 0.0001689554740058858 0.0002051232401108675
17.91666666666598 0.0002195577358365894 0.0001475776971327955
17.91944444444376 0.0002514224475745786 7.829733059446773e-05
17.92222222222154 0.0002620849193692084 3.169436516880703e-06
17.92499999999931 0.0002508745305928624 -7.14945062146951e-05
17.92777777777709 0.0002189501923831785 -0.0001394904642260205
17.93055555555486 0.0001691825017145661 -0.0001952380621181836
17.93333333333264 0.0001058944061379841 -0.0002342383889945607
17.93611111111042 3.448389077775238e-05 -0.0002534358798264136
17.93888888888819 -3.903824538281758e-05 -0.0002514552924778689
17.94166666666597 -0.0001085558092257144 -0.0002286956479960305
17.94444444444375 -0.0001683568889132098 -0.0001872752106060865
17.94722222222152 -0.0002136032599995129 -0.0001308341104128802
17.9499999999993 -0.000240720963066135 -6.421300152021558e-05
17.95277777777708 -0.0002476806232696415 6.963774758249641e-06
17.95555555555485 -0.0002341457296264734 7.67645043664566e-05
17.95833333333263 -0.0002014784108002024 0.0001394454486828187
17.96111111111041 -0.0001526042621820853 0.0001899237969499844
17.96388888888818 -9.174948131258681e-05 0.0002241892764407406
17.96666666666596 -2.407398368256809e-05 0.0002396211619160681
17.96944444444373 4.476754892240187e-05 0.0002351857924625311
17.97222222222151 0.0001090992449619341 0.0002115000073609012
17.97499999999929 0.00016369251222464 0.0001707572629631764
17.97777777777706 0.0002041907147959175 0.0001165246274274735
17.98055555555484 0.0002274556148196331 5.342941712675839e-05
17.98333333333262 0.0002318081642456693 -1.323692574529906e-05
17.98611111111039 0.0002171454151161299 -7.796371444122872e-05
17.98888888888817 0.0001849258556589237 -0.0001354771815688584
17.99166666666595 0.000138026475770028 -0.0001811701342754798
17.99444444444372 8.048539988477305e-05 -0.0002114701255727278
17.9972222222215 1.715313355015919e-05 -0.000224116825119349
17.99999999999928 -4.671738602705024e-05 -0.0002183272540346619
18.00277777777705 -0.0001059072189839253 -0.0001948371501207246
18.00555555555483 -0.0001556580325699641 -0.0001558171289989953
18.0083333333326 -0.0001920540308957375 -0.000104672629583642
18.01111111111038 -0.0002123286272979952 -4.574602844013181e-05
18.01388888888816 -0.0002150720041631081 1.6052980593356e-05
18.01666666666593 -0.0002003242659671422 7.565722137199391e-05
18.01944444444371 -0.000169548550792738 0.0001282578321913679
18.02222222222149 -0.0001254884076302541 0.0001696919031769835
18.02499999999926 -7.192314826130534e-05 0.0001967707628817971
18.02777777777704 -1.334298136566491e-05 0.0002075231550531071
18.03055555555482 4.542810678678736e-05 0.0002013349862567557
18.03333333333259 9.963001287486218e-05 0.0001789761218130126
18.03611111111037 0.0001449519264209596 0.0001425141128107233
18.03888888888815 0.0001778743204289207 9.512396784221307e-05
18.04166666666592 0.0001959404926228772 4.081138717388529e-05
18.0444444444437 0.0001979368908388534 -1.592640626582473e-05
18.04722222222147 0.0001839692891019035 -7.047349200940232e-05
18.04999999999925 0.0001554306106226823 -0.0001184708108141564
18.05277777777703 0.0001148650888346747 -0.0001561639232307069
18.0555555555548 6.574178840839852e-05 -0.0001806953012024235
18.05833333333258 1.215760760727749e-05 -0.0001903185451246329
18.06111111111036 -4.150480078301263e-05 -0.0001845187111884105
18.06388888888813 -9.093561491674397e-05 -0.0001640308691579851
18.06666666666591 -0.0001322436091388422 -0.0001307574186387916
18.06944444444369 -0.0001622614161898281 -8.759287853613076e-05
18.07222222222146 -0.0001787864565913285 -3.81721695318736e-05
18.07499999999924 -0.0001807394061507813 1.34357405567689e-05
18.07777777777702 -0.0001682291173652482 6.306300592335355e-05
18.08055555555479 -0.0001425206983007177 0.0001067792863307048
18.08333333333257 -0.0001059113356641562 0.0001412022376840226
18.08611111111034 -6.152578702356053e-05 0.0001637576737352169
18.08888888888812 -1.304967933948816e-05 0.0001728695474863022
18.0916666666659 3.557663905581317e-05 0.0001680659837203816
18.09444444444367 8.047827341840265e-05 0.0001499946493910411
18.09722222222145 0.0001181540004439506 0.0001203481842636718
18.09999999999923 0.0001457480846607882 8.170762163786257e-05
18.102777777777 0.00016126471910363 3.731813275092124e-05
18.10555555555478 0.0001637091912239466 -9.183468063646468e-06
18.10833333333256 0.0001531461085263274 -5.406659675945786e-05
18.11111111111033 0.0001306718812276545 -9.380578195700932e-05
18.11388888888811 9.830558462294501e-05 -0.0001253566675571513
18.11666666666589 5.880875426427607e-05 -0.0001463876302233726
18.11944444444366 1.545009872897139e-05 -0.0001554495544972958
18.12222222222144 -2.826486317544998e-05 -0.0001520716556175593
18.12499999999921 -6.887690865903962e-05 -0.0001367774259647414
18.12777777777699 -0.0001032461439282254 -0.0001110212893701235
18.13055555555477 -0.0001287934956965545 -7.705284958080728e-05
18.13333333333254 -0.0001436922206517294 -3.77212164683353e-05
18.13611111111032 -0.0001469954145038096 3.763643056294181e-06
18.1388888888881 -0.0001386909304511432 4.409258024089731e-05
18.14166666666587 -0.0001196810923471101 8.012067741297291e-05
18.14444444444365 -9.169062020311814e-05 0.0001091114977542346
18.14722222222143 -5.711179307708845e-05 0.0001289433095276031
18.1499999999992 -1.880062182046775e-05 0.0001382619063716897
18.15277777777698 2.015866325495552e-05 0.0001365692598022695
18.15555555555476 5.670143546620981e-05 0.0001242425885382718
18.15833333333253 8.802295069591292e-05 0.0001024840675749124
18.16111111111031 0.0001117923309335452 7.320687301065501e-05
18.16388888888808 0.0001263240589866966 3.886813711591552e-05
18.16666666666586 0.0001306945609066731 2.263301691791312e-06
18.16944444444364 0.0001247961034566811 -3.370097707819471e-05
18.17222222222141 0.0001093253736121143 -6.623697893215057e-05
18.17499999999919 8.570931600983913e-05 -9.289097529040524e-05
18.17777777777697 5.597566921728346e-05 -0.0001117267079213581
18.18055555555474 2.257978837104796e-05 -0.0001214637274683832
18.18333333333252 -1.17975366912725e-05 -0.0001215609354255595
18.1861111111103 -4.446467933748601e-05 -0.0001122402313997878
18.18888888888807 -7.292907729087798e-05 -9.445000008115805e-05
18.19166666666585 -9.508615769132272e-05 -6.977289134883207e-05
18.19444444444363 -0.0001093730936387046 -4.028658468961161e-05
18.1972222222214 -0.0001148763402655275 -8.389666592320991e-06
18.19999999999918 -0.0001113858155213898 2.339285984436395e-05
18.20277777777696 -9.939295496206033e-05 5.26087272862051e-05
18.20555555555473 -8.00343259053114e-05 7.706658798227516e-05
18.20833333333251 -5.498668277178532e-05 9.499889271417438e-05
18.21111111111028 -2.632296161550261e-05 0.0001051875045450952
18.21388888888806 3.65851773337844e-06 0.0001070433270101635
18.21666666666584 3.261764005542168e-05 0.0001006350515339394
18.21944444444361 5.835427961418978e-05 8.666622311904597e-05
18.22222222222139 7.897424838479359e-05 6.640385931948469e-05
18.22499999999917 9.302700997856806e-05 4.156552243634356e-05
18.22777777777694 9.960531160904895e-05 1.417476465831333e-05
18.23055555555472 9.840012469822186e-05 -1.360297475907574e-05
18.2333333333325 8.97079383290835e-05 -3.963078369162426e-05
18.23611111111027 7.439122210576396e-05 -6.196366957451556e-05
18.23888888888805 5.379646958412115e-05 -7.899253589805051e-05
18.24166666666583 2.963737702678802e-05 -8.95582180866733e-05
18.2444444444436 3.853175301121571e-06 -9.30276800639098e-05
18.24722222222138 -2.154625406855601e-05 -8.932762818105609e-05
18.24999999999915 -4.463618233971196e-05 -7.893422308853111e-05
18.25277777777693 -6.372176401187585e-05 -6.282098932699976e-05
18.25555555555471 -7.746092056652249e-05 -4.237017292074024e-05
18.25833333333248 -8.495661395640474e-05 -1.925544449138082e-05
18.26111111111026 -8.581236749267579e-05 4.694198609795316e-06
18.26388888888804 -8.014790217047283e-05 2.763834131570478e-05
18.26666666666581 -6.857491163152057e-05 4.786562536638161e-05
18.26944444444359 -5.213605139310501e-05 6.392015938224564e-05
18.27222222222137 -3.221293637615607e-05 7.470464579760647e-05
18.27499999999914 -1.0411127311085e-05 7.95530782149462e-05
18.27777777777692 1.156840894333604e-05 7.826841504867002e-05
18.2805555555547 3.206115049950583e-05 7.11234560047858e-05
18.28333333333247 4.956404351908692e-05 5.882601186726771e-05
18.28611111111025 6.284440519062812e-05 4.245214450206353e-05
18.28888888888802 7.102494318611207e-05 2.335356337883835e-05
18.2916666666658 7.363919822192534e-05 3.047033467171732e-06
18.29444444444358 7.065415128586311e-05 -1.690523963671249e-05
18.29722222222135 6.245933861589221e-05 -3.501489040213042e-05
18.29999999999913 4.982438153655194e-05 -4.997731689233624e-05
18.30277777777691 3.382917069339488e-05 -6.076423276691405e-05
18.30555555555468 1.577287549784946e-05 -6.669241656198157e-05
18.30833333333246 -2.930653276136971e-06 -6.746424436735602e-05
18.31111111111024 -2.086274439685566e-05 -6.317787502365939e-05
18.31388888888801 -3.670657065777123e-05 -5.430732294937153e-05
18.31666666666579 -4.934268495811918e-05 -4.165492022371842e-05
18.31944444444357 -5.792660565406596e-05 -2.62806682523887e-05
18.32222222222134 -6.194321553231704e-05 -9.414568305357394e-06
18.32499999999912 -6.123466535161182e-05 7.640906243798769e-06
18.32777777777689 -5.600058153959916e-05 2.361053779924497e-05
18.33055555555467 -4.677150242246599e-05 3.734073386854738e-05
18.33333333333245 -3.435844728046949e-05 4.788164455549098e-05
18.33611111111022 -1.978321343125256e-05 5.455129552563088e-05
18.338888888888 -4.195281482133838e-06 5.697755403847771e-05
18.34166666666578 1.121799409348289e-05 5.51155546177368e-05
18.34444444444355 2.532096491097945e-05 4.9240132983141e-05
18.34722222222133 3.7112358615064e-05 3.991470329349577e-05
18.34999999999911 4.579511302992384e-05 2.793972413617703e-05
18.35277777777688 5.082861979882186e-05 1.428531117592361e-05
18.35555555555466 5.196010678360945e-05 1.357409638005944e-08
18.35833333333244 4.923356249599729e-05 -1.380317929578929e-05
18.36111111111021 4.297633735812158e-05 -2.616214344525633e-05
18.36388888888799 3.376521391645677e-05 -3.620177409937505e-05
18.36666666666576 2.237520017668976e-05 -4.326056453028739e-05
18.36944444444354 9.715465202246907e-06 -4.691894734645734e-05
18.37222222222132 -3.242371579356654e-06 -4.702182686246462e-05
18.37499999999909 -1.553801110086842e-05 -4.368077659062675e-05
18.37777777777687 -2.629277368110679e-05 -3.725647997691347e-05
18.38055555555465 -3.477135788121364e-05 -2.832343458784279e-05
18.38333333333242 -4.043081240301119e-05 -1.762017723525034e-05
18.3861111111102 -4.295357934952751e-05 -5.989236021802146e-06
18.38888888888798 -4.226276257626212e-05 5.688384149908248e-06
18.39166666666575 -3.85191570088166e-05 1.655915435389711e-05
18.39444444444353 -3.210093782451861e-05 2.585854312596072e-05
18.39722222222131 -2.356815210034167e-05 3.296374936066199e-05
18.39999999999908 -1.361519261501186e-05 3.743410328654612e-05
18.40277777777686 -3.015195503965624e-06 3.903663564647125e-05
18.40555555555463 7.439254900410269e-06 3.775550192037019e-05
18.40833333333241 1.699462921173215e-05 3.37851850588539e-05
18.41111111111019 2.49899117131741e-05 2.750859354127404e-05
18.41388888888796 3.090129800949942e-05 1.946223545568679e-05
18.41666666666574 3.437520228998532e-05 1.029151064590512e-05
18.41944444444352 3.524761565753966e-05 6.997666660520735e-07
18.42222222222129 3.354893235668399e-05 -8.604923516342902e-06
18.42499999999907 2.949445747001452e-05 -1.696129440726259e-05
18.42777777777685 2.346184640661493e-05 -2.380104482506176e-05
18.43055555555462 1.595762976267752e-05 -2.868647122961618e-05
18.4333333333324 7.575686270699214e-06 -3.133717722272721e-05
18.43611111111018 -1.049002247773262e-06 -3.164435069552211e-05
18.43888888888795 -9.287771272027103e-06 -2.967206531336718e-05
18.44166666666573 -1.656338464098235e-05 -2.564602808464917e-05
18.4444444444435 -2.238966086474481e-05 -1.993108923269783e-05
18.44722222222128 -2.640296666569219e-05 -1.299959223443086e-05
18.44999999999906 -2.838362759814323e-05 -5.393220837257967e-06
18.45277777777683 -2.826611591303792e-05 2.318638267247741e-06
18.45555555555461 -2.61377348715835e-05 9.580870712667836e-06
18.45833333333239 -2.222636196962289e-05 1.589190696492232e-05
18.46111111111016 -1.687858046881221e-05 2.083757278277645e-05
18.46388888888794 -1.053016690037349e-05 2.411730289215724e-05
18.46666666666572 -3.671371115268707e-06 2.556114632799497e-05
18.46944444444349 3.190301608694299e-06 2.513672115667264e-05
18.47222222222127 9.567031145210268e-06 2.29460351174451e-05
18.47499999999905 1.502470767973737e-05 1.921282097635086e-05
18.47777777777682 1.921172460787035e-05 1.426168935498464e-05
18.4805555555546 2.188069642882375e-05 8.490933736435768e-06
18.48333333333238 2.290184491399845e-05 2.34119929681245e-06
18.48611111111015 2.22674476200415e-05 -3.737571127997632e-06
18.48888888888793 2.008740866672684e-05 -9.318480984145168e-06
18.4916666666657 1.657664407186737e-05 -1.402703656878988e-05
18.49444444444348 1.203552890162557e-05 -1.756555092363617e-05
18.49722222222126 6.825094698496779e-06 -1.973106863771175e-05
18.49999999999903 1.338966573307837e-06 -2.042581376203774e-05
18.50277777777681 -4.025825234054025e-06 -1.965973946995533e-05
