16.5 4.377659598131498e-08 2.120998787590892e-07
16.50277777777778 1.471567089089542e-07 1.684633692252104e-07
16.50555555555555 2.179273541621459e-07 7.665799759173026e-08
16.50833333333333 2.348684986672236e-07 -4.18724886534542e-08
16.51111111111111 1.898126964328663e-07 -1.570430676118885e-07
16.51388888888888 9.073157015950669e-08 -2.376449251502699e-07
16.51666666666666 -3.931884250974604e-08 -2.596789112038022e-07
16.51944444444444 -1.673931511936163e-07 -2.133116980179843e-07
16.52222222222221 -2.588727138175903e-07 -1.064823750025134e-07
16.52499999999999 -2.866900496584939e-07 3.604312560483294e-08
16.52777777777776 -2.391382559411277e-07 1.782242567246189e-07
16.53055555555554 -1.240589790002653e-07 2.817172658780883e-07
16.53333333333332 3.196852167818559e-08 3.160724171181454e-07
16.53611111111109 1.895559001392916e-07 2.674826510421508e-07
16.53888888888887 3.062934991779466e-07 1.436197099062451e-07
16.54166666666665 3.480089377788507e-07 -2.701396261741153e-08
16.54444444444442 2.985482940871685e-07 -2.014102913679313e-07
16.5472222222222 1.653330494500553e-07 -3.327255047729898e-07
16.54999999999998 -2.109420337781425e-08 -3.826958671527966e-07
16.55277777777775 -2.138128778402849e-07 -3.325524862766989e-07
16.55555555555553 -3.611474236683264e-07 -1.893780163611978e-07
16.55833333333331 -4.203437635252981e-07 1.41199456114665e-08
16.56111111111108 -3.697272079760774e-07 2.267929630882799e-07
16.56388888888886 -2.159445346639252e-07 3.917044044673497e-07
16.56666666666663 5.998016863024861e-09 4.611785228035356e-07
16.56944444444441 2.403844075866294e-07 4.103199339217632e-07
16.57222222222219 4.245536472692527e-07 2.452337819278954e-07
16.57499999999996 5.05442478624656e-07 3.368387194011343e-09
16.57777777777774 4.545944725762559e-07 -2.546264193864413e-07
16.58055555555552 2.774585114536566e-07 -4.598655391942039e-07
16.58333333333329 1.407938934027461e-08 -5.533955692498281e-07
16.58611111111107 -2.695644424655207e-07 -5.028318266692612e-07
16.58888888888885 -4.978248869260399e-07 -3.128433415752707e-07
16.59166666666662 -6.053165723557465e-07 -2.62380373973698e-08
16.5944444444444 -5.553310712194183e-07 2.852511511253832e-07
16.59722222222218 -3.516250044464404e-07 5.386322515905263e-07
16.59999999999995 -3.994982130018411e-08 6.615044083375212e-07
16.60277777777773 3.017475590859176e-07 6.124102445363068e-07
16.6055555555555 5.825053911782839e-07 3.940525457565447e-07
16.60833333333328 7.222795121501287e-07 5.532209041643801e-08
16.61111111111106 6.744072467930999e-07 -3.191242522690755e-07
16.61388888888883 4.403874658948854e-07 -6.296808155020695e-07
16.61666666666661 7.246336014236967e-08 -7.879852730311239e-07
16.61944444444439 -3.374627545157475e-07 -7.41680739781657e-07
16.62222222222216 -6.80415458409566e-07 -4.909037920437365e-07
16.62499999999994 -8.589895406548852e-07 -9.148249608621222e-08
16.62777777777772 -8.146110403691149e-07 3.568570357226971e-07
16.63055555555549 -5.458880696399893e-07 7.349884715702815e-07
16.63333333333327 -1.124877634051645e-07 9.356861953660955e-07
16.63611111111105 3.774151720075726e-07 8.936009990091467e-07
16.63888888888882 7.937031436740063e-07 6.056392605134799e-07
16.6416666666666 1.018496779112733e-06 1.355857281609546e-07
16.64444444444437 9.790768533683741e-07 -3.99261167623088e-07
16.64722222222215 6.704685338641258e-07 -8.568889482540616e-07
16.64999999999993 1.608799968833023e-07 -1.107872182541137e-06
16.6527777777777 -4.225369482854922e-07 -1.071489045767075e-06
16.65555555555548 -9.249037226032493e-07 -7.406989350398189e-07
16.65833333333326 -1.204294382427217e-06 -1.884697798628906e-07
16.66111111111103 -1.171312991645802e-06 4.474045354933612e-07
16.66388888888881 -8.166649158570772e-07 9.981359793533326e-07
16.66666666666659 -2.184482631298351e-07 1.308278222178375e-06
16.66944444444436 4.740484111305979e-07 1.27904978471135e-06
16.67222222222214 1.077007351233965e-06 8.987117089660195e-07
16.67499999999992 1.420373226561747e-06 2.509007735280809e-07
16.67777777777769 1.395226822745967e-06 -5.026780812793079e-07
16.68055555555547 9.871945275174944e-07 -1.161975168299177e-06
16.68333333333324 2.859027209016132e-07 -1.541165440069727e-06
16.68611111111102 -5.335308476163643e-07 -1.520398336316768e-06
16.6888888888888 -1.253535165497301e-06 -1.082477570155592e-06
16.69166666666657 -1.671279276455723e-06 -3.235173010177332e-07
16.69444444444435 -1.655145800797808e-06 5.668747940355614e-07
16.69722222222213 -1.184932810146363e-06 1.352224316855147e-06
16.6999999999999 -3.637929427418508e-07 1.811379364903963e-06
16.70277777777768 6.030119952208352e-07 1.800078210219955e-06
16.70555555555546 1.4586237907226e-06 1.294938546299602e-06
16.70833333333323 1.962172376110428e-06 4.067604828446365e-07
16.71111111111101 1.955832189516106e-06 -6.422819527464947e-07
16.71388888888879 1.412877692226017e-06 -1.573362018506854e-06
16.71666666666656 4.524300520222617e-07 -2.124408809174682e-06
16.71944444444434 -6.850652629472836e-07 -2.123071919726577e-06
16.72222222222211 -1.697117867024025e-06 -1.539135779507954e-06
16.72499999999989 -2.298884717700627e-06 -5.007876560045369e-07
16.72777777777767 -2.302488848740654e-06 7.317875190828551e-07
16.73055555555544 -1.67409864940946e-06 1.830623902163868e-06
16.73333333333322 -5.517914361917586e-07 2.486443350851587e-06
16.736111111111 7.829234485538863e-07 2.49480115809871e-06
16.73888888888877 1.974669728748137e-06 1.818149807091861e-06
16.74166666666655 2.687976682321139e-06 6.053675950862925e-07
16.74444444444433 2.700752954439173e-06 -8.390012835473095e-07
16.7472222222221 1.971667411664583e-06 -2.130105388558659e-06
16.74999999999988 6.614059728879013e-07 -2.904426797284183e-06
16.75277777777766 -9.006073611981707e-07 -2.921113152179635e-06
16.75555555555543 -2.297844795219114e-06 -2.135020875124116e-06
16.75833333333321 -3.136787104409145e-06 -7.197552630007932e-07
16.76111111111098 -3.156674012229423e-06 9.68390946292826e-07
16.76388888888876 -2.30856704305506e-06 2.478869181234244e-06
16.76666666666654 -7.802178560855453e-07 3.386103336910319e-06
16.76944444444431 1.043069266539801e-06 3.408249299753123e-06
16.77222222222209 2.674230528699219e-06 2.49264593025371e-06
16.77499999999987 3.653474303564386e-06 8.425443042085087e-07
16.77777777777764 3.676672022455387e-06 -1.125432746822227e-06
16.78055555555542 2.687575984849568e-06 -2.885054951382727e-06
16.7833333333332 9.064273994307919e-07 -3.940052347414367e-06
16.78611111111097 -1.216350424969973e-06 -3.962791709485558e-06
16.78888888888875 -3.112545991682699e-06 -2.893648855472933e-06
16.79166666666653 -4.24704346682217e-06 -9.714958639779011e-07
16.7944444444443 -4.267471189941767e-06 1.31677552733826e-06
16.79722222222208 -3.11112363723924e-06 3.357987791732107e-06
16.79999999999986 -1.037307652593658e-06 4.575707050473773e-06
16.80277777777763 1.427751177913729e-06 4.591582829122351e-06
16.80555555555541 3.622748093409799e-06 3.340220574141705e-06
16.80833333333318 4.927355174974571e-06 1.103342871689859e-06
16.81111111111096 4.93600418022819e-06 -1.550416209606945e-06
16.81388888888874 3.581114197656003e-06 -3.908281017476775e-06
16.81666666666651 1.168996324085148e-06 -5.303351410958884e-06
16.81944444444429 -1.686011041166118e-06 -5.301613009137099e-06
16.82222222222207 -4.216129567431339e-06 -3.83392588412371e-06
16.82499999999984 -5.70510908099602e-06 -1.233569693349836e-06
16.82777777777762 -5.689281650285088e-06 1.835883577474736e-06
16.8305555555554 -4.098715816954845e-06 4.547927798883968e-06
16.83333333333317 -1.296263386909264e-06 6.134088910386194e-06
16.83611111111095 2.001495084972929e-06 6.099870652643346e-06
16.83888888888873 4.905402590730456e-06 4.375474343535634e-06
16.8416666666665 6.591796009951851e-06 1.356168063257125e-06
16.84444444444428 6.534221676257105e-06 -2.184425987885089e-06
16.84722222222205 4.66411272157628e-06 -5.290374949610916e-06
16.84999999999983 1.412255874981236e-06 -7.079776128466543e-06
16.85277777777761 -2.386381524263377e-06 -6.993149602043917e-06
16.85555555555538 -5.704760774979982e-06 -4.964453254686661e-06
16.85833333333316 -7.599611111321329e-06 -1.463371466461824e-06
16.86111111111094 -7.477433820349438e-06 2.609197194510889e-06
16.86388888888871 -5.276218823378091e-06 6.150571007539703e-06
16.86666666666649 -1.508222772412852e-06 8.152913501653201e-06
16.86944444444427 2.85484392790455e-06 7.987808667518555e-06
16.87222222222204 6.629911080195404e-06 5.599021824146081e-06
16.87499999999982 8.741320220324908e-06 1.54537167169346e-06
16.8777777777776 8.524952984077587e-06 -3.125432886312093e-06
16.88055555555537 5.932352537034092e-06 -7.144979586970023e-06
16.88333333333315 1.573224558972622e-06 -9.366485262188583e-06
16.88611111111092 -3.423219816990378e-06 -9.089478773629658e-06
16.8888888888887 -7.698066082411124e-06 -6.275566950228717e-06
16.89166666666648 -1.003007134782488e-05 -1.590022905839287e-06
16.89444444444425 -9.681918947715858e-06 3.750608860128409e-06
16.89722222222203 -6.627874079438463e-06 8.291547921435129e-06
16.89999999999981 -1.593833891972284e-06 1.073374047269768e-05
16.90277777777758 4.110155709976343e-06 1.030271414925319e-05
16.90555555555536 8.927886048078581e-06 6.988322829280458e-06
16.90833333333314 1.147914329938178e-05 1.582541196388119e-06
16.91111111111091 1.095219865530675e-05 -4.504570022588918e-06
16.91388888888869 7.35578845464476e-06 -9.609619640443088e-06
16.91666666666647 1.553836048389696e-06 -1.226790734331011e-05
16.91944444444424 -4.936716957061656e-06 -1.16305853693756e-05
16.92222222222202 -1.033935951922982e-05 -7.728958691010234e-06
16.92499999999979 -1.310162390844815e-05 -1.505208647453286e-06
16.92777777777757 -1.233794992350139e-05 5.409617732531927e-06
16.93055555555535 -8.106319634159887e-06 1.111978022850269e-05
16.93333333333312 -1.433940070720225e-06 1.398183373650607e-05
16.9361111111109 5.926449078232063e-06 1.30742139220407e-05
16.93888888888868 1.195361069914432e-05 8.486141462429395e-06
16.94166666666645 1.491001134171594e-05 1.337094796447855e-06
16.94444444444423 1.383912737119275e-05 -6.490541450615666e-06
16.94722222222201 8.86646410679805e-06 -1.284362340936145e-05
16.94999999999978 1.211513980573664e-06 -1.588754801305258e-05
16.95277777777756 -7.105375888809695e-06 -1.463225035178056e-05
16.95555555555534 -1.379262196116878e-05 -9.245082987482651e-06
16.95833333333311 -1.69157334769249e-05 -1.053809632292657e-06
16.96111111111089 -1.545293400705508e-05 7.774579378222098e-06
16.96388888888866 -9.619534948513928e-06 1.480342699842548e-05
16.96666666666644 -8.603598428580915e-07 1.799573622590576e-05
16.96944444444422 8.501918591782199e-06 1.630030093252768e-05
16.97222222222199 1.587886039951187e-05 9.98708453560563e-06
16.97499999999977 1.91285825331338e-05 6.273052282294768e-07
16.97777777777755 1.717322507073298e-05 -9.291291879688831e-06
16.98055555555532 1.034471077483534e-05 -1.702172768804184e-05
16.9833333333331 3.505467533572217e-07 -2.031513418727299e-05
16.98611111111088 -1.014671938167014e-05 -1.807031123030197e-05
16.98888888888865 -1.823479861561292e-05 -1.06890946235571e-05
16.99166666666643 -2.155606499972327e-05 -2.574511019323541e-08
16.99444444444421 -1.898987436645112e-05 1.107233113920771e-05
16.99722222222198 -1.101660727653079e-05 1.952078588436304e-05
16.99999999999976 3.51678174241845e-07 2.285183615375448e-05
17.00277777777753 1.207235309371288e-05 1.99299187765504e-05
17.00555555555531 2.088232199172704e-05 1.132329952251498e-05
17.00833333333309 2.420267048452814e-05 -7.86537722184155e-07
17.01111111111086 2.08881173833296e-05 -1.31510908628236e-05
17.01388888888864 1.160489235674768e-05 -2.232193419704909e-05
17.01666666666642 -1.283879202665684e-06 -2.560852579927834e-05
17.01944444444419 -1.431291119943549e-05 -2.186179129516217e-05
17.02222222222197 -2.384201762788453e-05 -1.185676906525762e-05
17.02499999999975 -2.706906736832387e-05 1.848971966487346e-06
17.02777777777752 -2.284788985077897e-05 1.556222105019682e-05
17.0305555555553 -1.207396900412421e-05 2.544480656501625e-05
17.03333333333308 2.487299244686859e-06 2.85836397397179e-05
17.03611111111085 1.69034441453758e-05 2.384297137288022e-05
17.03888888888863 2.713234396685077e-05 1.225118330450183e-05
17.0416666666664 3.015123805311807e-05 -3.204545745366422e-06
17.04444444444418 2.484318487122978e-05 -1.834099506998812e-05
17.04722222222196 1.238275273798482e-05 -2.890644931834873e-05
17.04999999999973 -4.0065824895194e-06 -3.177047905169965e-05
17.05277777777751 -1.987925078557384e-05 -2.584425295145265e-05
17.05555555555529 -3.076868491483814e-05 -1.246266797987744e-05
17.05833333333306 -3.343957201425014e-05 4.899448740469773e-06
17.06111111111084 -2.684145619930007e-05 2.152251959512809e-05
17.06388888888862 -1.248457250817356e-05 3.272032071786057e-05
17.06666666666639 5.889330895176869e-06 3.515628985274194e-05
17.06944444444417 2.327500756743744e-05 2.782961932323342e-05
17.07222222222195 3.47622979484946e-05 1.244176837285898e-05
17.07499999999972 3.691794064366462e-05 -6.982538221264477e-06
17.0777777777775 2.880309934756972e-05 -2.514078246560872e-05
17.08055555555528 1.232722506543737e-05 -3.68951916121856e-05
17.08333333333305 -8.185475346875904e-06 -3.872133988312833e-05
17.08611111111083 -2.712373525184933e-05 -2.975577615805035e-05
17.0888888888886 -3.911917217910814e-05 -1.213359170902326e-05
17.09166666666638 -4.056278377692548e-05 9.5046114309537e-06
17.09444444444416 -3.068104570531821e-05 2.922753927437073e-05
17.09722222222193 -1.185321277825979e-05 4.143396667366119e-05
17.09999999999971 1.094644596948806e-05 4.243802389600242e-05
17.10277777777749 3.14556072727396e-05 3.157181617648379e-05
17.10555555555526 4.383881945691234e-05 1.147814754220896e-05
17.10833333333304 4.434224354521365e-05 -1.251747122283724e-05
17.11111111111082 3.242050744242962e-05 -3.381104637507651e-05
17.11388888888859 1.100019340435003e-05 -4.63324530153167e-05
17.11666666666637 -1.422413127986628e-05 -4.627003620881403e-05
17.11944444444415 -3.629661129490385e-05 -3.32190540856397e-05
17.12222222222192 -4.891302909786565e-05 -1.041091329073081e-05
17.1249999999997 -4.821538644814285e-05 1.607277781243406e-05
17.12777777777747 -3.39589123043893e-05 3.89146559734919e-05
17.13055555555525 -9.701667211355271e-06 5.15781105711829e-05
17.13333333333303 1.806962260897279e-05 5.017165363692391e-05
17.1361111111108 4.16670839501796e-05 3.463107097794834e-05
17.13888888888858 5.432462438832874e-05 8.863648088096889e-06
17.14166666666636 5.213155892515171e-05 -2.022068701784185e-05
17.14444444444413 3.522606715962533e-05 -4.45552977822863e-05
17.14722222222191 7.887921908653185e-06 -5.714882609056911e-05
17.14999999999969 -2.253174847317003e-05 -5.408717582452409e-05
17.15277777777746 -4.75801478721462e-05 -3.57340062451609e-05
17.15555555555524 -6.004626628234135e-05 -6.765472228526685e-06
17.15833333333302 -5.602992480641527e-05 2.500828431904363e-05
17.16111111111079 -3.614458703732116e-05 5.074188109660053e-05
17.16388888888857 -5.48724900009534e-06 6.301175953781673e-05
17.16666666666634 2.765541319381377e-05 5.795057229640145e-05
17.16944444444412 5.404008966954603e-05 3.644713189729985e-05
17.1722222222219 6.603935621140369e-05 4.044221664336142e-06
17.17499999999967 5.983923443698847e-05 -3.047783428378447e-05
17.17777777777745 3.663062213988862e-05 -5.74736607006112e-05
17.18055555555523 2.427436391346783e-06 -6.912231763485447e-05
17.183333333333 -3.347976479966886e-05 -6.168538597417011e-05
17.18611111111078 -6.104072694589931e-05 -3.668373878734093e-05
17.18888888888856 -7.225309518886288e-05 -6.280773069589195e-07
17.19166666666633 -6.347787460003878e-05 3.666487607811716e-05
17.19444444444411 -3.659490875623444e-05 6.473861927206837e-05
17.19722222222189 1.36246851315335e-06 7.542331373766582e-05
17.19999999999966 4.003622875461765e-05 6.520494105636006e-05
17.20277777777744 6.85638213827436e-05 3.635235649811958e-05
17.20555555555521 7.862375990970143e-05 -3.552542550204605e-06
17.20833333333299 6.685424526968401e-05 -4.35962074996577e-05
17.21111111111077 3.594416106855836e-05 -7.251192737194966e-05
17.21388888888854 -5.950143181245017e-06 -8.184437569672431e-05
17.21666666666632 -4.734645585013236e-05 -6.841289875032017e-05
17.2194444444441 -7.65776026890645e-05 -3.535831853540293e-05
17.22222222222187 -8.507425782630335e-05 8.56285122971313e-06
17.22499999999965 -6.986750344001362e-05 5.128781171149266e-05
17.22777777777743 -3.458280958508693e-05 8.075454910486112e-05
17.2305555555552 1.139775317201421e-05 8.830166333910408e-05
17.23333333333298 5.54202441342887e-05 7.120419714735873e-05
17.23611111111076 8.503547427608916e-05 3.360567211591461e-05
17.23888888888853 9.151402177212565e-05 -1.446136249271975e-05
17.24166666666631 7.240870564685562e-05 -5.974279201186765e-05
17.24444444444408 3.241507854862086e-05 -8.941206649996706e-05
17.24722222222186 -1.775953974103365e-05 -9.469795431185699e-05
17.24999999999964 -6.425350535873619e-05 -7.346640146591687e-05
17.25277777777741 -9.387497524279409e-05 -3.099941751320764e-05
17.25555555555519 -9.783930023781979e-05 2.129741188834694e-05
17.25833333333297 -7.436236930974976e-05 6.894938986348594e-05
17.26111111111074 -2.934737950796482e-05 9.841379800803114e-05
17.26388888888852 2.507929163993998e-05 0.0001009231509259503
17.2666666666663 7.382635541482877e-05 7.508147801172186e-05
17.26944444444407 0.0001030170740861758 2.744804605601136e-05
17.27222222222185 0.000103933891625043 -2.910859739300292e-05
17.27499999999963 7.560845881950538e-05 -7.887916931322439e-05
17.2777777777774 2.52909818199637e-05 -0.0001076722856956751
17.28055555555518 -3.338777457902378e-05 -0.0001068552511552288
17.28333333333295 -8.410141487626335e-05 -7.592798975562119e-05
17.28611111111073 -0.0001123658669843253 -2.286632906940665e-05
17.28888888888851 -0.0001096703596091143 3.791821915780022e-05
17.29166666666628 -7.602478570799553e-05 8.94854561441627e-05
17.29444444444406 -2.016490383450635e-05 0.0001170832213121975
17.29722222222184 4.27002040602237e-05 0.0001123618140613794
17.29999999999961 9.502240936825463e-05 7.588369383433641e-05
17.30277777777739 0.0001218087471815311 1.717829301928971e-05
17.30555555555517 0.0001149117522132204 -4.773280939742959e-05
17.30833333333294 7.548979377968751e-05 -0.000100702121946422
17.31111111111072 1.38989516952352e-05 -0.0001265258731151646
17.3138888888885 -5.30138572671633e-05 -0.0001173019338142076
17.31666666666627 -0.0001065131594331027 -7.482850213040833e-05
17.31944444444405 -0.0001312171017147485 -1.032029974452312e-05
17.32222222222182 -0.0001195138296186972 5.85398519885806e-05
17.3249999999996 -7.388568045186066e-05 0.000112442801208249
17.32777777777738 -6.436816984076688e-06 0.0001358640630515903
17.33055555555515 6.430592659654721e-05 0.0001215287175430127
17.33333333333293 0.0001184770453371155 7.264774618436881e-05
17.33611111111071 0.0001404475774599274 2.244135860861652e-06
17.33888888888848 0.0001233277856008186 -7.03057964068479e-05
17.34166666666626 7.110178559875298e-05 -0.0001246006230942877
17.34444444444404 -2.260869211027259e-06 -0.0001449477277120577
17.34722222222181 -7.653172044254289e-05 -0.0001248922411017317
17.34999999999959 -0.0001307970235519424 -6.92356679528653e-05
17.35277777777737 -0.0001493439404612709 7.079996826758413e-06
17.35555555555514 -0.000126203425509261 8.29744714737994e-05
17.35833333333292 -6.703815993003143e-05 0.0001370485285559839
17.3611111111107 1.22136388341631e-05 0.0001536150767398761
17.36388888888847 8.962331537979049e-05 0.0001272429342652017
17.36666666666625 0.0001433362583277109 6.449903938884435e-05
17.36944444444402 0.0001577395311991567 -1.766070680671189e-05
17.3722222222218 0.0001279927408020012 -9.646600048585388e-05
17.37499999999958 6.160920741195515e-05 -0.000149640227834842
17.37777777777735 -2.34185656853271e-05 -0.0001616953396752248
17.38055555555513 -0.0001034887574574952 -0.000128435323887827
17.38333333333291 -0.0001559394139765468 -5.836079760728583e-05
17.38611111111068 -0.0001654602945618827 2.948297551001946e-05
17.38888888888846 -0.0001285537973669446 0.0001106763102677076
17.39166666666624 -5.474728159245461e-05 0.0001622118335218368
17.39444444444401 3.584804212229818e-05 0.0001690120673696166
17.39722222222179 0.000118011898656768 0.0001283320412978145
17.39999999999957 0.0001684346316322771 5.076356957838711e-05
17.40277777777734 0.0001723283377489044 -4.250617767818121e-05
17.40555555555512 0.0001277548334252985 -0.0001254773124184025
17.40833333333289 4.640610497009962e-05 -0.0001745841806862026
17.41111111111067 -4.944807174304133e-05 -0.0001753869281606504
17.41388888888845 -0.0001330529377410856 -0.0001268079798740735
17.41666666666622 -0.0001806361890080525 -4.167295191228693e-05
17.419444444444 -0.0001781659432838509 5.666267367706649e-05
17.42222222222178 -0.0001254784439148833 0.0001407178157189814
17.42499999999955 -3.656387472885519e-05 0.00018656581899199
17.42777777777733 6.413718693587494e-05 0.0001806439131651843
17.43055555555511 0.0001484497130459892 0.0001237544716121989
17.43333333333288 0.0001923478139937932 3.108040824508314e-05
17.43611111111066 0.0001827999390378841 -7.18570758170402e-05
17.43888888888844 0.0001216257131654721 -0.0001562252047648201
17.44166666666621 2.522591802829439e-05 -0.0001979566332539179
17.44444444444399 -7.980608508657208e-05 -0.0001846138406667124
17.44722222222176 -0.0001640197688456197 -0.000119083338724534
17.44999999999954 -0.0002033665940061947 -1.900564964826903e-05
17.45277777777732 -0.0001860663040195572 8.796627280074664e-05
17.45555555555509 -0.0001161201474976784 0.0001718078922156756
17.45833333333287 -1.24267661203321e-05 0.0002085520198257941
17.46111111111065 9.631805653344484e-05 0.0001871390280137188
17.46388888888842 0.0001795631877604066 0.0001127306689649646
17.4666666666662 0.0002134873941705872 5.498372805377776e-06
17.46944444444398 0.0001878148690556115 -0.000104840273077954
17.47222222222175 0.0001089112550697155 -0.0001872585216702679
17.47499999999953 -1.768470891577236e-06 -0.0002181475179869909
17.47777777777731 -0.0001135102515818303 -0.0001880779820618058
17.48055555555508 -0.0001948661504008283 -0.0001046601622916223
17.48333333333286 -0.0002225076701700188 9.360753551102675e-06
17.48611111111063 -0.0001879139566500819 0.0001223038999185465
17.48888888888841 -9.997762258168675e-05 0.0002023578663847371
17.49166666666619 1.726352792083554e-05 0.0002265437696017646
17.49444444444396 0.0001311958039792811 0.0001873099471881791
17.49722222222174 0.0002097051515243909 9.486590221386398e-05
17.49999999999952 0.0002302325374375452 -2.54599415312474e-05
17.50277777777729 0.0001862547954065629 -0.0001401593394316114
17.50555555555507 8.93293476879519e-05 -0.0002168793373938191
17.50833333333285 -3.393128191976121e-05 -0.0002335516582666237
17.51111111111062 -0.0001491667953404522 -0.0001847391443272336
17.5138888888884 -0.0002238517709700858 -8.337441794283502e-05
17.51666666666618 -0.0002364799387482045 4.265703646432513e-05
17.51944444444395 -0.0001827555422988945 0.0001581895089336757
17.52222222222173 -7.700970222650041e-05 0.0002305939846420892
17.5249999999995 5.161496672536457e-05 0.0002389974623078551
17.52777777777728 0.0001671980106545747 0.0001802985360009356
17.53055555555506 0.0002370778691600497 7.024592311181603e-05
17.53333333333283 0.0002410857384857359 -6.078119700885835e-05
17.53611111111061 0.0001773647513566485 -0.0001761621785241817
17.53888888888839 6.309592427750228e-05 -0.0002432758481299931
17.54166666666616 -7.013031675119646e-05 -0.0002427278455428629
17.54444444444394 -0.0001850514007236836 -0.0001739529613879572
17.54722222222172 -0.0002491610526151248 -5.557464279736788e-05
17.54999999999949 -0.000243908564967643 7.963549616332414e-05
17.55277777777727 -0.0001700641401527273 0.0001938347451994942
17.55555555555505 -4.769906585432493e-05 0.0002547074943640198
17.55833333333282 8.926861443592399e-05 0.0002446145065744669
17.5611111111106 0.0002024811350078242 0.0001657015020152314
17.56388888888837 0.0002598902361779615 3.948817191735616e-05
17.56666666666615 0.0002448342229521869 -9.900039966887843e-05
17.56944444444393 0.0001608705256474908 -0.0002109595280165947
17.5722222222217 3.09628565941776e-05 -0.0002646855579221774
17.57499999999948 -0.0001088005795680644 -0.0002445583120972465
17.57777777777726 -0.0002192390995435357 -0.0001555789622657632
17.58055555555503 -0.0002690711167057925 -2.214584350893126e-05
17.58333333333281 -0.0002437795071678343 0.0001186380418105026
17.58611111111059 -0.0001498368277897584 0.0002272894264222312
17.58888888888836 -1.306158071882152e-05 0.000273026099784733
17.59166666666614 0.00012848100288861 0.0002424927523968241
17.59444444444392 0.0002350806709833655 0.0001436563787250646
17.59722222222169 0.0002765313687927213 3.736123320004319e-06
17.59999999999947 0.0002406952643229563 -0.0001382971841364214
17.60277777777724 0.0001370520717597654 -0.0002425837633893685
17.60555555555502 -5.802996952800729e-06 -0.0002795695939686999
17.6083333333328 -0.0001480539935429785 -0.0002383865776369508
17.61111111111057 -0.0002497705807801026 -0.0001300405071923045
17.61388888888835 -0.0002821253771305953 1.55269142009387e-05
17.61666666666613 -0.0002355685750672631 0.000157718711910013
17.6194444444439 -0.0001226403564924368 0.0002566141216813471
17.62222222222168 2.540558184651405e-05 0.000284185362239688
17.62499999999946 0.0001672586818191283 0.0002322455008969203
17.62777777777723 0.0002630886741706956 0.0001148722744345854
17.63055555555501 0.000285738332508643 -3.540793594994975e-05
17.63333333333279 0.0002284239578342099 -0.0001766414978729144
17.63611111111056 0.0001067587964064753 -0.0002691699763355172
17.63888888888834 -4.550206707029712e-05 -0.0002867752931276768
17.64166666666612 -0.000185835196607896 -0.0002241128871435249
17.64444444444389 -0.0002748353676223541 -9.832422164219913e-05
17.64722222222167 -0.0002872895388155657 5.565539929528094e-05
17.64999999999944 -0.0002193235320819634 0.0001948084445044976
17.65277777777722 -8.959448326476613e-05 0.0002800639297583331
17.655555555555 6.58348749885778e-05 0.0002872767055433362
17.65833333333277 0.0002035307225043041 0.0002140693848649028
17.66111111111055 0.0002848366160157658 8.059700616208677e-05
17.66388888888833 0.0002867348059293035 -7.600714373321625e-05
17.6666666666661 0.000208366117530532 -0.0002119725054896937
17.66944444444388 7.136055383226749e-05 -0.0002891363677024787
17.67222222222166 -8.613875391454144e-05 -0.0002856642479585725
17.67499999999943 -0.0002201054352109503 -0.0002022314972402564
17.67777777777721 -0.0002929482168765059 -6.191506545485099e-05
17.68055555555499 -0.0002840678368404947 9.619634535118175e-05
17.68333333333276 -0.0001956852866960878 0.0002279024852153412
17.68611111111054 -5.229148452740645e-05 0.0002962593744193913
17.68888888888831 0.0001061468413764342 0.0002819507599785567
17.69166666666609 0.0002353381164096373 0.0001887491304973657
17.69444444444387 0.0002990593027404253 4.252158049565405e-05
17.69722222222164 0.0002793205551913852 -0.0001159576387704522
17.69999999999942 0.0001814464284022159 -0.0002423884219706884
17.7027777777772 3.26377648659008e-05 -0.0003013397725337131
17.70555555555497 -0.0001255967939771691 -0.0002761870624816914
17.70833333333275 -0.0002490312604352607 -0.0001738021965700675
17.71111111111053 -0.0003030949031632536 -2.267290334556488e-05
17.7138888888883 -0.0002725623598067328 0.0001350332040768065
17.71666666666608 -0.0001658429179843085 0.0002552463759074446
17.71944444444386 -1.266012557092519e-05 0.0003043211864125069
17.72222222222163 0.0001442367810384096 0.0002684606834569307
17.72499999999941 0.0002610155044577864 0.0001575963833428687
17.72777777777718 0.000305017493491465 2.632634020527202e-06
17.73055555555496 0.0002638983337898475 -0.0001531786178561614
17.73333333333274 0.0001490915237924008 -0.0002663224659224807
17.73611111111051 -7.376486314521373e-06 -0.0003051850653583286
17.73888888888829 -0.0001618311452545845 -0.0002588935672041347
17.74166666666607 -0.0002711532404579295 -0.0001403582369455742
17.74444444444384 -0.0003048274865692723 1.733445593178339e-05
17.74722222222162 -0.0002534664753580897 0.000170168277756076
17.7499999999994 -0.0001314272076773445 0.0002754960293547425
17.75277777777717 2.7208984973261e-05 0.0003039506430258439
17.75555555555495 0.0001781655480079826 0.0002476388527536603
17.75833333333273 0.0002793412997739743 0.0001223297252227109
17.7611111111105 0.0003025626641385711 -3.69684520546301e-05
17.76388888888828 0.0002414340539005557 -0.0001858002283995939
17.76666666666605 0.0001130974981236603 -0.0002826818132210855
17.76944444444383 -4.658207636999998e-05 -0.0003006738500669804
17.77222222222161 -0.0001930514391264803 -0.0002348768413613738
17.77499999999938 -0.00028551263773163 -0.000103762468571527
17.77777777777716 -0.0002982965848294963 5.602008174605281e-05
17.78055555555494 -0.0002279932260489129 0.0001999002419993807
17.78333333333271 -9.43566276670549e-05 0.0002878311439000474
17.78611111111049 6.525385142153361e-05 0.0002954452361987059
17.78888888888827 0.0002063297194473255 0.0002208103011935629
17.79166666666604 0.0002896369850269312 8.491183310746682e-05
17.79444444444382 0.0002921360434092708 -7.425607242840538e-05
17.7972222222216 0.0002133560714491507 -0.0002123250382983101
17.79999999999937 7.545963073623955e-05 -0.0002909320618152347
17.80277777777715 -8.300086857737064e-05 -0.0002883869938016228
17.80555555555492 -0.0002178734980993292 -0.0002056592786009764
17.8083333333327 -0.0002917204721755936 -6.603108135246675e-05
17.81111111111048 -0.0002842176896106599 9.146392116709536e-05
17.81388888888825 -0.0001977492253816264 0.000222964563848498
17.81666666666603 -5.665659408759824e-05 0.0002920084468357105
17.81944444444381 9.96225766794079e-05 0.0002796492061750452
17.82222222222158 0.0002275898832041032 0.0001896555988469807
17.82499999999936 0.0002918042715676108 4.736576756676038e-05
17.82777777777714 0.0002747039429027921 -0.0001074559408431951
17.83055555555491 0.000181408294767781 -0.0002317432883490061
17.83333333333269 3.818723999093588e-05 -0.0002911181969517125
17.83611111111047 -0.0001149449586211656 -0.0002694054683572937
17.83888888888824 -0.0002354207828383328 -0.0001730372444430656
17.84166666666602 -0.0002899623366987622 -2.914854913175146e-05
17.84444444444379 -0.0002637783608635367 0.0001220724797808788
17.84722222222157 -0.000164572245269041 0.0002386205139034006
17.84999999999935 -2.027600315828273e-05 0.0002883505556259839
17.85277777777712 0.0001288233098801889 0.0002578480460335106
17.8555555555549 0.0002413427307840314 0.0001560427963614891
17.85833333333268 0.0002862983484594714 1.159456304610513e-05
17.86111111111045 0.000251640632600596 -0.0001351842466379854
17.86388888888823 0.0001474779404072562 -0.0002435897298078301
17.86666666666601 3.127737226509294e-06 -0.0002838227106847287
17.86944444444378 -0.0001411441017673037 -0.000245182747946964
17.87222222222156 -0.0002453657870102677 -0.0001389061128696506
17.87499999999934 -0.0002809420027101504 5.102511021539262e-06
17.87777777777711 -0.0002385013746435146 0.0001466937085374298
17.88055555555489 -0.00013035499954475 0.0002466770792022807
17.88333333333266 1.307584305613308e-05 0.0002776758086327804
17.88611111111044 0.0001518259153938532 0.0002316236893056539
17.88888888888822 0.0002475315944651348 0.000121851403367864
17.89166666666599 0.0002740447909064294 -2.077361099964625e-05
17.89444444444377 0.0002245769049811904 -0.0001565355661334324
17.89722222222155 0.0001134211212535518 -0.0002479390331210865
17.89999999999932 -2.817891038092219e-05 -0.0002700705422102407
17.9027777777771 -0.0001608194672171929 -0.0002173881182270484
17.90555555555488 -0.0002479107002784627 -0.0001050888316444294
17.90833333333265 -0.0002657754357981192 3.527661932605554e-05
17.91111111111043 -0.0002100841619487315 0.000164676342906205
17.91388888888821 -9.687799328858721e-05 0.0002474593911059158
17.91666666666598 4.205342442923638e-05 0.0002611824755807387
17.91944444444376 0.0001681067790013042 0.0002026914649816755
17.92222222222154 0.0002465992699908089 8.881075570334434e-05
17.92499999999931 0.0002563151471494782 -4.849783356824846e-05
17.92777777777709 0.0001952359193032689 -0.0001711131560354991
17.93055555555486 8.090788158525014e-05 -0.0002453457447836624
17.93333333333264 -5.460017603091285e-05 -0.0002511972708997388
17.93611111111042 -0.0001736995728468261 -0.0001877427556508919
17.93888888888819 -0.000243715337303537 -7.318868137029695e-05
17.94166666666597 -0.0002458528583459374 6.035259043410195e-05
17.94444444444375 -0.0001802364282290593 0.000175871761494903
17.94722222222152 -6.567095999149304e-05 0.0002417255512843956
17.9499999999993 6.57490009889008e-05 0.0002403059726529582
17.95277777777708 0.0001776369945474623 0.0001727405090598803
17.95555555555485 0.0002393947389140753 5.837097577737648e-05
17.95833333333263 0.0002345805943219983 -7.078508278207878e-05
17.96111111111041 0.0001652775924364785 -0.0001790039857724929
17.96388888888818 5.130341132721902e-05 -0.0002367419670830283
17.96666666666596 -7.545821677966846e-05 -0.0002287004928914401
17.96944444444373 -0.0001799827852974633 -0.0001578692098203941
17.97222222222151 -0.0002337868844157939 -4.448135609535315e-05
17.97499999999929 -0.0002226891054114017 7.9767435361549e-05
17.97777777777706 -0.0001505357554128116 0.0001805846703025298
17.98055555555484 -3.791630032317169e-05 0.0002305495901043537
17.98333333333262 8.371335920631387e-05 0.0002165694223673518
17.98611111111039 0.0001808220323118138 0.0001432964225165974
17.98888888888817 0.000227050505501762 3.161813986338956e-05
17.99166666666595 0.0002103638816178698 -8.729812642635782e-05
17.99444444444372 0.0001361691507244725 -0.0001807082621114292
17.9972222222215 2.559519136853314e-05 -0.0002233102493639167
17.99999999999928 -9.052531485465719e-05 -0.000204094270821063
18.00277777777705 -0.0001802576333246689 -0.0001291705838349588
18.00555555555483 -0.0002193495175525169 -1.98542172477195e-05
18.0083333333326 -0.0001977816387206469 9.339985841654561e-05
18.01111111111038 -0.0001223160383352443 0.0001794851856122598
18.01388888888816 -1.440045972935955e-05 0.0002151889679334183
18.01666666666593 9.59279585238683e-05 0.0001914462155657515
18.01944444444371 0.0001784066084355585 0.0001156194821856076
18.02222222222149 0.000210849111120285 9.237683323717112e-06
18.02499999999926 0.00018510734284034 -9.811699143110213e-05
18.02777777777704 0.0001090935235604612 -0.0001770381262668681
18.03055555555482 4.368224933351102e-06 -0.0002063502076281277
18.03333333333259 -9.997541248042478e-05 -0.0001787834123850433
18.03611111111037 -0.0001753963860653787 -0.000102749409139807
18.03888888888815 -0.0002017121719136973 2.069491622864301e-07
18.04166666666592 -0.0001724918149108553 0.0001015126581324309
18.0444444444437 -9.659703146639458e-05 0.0001734983477828438
18.04722222222147 4.488180255683329e-06 0.0001969544836926835
18.04999999999925 0.0001027390466755842 0.0001662488978059573
18.05277777777703 0.0001713611785883536 9.064494483761449e-05
18.0555555555548 0.0001920961068365502 -8.477048897458833e-06
18.05833333333258 0.000160069932076059 -0.0001036656784391793
18.06111111111036 8.490038914745928e-05 -0.0001690021514338785
18.06388888888813 -1.217630213941338e-05 -0.0001871554160670219
18.06666666666591 -0.000104304336321426 -0.0001539690881693268
18.06944444444369 -0.0001664385485040626 -7.936932106320911e-05
18.07222222222146 -0.0001821501315840263 1.558977713679655e-05
18.07499999999924 -0.0001479594203835661 0.0001046673873745067
18.07777777777702 -7.40564518785381e-05 0.0001636875700251585
18.08055555555479 1.87223219094778e-05 0.0001770972616833381
18.08333333333257 0.0001047676861502387 0.0001420528594850025
18.08611111111034 0.0001607662488252152 6.896529137694757e-05
18.08888888888812 0.0001720130533460725 -2.157971402830871e-05
18.0916666666659 0.0001362602131225793 -0.0001046184804429717
18.09444444444367 6.409819701530088e-05 -0.0001576913709679011
18.09722222222145 -2.416857797782852e-05 -0.0001669129507108464
18.09999999999923 -0.0001042333200133029 -0.0001305911735723696
18.102777777777 -0.0001544794027058884 -5.945642773678929e-05
18.10555555555478 -0.0001618115612755971 2.649630190098971e-05
18.10833333333256 -0.0001250543323157061 0.0001036259688059919
18.11111111111033 -5.504020171910238e-05 0.0001511464239301106
18.11388888888811 2.857095439980392e-05 0.0001567226296160752
18.11666666666589 0.0001028103211229493 0.0001196572009163131
18.11944444444366 0.0001477080682183975 5.084875738237808e-05
18.12222222222144 0.0001516590183532171 -3.040120202773284e-05
18.12499999999921 0.0001144062376487805 -0.0001018003221361149
18.12777777777699 4.688041697967952e-05 -0.0001441794695276131
18.13055555555477 -3.199622804282314e-05 -0.0001466326960581868
18.13333333333254 -0.0001006098930711829 -0.0001093068793072121
18.13611111111032 -0.0001405752155051595 -4.313265213130237e-05
18.1388888888881 -0.0001416547317370961 3.336565297120866e-05
18.14166666666587 -0.0001043635776212342 9.925286132201824e-05
18.14444444444365 -3.960215067519279e-05 0.0001369093073435993
18.14722222222143 3.451945744905812e-05 0.0001367352955086363
18.1499999999992 9.77428957012777e-05 9.957983969809994e-05
18.15277777777698 0.0001331951260466934 3.628488424360635e-05
18.15555555555476 0.0001318836650545001 -3.546790778170427e-05
18.15833333333253 9.495827191712972e-05 -9.609344696922247e-05
18.16111111111031 3.317617601055327e-05 -0.0001294454049275996
18.16388888888808 -3.622148459186879e-05 -0.0001271082374029985
18.16666666666586 -9.431769372680334e-05 -9.050062671160396e-05
18.16944444444364 -0.0001256722081192412 -3.02707680845692e-05
18.17222222222141 -0.0001224165455892679 3.67908148792226e-05
18.17499999999919 -8.62078516837372e-05 9.242849370920154e-05
18.17777777777697 -2.756288807098459e-05 0.000121886914836883
18.18055555555474 3.718660776191715e-05 0.000117815279724475
18.18333333333252 9.043834045872395e-05 8.208014052492174e-05
18.1861111111103 0.0001181002091032728 2.504631436013282e-05
18.18888888888807 0.0001133103120014422 -3.741959411812791e-05
18.19166666666585 7.811698522279523e-05 -8.835932532209947e-05
18.19444444444363 2.271443974691824e-05 -0.0001143220746183243
18.1972222222214 -3.750047029845018e-05 -0.0001089067251629881
18.19999999999918 -8.620310465913755e-05 -7.431722908040186e-05
18.20277777777696 -0.0001105617944342309 -2.056033302860945e-05
18.20555555555473 -0.0001046088439670947 3.743984602285888e-05
18.20833333333251 -7.067912008144364e-05 8.398087212977154e-05
18.21111111111028 -1.857679827121054e-05 0.0001068279550802429
18.21388888888806 3.724819654583514e-05 0.0001004202691865197
18.21666666666584 8.170333587684534e-05 6.72003641851671e-05
18.21944444444361 0.0001031284547694886 1.675643147775954e-05
18.22222222222139 9.634391369868343e-05 -3.693581911485955e-05
18.22499999999917 6.387817815333808e-05 -7.938070040487917e-05
18.22777777777694 1.509167443809926e-05 -9.947051531237149e-05
18.23055555555472 -3.651279372068657e-05 -9.238204023311161e-05
18.2333333333325 -7.70226529225324e-05 -6.07093415550035e-05
18.23611111111027 -9.58606973590335e-05 -1.35748655746067e-05
18.23888888888805 -8.853630036646008e-05 3.59889480916021e-05
18.24166666666583 -5.769024762173089e-05 7.463835390220965e-05
18.2444444444436 -1.219828764515988e-05 9.230491859321622e-05
18.24722222222138 3.537382685840273e-05 8.480777437376551e-05
18.24999999999915 7.223643158614102e-05 5.481695267118357e-05
18.25277777777693 8.880847450506005e-05 1.095421219861627e-05
18.25555555555471 8.119701157004308e-05 -3.467666478254254e-05
18.25833333333248 5.208522383990856e-05 -6.982498016501584e-05
18.26111111111026 9.83494071401405e-06 -8.537606137810573e-05
18.26388888888804 -3.39063639158745e-05 -7.770407080079757e-05
18.26666666666581 -6.741156133749184e-05 -4.949058491296322e-05
18.26944444444359 -8.201180113619879e-05 -8.832842391481709e-06
18.27222222222137 -7.432856076660501e-05 3.307147453751083e-05
18.27499999999914 -4.702836006193872e-05 6.500320896113986e-05
18.27777777777692 -7.940388589013577e-06 7.871926770979642e-05
18.2805555555547 3.218017969417125e-05 7.106967989422433e-05
18.28333333333247 6.260643649840673e-05 4.469371534277307e-05
18.28611111111025 7.550151459618059e-05 7.150183932645045e-06
18.28888888888802 6.79262554946152e-05 -3.124028315428856e-05
18.2916666666658 4.248169783151269e-05 -6.022724696572247e-05
18.29444444444358 6.454994149686628e-06 -7.236110330576656e-05
18.29722222222135 -3.025920057418803e-05 -6.489678197583411e-05
18.29999999999913 -5.787114509556339e-05 -4.038727230929499e-05
18.30277777777691 -6.930013240528771e-05 -5.847770700373823e-06
18.30555555555468 -6.19794579063735e-05 2.924395366532386e-05
18.30833333333246 -3.840535543394934e-05 5.554315142909412e-05
18.31111111111024 -5.321672299226895e-06 6.632026688888773e-05
18.31388888888801 2.82011671430442e-05 5.917222175270566e-05
18.31666666666579 5.324781806524262e-05 3.653084736235073e-05
18.31944444444357 6.34227676285081e-05 4.870083442205426e-06
18.32222222222134 5.647278613920232e-05 -2.713706823765678e-05
18.32499999999912 3.475866081249502e-05 -5.098924580215259e-05
18.32777777777689 4.486630061098931e-06 -6.060852067686286e-05
18.33055555555467 -2.605748854130225e-05 -5.387867050713414e-05
18.33333333333245 -4.877110242024056e-05 -3.308374757456577e-05
18.33611111111022 -5.78780662173488e-05 -4.165192448302364e-06
18.338888888888 -5.138723207044102e-05 2.496786797186775e-05
18.34166666666578 -3.150112250370158e-05 4.659664186729481e-05
18.34444444444355 -3.899915597114334e-06 5.523162697726591e-05
18.34722222222133 2.387326063138349e-05 4.899569499259044e-05
18.34999999999911 4.446872412381398e-05 3.000588503992671e-05
18.35277777777688 5.266913594181602e-05 3.685217115538396e-06
18.35555555555466 4.670117772742541e-05 -2.277834234731788e-05
18.35833333333244 2.859323832157239e-05 -4.238983553877913e-05
18.36111111111021 3.515792873164447e-06 -5.019026322746525e-05
18.36388888888799 -2.168741968693391e-05 -4.450071848958237e-05
18.36666666666576 -4.036210944403441e-05 -2.725850596885099e-05
18.36944444444354 -4.779444199344536e-05 -3.386620547225948e-06
18.37222222222132 -4.239129883726624e-05 2.060444024553465e-05
18.37499999999909 -2.599714662641759e-05 3.838734687127387e-05
18.37777777777687 -3.292961231059955e-06 4.548089328989474e-05
18.38055555555465 1.953300401736923e-05 4.036986536778002e-05
18.38333333333242 3.646703721091614e-05 2.480476636509152e-05
18.3861111111102 4.324864975962047e-05 3.230359272695431e-06
18.38888888888798 3.843334954199056e-05 -1.84763756672569e-05
18.39166666666575 2.367712904763379e-05 -3.460237867037107e-05
18.39444444444353 3.194640505124268e-06 -4.109657812827973e-05
18.39722222222131 -1.743749753380373e-05 -3.657868566660061e-05
18.39999999999908 -3.279429840321802e-05 -2.261016477278238e-05
18.40277777777686 -3.902340043424801e-05 -3.181909029311959e-06
18.40555555555463 -3.480282707667488e-05 1.641900320370946e-05
18.40833333333241 -2.159997651390952e-05 3.104347219793272e-05
18.41111111111019 -3.188542705745724e-06 3.702771396487902e-05
18.41388888888796 1.542323151028838e-05 3.31027605704499e-05
18.41666666666574 2.935034362938184e-05 2.064284507255224e-05
18.41944444444352 3.510800988012909e-05 3.211187503916656e-06
18.42222222222129 3.14755191581096e-05 -1.445224082012697e-05
18.42499999999907 1.973523246776091e-05 -2.77151425914385e-05
18.42777777777685 3.246750855176306e-06 -3.326269051740405e-05
18.43055555555462 -1.350782348429801e-05 -2.99181931935626e-05
18.4333333333324 -2.613790314183952e-05 -1.887378388422653e-05
18.43611111111018 -3.149008538338548e-05 -3.292394144709275e-06
18.43888888888795 -2.842793996488783e-05 1.259152034168045e-05
18.44166666666573 -1.805532829882369e-05 2.461848060513566e-05
18.4444444444435 -3.345524473690825e-06 2.97884658489823e-05
18.44722222222128 1.170463517460034e-05 2.700199182357918e-05
18.44999999999906 2.315656789039447e-05 1.727687790565945e-05
18.45277777777683 2.815605857303689e-05 3.403785812203329e-06
18.45555555555461 2.56376629369877e-05 -1.084824902735256e-05
18.45833333333239 1.653562645522687e-05 -2.175171099292299e-05
18.46111111111016 3.465049657683069e-06 -2.6591057688431e-05
18.46388888888794 -1.002323430980206e-05 -2.43323547506727e-05
18.46666666666572 -2.040332365863374e-05 -1.58289466215613e-05
18.46944444444349 -2.509163579138714e-05 -3.527405303495879e-06
18.47222222222127 -2.30835602490961e-05 9.230268618561281e-06
18.47499999999905 -1.515438650516564e-05 1.911070120071266e-05
18.47777777777682 -3.589149815272441e-06 2.365595378060802e-05
18.4805555555546 8.469848218306934e-06 2.188886710375223e-05
18.48333333333238 1.787303346532455e-05 1.450966537724493e-05
18.48611111111015 2.228216959787695e-05 3.648777803536628e-06
18.48888888888793 2.074595979777972e-05 -7.742301134990495e-06
18.4916666666657 1.389266876362047e-05 -1.668941695242432e-05
18.49444444444348 3.70497107382344e-06 -2.096844592560096e-05
18.49722222222126 -7.0477998217788e-06 -1.965262081508916e-05
18.49999999999903 -1.555886610345778e-05 -1.330144296309834e-05
18.50277777777681 -1.971295689999049e-05 -3.756588226141236e-06
