16.5 -3.67354669787669e-09 2.165392666007488e-07
16.50277777777778 -9.815637952394748e-08 2.009983306059407e-07
16.50555555555555 -1.797695665658998e-07 1.450919819410969e-07
16.50833333333333 -2.31651484602622e-07 5.704477761925676e-08
16.51111111111111 -2.416248030944201e-07 -4.805038336632048e-08
16.51388888888888 -2.049120944682179e-07 -1.507261152353335e-07
16.51666666666666 -1.255832286193479e-07 -2.306685088819863e-07
16.51944444444444 -1.636048122304507e-08 -2.706560219762254e-07
16.52222222222221 1.032948286896053e-07 -2.60161020353636e-07
16.52499999999999 2.105562222525134e-07 -1.978796825025391e-07
16.52777777777776 2.835017144688952e-07 -9.26162460522139e-08
16.53055555555554 3.054977717891661e-07 3.77671761754615e-08
16.53333333333332 2.688388743444081e-07 1.692613921791592e-07
16.53611111111109 1.76871484002987e-07 2.76034211707055e-07
16.53888888888887 4.407778574687015e-08 3.354094177507211e-07
16.54166666666665 -1.060374914301602e-07 3.325598071948226e-07
16.54444444444442 -2.449890826415003e-07 2.639650332103658e-07
16.5472222222222 -3.446127370156972e-07 1.388644672097411e-07
16.54999999999998 -3.826608735456523e-07 -2.1719760801027e-08
16.55277777777775 -3.476021147873557e-07 -1.883610168121754e-07
16.55555555555553 -2.416178831437824e-07 -3.285000658269175e-07
16.55833333333331 -8.107879386852782e-08 -4.126917512908482e-07
16.56111111111108 1.057640764383471e-07 -4.206509438469036e-07
16.56388888888886 2.836017106572614e-07 -3.458821363450492e-07
16.56666666666663 4.166131299864989e-07 -1.978764918437584e-07
16.56944444444441 4.755475619439745e-07 -1.275897126204974e-09
16.57222222222219 4.439683571942691e-07 2.080324614537487e-07
16.57499999999996 3.223586624737122e-07 3.893177853100009e-07
16.57777777777774 1.291280195426861e-07 5.047937227377416e-07
16.58055555555552 -1.018867561926469e-07 5.273316116344581e-07
16.58333333333329 -3.271600631150509e-07 4.465547876488307e-07
16.58611111111107 -5.015238468441887e-07 2.719901939407e-07
16.58888888888885 -5.870667201439342e-07 3.245366713253739e-08
16.59166666666662 -5.611634520026114e-07 -2.28456051597431e-07
16.5944444444444 -4.219722035518465e-07 -4.601089841653409e-07
16.59722222222218 -1.901339477193949e-07 -6.145029927755257e-07
16.59999999999995 9.391413664283617e-08 -6.560214976740634e-07
16.60277777777773 3.767590486406504e-07 -5.693421785663876e-07
16.6055555555555 6.018682625343144e-07 -3.637918829810594e-07
16.60833333333328 7.207029573503354e-07 -7.304433329391824e-08
16.61111111111106 7.029405682233494e-07 2.500799481349521e-07
16.61388888888883 5.436979011042138e-07 5.429840162136844e-07
16.61666666666661 2.661116350977582e-07 7.452223337653367e-07
16.61944444444439 -8.154015978363938e-08 8.107543603280097e-07
16.62222222222216 -4.339465952403379e-07 7.180822247938869e-07
16.62499999999994 -7.208063689486234e-07 4.760989986628365e-07
16.62777777777772 -8.806321583830439e-07 1.241977965088886e-07
16.63055555555549 -8.736506730109972e-07 -2.737450263729441e-07
16.63333333333327 -6.911434399576098e-07 -6.406893931681225e-07
16.63611111111105 -3.591214251143513e-07 -9.011086280329847e-07
16.63888888888882 6.476458963020224e-08 -9.962776430711205e-07
16.6416666666666 5.008804267377446e-07 -8.971276257339101e-07
16.64444444444437 8.622956024809525e-07 -6.119209578985501e-07
16.64722222222215 1.071851320777595e-06 -1.868728730693358e-07
16.64999999999993 1.078311069920315e-06 3.008461113807832e-07
16.6527777777777 8.682734049257892e-07 7.567876466776061e-07
16.65555555555548 4.711754692089731e-07 1.087232949128279e-06
16.65833333333326 -4.405282053184856e-08 1.218156462229096e-06
16.66111111111103 -5.805229327854911e-07 1.11136765621841e-06
16.66388888888881 -1.031279969468458e-06 7.743892061777597e-07
16.66666666666659 -1.300320017442054e-06 2.616856941641003e-07
16.66944444444436 -1.322665338269778e-06 -3.335365809102373e-07
16.67222222222214 -1.079369827495832e-06 -8.958729518945423e-07
16.67499999999992 -6.041018749514004e-07 -1.309760369522082e-06
16.67777777777769 2.054371596356022e-08 -1.482875954368018e-06
16.68055555555547 6.768793073027113e-07 -1.3662260904586e-06
16.68333333333324 1.233907720820602e-06 -9.666452379149079e-07
16.68611111111102 1.573108450915579e-06 -3.487062776765274e-07
16.6888888888888 1.613225167364153e-06 3.749835468539914e-07
16.69166666666657 1.328952567303312e-06 1.063824674383001e-06
16.69444444444435 7.593543641091296e-07 1.576145806618124e-06
16.69722222222213 3.685134162953892e-09 1.797932920729226e-06
16.6999999999999 -7.952833199391731e-07 1.667622544167351e-06
16.70277777777768 -1.477775619879624e-06 1.19167287733601e-06
16.70555555555546 -1.89854387902894e-06 4.471916154807015e-07
16.70833333333323 -1.957281081671307e-06 -4.29680452553341e-07
16.71111111111101 -1.621644397318393e-06 -1.268099013885384e-06
16.71388888888879 -9.377534842472057e-07 -1.895338971596401e-06
16.71666666666656 -2.528519304908192e-08 -2.171903865157094e-06
16.71944444444434 9.427334202188521e-07 -2.021880928549203e-06
16.72222222222211 1.772194630914908e-06 -1.452058605046679e-06
16.72499999999989 2.286343065184198e-06 -5.552428387364726e-07
16.72777777777767 2.362864906058342e-06 5.038226943860382e-07
16.73055555555544 1.961962442995941e-06 1.518055839355603e-06
16.73333333333322 1.139143921130568e-06 2.277987149436955e-06
16.736111111111 3.922892229738222e-08 2.614471846549808e-06
16.73888888888877 -1.128279053584316e-06 2.435564746810335e-06
16.74166666666655 -2.128467405347332e-06 1.749661417033798e-06
16.74444444444433 -2.747713248957409e-06 6.693740181765917e-07
16.7472222222221 -2.83864209678247e-06 -6.057494489978284e-07
16.74999999999988 -2.35401444727683e-06 -1.825313360430534e-06
16.75277777777766 -1.36195164909423e-06 -2.73661896734103e-06
16.75555555555543 -3.831890893918585e-08 -3.136389086409565e-06
16.75833333333321 1.363452755800023e-06 -2.915214839373965e-06
16.76111111111098 2.560162050231268e-06 -2.085171964347821e-06
16.76388888888876 3.295397920993434e-06 -7.839813468859247e-07
16.76666666666654 3.393706943121303e-06 7.464508660321772e-07
16.76944444444431 2.801075547423686e-06 2.204117184201563e-06
16.77222222222209 1.602624986912566e-06 3.285785416846448e-06
16.77499999999987 1.261074689784665e-08 3.749346124382511e-06
16.77777777777764 -1.662737435628303e-06 3.466961241272567e-06
16.78055555555542 -3.083359170925602e-06 2.457540024070228e-06
16.7833333333332 -3.94363650492063e-06 8.907043549134252e-07
16.78611111111097 -4.037248449137381e-06 -9.401337399699663e-07
16.78888888888875 -3.305019356646286e-06 -2.671702322736052e-06
16.79166666666653 -1.854945668741275e-06 -3.942126201534018e-06
16.7944444444443 5.124801485924118e-08 -4.465711789553032e-06
16.79722222222208 2.044049924770768e-06 -4.095977563495094e-06
16.79999999999986 3.716840027620534e-06 -2.863250318599922e-06
16.80277777777763 4.707999140967841e-06 -9.776760155446906e-07
16.80555555555541 4.77804994166541e-06 1.204830273181685e-06
16.80833333333318 3.865576810777632e-06 3.248616695277506e-06
16.81111111111096 2.10920047572998e-06 4.724320167328052e-06
16.81388888888874 -1.707520860146931e-07 5.29810184248513e-06
16.81666666666651 -2.529211111449558e-06 4.805744453002497e-06
16.81944444444429 -4.482172934501405e-06 3.295430095573088e-06
16.82222222222207 -5.605049588092991e-06 1.028666772740881e-06
16.82499999999984 -5.623781846721362e-06 -1.563023209968978e-06
16.82777777777762 -4.479398311947647e-06 -3.958962612760145e-06
16.8305555555554 -2.351211572223657e-06 -5.652868542134955e-06
16.83333333333317 3.683233520060885e-07 -6.258728579921912e-06
16.83611111111095 3.144359668776991e-06 -5.59708913878625e-06
16.83888888888873 5.403643095873102e-06 -3.742778593572777e-06
16.8416666666665 6.651781543750138e-06 -1.022139299137241e-06
16.84444444444428 6.580045609106763e-06 2.042246212651836e-06
16.84722222222205 5.138900185448807e-06 4.830498884280441e-06
16.84999999999983 2.561235255269563e-06 6.749649668893044e-06
16.85277777777761 -6.721087238411939e-07 7.358480006037195e-06
16.85555555555538 -3.920250667219072e-06 6.466971959417142e-06
16.85833333333316 -6.507958568500308e-06 4.188319515373279e-06
16.86111111111094 -7.864767480101691e-06 9.30246753009103e-07
16.86388888888871 -7.649128635063548e-06 -2.675600851249703e-06
16.86666666666649 -5.830886496943545e-06 -5.894531122695441e-06
16.86944444444427 -2.712755115939292e-06 -8.037174929197649e-06
16.87222222222204 1.116734031183673e-06 -8.605676697515319e-06
16.87499999999982 4.892362696312454e-06 -7.406999395549055e-06
16.8777777777776 7.823653019586054e-06 -4.607993873335391e-06
16.88055555555537 9.258955834791572e-06 -7.178278144877339e-07
16.88333333333315 8.82843689016528e-06 3.502111328344564e-06
16.88611111111092 6.534953036527588e-06 7.185502564335956e-06
16.8888888888887 2.771217216543925e-06 9.537469113695835e-06
16.89166666666648 -1.743934317425167e-06 1.000445886492908e-05
16.89444444444425 -6.100718456334888e-06 8.401657910695241e-06
16.89722222222203 -9.38009594815788e-06 4.969132897166227e-06
16.89999999999981 -1.084605387020752e-05 3.41476873278657e-07
16.90277777777758 -1.010858503439094e-05 -4.566815893372604e-06
16.90555555555536 -7.221702867823376e-06 -8.740183804851601e-06
16.90833333333314 -2.692782075257649e-06 -1.127049653835971e-05
16.91111111111091 2.602955197134174e-06 -1.155276723194152e-05
16.91388888888869 7.589305646044672e-06 -9.42628522984474e-06
16.91666666666647 1.12060151154975e-05 -5.228879639134862e-06
16.91944444444424 1.26324418605155e-05 2.512030835191998e-07
16.92222222222202 1.147114542756327e-05 5.920471289933354e-06
16.92499999999979 7.850833110698832e-06 1.059634944585838e-05
16.92777777777757 2.423200755270342e-06 1.32520591013853e-05
16.93055555555535 -3.750592662838972e-06 1.323990124656615e-05
16.93333333333312 -9.404969588351463e-06 1.044482674839083e-05
16.9361111111109 -1.332743667708958e-05 5.332663497196112e-06
16.93888888888868 -1.461658184731964e-05 -1.12202529724902e-06
16.94166666666645 -1.288608855940821e-05 -7.618725769042663e-06
16.94444444444423 -8.369190927144146e-06 -1.279082553798873e-05
16.94722222222201 -1.896959163825305e-06 -1.549110693170164e-05
16.94999999999978 5.250712102467744e-06 -1.504366878155642e-05
16.95277777777756 1.159563936929641e-05 -1.140746529671179e-05
16.95555555555534 1.57649589748459e-05 -5.212873346877169e-06
16.95833333333311 1.678591343407308e-05 2.342149437434653e-06
16.96111111111089 1.430898961308121e-05 9.720600299745354e-06
16.96388888888866 8.708942580303289e-06 1.535679727861163e-05
16.96666666666644 1.036873763174344e-06 1.798642916675848e-05
16.96944444444422 -7.173064515492835e-06 1.692718451748051e-05
16.97222222222199 -1.420774901771659e-05 1.224826244648981e-05
16.97499999999977 -1.853029947677194e-05 4.787920517032513e-06
16.97777777777755 -1.911327213625783e-05 -3.99131461663615e-06
16.98055555555532 -1.567812937405385e-05 -1.228611060634221e-05
16.9833333333331 -8.786051400675083e-06 -1.832028550153879e-05
16.98611111111088 2.456399477932728e-07 -2.072273445244102e-05
16.98888888888865 9.591203240169389e-06 -1.883543057190571e-05
16.99166666666643 1.728272872999636e-05 -1.288300775162197e-05
16.99444444444421 2.162209428663369e-05 -3.961929324178924e-06
16.99722222222198 2.155292420127034e-05 6.156149429859047e-06
16.99999999999976 1.691168180336674e-05 1.537286933912966e-05
17.00277777777753 8.499315552288476e-06 2.169573706518869e-05
17.00555555555531 -2.049372211091684e-06 2.366619017465972e-05
17.00833333333309 -1.257930316099677e-05 2.069176242263585e-05
17.01111111111086 -2.085247299265896e-05 1.32075360606143e-05
17.01388888888864 -2.502098890644443e-05 2.625335607627169e-06
17.01666666666642 -2.403638595882534e-05 -8.927322636587412e-06
17.01944444444419 -1.790525295574343e-05 -1.903153336510212e-05
17.02222222222197 -7.730269961236932e-06 -2.548073200600023e-05
17.02499999999975 4.480922037714438e-06 -2.675956732115894e-05
17.02777777777752 1.620770235127421e-05 -2.239462388925114e-05
17.0305555555553 2.493374721306792e-05 -1.30968377312416e-05
17.03333333333308 2.868413943418321e-05 -6.567063445226088e-07
17.03611111111085 2.646828435307885e-05 1.239530682429386e-05
17.03888888888863 1.853011215430955e-05 2.33000112670513e-05
17.0416666666664 6.344302067975926e-06 2.964989208817155e-05
17.04444444444418 -7.650821326074698e-06 2.991723362444979e-05
17.04722222222196 -2.053702976707193e-05 2.381482281921779e-05
17.04999999999973 -2.952157593444111e-05 1.240534549163535e-05
17.05277777777751 -3.253934533102207e-05 -2.073891955454497e-06
17.05555555555529 -2.872261473059833e-05 -1.664456270386416e-05
17.05833333333306 -1.863252966206978e-05 -2.81964255331913e-05
17.06111111111084 -4.19335972270396e-06 -3.414818230678788e-05
17.06388888888862 1.166792788361144e-05 -3.302034823399567e-05
17.06666666666639 2.561085795113558e-05 -2.479380748512913e-05
17.06944444444417 3.458176611696606e-05 -1.096882587936443e-05
17.07222222222195 3.647915602090974e-05 5.699660946574795e-06
17.07499999999972 3.063985574315124e-05 2.174602081805877e-05
17.0777777777775 1.803469619021254e-05 3.371093603470191e-05
17.08055555555528 1.120631460723195e-06 3.888392761852993e-05
17.08333333333305 -1.663189574202651e-05 3.591273051475505e-05
17.08611111111083 -3.144693148790623e-05 2.514346294318551e-05
17.0888888888886 -4.004285801038425e-05 8.608321677318589e-06
17.09166666666638 -4.035542834485794e-05 -1.034970865725513e-05
17.09444444444416 -3.202549964970206e-05 -2.774784657939497e-05
17.09722222222193 -1.65377366751988e-05 -3.979667716207663e-05
17.09999999999971 3.032456536210865e-06 -4.372201686698117e-05
17.10277777777749 2.262363508257558e-05 -3.839799397402119e-05
17.10555555555526 3.802717251549901e-05 -2.464800423671154e-05
17.10833333333304 4.578795993726532e-05 -5.136572127497681e-06
17.11111111111082 4.397495079276767e-05 1.61393885440518e-05
17.11388888888859 3.26506362733784e-05 3.466462762374899e-05
17.11666666666637 1.392733011184034e-05 4.636023767613424e-05
17.11944444444415 -8.416667360543436e-06 4.84779254545815e-05
17.12222222222192 -2.969382702828359e-05 4.023864022913973e-05
17.1249999999997 -4.528685255862543e-05 2.306856437416403e-05
17.12777777777747 -5.164710339740738e-05 3.672670553460398e-07
17.13055555555525 -4.709687963916335e-05 -2.315831956397562e-05
17.13333333333303 -3.22552742331469e-05 -4.246531966250401e-05
17.1361111111108 -9.982394152466164e-06 -5.325231233454393e-05
17.13888888888858 1.516268820683022e-05 -5.291334386244245e-05
17.14166666666636 3.784976252648475e-05 -4.115788012190125e-05
17.14444444444413 5.310353883351356e-05 -2.015104293480011e-05
17.14722222222191 5.739093749313856e-05 5.872642439804017e-06
17.14999999999969 4.943283346256745e-05 3.145627526890709e-05
17.15277777777746 3.055507547802905e-05 5.10605232679459e-05
17.15555555555524 4.487173534051576e-06 6.025936427311624e-05
17.15833333333302 -2.336626548638837e-05 5.673433171911243e-05
17.16111111111079 -4.704102614360753e-05 4.084496944149259e-05
17.16388888888857 -6.128666024473232e-05 1.563767942143048e-05
17.16666666666634 -6.272674730122723e-05 -1.372755919342553e-05
17.16944444444412 -5.065054421786406e-05 -4.102739432947144e-05
17.1722222222219 -2.72520995858718e-05 -6.028992756546217e-05
17.17499999999967 2.75312632707035e-06 -6.709733717564274e-05
17.17777777777745 3.30711067307875e-05 -5.959300338366191e-05
17.18055555555523 5.714483436150702e-05 -3.896479370462106e-05
17.183333333333 6.956877374133495e-05 -9.282629689394846e-06
17.18611111111078 6.729790467475207e-05 2.329504376234747e-05
17.18888888888856 5.0381941014061e-05 5.179347705194231e-05
17.19166666666633 2.204998530530492e-05 6.991102809713054e-05
17.19444444444411 -1.189330136917887e-05 7.34086204384256e-05
17.19722222222189 -4.425024887427935e-05 6.109376441326925e-05
17.19999999999966 -6.795214498655148e-05 3.517228941627412e-05
17.20277777777744 -7.759981853009093e-05 8.715444154490209e-07
17.20555555555521 -7.068791312276219e-05 -3.460542037395607e-05
17.20833333333299 -4.823642305809727e-05 -6.35874744701544e-05
17.21111111111077 -1.467372541579685e-05 -7.959047749912779e-05
17.21388888888854 2.302621229247312e-05 -7.876356762187601e-05
17.21666666666632 5.678696808919116e-05 -6.080503147131228e-05
17.2194444444441 7.915595155606009e-05 -2.913203145182132e-05
17.22222222222187 8.494579055026686e-05 9.75522596707686e-06
17.22499999999965 7.243016009601698e-05 4.760020562517758e-05
17.22777777777743 4.381984014868377e-05 7.613862048442702e-05
17.2305555555552 4.893811970558225e-06 8.889962390370087e-05
17.23333333333298 -3.615889057673955e-05 8.266786427363093e-05
17.23611111111076 -7.045669690559166e-05 5.827715628679365e-05
17.23888888888853 -9.034342734358965e-05 2.054293849157097e-05
17.24166666666631 -9.109331503340006e-05 -2.267663570841122e-05
17.24444444444408 -7.202431092523897e-05 -6.211081700358077e-05
17.24722222222186 -3.675932907185101e-05 -8.90609652364675e-05
17.24999999999964 7.445951511854659e-06 -9.731589233686099e-05
17.25277777777741 5.118810921997342e-05 -8.457690191463293e-05
17.25555555555519 8.491178093870753e-05 -5.306691890420143e-05
17.25833333333297 0.0001009937438795752 -9.167553059205553e-06
17.26111111111074 9.546150251518372e-05 3.78635162114355e-05
17.26388888888852 6.895994541986418e-05 7.783944494710024e-05
17.2666666666663 2.673365018373224e-05 0.0001018472927579085
17.26944444444407 -2.239823573411339e-05 0.0001042316258223416
17.27222222222185 -6.787732730432969e-05 8.391801182425035e-05
17.27499999999963 -9.967120101231195e-05 4.476844966456249e-05
17.2777777777774 -0.0001104834111921816 -5.135242904491466e-06
17.28055555555518 -9.742220889708083e-05 -5.515162195620607e-05
17.28333333333295 -6.274753836906354e-05 -9.434433762098277e-05
17.28611111111073 -1.350804393253318e-05 -0.0001138704958159322
17.28888888888851 3.988143895869723e-05 -0.0001089717850981396
17.29166666666628 8.583735763202946e-05 -8.012092696684544e-05
17.29444444444406 0.0001141175503171832 -3.304979227016532e-05
17.29722222222184 0.0001181008248800753 2.237587648773831e-05
17.29999999999961 9.632935844424951e-05 7.421757186684812e-05
17.30277777777739 5.29562228424885e-05 0.0001110319913504547
17.30555555555517 -3.028085169089332e-06 0.0001243943832730909
17.30833333333294 -5.965087156235172e-05 0.0001108214773916302
17.31111111111072 -0.0001045134356162414 7.265617111760685e-05
17.3138888888885 -0.0001275035318384451 1.769356119096777e-05
17.31666666666627 -0.0001230713200560606 -4.240056654292218e-05
17.31944444444405 -9.155732160902377e-05 -9.456052680171183e-05
17.32222222222182 -3.925697539036209e-05 -0.0001271587968807995
17.3249999999996 2.282309579705431e-05 -0.0001325955640948472
17.32777777777738 8.127484746894908e-05 -0.000109063630100378
17.33055555555515 0.0001231815145864838 -6.108024105445029e-05
17.33333333333293 0.0001389699747015971 1.360672230497227e-06
17.33611111111071 0.0001245934009100908 6.486171913988778e-05
17.33888888888848 8.254748151017651e-05 0.000115492688105913
17.34166666666626 2.146897465333454e-05 0.0001418445004860966
17.34444444444404 -4.562779266887069e-05 0.0001375974557709725
17.34722222222181 -0.0001041190065287932 0.0001030262519980502
17.34999999999959 -0.0001409565076906433 4.508549685413706e-05
17.35277777777737 -0.0001475768188654298 -2.3975434117585e-05
17.35555555555514 -0.0001218859370784294 -8.91957727089187e-05
17.35833333333292 -6.886111568435088e-05 -0.000136141693881306
17.3611111111107 3.940152351268843e-07 -0.0001540993495358235
17.36388888888847 7.096658307004907e-05 -0.0001385165949171638
17.36666666666625 0.0001273422904413155 -9.213766927067129e-05
17.36944444444402 0.0001568147799769193 -2.455168117731978e-05
17.3722222222218 0.0001523476680274778 4.977970464290096e-05
17.37499999999958 0.0001142450243004861 0.000114612244751484
17.37777777777735 5.023563571558164e-05 0.0001554676590024294
17.38055555555513 -2.608119922523017e-05 0.0001628659767699846
17.38333333333291 -9.811916515997404e-05 0.0001345203068574301
17.38611111111068 -0.0001499077633037846 7.598695560874822e-05
17.38888888888846 -0.0001696324275863549 -4.049482626299226e-07
17.39166666666624 -0.0001523273748650936 -7.814291166183193e-05
17.39444444444401 -0.0001011079621619306 -0.0001400976124993409
17.39722222222179 -2.66401686566214e-05 -0.0001722969020678724
17.39999999999957 5.507081933002302e-05 -0.0001670759407807138
17.40277777777734 0.0001261168112315008 -0.0001248934788406006
17.40555555555512 0.0001706108443788099 -5.438559713398993e-05
17.40833333333289 0.0001782397581935833 2.938964653515791e-05
17.41111111111067 0.0001466507539595002 0.0001081630377339886
17.41388888888845 8.212050754705421e-05 0.0001644371315776666
17.41666666666622 -1.674442437836078e-06 0.0001853733096833496
17.419444444444 -8.654960052290153e-05 0.0001657194272974181
17.42222222222178 -0.0001537568917781954 0.000109110777555336
17.42499999999955 -0.0001881264748710241 2.742537518323722e-05
17.42777777777733 -0.0001814909439250658 -6.169958982737751e-05
17.43055555555511 -0.0001346190118045904 -0.0001386730262459381
17.43333333333288 -5.720235309645979e-05 -0.0001862567156510064
17.43611111111066 3.413675467877038e-05 -0.0001934268312236735
17.43888888888844 0.0001194102904355167 -0.0001579250177930185
17.44166666666621 0.0001796383881944808 -8.690929223325542e-05
17.44444444444399 0.0002010752859989783 4.473336896385113e-06
17.44722222222176 0.0001783461395662725 9.631189249391913e-05
17.44999999999954 0.0001157789774472395 0.0001682688760808272
17.45277777777732 2.660481365209111e-05 0.0002040855666932161
17.45555555555509 -6.983267250076875e-05 0.0001952568522072303
17.45833333333287 -0.0001522713330979966 0.0001430447853163016
17.46111111111065 -0.000202219749334936 5.835543504434666e-05
17.46388888888842 -0.0002081070397075627 -4.052902846260179e-05
17.4666666666662 -0.0001679615794554396 -0.0001318939248035657
17.46944444444398 -8.999888264102974e-05 -0.0001953614829509712
17.47222222222175 9.045852514740427e-06 -0.0002164384161170941
17.47499999999953 0.0001075055617000594 -0.0001898262924274021
17.47777777777731 0.0001835214681826218 -0.0001207384581096939
17.48055555555508 0.0002198986034886159 -2.389917000030461e-05
17.48333333333286 0.0002079976012890461 7.958822054511189e-05
17.48611111111063 0.0001497814651292562 0.0001668394789697813
17.48888888888841 5.753346769586789e-05 0.0002182524483247733
17.49166666666619 -4.872605071645317e-05 0.0002219141296160037
17.49444444444396 -0.000145582848358611 0.0001763603968049575
17.49722222222174 -0.0002113902387211871 9.104920072201444e-05
17.49999999999952 -0.00023111065159592 -1.559155658087083e-05
17.50277777777729 -0.0001997536558233079 -0.0001201414425877671
17.50555555555507 -0.0001236240431419863 -0.000199332574618313
17.50833333333285 -1.90707682909198e-05 -0.0002352318319628578
17.51111111111062 9.101924941537364e-05 -0.0002193052222696961
17.5138888888884 0.0001822317406458295 -0.0001544425512446016
17.51666666666618 0.0002340431072579865 -5.446290604897911e-05
17.51944444444395 0.0002344427151614626 5.882280412698642e-05
17.52222222222173 0.0001827175229862704 0.0001603695319688005
17.5249999999995 8.975337012221785e-05 0.0002274383967833032
17.52777777777728 -2.424676686061269e-05 0.0002446933410367659
17.53055555555506 -0.0001341515851995371 0.0002077107554936724
17.53333333333283 -0.0002154444230570866 0.0001240982988789184
17.53611111111061 -0.0002496972847205549 1.194295480078161e-05
17.53888888888839 -0.0002287526266245013 -0.000104098365770992
17.54166666666616 -0.0001566630072716239 -0.0001982215187160924
17.54444444444394 -4.892807587317142e-05 -0.0002492181716424118
17.54722222222172 7.083305725550781e-05 -0.000245259962207797
17.54999999999949 0.000176060896666807 -0.0001866434059339725
17.55277777777727 0.0002431503154226559 -8.585828045274519e-05
17.55555555555505 0.0002567517015141125 3.506668416289826e-05
17.55833333333282 0.0002132867039449839 0.0001493784598603974
17.5611111111106 0.0001218724897630959 0.0002315225562296351
17.56388888888837 2.419124571124033e-06 0.0002628619379414232
17.56666666666615 -0.0001187053234104056 0.0002359108349720925
17.56944444444393 -0.0002144985918100582 0.000156120474616837
17.5722222222217 -0.0002633499878133352 4.07912610709958e-05
17.57499999999948 -0.0002539220857810944 -8.467531212094508e-05
17.57777777777726 -0.0001877842295493048 -0.00019237380123324
17.58055555555503 -7.918563363468518e-05 -0.0002581072251137067
17.58333333333281 4.800977824824157e-05 -0.0002668304597908144
17.58611111111059 0.000165568658317834 -0.0002160985370340968
17.58888888888836 0.0002471605113287568 -0.0001167284785056533
17.59166666666614 0.0002742623745926622 9.500155316871254e-06
17.59444444444392 0.0002403701772889392 0.0001346189247040417
17.59722222222169 0.000152557917748714 0.0002306721445602285
17.59999999999947 3.001127789022484e-05 0.0002759703690742119
17.60277777777724 -0.0001001628988775351 0.0002599952813461077
17.60555555555502 -0.0002089363479005139 0.0001858451914133196
17.6083333333328 -0.0002718395805386146 6.965190488473602e-05
17.61111111111057 -0.0002744743806515981 -6.292607488142894e-05
17.61388888888835 -0.000215815006908376 -0.0001823724109585153
17.61666666666613 -0.0001085400032135908 -0.0002618908424289939
17.6194444444439 2.370363080792578e-05 -0.0002834247737467612
17.62222222222168 0.0001515146877304722 -0.0002417644785782231
17.62499999999946 0.0002462803462615991 -0.0001458061397061202
17.62777777777723 0.0002865899073383677 -1.665877914059065e-05
17.63055555555501 0.0002630801746677764 0.0001169997362810184
17.63333333333279 0.0001806141708716266 0.0002252959044540903
17.63611111111056 5.728541553319043e-05 0.0002838455529646568
17.63888888888834 -7.95509587202761e-05 0.000279252845684372
17.64166666666612 -0.0001993499412342107 0.0002121813078761144
17.64444444444389 -0.0002752026489634291 9.729148915074951e-05
17.64722222222167 -0.0002898894757026729 -3.996116190011213e-05
17.64999999999944 -0.0002397967377460322 -0.0001689694242800472
17.65277777777722 -0.0001358042928845211 -0.0002608067679668152
17.655555555555 -9.264914302561448e-07 -0.000294722374322385
17.65833333333277 0.0001347830278298371 -0.000262838338049424
17.66111111111055 0.0002409342600983648 -0.000171983887432683
17.66388888888833 0.0002936151094314483 -4.223863567109777e-05
17.6666666666661 0.0002807870795965166 9.750588674528933e-05
17.66944444444388 0.0002050428181906678 0.0002159852089376949
17.67222222222166 8.309243304962681e-05 0.000286565167209101
17.67499999999943 -5.792235865541773e-05 0.0002932387789042078
17.67777777777721 -0.0001864734187897074 0.0002342643745563573
17.68055555555499 -0.0002737033134505318 0.0001226163487972206
17.68333333333276 -0.0002999129371206144 -1.686725657435856e-05
17.68611111111054 -0.000259018949153456 -0.0001530137257401714
17.68888888888831 -0.0001599704455840405 -0.0002552897168440655
17.69166666666609 -2.479395371700454e-05 -0.0003006584825974924
17.69444444444387 0.0001163069895275263 -0.0002787781116775161
17.69722222222164 0.0002317069779196138 -0.0001943656937965185
17.69999999999942 0.0002954563179575055 -6.618547925606e-05
17.7027777777772 0.0002931260783256073 7.712317687674531e-05
17.70555555555497 0.0002250818289798333 0.0002034502848430109
17.70833333333275 0.0001064415322145471 0.0002844186569590232
17.71111111111053 -3.6282988432959e-05 0.0003017683310422635
17.7138888888883 -0.0001711149870620342 0.0002514833342180416
17.71666666666608 -0.0002677852193988697 0.0001447261625654943
17.71944444444386 -0.0003045372189146226 5.361489973376306e-06
17.72222222222163 -0.000273033181756549 -0.0001353819383314473
17.72499999999941 -0.0001802521077106014 -0.000245916431488404
17.72777777777718 -4.694661582811343e-05 -0.0003013944547598535
17.73055555555496 9.700101045863564e-05 -0.0002893040330091949
17.73333333333274 0.0002192838525646325 -0.0002122982108407498
17.73611111111051 0.0002924305009709485 -8.761700046221482e-05
17.73888888888829 0.0002999866672467834 5.677321717376877e-05
17.74166666666607 0.000240225005881493 0.0001884581148121309
17.74444444444384 0.0001265448151839868 0.0002778609178719479
17.74722222222162 -1.553191315490582e-05 0.0003048954846478881
17.7499999999994 -0.0001540947193505503 0.0002634881222680979
17.75277777777717 -0.0002580198230861823 0.0001629481302552266
17.75555555555495 -0.0003039710068758438 2.587645394986552e-05
17.75833333333273 -0.0002816492258077148 -0.000116918078304393
17.7611111111105 -0.0001961078590735345 -0.0002333506798523201
17.76388888888828 -6.661156054050059e-05 -0.0002972793757705988
17.76666666666605 7.770422740879403e-05 -0.0002943842805765865
17.76944444444383 0.0002043946941553257 -0.0002253829251611407
17.77222222222161 0.000285008926086854 -0.0001058579274665782
17.77499999999938 0.0003014889891894682 3.726265672282134e-05
17.77777777777716 0.0002502233234483248 0.0001717771535514847
17.78055555555494 0.0001428427020874543 0.000267463979511179
17.78333333333271 3.582282129389986e-06 0.0003028813428361914
17.78611111111049 -0.00013619208353989 0.000270180808161713
17.78888888888827 -0.0002450560727068058 0.0001768520948983096
17.79166666666604 -0.0002986012861976149 4.400993499530735e-05
17.79444444444382 -0.0002849170055842679 -9.838562943951841e-05
17.7972222222216 -0.00020724610768696 -0.0002182928903129897
17.79999999999937 -8.322142618996365e-05 -0.000288807573802734
17.80277777777715 5.913859247310184e-05 -0.0002942088191384404
17.80555555555492 0.0001877652233888363 -0.0002334712422000895
17.8083333333327 0.0002737719617753243 -0.0001204568409706054
17.81111111111048 0.0002979510647382867 1.924855797724342e-05
17.81388888888825 0.0002550709366909812 0.0001541323137008256
17.81666666666603 0.0001550111227959183 0.0002538709406106961
17.81944444444381 2.04879485326832e-05 0.000296156344290477
17.82222222222158 -0.0001181059738219048 0.0002716935407006279
17.82499999999936 -0.0002295752692069015 0.000186248341229851
17.82777777777714 -0.0002889522327856105 5.929285485661028e-05
17.83055555555491 -0.000283097704262232 -8.043389177963829e-05
17.83333333333269 -0.0002136140362527435 -0.0002014376166716459
17.83611111111047 -9.64230859581257e-05 -0.0002765759179457715
17.83888888888824 4.188253687456244e-05 -0.0002891551245639849
17.84166666666602 0.0001700786555308441 -0.0002366454004478282
17.84444444444379 0.0002593664893796753 -0.0001311858916445289
17.84722222222157 0.000289850659220018 3.220080455110469e-06
17.84999999999935 0.0002549791204250936 0.0001361719772241482
17.85277777777712 0.0001629526323423942 0.0002377551253379641
17.8555555555549 3.480026769053292e-05 0.0002852798790087971
17.85833333333268 -0.000100428217861136 0.0002683567611968948
17.86111111111045 -0.0002122534684002985 0.0001911707447983381
17.86388888888823 -0.0002756441926772518 7.145612932369034e-05
17.86666666666601 -0.0002766276403878298 -6.357878902626866e-05
17.86944444444378 -0.0002153736624459836 -0.0001834405159149063
17.87222222222156 -0.0001060706874609271 -0.0002612437308133737
17.87499999999934 2.635960518901275e-05 -0.0002797492014640872
17.87777777777711 0.0001519483762392706 -0.0002351885218065703
17.88055555555489 0.0002424682236493739 -0.0001380259679567481
17.88333333333266 0.0002777849550704385 -1.050481356386682e-05
17.88611111111044 0.0002503415451755696 0.0001184472574264673
17.88888888888822 0.000166774410215126 0.0002197861480133967
17.89166666666599 4.63165065067652e-05 0.0002709001136247861
17.89444444444377 -8.363006101543809e-05 0.0002606610492770236
17.89722222222155 -0.0001937324507507877 0.0001918485142437276
17.89999999999932 -0.000259355095267072 8.041817778958622e-05
17.9027777777771 -0.0002660780881195472 -4.819695016248931e-05
17.90555555555488 -0.0002128684046450165 -0.0001648951792892519
17.90833333333265 -0.0001122059520334733 -0.0002434971179973544
17.91111111111043 1.284024897940013e-05 -0.0002666247944599486
17.91388888888821 0.0001339013644024956 -0.0002295472074351684
17.91666666666598 0.0002237501424866535 -0.0001411405320732175
17.91944444444376 0.0002624305367654728 -2.176999071191706e-05
17.92222222222154 0.0002416941913965869 0.0001014025055595226
17.92499999999931 0.0001667565578664144 0.0002006034519334534
17.92777777777709 5.499944711438877e-05 0.0002537160561961603
17.93055555555486 -6.806000587218678e-05 0.0002492156804591974
17.93333333333264 -0.0001745991790278251 0.0001886700156699334
17.93611111111042 -0.000240785789896467 8.626173711730351e-05
17.93888888888819 -0.0002521137961802107 -3.453089186949646e-05
17.94166666666597 -0.0002065835983726311 -0.0001463191033747454
17.94444444444375 -0.0001150291421943071 -0.0002240186219896256
17.94722222222152 1.454133900890973e-06 -0.0002504831384036609
17.9499999999993 0.0001163710476079816 -0.0002202899700448108
17.95277777777708 0.0002038573315090145 -0.000140841661777137
17.95555555555485 0.0002445055566342233 -3.05621433791865e-05
17.95833333333263 0.0002296729389488964 8.537519716817182e-05
17.96111111111041 0.0001633142511449807 0.0001807970266818337
17.96388888888818 6.095230328437816e-05 0.0002344432036047978
17.96666666666596 -5.395065768326267e-05 0.0002347065922889651
17.96944444444373 -0.0001553728673307404 0.0001821421491862126
17.97222222222151 -0.0002206300952285147 8.92034721542939e-05
17.97499999999929 -0.0002354524916599949 -2.270254576450213e-05
17.97777777777706 -0.0001971042499993769 -0.0001281473817062306
17.98055555555484 -0.0001148642681710498 -0.0002034624270596702
17.98333333333262 -7.790115525053496e-06 -0.0002320550695723756
17.98611111111039 9.969768103809678e-05 -0.0002080645199717043
17.98888888888817 0.0001833879162007363 -0.0001375518484375192
17.99166666666595 0.0002247354036768411 -3.698545526415419e-05
17.99444444444372 0.0002149715075910719 7.060286487373467e-05
17.9972222222215 0.0001569571837518516 0.0001608944491300243
17.99999999999928 6.438856061446169e-05 0.0002137835757805403
18.00277777777705 -4.143189349460701e-05 0.0002178560357243435
18.00555555555483 -0.0001364983202239049 0.0001728485156693394
18.0083333333326 -0.0001995498469017454 8.955986137073468e-05
18.01111111111038 -0.0002168272046023881 -1.273218098404313e-05
18.01388888888816 -0.0001850729946969369 -0.0001107323430374984
18.01666666666593 -0.0001121219647394295 -0.0001824348971660173
18.01944444444371 -1.498086522814022e-05 -0.0002120668674530819
18.02222222222149 8.413410706210031e-05 -0.0001935565407891622
18.02499999999926 0.0001628793901673759 -0.0001317648535824552
18.02777777777704 0.0002038227690565219 -4.123316443170702e-05
18.03055555555482 0.0001983020067394093 5.723463724322026e-05
18.03333333333259 0.0001482494031756609 0.0001413531255499214
18.03611111111037 6.559998350477092e-05 0.000192400559998012
18.03888888888815 -3.054769266571516e-05 0.0001993857607726735
18.04166666666592 -0.0001183440412107687 0.000161409212507392
18.0444444444437 -0.0001781549157884122 8.771253702818088e-05
18.04722222222147 -0.0001969528359310738 -4.559915280636107e-06
18.04999999999925 -0.0001711507852899128 -9.43473180760836e-05
18.05277777777703 -0.0001072630835229899 -0.0001614800002010896
18.0555555555548 -2.027798982504944e-05 -0.00019121082016566
18.05833333333258 6.985482630287846e-05 -0.0001774521323717586
18.06111111111036 0.0001427995161865449 -0.0001240084732732338
18.06388888888813 0.0001824226819867452 -4.355889339472701e-05
18.06666666666591 0.0001803599002780423 4.534513269185254e-05
18.06944444444369 0.0001377721410145549 0.0001225565857652683
18.07222222222146 6.492558527571519e-05 0.0001708987418439905
18.07499999999924 -2.127426569971717e-05 0.0001799851596076291
18.07777777777702 -0.0001012036927193624 0.0001484445729070088
18.08055555555479 -0.0001569880090030591 8.407574241524282e-05
18.08333333333257 -0.000176498011421005 1.93259244839415e-06
18.08611111111034 -0.0001559823109121713 -7.91929091430351e-05
18.08888888888812 -0.0001007654775081496 -0.0001410691076087779
18.0916666666659 -2.388834664488876e-05 -0.000170121189229857
18.09444444444367 5.696660956270449e-05 -0.00016040558822335
18.09722222222145 0.0001235410140664088 -0.0001148114590096093
18.09999999999923 0.0001611228485041682 -4.425005430400313e-05
18.102777777777 0.0001617947162045051 3.4948855029768e-05
18.10555555555478 0.0001260916265056463 0.0001048138211403215
18.10833333333256 6.272373922652608e-05 0.0001498087446691622
18.11111111111033 -1.353760505582671e-05 0.0001602853658993629
18.11388888888811 -8.529973269590952e-05 0.0001345445564528701
18.11666666666589 -0.0001365140044195184 7.906791041806152e-05
18.11944444444366 -0.0001560629052573893 6.902111761325417e-06
18.12222222222144 -0.000140167561437054 -6.540447731908089e-05
18.12499999999921 -9.309577428604354e-05 -0.0001215946940045002
18.12777777777699 -2.604396626507555e-05 -0.0001493559665719322
18.13055555555477 4.551930971232642e-05 -0.0001430136308383723
18.13333333333254 0.0001054193822298419 -0.0001046761591669984
18.13611111111032 0.0001404294271780972 -4.360496389900464e-05
18.1388888888881 0.0001431873416717441 2.601374649455581e-05
18.14166666666587 0.0001137331996354452 8.83608856632568e-05
18.14444444444365 5.934890373305284e-05 0.0001295769902455279
18.14722222222143 -7.229158447221015e-06 0.0001408398851481938
18.1499999999992 -7.078836940925278e-05 0.0001202448539054761
18.15277777777698 -0.0001171135516966396 7.308864779269756e-05
18.15555555555476 -0.0001361633669399828 1.052668486213294e-05
18.15833333333253 -0.00012424035039969 -5.305995937122992e-05
18.16111111111031 -8.468721507403346e-05 -0.000103367534141808
18.16388888888808 -2.698404913164395e-05 -0.0001293845472001856
18.16666666666586 3.551600174967724e-05 -0.0001257966788307747
18.16944444444364 8.86733596159335e-05 -9.40577407150468e-05
18.17222222222141 0.0001207581901071679 -4.191460623133239e-05
18.17499999999919 0.000125034256648697 1.847308327228879e-05
18.17777777777697 0.0001011623645151963 7.336422025048546e-05
18.18055555555474 5.513372676099304e-05 0.0001105601922340909
18.18333333333252 -2.218901947566911e-06 0.0001221119132913167
18.1861111111103 -5.776529033432442e-05 0.0001060101338828254
18.18888888888807 -9.908065462371371e-05 6.650170455834926e-05
18.19166666666585 -0.0001172213422633865 1.299194633782836e-05
18.19444444444363 -0.0001086540240248532 -4.218750503716365e-05
18.1972222222214 -7.592394728257966e-05 -8.66170554069095e-05
18.19999999999918 -2.694122471868118e-05 -0.0001105811747166789
18.20277777777696 2.692201097813458e-05 -0.0001091871925074441
18.20555555555473 7.34676685290896e-05 -8.335018888549189e-05
18.20833333333251 0.0001024308280292405 -3.944933926453433e-05
18.21111111111028 0.0001077385960681861 1.223537240511691e-05
18.21388888888806 8.877279890152078e-05 5.992536011239635e-05
18.21666666666584 5.037665664105815e-05 9.302427911944614e-05
18.21944444444361 1.634405400407882e-06 0.000104468104692286
18.22222222222139 -4.627187765465871e-05 9.222427976827622e-05
18.22499999999917 -8.262390516920448e-05 5.962388393545902e-05
18.22777777777694 -9.956125151436782e-05 1.448099619318718e-05
18.23055555555472 -9.377405656026243e-05 -3.277272919905158e-05
18.2333333333325 -6.713155883431592e-05 -7.149452443188739e-05
18.23611111111027 -2.613199893034361e-05 -9.322375719436205e-05
18.23888888888805 1.967273031078789e-05 -9.352467347945716e-05
18.24166666666583 5.989775728062348e-05 -7.287871579987971e-05
18.2444444444436 8.567596424445962e-05 -3.645031369901239e-05
18.24722222222138 9.160751812109759e-05 7.192276728029257e-06
18.24999999999915 7.68808087844478e-05 4.808681304789479e-05
18.25277777777693 4.533467076275596e-05 7.714731061832769e-05
18.25555555555471 4.475619586659649e-06 8.81781979724129e-05
18.25833333333248 -3.630179201327415e-05 7.918698311037754e-05
18.26111111111026 -6.787096304336336e-05 5.271935404434173e-05
18.26388888888804 -8.341169390559172e-05 1.516751307271386e-05
18.26666666666581 -7.987679834121064e-05 -2.476557456921234e-05
18.26944444444359 -5.857317626145734e-05 -5.807871945007418e-05
18.27222222222137 -2.475092697408909e-05 -7.749741278032078e-05
18.27499999999914 1.368035164943463e-05 -7.905651019434629e-05
18.27777777777692 4.799627684037956e-05 -6.289777650420385e-05
18.2805555555547 7.063425591614742e-05 -3.312499443907661e-05
18.28333333333247 7.685502285649448e-05 3.224832382865054e-06
18.28611111111025 6.572532211682833e-05 3.783894646032159e-05
18.28888888888802 4.022037350936662e-05 6.302581242512393e-05
18.2916666666658 6.44785289410944e-06 7.34196235401272e-05
18.29444444444358 -2.780788264723119e-05 6.711570519467202e-05
18.29722222222135 -5.487577654641381e-05 4.599848561241934e-05
18.29999999999913 -6.891160893608723e-05 1.52115532769234e-05
18.30277777777691 -6.715332980029277e-05 -1.808687563642951e-05
18.30555555555468 -5.045013951250418e-05 -4.638367656316602e-05
18.30833333333246 -2.29678166682763e-05 -6.350190858687407e-05
18.31111111111024 8.839742370130499e-06 -6.594358915848739e-05
18.31388888888801 3.774098999142759e-05 -5.359361277100331e-05
18.31666666666579 5.736680339492029e-05 -2.964595766658767e-05
18.31944444444357 6.360913270603154e-05 2.083333392579836e-07
18.32222222222134 5.547227050710807e-05 2.912770591113469e-05
18.32499999999912 3.520251678619644e-05 5.06838287905321e-05
18.32777777777689 7.688841899812814e-06 6.028602108434884e-05
18.33055555555467 -2.07093809428021e-05 5.615180661085027e-05
18.33333333333245 -4.362794184609479e-05 3.962016500643267e-05
18.33611111111022 -5.611986317962701e-05 1.475738235227209e-05
18.338888888888 -5.571719554857771e-05 -1.263472085657354e-05
18.34166666666578 -4.290611681896419e-05 -3.636802018009151e-05
18.34444444444355 -2.092718138977565e-05 -5.126202336330367e-05
18.34722222222133 5.033705475726013e-06 -5.426944361392111e-05
18.34999999999911 2.906374820704949e-05 -4.509012200456326e-05
18.35277777777688 4.586597944389e-05 -2.615206752245056e-05
18.35555555555466 5.192222703080089e-05 -1.983739242481121e-06
18.35833333333244 4.622211130439983e-05 2.18629335013088e-05
18.36111111111021 3.040894701511576e-05 4.008390280151283e-05
18.36388888888799 8.328531019708441e-06 4.879850089726139e-05
18.36666666666576 -1.489928310500206e-05 4.636957396163025e-05
18.36944444444354 -3.406352205011616e-05 3.369650352391116e-05
18.37222222222132 -4.502715777486403e-05 1.393270388904182e-05
18.37499999999909 -4.561474587961078e-05 -8.290656841860462e-06
18.37777777777687 -3.603351634548009e-05 -2.794532067978601e-05
18.38055555555465 -1.874919512322418e-05 -4.073980802589175e-05
18.38333333333242 2.137802397101158e-06 -4.405168598680494e-05
18.3861111111102 2.186010778323352e-05 -3.745686338665348e-05
18.38888888888798 3.606774604189011e-05 -2.275118700798157e-05
18.39166666666575 4.178331547162947e-05 -3.47643463685767e-06
18.39444444444353 3.801927758281268e-05 1.592698947986774e-05
18.39722222222131 2.593105148313232e-05 3.113915757236417e-05
18.39999999999908 8.487443147442837e-06 3.891849004818407e-05
18.40277777777686 -1.025175730089989e-05 3.778692629423477e-05
18.40555555555463 -2.607661373378859e-05 2.829895148077298e-05
18.40833333333241 -3.55691695489008e-05 1.284874815329545e-05
18.41111111111019 -3.683688228911336e-05 -4.925698861000996e-06
18.41388888888796 -2.988115689421937e-05 -2.099488724112447e-05
18.41666666666574 -1.653151667678752e-05 -3.184774215258102e-05
18.41944444444352 2.482585428051268e-08 -3.525455242384325e-05
18.42222222222129 1.599911622837017e-05 -3.071813553760337e-05
18.42499999999907 2.786455269338979e-05 -1.952370949941727e-05
18.42777777777685 3.313112622642392e-05 -4.390495022312922e-06
18.43055555555462 3.086248025729607e-05 1.118333097150837e-05
18.4333333333324 2.18289256855118e-05 2.372567601096071e-05
18.43611111111018 8.275531018305783e-06 3.05611014693856e-05
18.43888888888795 -6.629349132548128e-06 3.037673262944853e-05
18.44166666666573 -1.953096744800352e-05 2.346499047152525e-05
18.4444444444435 -2.763993769806107e-05 1.160082219876468e-05
18.44722222222128 -2.933116154654362e-05 -2.406036022525377e-06
18.44999999999906 -2.446233934277223e-05 -1.537241362013688e-05
18.45277777777683 -1.435150626558979e-05 -2.446188177823567e-05
18.45555555555461 -1.431081985556289e-06 -2.780155161462513e-05
18.45833333333239 1.133279770672356e-05 -2.48622518997159e-05
18.46111111111016 2.111800207061114e-05 -1.65263700389813e-05
18.46388888888794 2.586705182258844e-05 -4.839870220295308e-06
18.46666666666572 2.471498854311084e-05 7.484684948686891e-06
18.46944444444349 1.813667164383611e-05 1.769446005241252e-05
18.47222222222127 7.791330410407216e-06 2.360812959512699e-05
18.47499999999905 -3.889725983372675e-06 2.407788118803526e-05
18.47777777777682 -1.427104030440781e-05 1.920477946493271e-05
18.4805555555546 -2.110466929798808e-05 1.026906839734954e-05
18.48333333333238 -2.301342629225088e-05 -5.982682536851119e-07
18.48611111111015 -1.976267467785713e-05 -1.091995196991808e-05
18.48888888888793 -1.226852010097404e-05 -1.843424772883243e-05
18.4916666666657 -2.350740859064939e-06 -2.158742460325147e-05
18.49444444444348 7.704907256967721e-06 -1.985036370836177e-05
18.49722222222126 1.567061229799662e-05 -1.379597395747826e-05
18.49999999999903 1.986720736218244e-05 -4.929581214862982e-06
18.50277777777681 1.951424541879352e-05 4.680475464817834e-06
