16.5 1.339779795494244e-07 -1.701547822460057e-07
16.50277777777778 1.580138308242574e-07 -1.583244548888996e-07
16.50555555555555 1.812335922864531e-07 -1.432590845769817e-07
16.50833333333333 2.032192375743459e-07 -1.249738310684714e-07
16.51111111111111 2.235435421070041e-07 -1.03535837246442e-07
16.51388888888888 2.417762928304943e-07 -7.906675975673962e-08
16.51666666666666 2.574909814369294e-07 -5.174459178450694e-08
16.51944444444444 2.702719051710289e-07 -2.180469795862758e-08
16.52222222222221 2.797215871378758e-07 1.046001121068626e-08
16.52499999999999 2.854684164365856e-07 4.469982878875086e-08
16.52777777777776 2.871743977020246e-07 8.050997729528059e-08
16.53055555555554 2.845428899903057e-07 1.17433350971428e-07
16.53333333333332 2.773262066336313e-07 1.549643002610472e-07
16.53611111111109 2.653329409572163e-07 1.925534687538724e-07
16.53888888888887 2.484348778232477e-07 2.296136759715604e-07
16.54166666666665 2.26573348056229e-07 2.655268214340122e-07
16.54444444444442 1.997648821083048e-07 2.996517666350867e-07
16.5472222222222 1.681060210094992e-07 3.313331321604423e-07
16.54999999999998 1.317771468561454e-07 3.599109274784936e-07
16.55277777777775 9.104520193530268e-08 3.84730911240205e-07
16.55555555555553 4.626517512102986e-08 4.051555605865383e-07
16.55833333333331 -2.119753547790615e-09 4.205755093245197e-07
16.56111111111108 -5.357950422386913e-08 4.30421297278924e-07
16.56388888888886 -1.074999010281775e-07 4.341752570210241e-07
16.56666666666663 -1.631870445902083e-07 4.313833499098612e-07
16.56944444444441 -2.198732871825338e-07 4.216667513189557e-07
16.57222222222219 -2.767248196430426e-07 4.047329754317148e-07
16.57499999999996 -3.328508527735164e-07 3.803863234114332e-07
16.57777777777774 -3.873143478739737e-07 3.485374354031467e-07
16.58055555555552 -4.391442218773857e-07 3.092117269900354e-07
16.58333333333329 -4.873489226318617e-07 2.625564946427723e-07
16.58611111111107 -5.30931239685895e-07 2.088464825628902e-07
16.58888888888885 -5.68904185980888e-07 1.484877152640218e-07
16.59166666666662 -6.003077566704421e-07 8.201941633708829e-08
16.5944444444444 -6.24226343432542e-07 1.011385410716829e-08
16.59722222222218 -6.398065566823785e-07 -6.642602074246069e-08
16.59999999999995 -6.462751846193913e-07 -1.466712521834539e-07
16.60277777777773 -6.429569976199825e-07 -2.295739450347668e-07
16.6055555555555 -6.292920896835102e-07 -3.139767593799583e-07
16.60833333333328 -6.048524359898694e-07 -3.986248336932777e-07
16.61111111111106 -5.693573376323889e-07 -4.821800960196342e-07
16.61388888888883 -5.226874217059201e-07 -5.632378793361539e-07
16.61666666666661 -4.648968675480371e-07 -6.403457125811652e-07
16.61944444444439 -3.962235383828448e-07 -7.120241134117578e-07
16.62222222222216 -3.170967121373143e-07 -7.767891633109496e-07
16.62499999999994 -2.281421259567335e-07 -8.331766009728049e-07
16.62777777777772 -1.30184075980453e-07 -8.797671267995624e-07
16.63055555555549 -2.424434721095549e-08 -9.152125706877101e-07
16.63333333333327 8.846221234697988e-08 -9.382625379398098e-07
16.63611111111105 2.065356139799612e-07 -9.477911149876703e-07
16.63888888888882 3.284022371795532e-07 -9.428231884975993e-07
16.6416666666666 4.523299599984893e-07 -9.225599091829825e-07
16.64444444444437 5.764468860925048e-07 -8.864028160423018e-07
16.64722222222215 6.987635806629786e-07 -8.339761284838526e-07
16.64999999999993 8.1719866191684e-07 -7.651467135177149e-07
16.6527777777777 9.296075274611111e-07 -6.800412434204946e-07
16.65555555555548 1.033813927337363e-06 -5.790600764150187e-07
16.65833333333326 1.127644028305597e-06 -4.628874192436478e-07
16.66111111111103 1.208962548741278e-06 -3.324973661839496e-07
16.66388888888881 1.275710481371584e-06 -1.891554540323017e-07
16.66666666666659 1.325943863327486e-06 -3.441542669839895e-08
16.66944444444436 1.357873000943571e-06 1.298890340794662e-07
16.67222222222214 1.369901511654554e-06 3.01657784270838e-07
16.67499999999992 1.360664508477887e-06 4.785429931145672e-07
16.67777777777769 1.329065225089597e-06 6.579732272410416e-07
16.68055555555547 1.274309362495371e-06 8.371827611465916e-07
16.68333333333324 1.195936432724674e-06 1.013245936762661e-06
16.68611111111102 1.09384738166712e-06 1.183116296926476e-06
16.6888888888888 9.683277927806454e-07 1.343670118279357e-06
16.69166666666657 8.20066006407916e-07 1.491753870148267e-06
16.69444444444435 6.501655361012829e-07 1.624235029076029e-06
16.69722222222213 4.601512237145547e-07 1.738055585696189e-06
16.6999999999999 2.519686488785574e-07 1.830287493474994e-06
16.70277777777768 2.79763953457732e-08 1.898189229395307e-06
16.70555555555546 -2.090691240976741e-07 1.93926256677726e-06
16.70833333333323 -4.560364719431823e-07 1.951308601998275e-06
16.71111111111101 -7.094496866717779e-07 1.93248203159888e-06
16.71388888888879 -9.655264178916543e-07 1.881342645778059e-06
16.71666666666656 -1.220223497915521e-06 1.796902990037766e-06
16.71944444444434 -1.469289611008163e-06 1.678671149990969e-06
16.72222222222211 -1.708324578074255e-06 1.526687636119829e-06
16.72499999999989 -1.932844630890067e-06 1.341555386304812e-06
16.72777777777767 -2.138352908567213e-06 1.124461964711411e-06
16.73055555555544 -2.320414272493354e-06 8.771931162163698e-07
16.73333333333322 -2.474733407176519e-06 6.021369357987678e-07
16.736111111111 -2.59723505605015e-06 3.022780315708531e-07
16.73888888888877 -2.684145136041338e-06 -1.881880251334713e-08
16.74166666666655 -2.73207138530207e-06 -3.570357342008649e-07
16.74444444444433 -2.738082127431637e-06 -7.077400215795337e-07
16.7472222222221 -2.699781685204036e-06 -1.065833101767631e-06
16.74999999999988 -2.615380949354198e-06 -1.425810426217097e-06
16.75277777777766 -2.483761605256236e-06 -1.781831629289407e-06
16.75555555555543 -2.30453254386727e-06 -2.127800412253923e-06
16.75833333333321 -2.078077034230539e-06 -2.457453319354908e-06
16.76111111111098 -1.805589313896216e-06 -2.76445637945154e-06
16.76388888888876 -1.489099361024361e-06 -3.042508389955524e-06
16.76666666666654 -1.131484747494179e-06 -3.285449433087954e-06
16.76944444444431 -7.364686352450033e-07 -3.487373041899575e-06
16.77222222222209 -3.086031670257253e-07 -3.642740278902543e-06
16.77499999999987 1.467622840876298e-07 -3.746493857372365e-06
16.77777777777764 6.235283071115224e-07 -3.794170328089746e-06
16.78055555555542 1.114908134407974e-06 -3.782008275859407e-06
16.7833333333332 1.613505589424261e-06 -3.707050423679318e-06
16.78611111111097 2.111407797931793e-06 -3.567237530628557e-06
16.78888888888875 2.600291871967103e-06 -3.36149199459134e-06
16.79166666666653 3.071544485581463e-06 -3.089789134536068e-06
16.7944444444443 3.516392974141885e-06 -2.753214230274417e-06
16.79722222222208 3.926046309601414e-06 -2.354003540880028e-06
16.79999999999986 4.291844038422017e-06 -1.895567705925101e-06
16.80277777777763 4.605411022152843e-06 -1.382496155422636e-06
16.80555555555541 4.858815598662184e-06 -8.205414129834781e-07
16.80833333333318 5.044728589989058e-06 -2.165824697535002e-07
16.81111111111096 5.156580425995057e-06 4.214332693164898e-07
16.81388888888874 5.188713536135304e-06 1.084569614247494e-06
16.81666666666651 5.136527089225767e-06 1.763002568204043e-06
16.81944444444429 4.996611136737926e-06 2.446142039582395e-06
16.82222222222207 4.766867242125485e-06 3.122773272313174e-06
16.82499999999984 4.446612759294661e-06 3.781216574502496e-06
16.82777777777762 4.03666605912952e-06 4.40950352459138e-06
16.8305555555554 3.539410194577061e-06 4.995567443898779e-06
16.83333333333317 2.958832741782046e-06 5.527445552415952e-06
16.83611111111095 2.300539855776147e-06 5.993489878704711e-06
16.83888888888873 1.571742931678483e-06 6.382583682553826e-06
16.8416666666665 7.812166629006442e-07 6.684359877970523e-06
16.84444444444428 -6.077226851121041e-08 6.889417721578215e-06
16.84722222222205 -9.425661527455657e-07 6.989533863909582e-06
16.84999999999983 -1.851246635472912e-06 6.977863754780108e-06
16.85277777777761 -2.772793758927482e-06 6.849129353893486e-06
16.85555555555538 -3.692272345922353e-06 6.599789128544656e-06
16.85833333333316 -4.59404385574104e-06 6.228186424931518e-06
16.86111111111094 -5.462001289082985e-06 5.734672480238508e-06
16.86388888888871 -6.279824181741964e-06 5.121700600129426e-06
16.86666666666649 -7.031250214353441e-06 4.393888359963012e-06
16.86944444444427 -7.700359488795109e-06 3.558045095962272e-06
16.87222222222204 -8.271867091441778e-06 2.623162431128591e-06
16.87499999999982 -8.731419189551011e-06 1.600366125070792e-06
16.8777777777776 -9.06588759960636e-06 5.028281404994442e-07
16.88055555555537 -9.263657534437201e-06 -6.543615258693244e-07
16.88333333333315 -9.314903087640748e-06 -1.854363003193108e-06
16.88611111111092 -9.211844956304657e-06 -3.078793723636613e-06
16.8888888888887 -8.948984942101569e-06 -4.307972894762787e-06
16.89166666666648 -8.523311910764887e-06 -5.521200789263574e-06
16.89444444444425 -7.934474133467072e-06 -6.697069624630986e-06
16.89722222222203 -7.184913281583559e-06 -7.813802075972469e-06
16.89999999999981 -6.279955797783785e-06 -8.849612770528976e-06
16.90277777777758 -5.22785791832172e-06 -9.783087467017451e-06
16.90555555555536 -4.039801268913672e-06 -1.059357404096474e-05
16.90833333333314 -2.72983669267433e-06 -1.126157889273684e-05
16.91111111111091 -1.314774784132908e-06 -1.176916198124225e-05
16.91388888888869 1.859775124002509e-07 -1.210032337536299e-05
16.91666666666647 1.750633941805369e-06 -1.224137401810419e-05
16.91944444444424 3.35529833474053e-06 -1.218128332456647e-05
16.92222222222202 4.97428407532721e-06 -1.191199629168751e-05
16.92499999999979 6.580480338453174e-06 -1.142871299079732e-05
16.92777777777757 8.14576079041892e-06 -1.073012364664198e-05
16.93055555555535 9.641429471013993e-06 -9.818592979486838e-06
16.93333333333312 1.10386976480788e-05 -8.70028809844916e-06
16.9361111111109 1.230918457665184e-05 -7.385244979963558e-06
16.93888888888868 1.342543432321913e-05 -5.887369438041945e-06
16.94166666666645 1.436144014977827e-05 -4.224369483026149e-06
16.94444444444423 1.509316741008521e-05 -2.417617060123093e-06
16.94722222222201 1.559906550742944e-05 -4.919383432510323e-07
16.94999999999978 1.586055921397381e-05 1.524666984035159e-06
16.95277777777756 1.586250956814453e-05 3.601375720330165e-06
16.95555555555534 1.559363465828963e-05 5.704957331386894e-06
16.95833333333311 1.504688087470929e-05 7.800251902713041e-06
16.96111111111089 1.42197356717997e-05 9.850704104723819e-06
16.96388888888866 1.31144735278744e-05 1.181894612941759e-05
16.96666666666644 1.173832761923657e-05 1.366742133963271e-05
16.96944444444422 1.010358073042136e-05 1.535903924912339e-05
16.97222222222199 8.227570094232162e-06 1.685785144830194e-05
16.97499999999977 6.132602178997081e-06 1.812973723169853e-05
16.97777777777755 3.845774899401728e-06 1.914308699104602e-05
16.98055555555532 1.398706300007448e-06 1.98694709337507e-05
16.9833333333331 -1.172829576128723e-06 2.028428038798899e-05
16.98611111111088 -3.829357195026023e-06 2.036732887845729e-05
16.98888888888865 -6.528240215573071e-06 2.010340031216338e-05
16.99166666666643 -9.224302386188243e-06 1.948273200994037e-05
16.99444444444421 -1.187052095616765e-05 1.850142095999793e-05
16.99722222222198 -1.441878323328063e-05 1.716174255430152e-05
16.99999999999976 -1.682069534534057e-05 1.547237219160385e-05
17.00277777777753 -1.902843082175329e-05 1.344850148235574e-05
17.00555555555531 -2.0995605333e-05 1.111184235595776e-05
17.00833333333309 -2.267816284402092e-05 8.49051412996512e-06
17.01111111111086 -2.403525757979166e-05 5.618810530269343e-06
17.01388888888864 -2.503011559482949e-05 2.536845722263025e-06
17.01666666666642 -2.563085940531725e-05 -7.099194068357687e-07
17.01944444444419 -2.581127910147228e-05 -4.071267220664112e-06
17.02222222222197 -2.555153362268078e-05 -7.492923779421525e-06
17.02499999999975 -2.483876645736606e-05 -1.091736169594739e-05
17.02777777777752 -2.366762092663625e-05 -1.428469510775665e-05
17.0305555555553 -2.204064142272004e-05 -1.753365433441424e-05
17.03333333333308 -1.996854849128539e-05 -2.060262579026722e-05
17.03611111111085 -1.747037745567028e-05 -2.343074090634423e-05
17.03888888888863 -1.457347235979713e-05 -2.595899622239344e-05
17.0416666666664 -1.131332932765392e-05 -2.813138548123762e-05
17.04444444444418 -7.733285967695176e-06 -2.989602352897919e-05
17.04722222222196 -3.884056151815581e-06 -3.120624112856078e-05
17.04999999999973 1.768876733036149e-07 -3.202162945839644e-05
17.05277777777751 4.38607957616437e-06 -3.230901311346357e-05
17.05555555555529 8.674964630022275e-06 -3.204333086982551e-05
17.05833333333306 1.297093188974059e-05 -3.120840432268883e-05
17.06111111111084 1.719846211627667e-05 -2.979757576476e-05
17.06388888888862 2.128037381967953e-05 -2.781419832902248e-05
17.06666666666639 2.513914869859342e-05 -2.527196346374573e-05
17.06944444444417 2.869831531108281e-05 -2.219505321566107e-05
17.07222222222195 3.1883867873632e-05 -1.861810753864536e-05
17.07499999999972 3.462569549894313e-05 -1.458599988327962e-05
17.0777777777775 3.68589959959695e-05 -1.015341761074245e-05
17.08055555555528 3.852564760431912e-05 -5.384247262306791e-06
17.08333333333305 3.957551175370992e-05 -3.507683438198156e-07
17.08611111111083 3.99676401508375e-05 4.867337008423931e-06
17.0888888888886 3.967136021805158e-05 1.018414739630082e-05
17.09166666666638 3.866721414718335e-05 1.550882382009959e-05
17.09444444444416 3.694772858545728e-05 2.074707135916034e-05
17.09722222222193 3.451799422620173e-05 2.580271927686445e-05
17.09999999999971 3.139603731259317e-05 3.057939490288929e-05
17.10277777777749 2.761296824481102e-05 3.498226393888151e-05
17.10555555555526 2.321289606797106e-05 3.891980753439111e-05
17.10833333333304 1.82526015568075e-05 4.230560465051916e-05
17.11111111111082 1.28009658435529e-05 4.506008692040441e-05
17.11388888888859 6.938155988030209e-06 4.711223247560442e-05
17.11666666666637 7.545734874206197e-07 4.840116507155498e-05
17.11944444444415 -5.650423613191779e-06 4.887762533950971e-05
17.12222222222192 -1.217000970775029e-05 4.850528213286704e-05
17.1249999999997 -1.86915718820532e-05 4.726185372506739e-05
17.12777777777747 -2.50985572732889e-05 4.514001104598744e-05
17.13055555555525 -3.127245934266605e-05 4.214803819200075e-05
17.13333333333303 -3.709491121354311e-05 3.831022907727796e-05
17.1361111111108 -4.244985103900215e-05 3.366700326369333e-05
17.13888888888858 -4.722572171930299e-05 2.827472865393369e-05
17.14166666666636 -5.131766526030533e-05 2.220524378770329e-05
17.14444444444413 -5.462967071374222e-05 1.554507786119885e-05
17.14722222222191 -5.707663401808557e-05 8.39437220598665e-06
17.14999999999969 -5.858628820525547e-05 8.6551271621413e-07
17.15277777777746 -5.910096337986085e-05 -6.918511504423769e-06
17.15555555555524 -5.857913762409017e-05 -1.482600229808137e-05
17.15833333333302 -5.699674253105977e-05 -2.271867291992987e-05
17.16111111111079 -5.43481904014861e-05 -3.045396311490253e-05
17.16388888888857 -5.064709421894792e-05 -3.788751230706098e-05
17.16666666666634 -4.592665629604235e-05 -4.48757501315155e-05
17.16944444444412 -4.023970689130734e-05 -5.127855988942571e-05
17.1722222222219 -3.365838005413126e-05 -5.696196757327303e-05
17.17499999999967 -2.627342036604889e-05 -6.180080697615189e-05
17.17777777777745 -1.819312100686372e-05 -6.568131013244098e-05
17.18055555555523 -9.541900562684892e-06 -6.850357199664543e-05
17.183333333333 -4.585330862345598e-07 -7.018383888925083e-05
17.18611111111078 8.905947017780884e-06 -7.065657184733901e-05
17.18888888888856 1.839063681197323e-05 -6.987623861603093e-05
17.19166666666633 2.782741829156711e-05 -6.781879159044412e-05
17.19444444444411 3.70438322877558e-05 -6.448279353104648e-05
17.19722222222189 4.586612603545988e-05 -5.98901582742859e-05
17.19999999999966 5.412242276679366e-05 -5.408647987166403e-05
17.20277777777744 6.164595765445878e-05 -4.714093052153106e-05
17.20555555555521 6.827832132032709e-05 -3.914571520086913e-05
17.20833333333299 7.387265004111634e-05 -3.021507893147113e-05
17.21111111111077 7.829670079443714e-05 -2.048387099216737e-05
17.21388888888854 8.143574945833545e-05 -1.010567895903549e-05
17.21666666666632 8.319525183436976e-05 7.494459325979018e-07
17.2194444444441 8.350320972841593e-05 1.189764213226388e-05
17.22222222222187 8.23121880800658e-05 2.314423166472391e-05
17.22499999999965 7.960093405232975e-05 3.428700869265919e-05
17.22777777777743 7.537555501773464e-05 4.511976978771351e-05
17.2305555555552 6.967021942685848e-05 5.543602665087057e-05
17.23333333333298 6.254735251667028e-05 6.50328366631771e-05
17.23611111111076 5.409730758329658e-05 7.37146823635562e-05
17.23888888888853 4.443750296483391e-05 8.129732785464297e-05
17.24166666666631 3.371102478799399e-05 8.761157833625368e-05
17.24444444444408 2.208470575766562e-05 9.250686852718086e-05
17.24722222222186 9.746700612468515e-06 9.585460672202881e-05
17.24999999999964 -3.096410856069305e-06 9.75512036576014e-05
17.25277777777741 -1.622295232732566e-05 9.752071923841972e-05
17.25555555555519 -2.939986060949196e-05 9.571706546019153e-05
17.25833333333297 -4.238671718697116e-05 9.212571051567698e-05
17.26111111111074 -5.494003445349784e-05 8.676483698249271e-05
17.26388888888852 -6.681772252491912e-05 7.968591606153633e-05
17.2666666666663 -7.778365684840863e-05 7.097366991744407e-05
17.26944444444407 -8.761226252472146e-05 6.074540510087031e-05
17.27222222222185 -9.609302845621699e-05 4.914971162302782e-05
17.27499999999963 -0.0001030348632371174 3.636453429254499e-05
17.2777777777774 -0.0001082702051746833 2.25946351991085e-05
17.28055555555518 -0.0001116588010213244 8.068478497648044e-06
17.28333333333295 -0.0001130910719116973 -6.965419325668921e-06
17.28611111111073 -0.0001124909906125874 -2.224261898356966e-05
17.28888888888851 -0.0001098184014468266 -3.748730217760461e-05
17.29166666666628 -0.0001050707230523217 -5.241715425829441e-05
17.29444444444406 -9.828398435639778e-05 -6.674850169499889e-05
17.29722222222184 -8.953315562454236e-05 -8.020161301283301e-05
17.29999999999961 -7.893174899377253e-05 -9.250606614095942e-05
17.30277777777739 -6.663067630638906e-05 -0.0001034060811361883
17.30555555555517 -5.281636608452977e-05 -0.0001126657151191472
17.30833333333294 -3.770815586727944e-05 -0.0001200738160903565
17.31111111111072 -2.155499059989835e-05 -0.0001254486341337342
17.3138888888885 -4.631472037035306e-06 -0.0001286419923884346
17.31666666666627 1.2766682090185e-05 -0.0001295429260589331
17.31944444444405 3.032769737643986e-05 -0.0001280807055769079
17.32222222222182 4.772923677036865e-05 -0.0001242271697266343
17.3249999999996 6.464423493138451e-05 -0.0001179983059604172
17.32777777777738 8.074696941220881e-05 -0.0001094550280823902
17.33055555555515 9.571925784995253e-05 -9.870311575499618e-05
17.33333333333293 0.0001092566650032799 -8.589229563728329e-05
17.33611111111071 0.0001210746002655188 -7.121446012341284e-05
17.33888888888848 0.0001309141853323393 -5.490103631419489e-05
17.34166666666626 0.0001385477730845347 -3.721953471138587e-05
17.34444444444404 0.0001437840025012392 -1.846932384257275e-05
17.34722222222181 0.0001464722805333445 1.023306733019228e-06
17.34999999999959 0.0001465065902796688 2.091071714580944e-05
17.35277777777737 0.0001438285354189874 4.083002947336256e-05
17.35555555555514 0.0001384295435007158 6.040967648325376e-05
17.35833333333292 0.0001303521651918752 7.927627069908667e-05
17.3611111111107 0.0001196904226754365 9.706166851617978e-05
17.36388888888847 0.0001065891778197722 0.0001134100972214944
17.36666666666625 9.124250917275484e-05 0.0001279852083380408
17.36944444444402 7.389110594606731e-05 0.0001404769188511388
17.3722222222218 5.481870656994908e-05 0.0001506079027068064
17.37499999999958 3.434762874896948e-05 0.000158139598531537
17.37777777777735 1.283345684363552e-05 0.000162877605817641
17.38055555555513 -9.341029551626329e-06 0.0001646763507890035
17.38333333333291 -3.177258513368798e-05 0.0001634429146908179
17.38611111111068 -5.404477058332834e-05 0.0001591399311738722
17.38888888888846 -7.573563718570645e-05 0.000151787475543967
17.39166666666624 -9.64256840725612e-05 0.0001414638866545743
17.39444444444401 -0.0001157059392380902 0.0001283054818220378
17.39722222222179 -0.0001331860096853 0.0001125051459816236
17.39999999999957 -0.0001485019431893219 9.430979799806618e-05
17.40277777777734 -0.0001613237443567913 7.401675917529907e-05
17.40555555555512 -0.0001713623909693683 5.196907115325916e-05
17.40833333333289 -0.0001783762030441928 2.85498320819131e-05
17.41111111111067 -0.0001821764265559741 4.175640792724356e-06
17.41388888888845 -0.0001826319062353291 -2.071074180531857e-05
17.41666666666622 -0.0001796727370951383 -4.564838710379542e-05
17.419444444444 -0.0001732928021032731 -7.01667063047277e-05
17.42222222222178 -0.0001635511234155172 -9.379431527306959e-05
17.42499999999955 -0.0001505719764540627 -0.0001160680906108848
17.42777777777733 -0.0001345437394719714 -0.000136542243575299
17.43055555555511 -0.0001157164756387134 -0.0001547972345140769
17.43333333333288 -9.439826965872577e-05 -0.000170448349978257
17.43611111111066 -7.095036599706789e-05 -0.0001831537676983799
17.43888888888844 -4.578118043652355e-05 -0.0001926219411818346
17.44166666666621 -1.9339280420262e-05 -0.0001986181457531583
17.44444444444399 7.894548045815973e-06 -0.0002009700412840475
17.44722222222176 3.54160087371831e-05 -0.0001995721234518498
17.44999999999954 6.270662252184766e-05 -0.0001943889548511841
17.45277777777732 8.924350204558681e-05 -0.0001854570893349537
17.45555555555509 0.0001145093899883069 -0.0001728856271845107
17.45833333333287 0.0001380027683298964 -0.0001568553646609283
17.46111111111065 0.0001592478409700189 -0.0001376165286827381
17.46388888888842 0.0001778041908139191 -0.0001154851152875335
17.4666666666662 0.0001932759151650639 -9.083787860998075e-05
17.46944444444398 0.0002053200499653791 -6.410604479805859e-05
17.47222222222175 0.0002136541040606036 -3.576785200505584e-05
17.47499999999953 0.0002180625390810555 -6.340042799696268e-06
17.47777777777731 0.0002184020485154167 2.363154152570097e-05
17.48055555555508 0.0002146055108123663 5.358209469505916e-05
17.48333333333286 0.0002066845155096769 8.293851963993872e-05
17.48611111111063 0.0001947303880253143 0.0001111304414581585
17.48888888888841 0.0001789136673599554 0.0001376013471470412
17.49166666666619 0.0001594820210083089 0.0001618196339037887
17.49444444444396 0.0001367566122818743 0.0001832893458294658
17.49722222222174 0.0001111269663900424 0.000201560381324467
17.49999999999952 8.304441238459662e-05 0.0002162379603339854
17.50277777777729 5.301420782067204e-05 0.0002269911518341472
17.50555555555507 2.158648108880736e-05 0.0002335602774037991
17.50833333333285 -1.06538477594618e-05 0.0002357630261506802
17.51111111111062 -4.309798380208182e-05 0.0002334991393369455
17.5138888888884 -7.512480802672998e-05 0.0002267535493717733
17.51666666666618 -0.0001061128425011356 0.0002155978869251796
17.51944444444395 -0.0001354523985485701 0.0002001903012263077
17.52222222222173 -0.0001625576692227709 0.0001807735715390681
17.5249999999995 -0.0001868785247661195 0.0001576715217180768
17.52777777777728 -0.000207911771961025 0.0001312837839603759
17.53055555555506 -0.000225211645380676 0.0001020789916889341
17.53333333333283 -0.0002383993104362771 7.05865142541399e-05
17.53611111111061 -0.0002471711746688307 3.738687709640595e-05
17.53888888888839 -0.000251305824638848 3.101039565750226e-06
17.54166666666616 -0.0002506694307083333 -3.162127192038852e-05
17.54444444444394 -0.0002452194905168851 -6.611395583442822e-05
17.54722222222172 -0.0002350068135074477 -9.970741530802888e-05
17.54999999999949 -0.0002201756828625397 -0.0001317416752199851
17.55277777777727 -0.0002009621670046047 -0.0001615794777973139
17.55555555555505 -0.0001776905896961051 -0.0001886190947439385
17.55833333333282 -0.0001507682049999261 -0.000212306596014066
17.5611111111106 -0.0001206781601774777 -0.0002321473227507471
17.56388888888837 -8.797086525171061e-05 -0.0002477163245506373
17.56666666666615 -5.325392168814574e-05 -0.0002586675389143982
17.56944444444393 -1.71807937418273e-05 -0.0002647415131963349
17.5722222222217 1.956156619744028e-05 -0.000265771496193533
17.57499999999948 5.626590308290346e-05 -0.0002616877572231194
17.57777777777726 9.22184009428698e-05 -0.0002525200245443759
17.58055555555503 0.0001267127118495674 -0.0002383979716477319
17.58333333333281 0.0001590639939613364 -0.0002195497185256467
17.58611111111059 0.0001886226768588109 -0.0001962983548073218
17.58888888888836 0.0002147876745116249 -0.0001690565317650448
17.59166666666614 0.0002370187740407506 -0.0001383192098750931
17.59444444444392 0.0002548479419283909 -0.0001046546870104346
17.59722222222169 0.0002678893082513743 -6.869406865544129e-05
17.59999999999947 0.0002758476135624341 -3.111937498522525e-05
17.60277777777724 0.0002785249317808946 7.349490474927731e-06
17.60555555555502 0.0002758255153495556 4.596866027643213e-05
17.6083333333328 0.0002677586453344662 8.398483940648956e-05
17.61111111111057 0.0002544394083905708 0.0001206501719514642
17.61388888888835 0.0002360873638003556 0.0001552371416236543
17.61666666666613 0.0002130231062975184 0.0001870532058777145
17.6194444444439 0.0001856627732415505 0.0002154548656195487
17.62222222222168 0.0001545105870358006 0.0002398608809166574
17.62499999999946 0.0001201495645997922 0.0002597643575574104
17.62777777777723 8.323056435007615e-05 0.0002747434495463667
17.63055555555501 4.445987669379355e-05 0.0002844704483025051
17.63333333333279 4.585595726749161e-06 0.000288719059979182
17.63611111111056 -3.561696305165159e-05 0.0002873697073694432
17.63888888888834 -7.536051224177209e-05 0.0002804127316132285
17.64166666666612 -0.0001138614062290511 0.0002679494106238054
17.64444444444389 -0.0001503553058205294 0.0002501907549636355
17.64722222222167 -0.0001841125767504402 0.0002274540869403995
17.64999999999944 -0.0002144531076264314 0.00020015745403191
17.65277777777722 -0.0002407602420167587 0.0001688119724640192
17.655555555555 -0.0002624935349119138 0.0001340122398963701
17.65833333333277 -0.000279200065409058 9.642499683764387e-05
17.66111111111055 -0.0002905240648178669 5.677625372731233e-05
17.66388888888833 -0.000296214651939608 1.583713377142402e-05
17.6666666666661 -0.0002961315043860282 -2.55912900884954e-05
17.66944444444388 -0.0002902483357729695 -6.669386292945151e-05
17.67222222222166 -0.0002786540926091786 -0.0001066576024474677
17.67499999999943 -0.0002615518308198152 -0.0001446880122202265
17.67777777777721 -0.000239255279153021 -0.0001800251218547368
17.68055555555499 -0.000212183144247988 -0.0002119589254624567
17.68333333333276 -0.0001808512588867563 -0.0002398438999760767
17.68611111111054 -0.0001458627199569022 -0.0002631123015220371
17.68888888888831 -0.0001078962049382457 -0.0002812859611615974
17.69166666666609 -6.769269440563786e-05 -0.000293986330333321
17.69444444444387 -2.604086228521666e-05 -0.0003009425607236041
17.69722222222164 1.623857536958615e-05 -0.0003019974423924955
17.69999999999942 5.830923908551627e-05 -0.0002971110669810686
17.7027777777772 9.933586134035151e-05 -0.0002863621288820892
17.70555555555497 0.0001385011176718749 -0.0002699468253994676
17.70833333333275 0.0001750221695282661 -0.0002481753661832172
17.71111111111053 0.0002081665789244055 -0.0002214661515640001
17.7138888888883 0.0002372672660929496 -0.000190337727808863
17.71666666666608 0.0002617361993656106 -0.000155398673742989
17.71944444444386 0.0002810765311115544 -0.0001173356166612797
17.72222222222163 0.0002948929242495899 -7.689961504461597e-05
17.72499999999941 0.0003028998500099433 -3.489118046238938e-05
17.72777777777718 0.0003049276785388253 7.855759582926067e-06
17.73055555555496 0.000300926428775693 5.049063289056124e-05
17.73333333333274 0.000290967091863252 9.216338630070404e-05
17.73611111111051 0.0002752404922000802 0.0001320416908463884
17.73888888888829 0.0002540537010647557 0.0001693278349515874
17.74166666666607 0.0002278240684743734 0.000203274957417508
17.74444444444384 0.0001970709885150374 0.0002332022843290708
17.74722222222162 0.0001624055607616426 0.0002585090534558094
17.7499999999994 0.0001245183545654472 0.0002786868358649302
17.75277777777717 8.416552300376929e-05 0.0002933299967555332
17.75555555555495 4.21535482932372e-05 0.0003021440753290117
17.75833333333273 -6.770703141466102e-07 0.00030495190605777
17.7611111111105 -4.346885228460981e-05 0.0003016973501027214
17.76388888888828 -8.536474544668258e-05 0.0002924465549310177
17.76666666666605 -0.0001255255511116947 0.0002773867113361729
17.76944444444383 -0.0001631470050983879 0.0002568223290145701
17.77222222222161 -0.0001974761614574745 0.0002311691034994135
17.77499999999938 -0.0002278267394731511 0.0002009454975100538
17.77777777777716 -0.0002535931154536878 0.0001667622075719433
17.78055555555494 -0.0002742626684786228 0.0001293097310900719
17.78333333333271 -0.0002894262230920916 8.934428896217093e-05
17.78611111111049 -0.000298786371209498 4.767239345064153e-05
17.78888888888827 -0.0003021634994271458 5.134379645612781e-06
17.79166666666604 -0.0002994993955721177 -3.741275917514366e-05
17.79444444444382 -0.0002908583586985863 -7.911287712174607e-05
17.7972222222216 -0.0002764257887705617 -0.000119128159623016
17.79999999999937 -0.0002565042848666705 -0.0001566562233297839
17.80277777777715 -0.0002315073327898394 -0.0001909464774303776
17.80555555555492 -0.0002019507133573754 -0.0002213154071075026
17.8083333333327 -0.0001684418103174718 -0.0002471604623071826
17.81111111111048 -0.0001316670407666447 -0.0002679722641219363
17.81388888888825 -9.237767020417569e-05 -0.0002833448762883013
17.81666666666603 -5.137430810038611e-05 -0.0002929839298395347
17.81944444444381 -9.490407377647448e-06 -0.0002967124339598591
17.82222222222158 3.242488811021003e-05 -0.0002944741546246539
17.82499999999936 7.352419056981996e-05 -0.0002863344936317403
17.82777777777714 0.0001129792463270047 -0.0002724788530661025
17.83055555555491 0.0001499978833276527 -0.0002532085229659312
17.83333333333269 0.0001838401758907136 -0.000228934181858046
17.83611111111047 0.0002138334913771385 -0.0002001671497991053
17.83888888888824 0.0002393861073774065 -0.0001675085805305373
17.84166666666602 0.0002599991185090508 -0.0001316368223363397
17.84444444444379 0.000275276388318227 -9.329321526338337e-05
17.84722222222157 0.000284932343300538 -5.32666247258146e-05
17.84999999999935 0.0002887974518192384 -1.237703747279764e-05
17.85277777777712 0.0002868212797113864 2.854143508146024e-05
17.8555555555549 0.0002790730655944066 6.865778949505041e-05
17.85833333333268 0.0002657398112141939 0.0001071612381353241
17.86111111111045 0.0002471219344955392 0.0001432778350125737
17.86388888888823 0.0002236265841497764 0.0001762862735329125
17.86666666666601 0.0001957587636672623 0.0002055325285400105
17.86944444444378 0.0001641104582384977 0.0002304430403619814
17.87222222222156 0.0001293479996290185 0.0002505361702822481
17.87499999999934 9.219794041007482e-05 0.0002654316942071074
17.87777777777711 5.343173944683817e-05 0.0002748581435049646
17.88055555555489 1.38495845375177e-05 0.0002786578481188323
17.88333333333266 -2.573630492003299e-05 0.0002767895861129175
17.88611111111044 -6.451854272608726e-05 0.0002693287947421249
17.88888888888822 -0.0001017112535308393 0.000256465349835714
17.89166666666599 -0.0001365662141887701 0.0002384989716519972
17.89444444444377 -0.0001683881225288738 0.0002158323652903933
17.89722222222155 -0.0001965486772367809 0.0001889622511717721
17.89999999999932 -0.0002204991791748112 0.0001584684850158668
17.9027777777771 -0.0002397813971636247 0.0001250015062172415
17.90555555555488 -0.0002540364792723228 8.926838772976529e-05
17.90833333333265 -0.0002630117331875246 5.201778878854795e-05
17.91111111111043 -0.0002665651453121612 1.40241334623296e-05
17.91388888888821 -0.0002646675568853682 -2.392864731790221e-05
17.91666666666598 -0.0002574024655498987 -6.106346522710537e-05
17.91944444444376 -0.000244963471344229 -9.662617052122188e-05
17.92222222222154 -0.0002276494359697809 -0.0001299010569288779
17.92499999999931 -0.000205857472309843 -0.0001602254524514579
17.92777777777709 -0.0001800739265312972 -0.0001870030944616226
17.93055555555486 -0.0001508635567166432 -0.0002097160152226506
17.93333333333264 -0.0001188571489813408 -0.0002279346973721
17.93611111111042 -8.473784365217642e-05 -0.0002413262972817916
17.93888888888819 -4.922646967345928e-05 -0.0002496607766574231
17.94166666666597 -1.306620444186143e-05 -0.0002528148283437059
17.94444444444375 2.299311160699589e-05 -0.0002507735300439764
17.94722222222152 5.821067136605535e-05 -0.0002436297085108102
17.9499999999993 9.187007630541217e-05 -0.0002315810456478692
17.95277777777708 0.0001232940678625992 -0.0002149250058323007
17.95555555555485 0.0001518583084248103 -0.000194051709591275
17.95833333333263 0.0001770039280061789 -0.0001694349215696432
17.96111111111041 0.0001982485813000971 -0.0001416213596055916
17.96388888888818 0.0002151957936335658 -0.000111218565871761
17.96666666666596 0.0002275424126904043 -7.888160974133843e-05
17.96944444444373 0.0002350840248477854 -4.529891471232166e-05
17.97222222222151 0.0002377182396403426 -1.117751793655386e-05
17.97499999999929 0.0002354457922493464 2.277191966363132e-05
17.97777777777706 0.0002283694609861405 5.585003218332894e-05
17.98055555555484 0.0002166908434772521 8.738328032638437e-05
17.98333333333262 0.0002007050806519114 0.0001167377908590166
17.98611111111039 0.0001807936607070885 0.0001433322166282236
17.98888888888817 0.0001574154750679439 0.0001666493535125776
17.99166666666595 0.0001310963341345656 0.0001862462798108134
17.99444444444372 0.0001024171815675656 0.0002017628174964689
17.9972222222215 7.200127138793089e-05 0.0002129281526963685
17.99999999999928 4.050059174616356e-05 0.0002195654938275293
18.00277777777705 8.581832473833265e-06 0.0002215946891319058
18.00555555555483 -2.308779974722435e-05 0.0002190327699132567
18.0083333333326 -5.385461467664634e-05 0.0002119924306320515
18.01111111111038 -8.309202282596919e-05 0.0002006785011678753
18.01388888888816 -0.0001102133861808211 0.0001853825090649704
18.01666666666593 -0.000134683869590023 0.00016647546952408
18.01944444444371 -0.0001560310514796324 0.0001443990774503322
18.02222222222149 -0.0001738540819160444 0.0001196555082498625
18.02499999999926 -0.000187831209672944 9.279606162817828e-05
18.02777777777704 -0.0001977255370812513 6.440890482573949e-05
18.03055555555482 -0.0002033889012053201 3.510618811167501e-05
18.03333333333259 -0.0002047638214031332 5.510815643560017e-06
18.03611111111037 -0.0002018834956638518 -2.375684116035567e-05
18.03888888888815 -0.0001948698703429676 -5.209200282780209e-05
18.04166666666592 -0.0001839298491107145 -7.891803709205113e-05
18.0444444444437 -0.0001693497462072299 -0.0001036982479651564
18.04722222222147 -0.0001514881256218165 -0.0001259466561852588
18.04999999999925 -0.0001307672008172637 -0.0001452375534216993
18.05277777777703 -0.0001076629984269846 -0.0001612136418592264
18.0555555555548 -8.269451337773874e-05 -0.0001735926037508171
18.05833333333258 -5.641210167379855e-05 -0.0001821719814511399
18.06111111111036 -2.938537026744123e-05 -0.0001868322865056118
18.06388888888813 -2.19083082044174e-06 -0.0001875382957087074
18.06666666666591 2.46004143601198e-05 -0.0001843385317844793
18.06944444444369 5.04346903002958e-05 -0.0001773629656058085
18.07222222222146 7.478721740394217e-05 -0.000166819014804154
18.07499999999924 9.717279116286014e-05 -0.0001529859494125688
18.07777777777702 0.0001171554555599622 -0.0001362078480782848
18.08055555555479 0.0001343569770890797 -0.000116885277691005
18.08333333333257 0.000148463955066094 -9.546589440880765e-05
18.08611111111034 0.0001592334358349331 -7.24341845280287e-05
18.08888888888812 0.000166496932831273 -4.830057905202533e-05
18.0916666666659 0.0001701627904669684 -2.359018590223013e-05
18.09444444444367 0.0001702168666293555 1.168611668920366e-06
18.09722222222145 0.0001667215454267329 2.545544277740316e-05
18.09999999999923 0.0001598131278473436 4.876888130409587e-05
18.102777777777 0.0001496976824536367 7.06367930160921e-05
18.10555555555478 0.0001366454703698215 9.062588374346999e-05
18.10833333333256 0.0001209840879706801 0.000108350255651799
18.11111111111033 0.0001030904962407886 0.0001234788032699061
18.11388888888811 8.338212724474504e-05 0.0001357413088386668
18.11666666666589 6.230727511262284e-05 0.0001449331270916722
18.11944444444366 4.033499110508762e-05 0.0001509183820370972
18.12222222222144 1.79447094769406e-05 0.0001536316319459657
18.12499999999921 -4.38416705969977e-06 0.0001530779927983073
18.12777777777699 -2.618249644334045e-05 0.0001493317441451984
18.13055555555477 -4.70012229737224e-05 0.0001425334739674697
18.13333333333254 -6.642059416908922e-05 0.0001328858499536404
18.13611111111032 -8.40585801179633e-05 0.0001206481330263918
18.1388888888881 -9.957832732919847e-05 0.0001061295743326186
18.14166666666587 -0.0001126945030716893 8.968185876717865e-05
18.14444444444365 -0.0001231784129294346 7.169077600075554e-05
18.14722222222143 -0.0001308618031413738 5.256731359884942e-05
18.1499999999992 -0.0001356392895736455 3.273837592683689e-05
18.15277777777698 -0.0001374693861940116 1.263733700619536e-05
18.15555555555476 -0.0001363741369811615 -7.305364690586728e-06
18.15833333333253 -0.0001324373856219682 -2.667138626941648e-05
18.16111111111031 -0.0001258017464622709 -4.506320115788453e-05
18.16388888888808 -0.0001166643673628032 -6.211219968390193e-05
18.16666666666586 -0.0001052715998035642 -7.748600557477714e-05
18.16944444444364 -9.19127132749342e-05 -9.089486471982549e-05
18.17222222222141 -7.691280926792927e-05 -0.0001020969855774483
18.17499999999919 -6.062510468540469e-05 -0.000110902735868692
18.17777777777697 -4.342276499158428e-05 -0.0001171776270785206
18.18055555555474 -2.569047373668662e-05 -0.0001208440461610732
18.18333333333252 -7.815927183681198e-06 -0.0001218817220742239
18.1861111111103 9.818559352973206e-06 -0.0001203269427247926
18.18888888888807 2.684415302911519e-05 -0.000116270564968005
18.19166666666585 4.291314247290853e-05 -0.0001098548858939595
18.19444444444363 5.770595748591001e-05 -0.0001012694672084752
18.1972222222214 7.093742945504881e-05 -9.074602559143591e-05
18.19999999999918 8.236217202552946e-05 -7.855252007606272e-05
18.20277777777696 9.177898339116239e-05 -6.498658238782214e-05
18.20555555555473 9.903419509259391e-05 -5.036844755111483e-05
18.20833333333251 0.0001040239169256809 -3.503354972884131e-05
18.21111111111028 0.0001066951528721032 -1.932495211466697e-05
18.21388888888806 0.000107045788301489 -3.585779737106454e-06
18.21666666666584 0.0001051234734909267 1.184817965875441e-05
18.21944444444361 0.0001010234522252051 2.665554875655349e-05
18.22222222222139 9.48854063732326e-05 4.053596055173104e-05
18.22499999999917 8.688940742241932e-05 5.321605132607645e-05
18.22777777777694 7.725108359143156e-05 6.445472936723855e-05
18.23055555555472 6.621612598863399e-05 7.404762063685108e-05
18.2333333333325 5.405426907139968e-05 8.183061291731649e-05
18.23611111111027 4.105288919036394e-05 8.768244158697083e-05
18.23888888888805 2.751037015588324e-05 9.152628257067127e-05
18.24166666666583 1.372938649901852e-05 9.333034067359173e-05
18.2444444444436 1.025345428328397e-08 9.310744391744954e-05
18.24722222222138 -1.335551222370744e-05 9.091367616636219e-05
18.24999999999915 -2.609128449622158e-05 8.684610078634066e-05
18.25277777777693 -3.794094805520502e-05 8.10396468987893e-05
18.25555555555471 -4.867393421044161e-05 7.366324658080268e-05
18.25833333333248 -5.808957628657518e-05 6.491532580480819e-05
18.26111111111026 -6.602070548834128e-05 5.501876372754981e-05
18.26388888888804 -7.233642686041088e-05 4.421544393172486e-05
18.26666666666581 -7.69440345379999e-05 3.276052725462039e-05
18.26944444444359 -7.979004549293153e-05 2.091657884435432e-05
18.27222222222137 -8.086035097217303e-05 8.947682067279534e-06
18.27499999999914 -8.017950435287827e-05 -2.886331077291931e-06
18.27777777777692 -7.780918277416592e-05 -1.433540915801068e-05
18.2805555555547 -7.384587725535173e-05 -2.516445464944927e-05
18.28333333333247 -6.841788171489582e-05 -3.515803668887652e-05
18.28611111111025 -6.168166505275876e-05 -4.412455136210688e-05
18.28888888888802 -5.381772198935017e-05 -5.189975218589086e-05
18.2916666666658 -4.502600746518546e-05 -5.834958936841919e-05
18.29444444444358 -3.552106594908299e-05 -6.337231331536828e-05
18.29722222222135 -2.552697089935994e-05 -6.68998152980344e-05
18.29999999999913 -1.527219084850846e-05 -6.889819581051182e-05
18.30277777777691 -4.98449717912755e-06 -6.936756851314474e-05
18.30555555555468 5.113975277832256e-06 -6.834112440694296e-05
18.30833333333246 1.481141000376873e-05 -6.588349664660735e-05
18.31111111111024 2.39106365855605e-05 -6.208848085069333e-05
18.31388888888801 3.223301863223809e-05 -5.707617861450676e-05
18.31666666666579 3.962182797248915e-05 -5.098964292715749e-05
18.31944444444357 4.594504468403185e-05 -4.399111314090716e-05
18.32222222222134 5.109753689707522e-05 -3.625793388916912e-05
18.32499999999912 5.500258934770233e-05 -2.79782568077147e-05
18.32777777777689 5.761276498171994e-05 -1.93466260392859e-05
18.33055555555467 5.891009916916151e-05 -1.055954831306622e-05
18.33333333333245 5.890564094564683e-05 -1.811145948209995e-06
18.33611111111022 5.7638369822247e-05 6.711013442475948e-06
18.338888888888 5.51735298047516e-05 1.482982332349813e-05
18.34166666666578 5.160043406705255e-05 2.2382201777169e-05
18.34444444444355 4.702980400232082e-05 2.922224316721343e-05
18.34722222222133 4.159071493926803e-05 3.522390000867968e-05
18.34999999999911 3.542722751397887e-05 4.028314924260455e-05
18.35277777777688 2.869478843069195e-05 4.43196099143932e-05
18.35555555555466 2.15564870751455e-05 4.72775924323487e-05
18.35833333333244 1.417925515781015e-05 4.91265728286504e-05
18.36111111111021 6.730095300003619e-06 4.986109845984257e-05
18.36388888888799 -6.275786784650377e-07 4.950014407826105e-05
18.36666666666576 -7.737411933997549e-06 4.808594891431102e-05
18.36944444444354 -1.445331792651572e-05 4.568237608871463e-05
18.37222222222132 -2.064236352670022e-05 4.237284511304115e-05
18.37499999999909 -2.618727565932144e-05 3.825789625781412e-05
18.37777777777687 -3.098852531534126e-05 3.345245203115177e-05
18.38055555555465 -3.496595553765441e-05 2.808284581544438e-05
18.38333333333242 -3.80599311856773e-05 2.228369079642388e-05
18.3861111111102 -4.023199964881192e-05 1.619466366798043e-05
18.38888888888798 -4.146506294459609e-05 9.957277228997565e-06
18.39166666666575 -4.176307255256175e-05 3.711713964668867e-06
18.39444444444353 -4.115026866267235e-05 -2.40621088033998e-06
18.39722222222131 -3.96699950414439e-05 -8.267893247327278e-06
18.39999999999908 -3.738312924809129e-05 -1.37545340318085e-05
18.40277777777686 -3.436617530405954e-05 -1.875943286704407e-05
18.40555555555463 -3.07090720009616e-05 -2.318994039604483e-05
18.40833333333241 -2.651277472508317e-05 -2.696903646558875e-05
18.41111111111019 -2.188667191872697e-05 -3.003651108856135e-05
18.41388888888796 -1.694589906036233e-05 -3.234973466105242e-05
18.41666666666574 -1.180861333356091e-05 -3.388401356083186e-05
18.41944444444352 -6.593291007911391e-06 -3.463253667598646e-05
18.42222222222129 -1.416107046380618e-06 -3.460592740887983e-05
18.42499999999907 3.611547320101689e-06 -3.383142408139213e-05
18.42777777777685 8.385358218791388e-06 -3.235171926057002e-05
18.43055555555462 1.281014902997012e-05 -3.022349518305657e-05
18.4333333333324 1.680166834105772e-05 -2.751569805979438e-05
18.43611111111018 2.028807511783092e-05 -2.430759849656634e-05
18.43888888888795 2.321109807364588e-05 -2.068668850681066e-05
18.44166666666573 2.552685430429663e-05 -1.674646758605994e-05
18.4444444444435 2.720632041288082e-05 -1.258417105858441e-05
18.44722222222128 2.823545738922569e-05 -8.298493419431563e-06
18.44999999999906 2.861499825176873e-05 -3.987357731729657e-06
18.45277777777683 2.835991474066165e-05 2.542206247398031e-07
18.45555555555461 2.749858601816265e-05 4.33613132086178e-06
18.45833333333239 2.607169825531208e-05 8.174987674021438e-06
18.46111111111016 2.413090905197561e-05 1.169573197559505e-05
18.46388888888794 2.173731476416416e-05 1.48329990421839e-05
18.46666666666572 1.895976193573785e-05 1.75322159126377e-05
18.46944444444349 1.587304611387358e-05 1.975042232281614e-05
18.47222222222127 1.255604235755133e-05 2.145680341662811e-05
18.47499999999905 9.089811737300833e-06 2.263293293657044e-05
18.47777777777682 5.555727109994274e-06 2.327273172504697e-05
18.4805555555546 2.033659490848009e-06 2.338215261694627e-05
18.48333333333238 -1.399736485160652e-06 2.2978608582426e-05
18.48611111111015 -4.672603124533802e-06 2.209016617159614e-05
18.48888888888793 -7.719295639914109e-06 2.075453082147536e-05
18.4916666666657 -1.048160771169517e-05 1.901785433127714e-05
18.49444444444348 -1.290978606724367e-05 1.69333977361521e-05
18.49722222222126 -1.496331900643705e-05 1.456008487410498e-05
18.49999999999903 -1.661148945479857e-05 1.196098312928339e-05
18.50277777777681 -1.783368878834924e-05 9.201748151409719e-06
