16.5 -2.147335230445084e-07 -2.814716693070942e-08
16.50277777777778 -2.224706585402095e-07 -2.327680898039357e-08
16.50555555555555 -2.303081858726185e-07 -1.808092384117894e-08
16.50833333333333 -2.382415067003067e-07 -1.254995846196294e-08
16.51111111111111 -2.462657884385608e-07 -6.674298225404665e-09
16.51388888888888 -2.543759636782255e-07 -4.442702566940389e-10
16.51666666666666 -2.625667298118871e-07 6.149853347017892e-09
16.51944444444444 -2.708325488690447e-07 1.311785237533719e-08
16.52222222222221 -2.791676475608313e-07 2.046955546198789e-08
16.52499999999999 -2.875660175353123e-07 2.82148371506185e-08
16.52777777777776 -2.960214158435145e-07 3.636361507892593e-08
16.53055555555554 -3.045273656169764e-07 4.492584729082126e-08
16.53333333333332 -3.130771569566063e-07 5.391152968673792e-08
16.53611111111109 -3.216638480332633e-07 6.333069362155943e-08
16.53888888888887 -3.302802663992751e-07 7.319340366077168e-08
16.54166666666665 -3.389190105113923e-07 8.350975550340029e-08
16.54444444444442 -3.475724514641579e-07 9.428987408236896e-08
16.5472222222222 -3.562327349331187e-07 1.055439118517296e-07
16.54999999999998 -3.648917833278546e-07 1.172820472697914e-07
16.55277777777775 -3.735412981531611e-07 1.295144834881793e-07
16.55555555555553 -3.821727625783073e-07 1.422514472560348e-07
16.55833333333331 -3.907774442128039e-07 1.55503188048321e-07
16.56111111111108 -3.993463980885082e-07 1.692799774275805e-07
16.56388888888886 -4.078704698460708e-07 1.835921086481814e-07
16.56666666666663 -4.163402991255713e-07 1.984498965118658e-07
16.56944444444441 -4.24746323159792e-07 2.138636774830466e-07
16.57222222222219 -4.33078780569333e-07 2.298438100729777e-07
16.57499999999996 -4.413277153582527e-07 2.464006755006766e-07
16.57777777777774 -4.494829811099742e-07 2.635446786390018e-07
16.58055555555552 -4.57534245381728e-07 2.81286249254078e-07
16.58333333333329 -4.65470994297255e-07 2.996358435458967e-07
16.58611111111107 -4.732825373369254e-07 3.186039459975579e-07
16.58888888888885 -4.8095801232468e-07 3.38201071541175e-07
16.59166666666662 -4.884863906114317e-07 3.58437768046827e-07
16.5944444444444 -4.958564824543811e-07 3.793246191430647e-07
16.59722222222218 -5.030569425929041e-07 4.008722473737973e-07
16.59999999999995 -5.100762760196324e-07 4.230913177008414e-07
16.60277777777773 -5.169028439487166e-07 4.459925413558583e-07
16.6055555555555 -5.235248699811572e-07 4.695866800497984e-07
16.60833333333328 -5.299304464672639e-07 4.938845505448402e-07
16.61111111111106 -5.361075410687695e-07 5.18897029595028e-07
16.61388888888883 -5.420440035209304e-07 5.446350592604848e-07
16.61666666666661 -5.47727572597139e-07 5.711096526008848e-07
16.61944444444439 -5.531458832772147e-07 5.983318997528812e-07
16.62222222222216 -5.58286474122913e-07 6.263129743962085e-07
16.62499999999994 -5.631367948628858e-07 6.550641406123607e-07
16.62777777777772 -5.676842141899146e-07 6.845967601410491e-07
16.63055555555549 -5.719160277764458e-07 7.149223000360974e-07
16.63333333333327 -5.758194665082257e-07 7.460523407273497e-07
16.63611111111105 -5.793817049462955e-07 7.77998584487899e-07
16.63888888888882 -5.825898700171588e-07 8.107728643132461e-07
16.6416666666666 -5.854310499410791e-07 8.443871532116258e-07
16.64444444444437 -5.878923034016403e-07 8.78853573910115e-07
16.64722222222215 -5.899606689657127e-07 9.141844089763243e-07
16.64999999999993 -5.916231747595925e-07 9.503921113587879e-07
16.6527777777777 -5.928668484104932e-07 9.874893153452658e-07
16.65555555555548 -5.936787272603441e-07 1.025488847941804e-06
16.65833333333326 -5.940458688650033e-07 1.064403740669744e-06
16.66111111111103 -5.939553617824815e-07 1.104247241784244e-06
16.66388888888881 -5.933943366687221e-07 1.145032828909709e-06
16.66666666666659 -5.923499776852712e-07 1.186774222094038e-06
16.66944444444436 -5.908095342357158e-07 1.229485397278786e-06
16.67222222222214 -5.887603330412005e-07 1.273180600182801e-06
16.67499999999992 -5.861897905698345e-07 1.317874360598198e-06
16.67777777777769 -5.830854258352684e-07 1.363581507093344e-06
16.68055555555547 -5.794348735763766e-07 1.41031718212178e-06
16.68333333333324 -5.75225897839492e-07 1.458096857530052e-06
16.68611111111102 -5.704464059738497e-07 1.506936350462272e-06
16.6888888888888 -5.650844630648126e-07 1.556851839653039e-06
16.69166666666657 -5.591283068164488e-07 1.607859882105631e-06
16.69444444444435 -5.525663629099866e-07 1.659977430145334e-06
16.69722222222213 -5.453872608539489e-07 1.71322184884327e-06
16.6999999999999 -5.375798503474697e-07 1.767610933799928e-06
16.70277777777768 -5.291332181825691e-07 1.823162929281048e-06
16.70555555555546 -5.200367057060622e-07 1.879896546694227e-06
16.70833333333323 -5.102799268646387e-07 1.937830983397124e-06
16.71111111111101 -4.998527868597201e-07 1.996985941823274e-06
16.71388888888879 -4.887455014385102e-07 2.057381648915314e-06
16.71666666666656 -4.769486168478334e-07 2.119038875848858e-06
16.71944444444434 -4.644530304764804e-07 2.181978958035512e-06
16.72222222222211 -4.512500122202544e-07 2.246223815385491e-06
16.72499999999989 -4.373312265940378e-07 2.311795972816322e-06
16.72777777777767 -4.226887556263112e-07 2.378718580985903e-06
16.73055555555544 -4.073151225642384e-07 2.447015437233432e-06
16.73333333333322 -3.912033164250962e-07 2.516711006704313e-06
16.736111111111 -3.743468174266644e-07 2.58783044363975e-06
16.73888888888877 -3.567396233309282e-07 2.660399612804084e-06
16.74166666666655 -3.383762767374606e-07 2.734445111027832e-06
16.74444444444433 -3.192518933617779e-07 2.809994288835989e-06
16.7472222222221 -2.993621913382098e-07 2.887075272136828e-06
16.74999999999988 -2.787035215812702e-07 2.965716983937012e-06
16.75277777777766 -2.57272899252536e-07 3.045949166055036e-06
16.75555555555543 -2.350680363618718e-07 3.127802400793933e-06
16.75833333333321 -2.120873755530328e-07 3.211308132542854e-06
16.76111111111098 -1.883301251104286e-07 3.296498689264477e-06
16.76388888888876 -1.63796295230336e-07 3.383407303831706e-06
16.76666666666654 -1.384867355998441e-07 3.472068135168551e-06
16.76944444444431 -1.124031743198527e-07 3.562516289151581e-06
16.77222222222209 -8.554825823195096e-08 3.654787839225523e-06
16.77499999999987 -5.79255946734877e-08 3.748919846681335e-06
16.77777777777764 -2.953979471911411e-08 3.844950380545107e-06
16.78055555555542 -3.965179508651484e-10 3.942918537024526e-06
16.7833333333332 2.949748120341621e-08 4.042864458451086e-06
16.78611111111097 6.013430551065797e-08 4.144829351661279e-06
16.78888888888875 9.150486531224519e-08 4.248855505750229e-06
16.79166666666653 1.235988271933261e-07 4.354986309131117e-06
16.7944444444443 1.56404560901253e-07 4.463266265831476e-06
16.79722222222208 1.899090844636956e-07 4.573741010950308e-06
16.79999999999986 2.240980074664338e-07 4.68645732520145e-06
16.80277777777763 2.589554724413875e-07 4.801463148459844e-06
16.80555555555541 2.944640943235443e-07 4.918807592229857e-06
16.80833333333318 3.306048979398529e-07 5.038540950941621e-06
16.81111111111096 3.673572534763105e-07 5.160714711991012e-06
16.81388888888874 4.046988098972615e-07 5.285381564418072e-06
16.81666666666651 4.426054262636703e-07 5.412595406132452e-06
16.81944444444429 4.810511009174638e-07 5.542411349574469e-06
16.82222222222207 5.200078985072382e-07 5.6748857257052e-06
16.82499999999984 5.594458747954869e-07 5.810076086213397e-06
16.82777777777762 5.993329992426231e-07 5.948041203819194e-06
16.8305555555554 6.396350753135966e-07 6.088841070552423e-06
16.83333333333317 6.803156584993401e-07 6.232536893879166e-06
16.83611111111095 7.213359720171015e-07 6.379191090539968e-06
16.83888888888873 7.626548201614517e-07 6.528867277971589e-06
16.8416666666665 8.042284993120987e-07 6.681630263155088e-06
16.84444444444428 8.460107065470873e-07 6.837546028760879e-06
16.84722222222205 8.87952445886066e-07 6.996681716419959e-06
16.84999999999983 9.300019321333164e-07 7.159105606977176e-06
16.85277777777761 9.721044923246249e-07 7.324887097554123e-06
16.85555555555538 1.014202464780491e-06 7.494096675260624e-06
16.85833333333316 1.056235095775517e-06 7.666805887370916e-06
16.86111111111094 1.098138433835834e-06 7.843087307794147e-06
16.86388888888871 1.139845221672847e-06 8.023014499649544e-06
16.86666666666649 1.18128478579502e-06 8.206661973757235e-06
16.86944444444427 1.222382923823633e-06 8.394105142844138e-06
16.87222222222204 1.263061789544834e-06 8.585420271271158e-06
16.87499999999982 1.303239775746206e-06 8.780684420069241e-06
16.8777777777776 1.342831394906499e-06 8.979975387072504e-06
16.88055555555537 1.381747157779165e-06 9.183371641932081e-06
16.88333333333315 1.41989344995721e-06 9.390952255789565e-06
16.88611111111092 1.457172406500169e-06 9.602796825375109e-06
16.8888888888887 1.493481784701429e-06 9.818985391308845e-06
16.89166666666648 1.528714835114573e-06 1.003959835035505e-05
16.89444444444425 1.56276017094686e-06 1.026471636139622e-05
16.89722222222203 1.595501635918251e-06 1.049442024487917e-05
16.89999999999981 1.626818170782357e-06 1.072879087547334e-05
16.90277777777758 1.656583678586143e-06 1.096790906769905e-05
16.90555555555536 1.68466688888103e-06 1.12118554542603e-05
16.90833333333314 1.710931221052611e-06 1.146071035681621e-05
16.91111111111091 1.735234646933819e-06 1.171455364893559e-05
16.91388888888869 1.75742955294641e-06 1.197346461095974e-05
16.91666666666647 1.777362601947153e-06 1.223752177650839e-05
16.91944444444424 1.794874595072175e-06 1.250680277035015e-05
16.92222222222202 1.809800333765431e-06 1.278138413737469e-05
16.92499999999979 1.82196848233713e-06 1.306134116238292e-05
16.92777777777757 1.831201431267563e-06 1.334674768043044e-05
16.93055555555535 1.837315161638916e-06 1.36376758774425e-05
16.93333333333312 1.840119110949301e-06 1.39341960808378e-05
16.9361111111109 1.839416040735448e-06 1.423637653988e-05
16.93888888888868 1.835001906283837e-06 1.454428319550315e-05
16.94166666666645 1.826665728920366e-06 1.48579794393307e-05
16.94444444444423 1.814189471197349e-06 1.517752586164337e-05
16.94722222222201 1.797347915479252e-06 1.55029799880332e-05
16.94999999999978 1.775908546348302e-06 1.583439600449551e-05
16.95277777777756 1.749631437320496e-06 1.617182447072686e-05
16.95555555555534 1.718269142400343e-06 1.651531202137675e-05
16.95833333333311 1.681566592960091e-06 1.686490105505843e-05
16.96111111111089 1.639261000540526e-06 1.72206294108776e-05
16.96388888888866 1.591081766119401e-06 1.758253003230524e-05
16.96666666666644 1.536750396501227e-06 1.795063061818255e-05
16.96944444444422 1.475980428412039e-06 1.832495326070981e-05
16.97222222222199 1.408477360989941e-06 1.870551407024405e-05
16.97499999999977 1.333938597351277e-06 1.909232278678453e-05
16.97777777777755 1.252053395952062e-06 1.948538237801118e-05
16.98055555555532 1.162502832479888e-06 1.988468862379597e-05
16.9833333333331 1.064959773077732e-06 2.029022968709135e-05
16.98611111111088 9.590888596215993e-07 2.070198567117869e-05
16.98888888888865 8.44546508003207e-07 2.111992816320964e-05
16.99166666666643 7.20980920124461e-07 2.154401976409718e-05
16.99444444444421 5.880321106315495e-07 2.197421360473981e-05
16.99722222222198 4.45331949199094e-07 2.241045284869275e-05
16.99999999999976 2.925042193300294e-07 2.285267018135851e-05
17.00277777777753 1.291646946576046e-07 2.330078728585859e-05
17.00555555555531 -4.507876628786364e-08 2.37547143057454e-05
17.00833333333309 -2.306261057953941e-07 2.421434929479614e-05
17.01111111111086 -4.278849322052424e-07 2.467957765414129e-05
17.01388888888864 -6.372703634687729e-07 2.515027155704158e-05
17.01666666666642 -8.592048480883113e-07 2.562628936167629e-05
17.01944444444419 -1.094117962219805e-06 2.610747501235809e-05
17.02222222222197 -1.34244618179671e-06 2.659365742962382e-05
17.02499999999975 -1.604632628692547e-06 2.708464988975578e-05
17.02777777777752 -1.881126789473302e-06 2.758024939427566e-05
17.0305555555553 -2.17238420584392e-06 2.8080236030095e-05
17.03333333333308 -2.478866135371661e-06 2.858437232099925e-05
17.03611111111085 -2.801039181398361e-06 2.909240257125726e-05
17.03888888888863 -3.139374890825833e-06 2.960405220220469e-05
17.0416666666664 -3.494349318693231e-06 3.011902708270786e-05
17.04444444444418 -3.866442558138243e-06 3.063701285452036e-05
17.04722222222196 -4.256138234584089e-06 3.115767425358391e-05
17.04999999999973 -4.663922962999283e-06 3.168065442845236e-05
17.05277777777751 -5.090285766831809e-06 3.220557425705054e-05
17.05555555555529 -5.535717457553314e-06 3.273203166311846e-05
17.05833333333306 -6.000709973497177e-06 3.325960093372564e-05
17.06111111111084 -6.4857556768449e-06 3.378783203938795e-05
17.06388888888862 -6.991346607563724e-06 3.431624995835655e-05
17.06666666666639 -7.517973693237419e-06 3.484435400679256e-05
17.06944444444417 -8.066125913460802e-06 3.537161717660861e-05
17.07222222222195 -8.636289417961829e-06 3.589748548287172e-05
17.07499999999972 -9.228946597209619e-06 3.642137732275395e-05
17.0777777777775 -9.844575104629368e-06 3.694268284814114e-05
17.08055555555528 -1.048364682940247e-05 3.746076335407752e-05
17.08333333333305 -1.114662681897219e-05 3.797495068538769e-05
17.08611111111083 -1.183397215050491e-05 3.848454666384269e-05
17.0888888888886 -1.254613075032926e-05 3.898882253846131e-05
17.09166666666638 -1.328354016097002e-05 3.948701846150101e-05
17.09444444444416 -1.404662625487827e-05 3.997834299295648e-05
17.09722222222193 -1.483580189464955e-05 4.046197263633449e-05
17.09999999999971 -1.565146553890496e-05 4.09370514087796e-05
17.10277777777749 -1.64939997940669e-05 4.140269044847005e-05
17.10555555555526 -1.736376991124686e-05 4.185796766262967e-05
17.10833333333304 -1.826112222871375e-05 4.23019274192746e-05
17.11111111111082 -1.918638255962996e-05 4.273358028620744e-05
17.11388888888859 -2.013985452538519e-05 4.315190282068633e-05
17.11666666666637 -2.112181783492938e-05 4.355583741336965e-05
17.11944444444415 -2.213252651050962e-05 4.394429219022178e-05
17.12222222222192 -2.317220706049994e-05 4.431614097618478e-05
17.1249999999997 -2.424105660032275e-05 4.467022332439784e-05
17.12777777777747 -2.533924092217904e-05 4.500534461505875e-05
17.13055555555525 -2.646689251516576e-05 4.532027622779585e-05
17.13333333333303 -2.762410853700699e-05 4.56137557917545e-05
17.1361111111108 -2.881094873902374e-05 4.588448751755168e-05
17.13888888888858 -3.00274333463938e-05 4.613114261527133e-05
17.14166666666636 -3.127354089561855e-05 4.63523598028208e-05
17.14444444444413 -3.254920603156648e-05 4.654674590900289e-05
17.14722222222191 -3.38543172669651e-05 4.671287657546678e-05
17.14999999999969 -3.518871470663163e-05 4.684929706224493e-05
17.15277777777746 -3.655218774032533e-05 4.69545231608256e-05
17.15555555555524 -3.794447270688333e-05 4.702704221957188e-05
17.15833333333302 -3.936525053393857e-05 4.706531428552158e-05
17.16111111111079 -4.081414435691861e-05 4.7067773367057e-05
17.16388888888857 -4.22907171216029e-05 4.70328288218054e-05
17.16666666666634 -4.379446917506112e-05 4.695886687384654e-05
17.16944444444412 -4.532483584981057e-05 4.684425226449319e-05
17.1722222222219 -4.688118504633953e-05 4.668733004079179e-05
17.17499999999967 -4.846281481985721e-05 4.648642748556749e-05
17.17777777777745 -5.006895097698546e-05 4.623985619299118e-05
17.18055555555523 -5.169874468880352e-05 4.594591429332601e-05
17.183333333333 -5.335127012678231e-05 4.560288883045233e-05
17.18611111111078 -5.502552212884387e-05 4.520905829532188e-05
17.18888888888856 -5.672041390236848e-05 4.4762695318964e-05
17.19166666666633 -5.843477477263676e-05 4.426206952722787e-05
17.19444444444411 -6.016734798383118e-05 4.370545056081122e-05
17.19722222222189 -6.191678856180281e-05 4.309111126221638e-05
17.19999999999966 -6.368166124691317e-05 4.241733103212485e-05
17.20277777777744 -6.546043850627521e-05 4.168239935677054e-05
17.20555555555521 -6.725149863454672e-05 4.088461950803687e-05
17.20833333333299 -6.905312395362329e-05 4.002231241667345e-05
17.21111111111077 -7.086349912067105e-05 3.909382072005785e-05
17.21388888888854 -7.268070955563766e-05 3.809751298382766e-05
17.21666666666632 -7.450273999826709e-05 3.703178809807467e-05
17.2194444444441 -7.632747320658534e-05 3.589507984603507e-05
17.22222222222187 -7.815268880713963e-05 3.468586164553115e-05
17.22499999999965 -7.997606230956463e-05 3.340265145988376e-05
17.22777777777743 -8.179516429676963e-05 3.204401687666933e-05
17.2305555555552 -8.360745980304555e-05 3.060858035101863e-05
17.23333333333298 -8.541030789226702e-05 2.909502460992672e-05
17.23611111111076 -8.720096144890987e-05 2.750209821281849e-05
17.23888888888853 -8.89765671941374e-05 2.58286212640567e-05
17.24166666666631 -9.073416594030521e-05 2.407349127034586e-05
17.24444444444408 -9.24706930960372e-05 2.223568913810169e-05
17.24722222222186 -9.418297943539292e-05 2.031428530212811e-05
17.24999999999964 -9.586775214383206e-05 1.830844597788663e-05
17.25277777777741 -9.752163615383296e-05 1.621743952887717e-05
17.25555555555519 -9.914115578328381e-05 1.404064293837e-05
17.25833333333297 -0.00010072273668921 1.177754837572966e-05
17.26111111111074 -0.0001022627081496498 9.427769844963786e-06
17.26388888888852 -0.0001037573056860732 6.991049903273661e-06
17.2666666666663 -0.0001052026740384787 4.467266436523833e-06
17.26944444444407 -0.0001065948705052993 1.856439475992377e-06
17.27222222222185 -0.0001079298686593921 -8.412619571222541e-07
17.27499999999963 -0.0001092035624515409 -3.625512997848447e-06
17.2777777777774 -0.0001104117707119888 -6.495826090039197e-06
17.28055555555518 -0.0001115502420601953 -9.451544164767967e-06
17.28333333333295 -0.000112614660232392 -1.249183386304801e-05
17.28611111111073 -0.000113600649835791 -1.561567882403735e-05
17.28888888888851 -0.0001145037825376286 -1.882187305947153e-05
17.29166666666628 -0.0001153195836963377 -2.210901443707666e-05
17.29444444444406 -0.000116043539441406 -2.547549829555394e-05
17.29722222222184 -0.0001166711042072899 -2.891951121648569e-05
17.29999999999961 -0.0001171977087260878 -3.2439024976817e-05
17.30277777777739 -0.000117618768482034 -3.603179070987785e-05
17.30555555555517 -0.0001179296926303665 -3.969533329991304e-05
17.30833333333294 -0.0001181258933812817 -4.342694603913391e-05
17.31111111111072 -0.000118202795848593 -4.722368557574735e-05
17.3138888888885 -0.0001181558483612417 -5.10823671821418e-05
17.31666666666627 -0.0001179805332347632 -5.499956037227036e-05
17.31944444444405 -0.0001176723779968011 -5.897158490165781e-05
17.32222222222182 -0.0001172269670616038 -6.299450717728946e-05
17.3249999999996 -0.0001166399538436069 -6.706413711331504e-05
17.32777777777738 -0.0001159070733014825 -7.117602546123071e-05
17.33055555555515 -0.0001150241548995827 -7.532546164960873e-05
17.33333333333293 -0.0001139871359735428 -7.950747216476236e-05
17.33611111111071 -0.0001127920754839907 -8.371681950562902e-05
17.33888888888848 -0.0001114351681401012 -8.794800174642969e-05
17.34166666666626 -0.0001099127588728796 -9.219525273986733e-05
17.34444444444404 -0.0001082213576367649 -9.645254299257025e-05
17.34722222222181 -0.0001063576545130196 -0.0001007135812480014
17.34999999999959 -0.000104318535090399 -0.0001049718168058454
17.35277777777737 -0.0001021010960914462 -0.0001092204426125981
17.35555555555514 -9.970266121516639e-05 -0.0001134523991515459
17.35833333333292 -9.712079716007381e-05 -0.0001176603791645964
17.3611111111107 -9.435332979192803e-05 -0.0001218368332342279
17.36388888888847 -9.139836041841273e-05 -0.0001259739762526759
17.36666666666625 -8.825428212666033e-05 -0.0001300637948077012
17.36944444444402 -8.491979614302811e-05 -0.0001340980555074119
17.3722222222218 -8.139392816668176e-05 -0.000138068314269937
17.37499999999958 -7.767604462841597e-05 -0.000141965926599579
17.37777777777735 -7.376586882599597e-05 -0.0001457820588679905
17.38055555555513 -6.966349687912708e-05 -0.0001495077006205337
17.38333333333291 -6.536941345126626e-05 -0.0001531336779214318
17.38611111111068 -6.088450717977345e-05 -0.0001566506677512276
17.38888888888846 -5.621008575280236e-05 -0.0001600492134676017
17.39166666666624 -5.134789057263334e-05 -0.0001633197413358853
17.39444444444401 -4.630011094201031e-05 -0.0001664525781335676
17.39722222222179 -4.106939770469096e-05 -0.0001694379698308888
17.39999999999957 -3.565887627603169e-05 -0.0001722661013437388
17.40277777777734 -3.007215899206385e-05 -0.0001749271173536727
17.40555555555512 -2.431335670887419e-05 -0.0001774111441844007
17.40833333333289 -1.838708957799446e-05 -0.0001797083127215303
17.41111111111067 -1.229849692752028e-05 -0.000181808782356788
17.41388888888845 -6.053246174405275e-06 -0.0001837027659346169
17.41666666666622 3.424593068966345e-07 -0.0001853805556741585
17.419444444444 6.881873432286932e-06 -0.0001868325500348375
17.42222222222178 1.355770184738636e-05 -0.0001880492814892923
17.42499999999955 2.036209763500034e-05 -0.000189021445162294
17.42777777777733 2.72866583598691e-05 -0.0001897399282893028
17.43055555555511 3.432242452900529e-05 -0.0001901958404432174
17.43333333333288 4.145987953738824e-05 -0.0001903805444724255
17.43611111111066 4.868895116942163e-05 -0.0001902856880883364
17.43888888888844 5.599901472562936e-05 -0.0001899032360350355
17.44166666666621 6.337889784271352e-05 -0.0001892255027680974
17.44444444444399 7.081688707009236e-05 -0.0001882451855646281
17.44722222222176 7.830073626706293e-05 -0.000186955397980343
17.44999999999954 8.581767687503277e-05 -0.0001853497035660043
17.45277777777732 9.335443012608137e-05 -0.0001834221497469383
17.45555555555509 0.0001008972212330464 -0.0001811673017680771
17.45833333333287 0.0001084317956121927 -0.0001785802765983509
17.46111111111065 0.0001159434371799897 -0.0001756567766845023
17.46388888888842 0.0001234169887577297 -0.0001723931234415743
17.4666666666662 0.0001308368746219523 -0.0001687862903568121
17.46944444444398 0.0001381871252185432 -0.0001648339355875213
17.47222222222175 0.0001454514040660422 -0.0001605344339206133
17.47499999999953 0.0001526130368560854 -0.0001558869079645304
17.47777777777731 0.0001596550427592831 -0.0001508912584351487
17.48055555555508 0.0001665601679327216 -0.0001455481933971374
17.48333333333286 0.0001733109212170374 -0.0001398592563201885
17.48611111111063 0.0001798896120085853 -0.0001338268528008312
17.48888888888841 0.0001862783902745523 -0.0001274542758074083
17.49166666666619 0.0001924592886790069 -0.000120745729294338
17.49444444444396 0.0001984142667709436 -0.0001137063500388488
17.49722222222174 0.0002041252571794339 -0.0001063422275493049
17.49999999999952 0.0002095742137533292 -9.866042188932227e-05
17.50277777777729 0.0002147431615660453 -9.066897927331953e-05
17.50555555555507 0.0002196142487026882 -8.237694527894811e-05
17.50833333333285 0.0002241697997324946 -7.379437552890721e-05
17.51111111111062 0.0002283923707582991 -6.493234369944168e-05
17.5138888888884 0.0002322648059275905 -5.580294670686281e-05
17.51666666666618 0.0002357702952736841 -4.641930694046539e-05
17.51944444444395 0.0002388924337498814 -3.679557140063222e-05
17.52222222222173 0.0002416152813050163 -2.694690761531203e-05
17.5249999999995 0.0002439234238390053 -1.688949621250195e-05
17.52777777777728 0.0002458020348667039 -6.640520033523751e-06
17.53055555555506 0.000247236937708283 3.781850331703196e-06
17.53333333333283 0.0002482146680118006 1.435847466947233e-05
17.53611111111061 0.0002487225364067437 2.506926503883691e-05
17.53888888888839 0.0002487486910749386 3.589321150725482e-05
17.54166666666616 0.0002482821800178787 4.680841179823066e-05
17.54444444444394 0.000247313012789176 5.779210491562232e-05
17.54722222222172 0.0002458322214536997 6.882070878355731e-05
17.54999999999949 0.0002438319205268912 7.986986193753891e-05
17.55277777777727 0.0002413053656393808 9.091446928890949e-05
17.55555555555505 0.0002382470106690423 0.0001019287519585991
17.55833333333282 0.0002346525630730002 0.0001128863011762334
17.5611111111106 0.0002305190371491755 0.0001237601362150897
17.56388888888837 0.0002258448049544806 0.0001345227663151628
17.56666666666615 0.0002206296446016301 0.0001451462565351144
17.56944444444393 0.000214874785654442 0.0001556022974542536
17.5722222222217 0.0002085829513463564 0.0001658622786190079
17.57499999999948 0.0002017583973357006 0.0001758973656276025
17.57777777777726 0.0001944069467252265 0.0001856785807068954
17.58055555555503 0.0001865360210725518 0.0001951768866245303
17.58333333333281 0.0001781546671118192 0.0002043632737697741
17.58611111111059 0.000169273578931461 0.0002132088501943084
17.58888888888836 0.0001599051153436391 0.0002216849344034791
17.59166666666614 0.0001500633121965854 0.0002297631506591964
17.59444444444392 0.0001397638893892756 0.0002374155265376947
17.59722222222169 0.0001290242523582413 0.0002446145924658528
17.59999999999947 0.0001178634878212849 0.0002513334829388294
17.60277777777724 0.0001063023535779612 0.0002575460391028741
17.60555555555502 9.436326216859867e-05 0.0002632269123747765
17.6083333333328 8.207025824141471e-05 0.0002683516687365103
17.61111111111057 6.944898946033161e-05 0.0002728968933443551
17.61388888888835 5.652667082865701e-05 0.0002768402950632596
17.61666666666613 4.333204232424559e-05 0.0002801608105245704
17.6194444444439 2.989531975265499e-05 0.0002828387072940473
17.62222222222168 1.624813876161722e-05 0.0002848556857200604
17.62499999999946 2.423491981894451e-06 0.000286194979021903
17.62777777777723 -1.154434071398002e-05 0.0002868414511679731
17.63055555555501 -2.561986881979169e-05 0.0002867816920842616
17.63333333333279 -3.976647461253661e-05 0.0002860041097262803
17.63611111111056 -5.394650330470439e-05 0.000284499018542802
17.63888888888834 -6.812135981659586e-05 0.0002822587238560974
17.64166666666612 -8.225161202666766e-05 0.0002792776016817608
17.64444444444389 -9.629710032437491e-05 0.0002755521735112537
17.64722222222167 -0.0001102170532445093 0.0002710811755870823
17.64999999999944 -0.0001239702089600003 0.000265865622195845
17.65277777777722 -0.0001375149423249016 0.0002599088625278869
17.655555555555 -0.0001508093971817912 0.0002532166306431296
17.65833333333277 -0.0001638116235697617 0.0002457970881092788
17.66111111111055 -0.0001764797194465593 0.0002376608588928097
17.66388888888833 -0.0001887719765239425 0.0002288210560875927
17.6666666666661 -0.0002006470297551681 0.0002192933001000131
17.66944444444388 -0.0002120640099887292 0.0002090957279308476
17.67222222222166 -0.0002229826992835892 0.0001982489932077617
17.67499999999943 -0.0002333636883298549 0.0001867762566669651
17.67777777777721 -0.0002431685354131777 0.0001747031667898811
17.68055555555499 -0.0002523599262974376 0.000162057830373338
17.68333333333276 -0.0002609018344230386 0.0001488707727908746
17.68611111111054 -0.0002687596807455029 0.0001351748877973433
17.68888888888831 -0.0002759004925487872 0.000121005376731847
17.69166666666609 -0.0002822930605377831 0.0001063996770246935
17.69444444444387 -0.000287908093488786 9.139737997935284e-05
17.69722222222164 -0.0002927183697426288 7.604013780142728e-05
17.69999999999942 -0.000296698884786137 6.037155996016332e-05
17.7027777777772 -0.0002998269941869892 4.443709894791657e-05
17.70555555555497 -0.0003020825511218695 2.828392559939844e-05
17.70833333333275 -0.0003034480377410391 1.196079419051805e-05
17.71111111111053 -0.000303908689621089 -4.482102458892475e-06
17.7138888888883 -0.0003034526125527575 -2.099328753600526e-05
17.71666666666608 -0.0003020708909273067 -3.752016409636025e-05
17.71944444444386 -0.0002997576869952093 -5.400918779494374e-05
17.72222222222163 -0.0002965103302876935 -7.04060480297497e-05
17.72499999999941 -0.00029232939651404 -8.665585695059706e-05
17.72777777777718 -0.000287218775277006 -0.0001027033457394582
17.73055555555496 -0.0002811857259666174 -0.0001184930675525283
17.73333333333274 -0.000274240921244522 -0.0001339696063916246
17.73611111111051 -0.000266398477550426 -0.0001490777911928226
17.73888888888829 -0.0002576759721193765 -0.0001637629143195325
17.74166666666607 -0.0002480944460423881 -0.0001779709536194776
17.74444444444384 -0.0002376783929382854 -0.0001916487971808453
17.74722222222162 -0.0002264557328897803 -0.0002047444698307492
17.7499999999994 -0.0002144577713214118 -0.0002172073604368554
17.75277777777717 -0.0002017191425801036 -0.0002289884490009201
17.75555555555495 -0.0001882777380545332 -0.0002400405325006641
17.75833333333273 -0.0001741746186854915 -0.0002503184484576415
17.7611111111105 -0.0001594539118770412 -0.0002597792951046215
17.76388888888828 -0.0001441626928053081 -0.0002683826470905301
17.76666666666605 -0.0001283508502568313 -0.0002760907655937455
17.76944444444383 -0.0001120709371844203 -0.0002828688017290829
17.77222222222161 -9.537800625352765e-05 -0.0002886849921277571
17.77499999999938 -7.832943073275208e-05 -0.0002935108455740828
17.77777777777716 -6.098471116383996e-05 -0.0002973213195921852
17.78055555555494 -4.340526833670875e-05 -0.0003000949858898344
17.78333333333271 -2.565422317419108e-05 -0.0003018141835912253
17.78611111111049 -7.79616420512575e-06 -0.0003024651592192717
17.78888888888827 1.010309658530661e-05 -0.0003020381924190912
17.79166666666604 2.797677870014407e-05 -0.0003005277064610255
17.79444444444382 4.575739791444275e-05 -0.0002979323626050304
17.7972222222216 6.337703991381284e-05 -0.0002942551374646787
17.79999999999937 8.076764168708115e-05 -0.000289503382569566
17.80277777777715 9.786127953446223e-05 -0.0002836888653902599
17.80555555555492 0.0001145904624619955 -0.0002768277911652991
17.8083333333327 0.0001308884296809208 -0.0002689408049489516
17.81111111111048 0.000146689450885787 -0.0002600529733760188
17.81388888888825 0.000161929127896609 -0.0002501937457448284
17.81666666666603 0.0001765446962564854 -0.0002393968940916238
17.81944444444381 0.0001904753252693474 -0.0002277004320639593
17.82222222222158 0.000203662415015078 -0.000215146512453933
17.82499999999936 0.0002160498887530187 -0.0002017813034255169
17.82777777777714 0.0002275844792075905 -0.0001876548435096907
17.83055555555491 0.0002382160071330463 -0.0001728208756225739
17.83333333333269 0.000247897650618401 -0.000157336660420954
17.83611111111047 0.0002565862035532019 -0.000141262769473733
17.83888888888824 0.0002642423217242868 -0.0001246628588089539
17.84166666666602 0.0002708307550134237 -0.0001076034235475404
17.84444444444379 0.0002763205642200734 -9.015353442215963e-05
17.84722222222157 0.0002806853210566821 -7.238455713564628e-05
17.84999999999935 0.0002839032899380265 -5.436985558425911e-05
17.85277777777712 0.0002859575902290949 -3.618448012830376e-05
17.8555555555549 0.0002868363377005306 -1.790484217059226e-05
17.85833333333268 0.0002865327640145622 3.916235772755721e-07
17.86111111111045 0.000285045313155116 1.862680764408273e-05
17.86388888888823 0.00028237771381724 3.672228361590302e-05
17.86666666666601 0.0002785390268732975 5.45996735252299e-05
17.86944444444378 0.0002735436671519721 7.218101908101992e-05
17.87222222222156 0.0002674113988854582 8.938915691428436e-05
17.87499999999934 0.0002601673043136075 0.0001061480959400866
17.87777777777711 0.0002518417250653533 0.0001223833949006869
17.88055555555489 0.0002424701760863239 0.0001380225380825432
17.88333333333266 0.0002320932320192911 0.0001529953071905691
17.88611111111044 0.0002207563861068231 0.0001672341473078953
17.88888888888822 0.0002085098818345779 0.000180674524874151
17.89166666666599 0.0001954085176923647 0.0001932552756076428
17.89444444444377 0.0001815114255900455 0.0002049189403054636
17.89722222222155 0.0001668818236350092 0.0002156120864693949
17.89999999999932 0.0001515867441249762 0.0002252856137563569
17.9027777777771 0.0001356967377834987 0.0002338950412839814
17.90555555555488 0.0001192855554145438 0.0002414007748918649
17.90833333333265 0.0001024298083198766 0.000247768352523701
17.91111111111043 8.520860895492845e-05 0.0002529686659936936
17.91388888888821 6.770319347023988e-05 0.0002569781574843773
17.91666666666598 4.999652790347225e-05 0.0002597789892472176
17.91944444444376 3.217289993253306e-05 0.000261359185093125
17.92222222222154 1.431749821838128e-05 0.0002617127423977778
17.92499999999931 -3.48401851222308e-06 0.0002608397134910224
17.92777777777709 -2.114596039709039e-05 0.0002587462554579414
17.93055555555486 -3.858305103622133e-05 0.000255444647543845
17.93333333333264 -5.571087533144255e-05 0.0002509532755312987
17.93611111111042 -7.244632807471111e-05 0.0002452965826403859
17.93888888888819 -8.870806073940769e-05 0.0002385049866932623
17.94166666666597 -0.0001044169238821898 0.0002306147634822085
17.94444444444375 -0.0001194964025521629 0.0002216678964784488
17.94722222222152 -0.0001338730420819748 0.000211711893226779
17.9499999999993 -0.0001474768616479066 0.0002007995689791364
17.95277777777708 -0.0001602417530166193 0.0001889887983248809
17.95555555555485 -0.0001721058619276497 0.0001763422357890534
17.95833333333263 -0.0001830119496262002 0.0001629270065733268
17.96111111111041 -0.0001929077321314295 0.0001488143688221878
17.96388888888818 -0.0002017461949227989 0.0001340793489927645
17.96666666666596 -0.0002094858808341804 0.000118800352101678
17.96944444444373 -0.0002160911490687954 0.0001030587488128788
17.97222222222151 -0.0002215324033949354 8.693844150310606e-05
17.97499999999929 -0.0002257862877360782 7.052541161489387e-05
17.97777777777706 -0.0002288358475456876 5.390725075558965e-05
17.98055555555484 -0.0002306706555374291 3.717267815768898e-05
17.98333333333262 -0.0002312869005479582 2.041104723067062e-05
17.98611111111039 -0.0002306874385160588 3.711844060491347e-06
17.98888888888817 -0.0002288818047872374 -1.283581919331475e-05
17.99166666666595 -0.0002258861871846296 -2.914371297690049e-05
17.99444444444372 -0.0002217233595270185 -4.512499799899839e-05
17.9972222222215 -0.000216422575523268 -6.069472873357144e-05
17.99999999999928 -0.0002100194232239944 -7.5770349611025e-05
18.00277777777705 -0.0002025556404688911 -9.02721807331153e-05
18.00555555555483 -0.0001940788920254238 -0.0001041238899735573
18.0083333333326 -0.0001846425093728869 -0.0001172529483626685
18.01111111111038 -0.0001743051943441893 -0.000129591065714156
18.01388888888816 -0.0001631306880893557 -0.0001410746035406798
18.01666666666593 -0.0001511874070731437 -0.0001516449624072779
18.01944444444371 -0.0001385480480614477 -0.0001612489409971721
18.02222222222149 -0.0001252891642816009 -0.0001698390643139015
18.02499999999926 -0.0001114907151627735 -0.0001773738786106778
18.02777777777704 -9.723559227197897e-05 -0.0001838182108237318
18.03055555555482 -8.260912425482439e-05 -0.0001891433904927443
18.03333333333259 -6.769856376759871e-05 -0.000193327432374394
18.03611111111037 -5.259255954804106e-05 -0.0001963551781939061
18.03888888888815 -3.738061691307362e-05 -0.000198218396233283
18.04166666666592 -2.215255009246759e-05 -0.000198915837722272
18.0444444444437 -6.99792990490269e-06 -0.0001984532492768569
18.04722222222147 7.99446963922032e-06 -0.0001968433409182201
18.04999999999925 2.273722217441664e-05 -0.0001941057095020513
18.05277777777703 3.714479359501418e-05 -0.0001902667176901614
18.0555555555548 5.113407678551644e-05 -0.000185359328902168
18.05833333333258 6.462491282739335e-05 -0.0001794228989932479
18.06111111111036 7.754059509743539e-05 -0.0001725029257102766
18.06388888888813 8.980835274663586e-05 -0.0001646507572832454
18.06666666666591 0.0001013598101531729 -0.000155923261808044
18.06944444444369 0.0001121314190754292 -0.0001463824593669079
18.07222222222146 0.0001220648603829821 -0.0001360951191150372
18.07499999999924 0.0001311074124230956 -0.0001251323238326781
18.07777777777702 0.0001392122832893461 -0.0001135690046929453
18.08055555555479 0.0001463389044780811 -0.0001014834492396366
18.08333333333257 0.0001524531836731571 -8.8956785784219e-05
18.08611111111034 0.0001575277146632657 -7.607244763386419e-05
18.08888888888812 0.0001615419426841911 -6.291562073761879e-05
18.0916666666659 0.0001644822837802578 -4.957267849166416e-05
18.09444444444367 0.0001663421970967764 -3.613060756983929e-05
18.09722222222145 0.0001671222093429709 -2.26764287487252e-05
18.09999999999923 0.0001668298910049302 -9.296616765657276e-06
18.102777777777 0.0001654797842338897 3.923476709934215e-06
18.10555555555478 0.000163093282685032 1.690019289519957e-05
18.10833333333256 0.000159698463936318 2.955212442935382e-05
18.11111111111033 0.0001553298754681732 4.180065859746699e-05
18.11388888888811 0.000150028275534423 5.357050129745324e-05
18.11666666666589 0.0001438403305974625 6.479017791412204e-05
18.11944444444366 0.0001368182713346438 7.539250740718524e-05
18.12222222222144 0.0001290195095457831 8.531504608894048e-05
18.12499999999921 0.0001205062185981994 9.45004977718582e-05
18.12777777777699 0.0001113448803390301 0.0001028970871878286
18.13055555555477 0.0001016058016732532 0.0001104588938410867
18.13333333333254 9.136260425797764e-05 0.0001171461437302844
18.13611111111032 8.069169098641539e-05 0.000122925456679871
18.1388888888881 6.967169313642288e-05 0.0001277700473397733
18.14166666666587 5.838290222626486e-05 0.0001316598782551069
18.14444444444365 4.690669076309772e-05 0.0001345817637611423
18.14722222222143 3.53249261775565e-05 0.0001365294238285712
18.1499999999992 2.371938231393439e-05 0.0001375034873631049
18.15277777777698 1.217115288853658e-05 0.0001375114448492573
18.15555555555476 7.600713351722577e-07 0.0001365675506194078
18.15833333333253 -1.043585856919671e-05 0.0001346926754201506
18.16111111111031 -2.134101696916251e-05 0.0001319141103380353
18.16388888888808 -3.188270285431556e-05 0.0001282653235307167
18.16666666666586 -4.199164554173987e-05 0.0001237856715853375
18.16944444444364 -5.160248878520406e-05 0.0001185200676896893
18.17222222222141 -6.065424377749141e-05 0.0001125186091509631
18.17499999999919 -6.909070754447534e-05 0.0001058361671276928
18.17777777777697 -7.686084349078058e-05 9.853194175064715e-05
18.18055555555474 -8.391912114572547e-05 9.066898609515836e-05
18.18333333333252 -9.022581247590349e-05 8.231370272671534e-05
18.1861111111103 -9.57472424681338e-05 7.353531677372281e-05
18.18888888888807 -0.0001004559920490988 6.440532968055535e-05
18.19166666666585 -0.0001043310517851013 5.499695796214131e-05
18.19444444444363 -0.0001073579252009092 4.538456141255618e-05
18.1972222222214 -0.0001095286809612767 3.564306531731568e-05
18.19999999999918 -0.0001108419535744147 2.584738127684221e-05
18.20277777777696 -0.0001113028926955856 1.60718312696289e-05
18.20555555555473 -0.0001109230615306013 6.389579565652164e-06
18.20833333333251 -0.0001097202852581857 -3.127922957255773e-06
18.21111111111028 -0.0001077184508035795 -1.241147763614288e-05
18.21388888888806 -0.0001049472596999447 -2.139465566169744e-05
18.21666666666584 -0.000101441936165419 -3.001429038032973e-05
18.21944444444361 -9.724289289845113e-05 -3.821094031493689e-05
18.22222222222139 -9.239535744910334e-05 -4.5929319201545e-05
18.22499999999917 -8.694896235580886e-05 -5.311868961304406e-05
18.22777777777694 -8.09573025429448e-05 -5.973321704733818e-05
18.23055555555472 -7.447746375112691e-05 -6.573228168960242e-05
18.2333333333325 -6.756952601727203e-05 -7.108074541722362e-05
18.23611111111027 -6.02960464321193e-05 -7.57491719966929e-05
18.23888888888805 -5.272152557809636e-05 -7.971399882102391e-05
18.24166666666583 -4.491186218657053e-05 -8.295765895215834e-05
18.2444444444436 -3.693380065166619e-05 -8.546865265930731e-05
18.24722222222138 -2.88543760938909e-05 -8.72415680800848e-05
18.24999999999915 -2.074036168313431e-05 -8.827705107051767e-05
18.25277777777693 -1.265772290429552e-05 -8.858172475000861e-05
18.25555555555471 -4.671083381144371e-06 -8.816805968372521e-05
18.25833333333248 3.156793234354334e-06 -8.705419607332992e-05
18.26111111111026 1.076550094953551e-05 -8.526371974404938e-05
18.26388888888804 1.809746452563748e-05 -8.28253941177123e-05
18.26666666666581 2.509838403615613e-05 -7.977285074359116e-05
18.26944444444359 3.171764720671764e-05 -7.614424131860775e-05
18.27222222222137 3.790870615034297e-05 -7.198185446157295e-05
18.27499999999914 4.362941543670257e-05 -6.733170081033589e-05
18.27777777777692 4.884232878952952e-05 -6.2243070281973e-05
18.2805555555547 5.351495208351018e-05 -5.676806557313956e-05
18.28333333333247 5.761995071322678e-05 -5.096111617670064e-05
18.28611111111025 6.113530982369937e-05 -4.487847735104451e-05
18.28888888888802 6.404444632352812e-05 -3.857771859756086e-05
18.2916666666658 6.633627204299379e-05 -3.21172062788157e-05
18.29444444444358 6.800520784588742e-05 -2.555558504393827e-05
18.29722222222135 6.905114895187964e-05 -1.895126271870079e-05
18.29999999999913 6.947938217145975e-05 -1.236190326483491e-05
18.30277777777691 6.930045619347256e-05 -5.843932317468318e-06
18.30555555555468 6.853000649164233e-05 5.479403279501353e-07
18.30833333333246 6.718853682798546e-05 6.761177086698975e-06
18.31111111111024 6.530115972247401e-05 1.274584383921269e-05
18.31388888888801 6.289729862701989e-05 1.845501234908202e-05
18.31666666666579 6.001035488336855e-05 2.384513041467188e-05
18.31944444444357 5.667734285618757e-05 2.887635664615502e-05
18.32222222222134 5.293849691086536e-05 3.351285711003497e-05
18.32499999999912 4.883685414800883e-05 3.772306145949086e-05
18.32777777777689 4.441781701067639e-05 4.147987656622108e-05
18.33055555555467 3.972870004426175e-05 4.476085608530627e-05
18.33333333333245 3.481826521066987e-05 4.754832481363184e-05
18.33611111111022 2.973625023734056e-05 4.982945714146876e-05
18.338888888888 2.453289451640517e-05 5.159630934058093e-05
18.34166666666578 1.925846706020412e-05 5.284580587703415e-05
18.34444444444355 1.396280096566988e-05 5.357968037804586e-05
18.34722222222133 8.694838743814828e-06 5.380437231489624e-05
18.34999999999911 3.502192730780404e-06 5.353088088482798e-05
18.35277777777688 -1.569275382950867e-06 5.277457797859324e-05
18.35555555555466 -6.47585208805324e-06 5.155498250367123e-05
18.35833333333244 -1.117634309547924e-05 4.989549869207753e-05
18.36111111111021 -1.563241460853109e-05 4.782312135229391e-05
18.36388888888799 -1.980890187833002e-05 4.536811132437585e-05
18.36666666666576 -2.367408244254045e-05 4.256364466219846e-05
18.36944444444354 -2.719991182014524e-05 3.944543929495563e-05
18.37222222222132 -3.036221982886638e-05 3.60513631088453e-05
18.37499999999909 -3.314086610111205e-05 3.242102753768174e-05
18.37777777777687 -3.551985379591799e-05 2.859537085670802e-05
18.38055555555465 -3.748740093318441e-05 2.461623543578366e-05
18.38333333333242 -3.903596920832338e-05 2.052594322646214e-05
18.3861111111102 -4.016225057581095e-05 1.636687373161965e-05
18.38888888888798 -4.08671123142798e-05 1.218104863739033e-05
18.39166666666575 -4.115550169982087e-05 8.009727175259853e-06
18.39444444444353 -4.103631181314816e-05 3.893016129539672e-06
18.39722222222131 -4.052221038666281e-05 -1.305017870396429e-07
18.39999999999908 -3.9629433954838e-05 -4.024117695944133e-06
18.40277777777686 -3.837754990243082e-05 -7.753321224411979e-06
18.40555555555463 -3.678918930623486e-05 -1.128609715191086e-05
18.40833333333241 -3.488975373429892e-05 -1.45931914215239e-05
18.41111111111019 -3.270709939938302e-05 -1.764834425463589e-05
18.41388888888796 -3.027120225817967e-05 -2.04284884768517e-05
18.41666666666574 -2.76138078030643e-05 -2.291391154883022e-05
18.41944444444352 -2.476806940698879e-05 -2.508838019440751e-05
18.42222222222129 -2.176817915407869e-05 -2.693922692490271e-05
18.42499999999907 -1.864899511751224e-05 -2.845739816861931e-05
18.42777777777685 -1.544566903294577e-05 -2.963746412392412e-05
18.43055555555462 -1.219327825966152e-05 -3.047759085841192e-05
18.4333333333324 -8.926465824899505e-06 -3.09794755707319e-05
18.43611111111018 -5.679092209272493e-06 -3.11482463123625e-05
18.43888888888795 -2.483902356202238e-06 -3.099232782878809e-05
18.44166666666573 6.277888231891034e-07 -3.052327552012108e-05
18.4444444444435 3.626389422859052e-06 -2.975557983628995e-05
18.44722222222128 6.484299240563925e-06 -2.870644370816334e-05
18.44999999999906 9.176151752805082e-06 -2.739553587063053e-05
18.45277777777683 1.167902724212334e-05 -2.584472315389318e-05
18.45555555555461 1.397263529792251e-05 -2.407778500322027e-05
18.45833333333239 1.603946527329398e-05 -2.212011363291883e-05
18.46111111111016 1.786490365229014e-05 -1.999840332661749e-05
18.46388888888794 1.943731766197647e-05 -1.77403324616309e-05
18.46666666666572 2.074810484560802e-05 -1.537424186042543e-05
18.46944444444349 2.179170869415693e-05 -1.292881305657082e-05
18.47222222222127 2.256560080816167e-05 -1.043275000712374e-05
18.47499999999905 2.307023042656991e-05 -7.914467688722647e-06
18.47777777777682 2.330894250985684e-05 -5.401790882561271e-06
18.4805555555546 2.328786589713269e-05 -2.921666285537704e-06
18.48333333333238 2.301577336777005e-05 -4.998908837721889e-07
18.48611111111015 2.250391572386392e-05 1.839140707331454e-06
18.48888888888793 2.176583226751123e-05 4.072667491771769e-06
18.4916666666657 2.081714027381669e-05 6.179769769804007e-06
18.49444444444348 1.967530625442252e-05 8.141551387014754e-06
18.49722222222126 1.835940196526752e-05 9.941295021639397e-06
18.49999999999903 1.688984823477052e-05 1.156458931100907e-05
18.50277777777681 1.52881497737774e-05 1.299942696184011e-05
