16.5 -1.899437325272502e-08 -2.157358632913586e-07
16.50277777777778 -2.573908262942045e-08 -2.221992425122554e-07
16.50555555555555 -3.284839988289631e-08 -2.286695495950881e-07
16.50833333333333 -4.033126344813336e-08 -2.351380576616779e-07
16.51111111111111 -4.819657646482292e-08 -2.415956846244115e-07
16.51388888888888 -5.645319891524558e-08 -2.480329909619336e-07
16.51666666666666 -6.510993974692871e-08 -2.544401777362406e-07
16.51944444444444 -7.417554899097205e-08 -2.608070848534076e-07
16.52222222222221 -8.365870988806701e-08 -2.671231895686411e-07
16.52499999999999 -9.356803103414909e-08 -2.733776052366909e-07
16.52777777777776 -1.039120385574105e-07 -2.795590803076345e-07
16.53055555555554 -1.146991683387935e-07 -2.85655997568409e-07
16.53333333333332 -1.259377582881273e-07 -2.916563736292364e-07
16.53611111111109 -1.376360406880001e-07 -2.975478586545118e-07
16.53888888888887 -1.498021346180299e-07 -3.033177363361833e-07
16.54166666666665 -1.624440384711951e-07 -3.089529241088807e-07
16.54444444444442 -1.755696225751351e-07 -3.14439973604022e-07
16.5472222222222 -1.891866219306229e-07 -3.197650713404684e-07
16.54999999999998 -2.03302629079402e-07 -3.249140396495336e-07
16.55277777777775 -2.17925087113881e-07 -3.298723378302067e-07
16.55555555555553 -2.330612828412243e-07 -3.346250635316705e-07
16.55833333333331 -2.487183401136091e-07 -3.391569543586179e-07
16.56111111111108 -2.649032133374231e-07 -3.434523896956537e-07
16.56388888888886 -2.816226811732233e-07 -3.474953927452065e-07
16.56666666666663 -2.988833404388765e-07 -3.512696327746522e-07
16.56944444444441 -3.166916002274475e-07 -3.547584275668635e-07
16.57222222222219 -3.350536762523661e-07 -3.579447460685213e-07
16.57499999999996 -3.539755854310682e-07 -3.608112112299965e-07
16.57777777777774 -3.734631407192686e-07 -3.633401030309537e-07
16.58055555555552 -3.93521946207157e-07 -3.655133616843387e-07
16.58333333333329 -4.141573924891764e-07 -3.673125910122095e-07
16.58611111111107 -4.353746523183552e-07 -3.687190619861744e-07
16.58888888888885 -4.571786765568194e-07 -3.697137164248319e-07
16.59166666666662 -4.795741904326551e-07 -3.702771708407618e-07
16.5944444444444 -5.025656901151054e-07 -3.703897204286195e-07
16.59722222222218 -5.261574396171344e-07 -3.700313431872779e-07
16.59999999999995 -5.503534680376905e-07 -3.691817041658176e-07
16.60277777777773 -5.751575671520455e-07 -3.67820159826876e-07
16.6055555555555 -6.005732893617778e-07 -3.659257625176909e-07
16.60833333333328 -6.266039460131695e-07 -3.634772650395034e-07
16.61111111111106 -6.532526060945836e-07 -3.604531253075503e-07
16.61388888888883 -6.805220953214416e-07 -3.568315110916987e-07
16.61666666666661 -7.084149956187831e-07 -3.525903048291274e-07
16.61944444444439 -7.369336450098833e-07 -3.47707108499192e-07
16.62222222222216 -7.660801379203054e-07 -3.421592485519363e-07
16.62499999999994 -7.958563259053379e-07 -3.359237808805908e-07
16.62777777777772 -8.262638188101201e-07 -3.289774958281474e-07
16.63055555555549 -8.573039863696304e-07 -3.212969232209244e-07
16.63333333333327 -8.889779602577501e-07 -3.128583374157466e-07
16.63611111111105 -9.212866365917998e-07 -3.036377623567591e-07
16.63888888888882 -9.542306789016416e-07 -2.936109766276248e-07
16.6416666666666 -9.878105215693555e-07 -2.827535184941574e-07
16.64444444444437 -1.02202637374783e-06 -2.710406909254198e-07
16.64722222222215 -1.056878223764338e-06 -2.584475665867268e-07
16.64999999999993 -1.092365844016898e-06 -2.44948992794183e-07
16.6527777777777 -1.128488796368789e-06 -2.305195964237625e-07
16.65555555555548 -1.165246438049157e-06 -2.151337887646232e-07
16.65833333333326 -1.202637928064581e-06 -1.987657703123195e-07
16.66111111111103 -1.240662234128852e-06 -1.813895354883402e-07
16.66388888888881 -1.279318140116166e-06 -1.629788772853625e-07
16.66666666666659 -1.318604254043743e-06 -1.435073918249363e-07
16.66944444444436 -1.358519016590045e-06 -1.229484828243664e-07
16.67222222222214 -1.399060710152823e-06 -1.012753659647936e-07
16.67499999999992 -1.440227468454176e-06 -7.846107315410071e-08
16.67777777777769 -1.482017286696121e-06 -5.447845668077378e-08
16.68055555555547 -1.524428032273069e-06 -2.93001932493283e-08
16.68333333333324 -1.567457456045614e-06 -2.898787897610929e-09
16.68611111111102 -1.611103204180823e-06 2.475342221429394e-08
16.6888888888888 -1.655362830563703e-06 5.368426414159574e-08
16.69166666666657 -1.700233809784891e-06 8.392172562882009e-08
16.69444444444435 -1.745713550708812e-06 1.154939517165733e-07
16.69722222222213 -1.791799410627985e-06 1.484292414887694e-07
16.6999999999999 -1.838488710005863e-06 1.827560449605961e-07
16.70277777777768 -1.885778747815697e-06 2.185029601070713e-07
16.70555555555546 -1.933666817477507e-06 2.556987300338072e-07
16.70833333333323 -1.982150223398953e-06 2.943722402916508e-07
16.71111111111101 -2.03122629812316e-06 3.345525163320403e-07
16.71388888888879 -2.080892420090308e-06 3.762687211031235e-07
16.71666666666656 -2.131146032014584e-06 4.195501527831302e-07
16.71944444444434 -2.181984659883011e-06 4.644262426518811e-07
16.72222222222211 -2.233405932579249e-06 5.109265530910925e-07
16.72499999999989 -2.285407602137967e-06 5.590807757149225e-07
16.72777777777767 -2.337987564632784e-06 6.089187296207671e-07
16.73055555555544 -2.391143881703613e-06 6.604703597585782e-07
16.73333333333322 -2.444874802726343e-06 7.137657354079531e-07
16.736111111111 -2.499178787631531e-06 7.688350487580319e-07
16.73888888888877 -2.554054530373816e-06 8.257086135795097e-07
16.74166666666655 -2.609500983059604e-06 8.844168639808259e-07
16.74444444444433 -2.665517380734088e-06 9.449903532367101e-07
16.7472222222221 -2.722103266836307e-06 1.007459752677922e-06
16.74999999999988 -2.779258519321905e-06 1.071855850630513e-06
16.75277777777766 -2.836983377464672e-06 1.138209551387758e-06
16.75555555555543 -2.895278469333198e-06 1.206551874204722e-06
16.75833333333321 -2.954144839955398e-06 1.276913952296608e-06
16.76111111111098 -3.013583980169865e-06 1.349327031823669e-06
16.76388888888876 -3.073597856172061e-06 1.423822470846496e-06
16.76666666666654 -3.134188939758031e-06 1.500431738230152e-06
16.76944444444431 -3.195360239268723e-06 1.579186412482093e-06
16.77222222222209 -3.257115331245986e-06 1.66011818049187e-06
16.77499999999987 -3.319458392795865e-06 1.743258836161909e-06
16.77777777777764 -3.382394234668998e-06 1.828640278896845e-06
16.78055555555542 -3.445928335063299e-06 1.916294511928162e-06
16.7833333333332 -3.51006687414755e-06 2.00625364044938e-06
16.78611111111097 -3.57481676931605e-06 2.098549869531069e-06
16.78888888888875 -3.640185711174199e-06 2.193215501787965e-06
16.79166666666653 -3.706182200260505e-06 2.290282934764881e-06
16.7944444444443 -3.772815584507472e-06 2.389784658013668e-06
16.79722222222208 -3.840096097444946e-06 2.491753249822038e-06
16.79999999999986 -3.908034897148354e-06 2.596221373564937e-06
16.80277777777763 -3.97664410593505e-06 2.703221773635542e-06
16.80555555555541 -4.045936850812716e-06 2.812787270921772e-06
16.80833333333318 -4.115927304674784e-06 2.924950757788938e-06
16.81111111111096 -4.186630728254969e-06 3.039745192524104e-06
16.81388888888874 -4.258063512828892e-06 3.157203593203641e-06
16.81666666666651 -4.330243223676069e-06 3.277359030935069e-06
16.81944444444429 -4.403188644293867e-06 3.40024462242753e-06
16.82222222222207 -4.476919821359842e-06 3.525893521852002e-06
16.82499999999984 -4.5514581104526e-06 3.654338911925072e-06
16.82777777777762 -4.626826222514833e-06 3.785613994183927e-06
16.8305555555554 -4.703048271066303e-06 3.919751978383027e-06
16.83333333333317 -4.780149820154645e-06 4.056786070972915e-06
16.83611111111095 -4.858157933040246e-06 4.196749462594649e-06
16.83888888888873 -4.937101221618865e-06 4.339675314533698e-06
16.8416666666665 -5.017009896551933e-06 4.485596744081626e-06
16.84444444444428 -5.097915818126199e-06 4.634546808730563e-06
16.84722222222205 -5.179852547802701e-06 4.78655848915087e-06
16.84999999999983 -5.262855400464554e-06 4.941664670880129e-06
16.85277777777761 -5.346961497340749e-06 5.099898124655842e-06
16.85555555555538 -5.432209819597398e-06 5.261291485328367e-06
16.85833333333316 -5.518641262571301e-06 5.42587722927995e-06
16.86111111111094 -5.606298690635214e-06 5.593687650283217e-06
16.86388888888871 -5.695226992676749e-06 5.764754833715254e-06
16.86666666666649 -5.785473138161967e-06 5.939110629064766e-06
16.86944444444427 -5.877086233758623e-06 6.11678662064837e-06
16.87222222222204 -5.97011758050251e-06 6.297814096457339e-06
16.87499999999982 -6.064620731471526e-06 6.482224015053746e-06
16.8777777777776 -6.160651549931451e-06 6.670046970441938e-06
16.88055555555537 -6.258268267930266e-06 6.861313154818854e-06
16.88333333333315 -6.357531545297072e-06 7.056052319130233e-06
16.88611111111092 -6.458504529003196e-06 7.254293731339045e-06
16.8888888888887 -6.561252912854569e-06 7.456066132319974e-06
16.89166666666648 -6.66584499745496e-06 7.661397689289857e-06
16.89444444444425 -6.772351750396149e-06 7.870315946689768e-06
16.89722222222203 -6.880846866637833e-06 8.082847774406481e-06
16.89999999999981 -6.99140682898144e-06 8.299019313274273e-06
16.90277777777758 -7.104110968624289e-06 8.518855917724226e-06
16.90555555555536 -7.219041525698837e-06 8.742382095513467e-06
16.90833333333314 -7.336283709729639e-06 8.969621444429109e-06
16.91111111111091 -7.455925759956469e-06 9.200596585859373e-06
16.91388888888869 -7.578059005418138e-06 9.435329095154857e-06
16.91666666666647 -7.702777924743367e-06 9.673839428655186e-06
16.91944444444424 -7.830180205526939e-06 9.916146847311603e-06
16.92222222222202 -7.960366803241013e-06 1.016226933677165e-05
16.92499999999979 -8.093441999539156e-06 1.04122235238629e-05
16.92777777777757 -8.229513459895245e-06 1.066602458933762e-05
16.93055555555535 -8.36869229042365e-06 1.092368617681637e-05
16.93333333333312 -8.51109309381323e-06 1.118522029779303e-05
16.9361111111109 -8.656834024203941e-06 1.145063723264105e-05
16.93888888888868 -8.806036840938547e-06 1.171994542747934e-05
16.94166666666645 -8.958826960990382e-06 1.199315138684649e-05
16.94444444444423 -9.115333509989836e-06 1.227025956204321e-05
16.94722222222201 -9.275689371660578e-06 1.255127223508033e-05
16.94999999999978 -9.440031235532906e-06 1.283618939811732e-05
16.95277777777756 -9.608499642776333e-06 1.312500862831059e-05
16.95555555555534 -9.781239029956034e-06 1.341772495798082e-05
16.95833333333311 -9.958397770584283e-06 1.371433074000669e-05
16.96111111111089 -1.014012821424185e-05 1.401481550836158e-05
16.96388888888866 -1.03265867231143e-05 1.431916583371367e-05
16.96666666666644 -1.051793370570749e-05 1.462736517401278e-05
16.96944444444422 -1.071433364757262e-05 1.493939371998568e-05
16.97222222222199 -1.091595513880597e-05 1.525522823546389e-05
16.97499999999977 -1.112297089810719e-05 1.557484189249239e-05
16.97777777777755 -1.133555779316126e-05 1.589820410114062e-05
16.98055555555532 -1.155389685711049e-05 1.622528033397565e-05
16.9833333333331 -1.177817330084558e-05 1.655603194513847e-05
16.98611111111088 -1.200857652091755e-05 1.689041598397167e-05
16.98888888888865 -1.224530010270807e-05 1.722838500318396e-05
16.99166666666643 -1.248854181870049e-05 1.756988686149011e-05
16.99444444444421 -1.273850362144941e-05 1.791486452073212e-05
16.99722222222198 -1.299539163104149e-05 1.826325583745448e-05
16.99999999999976 -1.325941611671304e-05 1.861499334891444e-05
17.00277777777753 -1.353079147230661e-05 1.897000405356124e-05
17.00555555555531 -1.380973618525865e-05 1.932820918596218e-05
17.00833333333309 -1.409647279876868e-05 1.968952398623804e-05
17.01111111111086 -1.439122786686068e-05 2.005385746399158e-05
17.01388888888864 -1.46942319019045e-05 2.042111215683765e-05
17.01666666666642 -1.500571931433841e-05 2.0791183883527e-05
17.01944444444419 -1.532592834415608e-05 2.116396149178947e-05
17.02222222222197 -1.56551009837703e-05 2.153932660096784e-05
17.02499999999975 -1.59934828920007e-05 2.191715333949629e-05
17.02777777777752 -1.634132329858421e-05 2.229730807742643e-05
17.0305555555553 -1.669887489902801e-05 2.267964915403803e-05
17.03333333333308 -1.706639373923366e-05 2.306402660074876e-05
17.03611111111085 -1.744413908956986e-05 2.34502818594482e-05
17.03888888888863 -1.783237330791102e-05 2.383824749647739e-05
17.0416666666664 -1.823136169130869e-05 2.422774691238587e-05
17.04444444444418 -1.864137231575032e-05 2.461859404777222e-05
17.04722222222196 -1.906267586360922e-05 2.501059308539694e-05
17.04999999999973 -1.949554543840991e-05 2.540353814882298e-05
17.05277777777751 -1.994025636632799e-05 2.579721299790973e-05
17.05555555555529 -2.039708598409574e-05 2.619139072143088e-05
17.05833333333306 -2.086631341276789e-05 2.658583342716296e-05
17.06111111111084 -2.134821931693571e-05 2.698029192980739e-05
17.06388888888862 -2.18430856488989e-05 2.737450543711e-05
17.06666666666639 -2.235119537740863e-05 2.7768201234574e-05
17.06944444444417 -2.287283220036248e-05 2.816109436926091e-05
17.07222222222195 -2.340828024117371e-05 2.855288733306077e-05
17.07499999999972 -2.395782372820756e-05 2.894326974598236e-05
17.0777777777775 -2.452174665692312e-05 2.933191803995625e-05
17.08055555555528 -2.51003324342095e-05 2.971849514369812e-05
17.08333333333305 -2.569386350448321e-05 3.010265016924661e-05
17.08611111111083 -2.630262095715605e-05 3.048401810071281e-05
17.0888888888886 -2.692688411489328e-05 3.086221948601712e-05
17.09166666666638 -2.756693010244279e-05 3.12368601321269e-05
17.09444444444416 -2.822303339541225e-05 3.160753080466985e-05
17.09722222222193 -2.889546534880686e-05 3.19738069324982e-05
17.09999999999971 -2.958449370464378e-05 3.233524831821283e-05
17.10277777777749 -3.029038207864801e-05 3.269139885517337e-05
17.10555555555526 -3.10133894252585e-05 3.304178625216467e-05
17.10833333333304 -3.17537694809785e-05 3.338592176631459e-05
17.11111111111082 -3.251177018549589e-05 3.372329994540435e-05
17.11388888888859 -3.32876330803601e-05 3.405339838043996e-05
17.11666666666637 -3.408159268498919e-05 3.437567746948885e-05
17.11944444444415 -3.489387584968011e-05 3.468958019384365e-05
17.12222222222192 -3.572470108542787e-05 3.499453190760802e-05
17.1249999999997 -3.657427787046215e-05 3.528994014171533e-05
17.12777777777747 -3.744280593313611e-05 3.557519442372646e-05
17.13055555555525 -3.833047451128497e-05 3.584966611438366e-05
17.13333333333303 -3.923746158784077e-05 3.611270826228463e-05
17.1361111111108 -4.016393310263804e-05 3.636365547793328e-05
17.13888888888858 -4.111004214055067e-05 3.660182382839376e-05
17.14166666666636 -4.207592809586874e-05 3.682651075395777e-05
17.14444444444413 -4.306171581303281e-05 3.703699500823794e-05
17.14722222222191 -4.406751470406844e-05 3.723253662287644e-05
17.14999999999969 -4.509341784251407e-05 3.741237689871653e-05
17.15277777777746 -4.613950103463379e-05 3.75757384244079e-05
17.15555555555524 -4.720582186770386e-05 3.77218251244478e-05
17.15833333333302 -4.829241873617284e-05 3.784982233782367e-05
17.16111111111079 -4.939930984592713e-05 3.795889692899569e-05
17.16388888888857 -5.052649219716417e-05 3.804819743286917e-05
17.16666666666634 -5.167394054659235e-05 3.811685423521015e-05
17.16944444444412 -5.284160634955724e-05 3.816397979024437e-05
17.1722222222219 -5.402941668273781e-05 3.818866887716882e-05
17.17499999999967 -5.52372731484216e-05 3.818999889711124e-05
17.17777777777745 -5.646505076109724e-05 3.816703021235726e-05
17.18055555555523 -5.771259681744514e-05 3.811880652951731e-05
17.183333333333 -5.897972975073783e-05 3.80443553283982e-05
17.18611111111078 -6.026623797099527e-05 3.794268833813793e-05
17.18888888888856 -6.15718786917983e-05 3.781280206275212e-05
17.19166666666633 -6.289637674569389e-05 3.765367835717613e-05
17.19444444444411 -6.42394233889882e-05 3.746428505632084e-05
17.19722222222189 -6.560067509808484e-05 3.724357665819996e-05
17.19999999999966 -6.697975235871372e-05 3.6990495063203e-05
17.20277777777744 -6.837623845000215e-05 3.670397037105922e-05
17.20555555555521 -6.978967822505929e-05 3.638292173743162e-05
17.20833333333299 -7.121957689050826e-05 3.602625829126938e-05
17.21111111111077 -7.266539878657312e-05 3.563288011522034e-05
17.21388888888854 -7.412656617050351e-05 3.52016792899691e-05
17.21666666666632 -7.560245800513074e-05 3.473154100486378e-05
17.2194444444441 -7.709240875576806e-05 3.422134473524988e-05
17.22222222222187 -7.859570719722014e-05 3.366996548925131e-05
17.22499999999965 -8.011159523441499e-05 3.307627512418981e-05
17.22777777777743 -8.163926673906081e-05 3.243914373463463e-05
17.2305555555552 -8.317786640549702e-05 3.175744111309865e-05
17.23333333333298 -8.47264886287387e-05 3.103003828467347e-05
17.23611111111076 -8.628417640817338e-05 3.02558091163499e-05
17.23888888888853 -8.784992027993813e-05 2.943363200258243e-05
17.24166666666631 -8.942265728200104e-05 2.856239162696369e-05
17.24444444444408 -9.100126995492345e-05 2.764098080204353e-05
17.24722222222186 -9.258458538259511e-05 2.666830238685731e-05
17.24999999999964 -9.417137427659923e-05 2.564327128299109e-05
17.25277777777741 -9.576035010809867e-05 2.45648165099545e-05
17.25555555555519 -9.735016829160825e-05 2.343188335929702e-05
17.25833333333297 -9.893942542462781e-05 2.224343562831741e-05
17.26111111111074 -0.0001005266585876685 2.099845793262935e-05
17.26388888888852 -0.0001021103447090562 1.969595809756461e-05
17.2666666666663 -0.000103688899998953 1.833496962823801e-05
17.26944444444407 -0.0001052606794575607 1.691455425668125e-05
17.27222222222185 -0.000106823976461807 1.543380456664607e-05
17.27499999999963 -0.0001083770224358119 1.389184669339133e-05
17.2777777777774 -0.0001099179866097328 1.228784309842093e-05
17.28055555555518 -0.0001114449758721427 1.062099541682734e-05
17.28333333333295 -0.000112956034720909 8.890547376167275e-06
17.28611111111073 -0.0001144491453177852 7.095787784168541e-06
17.28888888888851 -0.000115922227651828 5.23605358348907e-06
17.29166666666628 -0.0001173731398168796 3.310732970617361e-06
17.29444444444406 -0.0001187996784083127 1.319268576672703e-06
17.29722222222184 -0.0001201995790443813 -7.388392939379844e-07
17.29999999999961 -0.0001215705170173437 -2.864029369125262e-06
17.30277777777739 -0.0001229101080797324 -5.056676064299634e-06
17.30555555555517 -0.0001242159093709148 -7.317086089461779e-06
17.30833333333294 -0.0001254854204892141 -9.645495013575955e-06
17.31111111111072 -0.000126716084714769 -1.204206379075788e-05
17.3138888888885 -0.0001279052903881807 -1.450687525317168e-05
17.31666666666627 -0.0001290503724500621 -1.703993057504417e-05
17.31944444444405 -0.0001301486141463012 -1.964114571588604e-05
17.32222222222182 -0.0001311972489040389 -2.231034784541887e-05
17.3249999999996 -0.0001321934623828306 -2.504727176024175e-05
17.32777777777738 -0.0001331343947057791 -2.785155629581295e-05
17.33055555555515 -0.0001340171428747987 -3.072274074306623e-05
17.33333333333293 -0.0001348387633743575 -3.36602612758048e-05
17.33611111111071 -0.0001355962749676274 -3.666344739693611e-05
17.33888888888848 -0.0001362866616887684 -3.973151841213505e-05
17.34166666666626 -0.0001369068760347944 -4.286357993925851e-05
17.34444444444404 -0.0001374538423605861 -4.605862046120496e-05
17.34722222222181 -0.0001379244604793415 -4.931550793402817e-05
17.34999999999959 -0.0001383156094718728 -5.263298645670006e-05
17.35277777777737 -0.0001386241517061745 -5.600967301556096e-05
17.35555555555514 -0.0001388469370700248 -5.944405431075945e-05
17.35833333333292 -0.0001389808074173793 -6.293448367769543e-05
17.3611111111107 -0.000139022601229945 -6.647917811336959e-05
17.36388888888847 -0.000138969158495017 -7.007621541771973e-05
17.36666666666625 -0.0001388173257986836 -7.372353146434382e-05
17.36944444444402 -0.0001385639616353494 -7.741891760906884e-05
17.3722222222218 -0.0001382059419318765 -8.116001825078543e-05
17.37499999999958 -0.0001377401657849156 -8.494432855662992e-05
17.37777777777735 -0.0001371635614105725 -8.876919236206004e-05
17.38055555555513 -0.0001364730923022379 -9.263180026174672e-05
17.38333333333291 -0.0001356657635947371 -9.652918790171358e-05
17.38611111111068 -0.0001347386286307172 -0.0001004582344864923
17.38888888888846 -0.0001336887957240457 -0.0001044156615158364
17.39166666666624 -0.0001325134351158473 -0.0001083980317629326
17.39444444444401 -0.0001312097861176888 -0.0001124017485073263
17.39722222222179 -0.0001297751644337383 -0.0001164230550382331
17.39999999999957 -0.0001282069696562518 -0.0001204580344393912
17.40277777777734 -0.0001265026929249736 -0.0001245026096707992
17.40555555555512 -0.000124659924742728 -0.000128552543959303
17.40833333333289 -0.0001226763629360045 -0.0001326034415132663
17.41111111111067 -0.0001205498207513037 -0.0001366507485730051
17.41388888888845 -0.0001182782350752689 -0.0001406897548109174
17.41666666666622 -0.0001158596747658317 -0.0001447155950946282
17.419444444444 -0.000113292349082256 -0.0001487232516248967
17.42222222222178 -0.0001105746161997584 -0.0001527075564610273
17.42499999999955 -0.0001077049917924775 -0.0001566631944469464
17.42777777777733 -0.0001046821576719786 -0.0001605847065470963
17.43055555555511 -0.0001015049704614898 -0.0001644664936060326
17.43333333333288 -9.817247028970085e-05 -0.0001683028205411
17.43611111111066 -9.468388948608459e-05 -0.0001720878209781765
17.43888888888844 -9.103866125816817e-05 -0.0001758155023402093
17.44166666666621 -8.72364283298143e-05 -0.0001794797513979043
17.44444444444399 -8.327705152053816e-05 -0.0001830743402899628
17.44722222222176 -7.916061824229635e-05 -0.0001865929330211892
17.44999999999954 -7.488745089428469e-05 -0.0001900290924432079
17.45277777777732 -7.045811512750834e-05 -0.0001933762877258544
17.45555555555509 -6.587342795956993e-05 -0.0001966279023214436
17.45833333333287 -6.113446571136344e-05 -0.0001997772424271944
17.46111111111065 -5.624257174021525e-05 -0.0002028175459479432
17.46388888888842 -5.119936394604939e-05 -0.0002057419919595595
17.4666666666662 -4.600674201750641e-05 -0.0002085437106752184
17.46944444444398 -4.066689439731844e-05 -0.0002112157939111415
17.47222222222175 -3.51823049326204e-05 -0.0002137513060512682
17.47499999999953 -2.955575918572436e-05 -0.0002161432955058619
17.47777777777731 -2.379035037286279e-05 -0.0002183848066595929
17.48055555555508 -1.788948490263063e-05 -0.0002204688923019878
17.48333333333286 -1.185688748620256e-05 -0.0002223886265317403
17.48611111111063 -5.696605784236699e-06 -0.0002241371181257439
17.48888888888841 5.86985434356889e-07 -0.000225707524360552
17.49166666666619 6.989180657637693e-06 -0.0002270930652736577
17.49444444444396 1.350494054647876e-05 -0.0002282870383491898
17.49722222222174 2.012888943161441e-05 -0.0002292828336116073
17.49999999999952 2.685531342663996e-05 -0.0002300739491086771
17.50277777777729 3.367815918063003e-05 -0.0002306540067634864
17.50555555555507 4.059103330484912e-05 -0.0002310167685731528
17.50833333333285 4.758720250201308e-05 -0.0002311561531299578
17.51111111111062 5.465959442408309e-05 -0.0002310662524391945
17.5138888888884 6.180079929185392e-05 -0.0002307413490049806
17.51666666666618 6.900307229710735e-05 -0.000230175933155127
17.51944444444395 7.625833681957783e-05 -0.0002293647205721759
17.52222222222173 8.355818848177924e-05 -0.0002283026699970322
17.5249999999995 9.089390006531914e-05 -0.0002269850010696101
17.52777777777728 9.825642731073163e-05 -0.0002254072122693923
17.53055555555506 0.0001056364156302969 -0.0002235650989132337
17.53333333333283 0.000113024207739487 -0.0002214547711743948
17.53611111111061 0.0001204098522416635 -0.0002190726720732921
17.53888888888839 0.0001277831131718977 -0.0002164155953989863
17.54166666666616 0.000135133480517056 -0.0002134807035140401
17.54444444444394 0.0001424501817294725 -0.0002102655449917501
17.54722222222172 0.0001497221942396154 -0.0002067680720382306
17.54999999999949 0.0001569382589782967 -0.0002029866576467892
17.55277777777727 0.0001640868949168908 -0.0001989201124295192
17.55555555555505 0.0001711564146233663 -0.0001945677010756069
17.55833333333282 0.0001781349408404854 -0.0001899291583768441
17.5611111111106 0.0001850104240829436 -0.0001850047047639867
17.56388888888837 0.000191770661246547 -0.0001797950612977826
17.56666666666615 0.0001984033152236175 -0.0001743014640543122
17.56944444444393 0.0002048959355145444 -0.0001685256778437757
17.5722222222217 0.0002112359798167028 -0.0001624700092076179
17.57499999999948 0.0002174108365809067 -0.0001561373186249566
17.57777777777726 0.0002234078485083866 -0.0001495310318736747
17.58055555555503 0.0002292143369639067 -0.0001426551504861318
17.58333333333281 0.0002348176272835316 -0.0001355142612294189
17.58611111111059 0.0002402050749375155 -0.0001281135445599222
17.58888888888836 0.000245364092517795 -0.000120458781985608
17.59166666666614 0.0002502821775097682 -0.0001125563622778354
17.59444444444392 0.0002549469408055955 -0.0001044132864737849
17.59722222222169 0.0002593461359126423 -9.603717161089038e-05
17.59999999999947 0.0002634676888059125 -8.743625313811143e-05
17.60277777777724 0.0002672997283696297 -7.861938595101839e-05
17.60555555555502 0.0002708306173732185 -6.959604398742289e-05
17.6083333333328 0.0002740489839136106 -6.03763183491664e-05
17.61111111111057 0.0002769437532634296 -5.097091388651148e-05
17.61388888888835 0.0002795041800531511 -4.139114420379837e-05
17.61666666666613 0.0002817198807133948 -3.164892504659613e-05
17.6194444444439 0.0002835808661018978 -2.175676602297997e-05
17.62222222222168 0.0002850775742337015 -1.172776062558541e-05
17.62499999999946 0.0002862009030308307 -1.575574520883995e-06
17.62777777777723 0.0002869422430045755 8.685567924567502e-06
17.63055555555501 0.0002872935097800088 1.904089891101763e-05
17.63333333333279 0.0002872471763692403 2.947512428014984e-05
17.63611111111056 0.0002867963050974857 3.997244242039734e-05
17.63888888888834 0.000285934579083236 5.05165650121567e-05
17.64166666666612 0.0002846563331713179 6.109073962198649e-05
17.64444444444389 0.0002829565842150685 7.167777414931139e-05
17.64722222222167 0.0002808310606043635 8.226006311331072e-05
17.64999999999944 0.0002782762309285197 9.281961578991326e-05
17.65277777777722 0.0002752893316716101 0.0001033380861587792
17.655555555555 0.000271868393824864 0.0001137968046637645
17.65833333333277 0.0002680122683088651 0.0001241768117463917
17.66111111111055 0.0002637206500974437 0.0001344588931152788
17.66388888888833 0.0002589941009269321 0.0001446236167257865
17.6666666666661 0.0002538340704833271 0.0001546513714138709
17.66944444444388 0.0002482429159599817 0.0001645224071277721
17.67222222222166 0.0002422239198718376 0.0001742168767071902
17.67499999999943 0.0002357813060245403 0.0001837148791328556
17.67777777777721 0.0002289202535234414 0.0001929965041863872
17.68055555555499 0.0002216469087358382 0.0002020418784163541
17.68333333333276 0.0002139683950853315 0.0002108312123507009
17.68611111111054 0.0002058928205977168 0.0002193448488380008
17.68888888888831 0.000197429283096714 0.0002275633124266677
17.69166666666609 0.0001885878729570779 0.0002354673596749083
17.69444444444387 0.0001793796733415019 0.0002430380302654994
17.69722222222164 0.0001698167578211317 0.0002502566988209535
17.69999999999942 0.0001599121853303552 0.0002571051272694325
17.7027777777772 0.0001496799923633633 0.000263565517646401
17.70555555555497 0.0001391351823573385 0.0002696205651837399
17.70833333333275 0.0001282937122188942 0.0002752535115337325
17.71111111111053 0.0001171724759208256 0.0002804481979907215
17.7138888888883 0.0001057892851511641 0.0002851891185404328
17.71666666666608 9.416284696376434e-05 0.0002894614725850632
17.71944444444386 8.231273842037511e-05 0.0002932512171717728
17.72222222222163 7.02593781924655e-05 0.0002965451185612277
17.72499999999941 5.802399512761421e-05 0.0002993308029580915
17.72777777777718 4.562859378977512e-05 0.0003015968062272371
17.73055555555496 3.309591695984996e-05 0.0003033326224229244
17.73333333333274 2.044940515294625e-05 0.0003045287509426024
17.73611111111051 7.713153158110383e-06 0.0003051767421290083
17.73888888888829 -5.088136338446448e-06 0.0003052692411342709
17.74166666666607 -1.79292019900411e-05 0.0003048000298643457
17.74444444444384 -3.078427583988598e-05 0.0003037640668209533
17.74722222222162 -4.362713807729951e-05 0.0003021575246590863
17.7499999999994 -5.643117443628141e-05 0.0002999778252801946
17.75277777777717 -6.91694361251349e-05 0.0002972236722827273
17.75555555555495 -8.181470215870377e-05 0.0002938950805998909
17.75833333333273 -9.433954401237987e-05 0.0002899934031456812
17.7611111111105 -0.000106716392406801 0.0002855213543145642
17.76388888888828 -0.0001189176061207198 0.0002804830301653115
17.76666666666605 -0.0001309155426518191 0.0002748839251392699
17.76944444444383 -0.0001426826305606479 0.0002687309451651134
17.77222222222161 -0.0001541914433169033 0.0002620324170108563
17.77499999999938 -0.0001654147744579635 0.0002547980937518002
17.77777777777716 -0.000176325713859893 0.0002470391562315061
17.78055555555494 -0.0001868977249063603 0.0002387682104058832
17.78333333333271 -0.0001971047223354597 0.0002299992804696796
17.78611111111049 -0.0002069211505414462 0.0002207477976706831
17.78888888888827 -0.0002163220620811289 0.0002110305847439471
17.79166666666604 -0.0002252831961553869 0.0002008658358884719
17.79444444444382 -0.0002337810567972733 0.0001902730922491829
17.7972222222216 -0.0002417929905224943 0.0001792732128534069
17.79999999999937 -0.000249297263166413 0.0001678883409908186
17.80277777777715 -0.0002562731356465609 0.0001561418660206627
17.80555555555492 -0.0002627009383719199 0.0001440583806212786
17.8083333333327 -0.0002685621440237887 0.0001316636335070286
17.81111111111048 -0.0002738394384357564 0.0001189844776433953
17.81388888888825 -0.000278516789282988 0.0001060488140371211
17.81666666666603 -0.0002825795123138123 9.288553115259041e-05
17.81944444444381 -0.000286014334830138 7.952444008134308e-05
17.82222222222158 -0.0002888094561581657 6.599620553099081e-05
17.82499999999936 -0.000290954604817453 5.233227281336119e-05
17.82777777777714 -0.00029244109213547 3.856479092968393e-05
17.83055555555491 -0.0002932618620323657 2.472653195808875e-05
17.83333333333269 -0.0002934115367266224 1.08508068945716e-05
17.83611111111047 -0.0002928864581080066 -3.028621828677578e-06
17.83888888888824 -0.0002916847245404018 -1.687763094905906e-05
17.84166666666602 -0.0002898062228633867 -3.066182985324811e-05
17.84444444444379 -0.0002872526553743011 -4.43466566960834e-05
17.84722222222157 -0.0002840275615858215 -5.789747687100693e-05
17.84999999999935 -0.0002801363345655752 -7.127968357149491e-05
17.85277777777712 -0.0002755862316822523 -8.445880012741412e-05
17.8555555555549 -0.0002703863795958499 -9.740058381578423e-05
17.85833333333268 -0.0002645477733471861 -0.0001100711308195612
17.86111111111045 -0.0002580832694256022 -0.0001224369819837938
17.86388888888823 -0.000251007572700194 -0.0001344652290437002
17.86666666666601 -0.0002433372171362924 -0.0001461236209411407
17.86944444444378 -0.000235090540226982 -0.0001573806698750174
17.87222222222156 -0.0002262876510956803 -0.0001682057567068494
17.87499999999934 -0.0002169503922531804 -0.000178569235331023
17.87777777777711 -0.0002071022950062632 -0.0001884425356294306
17.88055555555489 -0.000196768528551003 -0.0001977982646080424
17.88333333333266 -0.0001859758427933155 -0.0002066103053306226
17.88611111111044 -0.0001747525049806435 -0.0002148539132427747
17.88888888888822 -0.0001631282302435099 -0.000222505809494472
17.89166666666599 -0.0001511341061730052 -0.0002295442708677348
17.89444444444377 -0.0001388025115857517 -0.000235949215919723
17.89722222222155 -0.0001261670296620107 -0.0002417022869517321
17.89999999999932 -0.0001132623556531529 -0.0002467869274331365
17.9027777777771 -0.0001001241993942599 -0.0002511884545077211
17.90555555555488 -8.678918287311411e-05 -0.0002548941262272753
17.90833333333265 -7.329473314311284e-05 -0.0002578932031640918
17.91111111111043 -5.967897087374944e-05 -0.0002601770040762885
17.91388888888821 -4.598059487950659e-05 -0.0002617389553059705
17.91666666666598 -3.223876297035506e-05 -0.0002625746336165204
17.91944444444376 -1.849296950109014e-05 -0.000262681802189727
17.92222222222154 -4.782920011930198e-06 -0.0002620604395263781
17.92499999999931 8.851596621315746e-06 -0.0002607127610155009
17.92777777777709 2.237083809765388e-05 -0.000258643232962763
17.93055555555486 3.573524020964825e-05 -0.0002558585788931487
17.93333333333264 4.890554950417549e-05 -0.0002523677779705208
17.93611111111042 6.184295660442104e-05 -0.0002481820554048661
17.93888888888819 7.450922970156657e-05 -0.000243314864747263
17.94166666666597 8.686684770748559e-05 -0.0002377818620045241
17.94444444444375 9.887913256292587e-05 -0.0002316008715348286
17.94722222222152 0.0001105103801768286 -0.0002247918437201894
17.9499999999993 0.0001217259894717839 -0.0002173768044452717
17.95277777777708 0.000132492589013634 -0.0002093797964431764
17.95555555555485 0.0001427781606940581 -0.0002008268126066912
17.95833333333263 0.0001525521599432164 -0.0001917457213957772
17.96111111111041 0.0001617856319493296 -0.0001821661845096218
17.96388888888818 0.0001704513233730734 -0.0001721195670239716
17.96666666666596 0.0001785237890519737 -0.0001616388402299443
17.96944444444373 0.0001859794931982929 -0.000150758477448051
17.97222222222151 0.0001927969046129315 -0.0001395143431214065
17.97499999999929 0.0001989565854496492 -0.0001279435755296283
17.97777777777706 0.0002044412730879328 -0.0001160844634917373
17.98055555555484 0.0002092359546857879 -0.0001039763174680145
17.98333333333262 0.0002133279340161501 -9.165933549036281e-05
17.98611111111039 0.0002167068902092527 -7.917446438887186e-05
17.98888888888817 0.0002193649280542739 -6.656325680711345e-05
17.99166666666595 0.0002212966195443933 -5.386772452140091e-05
17.99444444444372 0.0002224990363778727 -4.113018861220074e-05
17.9972222222215 0.0002229717731652167 -2.839312705084833e-05
17.99999999999928 0.0002227169611267824 -1.569902028686946e-05
18.00277777777705 0.0002217392721016978 -3.090195444320933e-06
18.00555555555483 0.0002200459127297622 9.391330255477469e-06
18.0083333333326 0.0002176466087069885 2.170400621088757e-05
18.01111111111038 0.000214553579057314 3.380690464968984e-05
18.01388888888816 0.0002107815004060407 4.565987568144392e-05
18.01666666666593 0.0002063474612833995 5.722370053484102e-05
18.01944444444371 0.0002012709065313673 6.846024231908863e-05
18.02222222222149 0.0001955735719312429 7.933259365140239e-05
18.02499999999926 0.0001892794092142773 8.980522049634031e-05
18.02777777777704 0.0001824145016628688 9.984410156843364e-05
18.03055555555482 0.0001750069705546723 0.0001094168626607244
18.03333333333259 0.0001670868727461238 0.0001184929052753462
18.03611111111037 0.0001586860897359311 0.0001270435289485255
18.03888888888815 0.0001498382085919735 0.0001350420466819316
18.04166666666592 0.0001405783951671588 0.0001424638929152882
18.0444444444437 0.0001309432600696508 0.0001492867235015493
18.04722222222147 0.0001209707178933545 0.0001554905071733496
18.04999999999925 0.0001106998402506384 0.0001610576080226782
18.05277777777703 0.0001001707031849319 0.0001659728585499451
18.0555555555548 8.942422957416296e-05 0.0001702236228754299
18.05833333333258 7.850202716763595e-05 0.0001737998497457958
18.06111111111036 6.744622292472807e-05 0.0001766941150119537
18.06388888888813 5.629929435173436e-05 0.0001789016532972995
18.06666666666591 4.51038985552356e-05 0.0001804203786224441
18.06944444444369 3.390269974726968e-05 0.0001812508938019905
18.07222222222146 2.273819595609216e-05 0.0001813964884773557
18.07499999999924 1.165254570988403e-05 0.0001808631257015232
18.07777777777702 6.873954641592294e-07 0.000179659417045295
18.08055555555479 -1.011629144311661e-05 0.0001777965862463528
18.08333333333257 -2.071840353023258e-05 0.0001752884214781434
18.08611111111034 -3.107984682355048e-05 0.000172151216369397
18.08888888888812 -4.11627066499698e-05 0.0001684036999600392
18.0916666666659 -5.09304048067195e-05 0.0001640669558339852
18.09444444444367 -6.034785136071439e-05 0.0001591643307229784
18.09722222222145 -6.938159034496699e-05 0.0001537213329296718
18.09999999999923 -7.799993864380423e-05 0.0001477655209701071
18.102777777777 -8.617311738475768e-05 0.0001413263828864974
18.10555555555478 -9.387337518097322e-05 0.0001344352067317448
18.10833333333256 -0.0001010751026059067 0.0001271249427732925
18.11111111111033 -0.00010775493731486 0.0001194300580105812
18.11388888888811 -0.0001138918592709172 0.0001113863836422871
18.11666666666589 -0.0001194672755744998 0.0001030309561604541
18.11944444444366 -0.0001244650944436317 9.440185278521044e-05
18.12222222222144 -0.0001288717879396571 8.553802198922135e-05
18.12499999999921 -0.0001326764430884264 7.647910988871119e-05
18.12777777777699 -0.0001358708010972484 6.726528330903315e-05
18.13055555555477 -0.0001384492844288235 5.793705035128777e-05
18.13333333333254 -0.0001404090115487935 4.853507930937241e-05
18.13611111111032 -0.000141749799225782 3.910001679862161e-05
18.1388888888881 -0.0001424741523227728 2.967230597057023e-05
18.14166666666587 -0.0001425872410825437 2.02920056913978e-05
18.14444444444365 -0.0001420968659719021 1.09986115654704e-05
18.14722222222143 -0.0001410134102133711 1.830879681178706e-06
18.1499999999992 -0.0001393497801964272 -7.173346051709059e-06
18.15277777777698 -0.0001371213340231026 -1.597730211553811e-05
18.15555555555476 -0.0001343457985054203 -2.454546831005812e-05
18.15833333333253 -0.0001310431749929512 -3.284372457077723e-05
18.16111111111031 -0.0001272356344688482 -4.083950088900571e-05
18.16388888888808 -0.0001229474024104095 -4.850191957303176e-05
18.16666666666586 -0.0001182046339662722 -5.580192912467966e-05
18.16944444444364 -0.0001130352800553983 -6.271242904555144e-05
18.17222222222141 -0.00010746894504389 -6.920838493015057e-05
18.17499999999919 -0.0001015367367027566 -7.526693325114433e-05
18.17777777777697 -9.527110919380827e-05 -8.086747529290532e-05
18.18055555555474 -8.87056998714517e-05 -8.5991759743076e-05
18.18333333333252 -8.187516072370889e-05 -9.062395351112092e-05
18.1861111111103 -7.481498530872073e-05 -9.475070040120688e-05
18.18888888888807 -6.756133206963576e-05 -9.836116733145262e-05
18.19166666666585 -6.015084493464457e-05 -0.0001014470778550243
18.19444444444363 -5.262047212594985e-05 -0.0001040027328068653
18.1972222222214 -4.50072841155349e-05 -0.0001060250179668699
18.19999999999918 -3.734829167258406e-05 -0.0001075133987008258
18.20277777777696 -2.968026495064439e-05 -0.0001084699016097277
18.20555555555473 -2.203955456006296e-05 -0.0001088990832888017
18.20833333333251 -1.446191556271428e-05 -0.0001088079863678264
18.21111111111028 -6.982335313516083e-06 -0.000108206083073944
18.21388888888806 3.651339460748833e-07 -0.0001071052066269967
18.21666666666584 7.547536860492241e-06 -0.0001055194708447839
18.21944444444361 1.453317024584539e-05 -0.0001034651784013181
18.22222222222139 2.129173107046118e-05 -0.0001009607182447121
18.22499999999917 2.77944563497839e-05 -9.802645274199582e-05
18.22777777777694 3.401425421972161e-05 -9.468459517646186e-05
18.23055555555472 3.992582549967505e-05 -9.095907827749335e-05
18.2333333333325 4.550577510912032e-05 -8.687541451403342e-05
18.23611111111027 5.0732712757676e-05 -8.246054892963052e-05
18.23888888888805 5.558734238790342e-05 -7.774270533992285e-05
18.24166666666583 6.005253991373276e-05 -7.275122675115282e-05
18.2444444444436 6.411341886255669e-05 -6.751641089193569e-05
18.24722222222138 6.775738359818542e-05 -6.206934177811238e-05
18.24999999999915 7.09741698719757e-05 -5.644171825376997e-05
18.25277777777693 7.375587252187932e-05 -5.06656804685825e-05
18.25555555555471 7.609696021297948e-05 -4.4773635263297e-05
18.25833333333248 7.799427718726905e-05 -3.879808144140219e-05
18.26111111111026 7.944703206550046e-05 -3.277143590490947e-05
18.26388888888804 8.045677381872113e-05 -2.672586162678815e-05
18.26666666666581 8.102735510142592e-05 -2.069309842080384e-05
18.26944444444359 8.116488321151178e-05 -1.470429745271189e-05
18.27222222222137 8.087765901433946e-05 -8.789860413018858e-06
18.27499999999914 8.017610423782326e-05 -2.979284244020045e-06
18.27777777777692 7.907267761363577e-05 2.698987721565027e-06
18.2805555555547 7.758178040399104e-05 8.217707390968386e-06
18.28333333333247 7.571965191553316e-05 1.355095553680102e-05
18.28611111111025 7.350425565978901e-05 1.867426669211678e-05
18.28888888888802 7.095515687371392e-05 2.356474464335473e-05
18.2916666666658 6.809339216380035e-05 2.820116790746385e-05
18.29444444444358 6.494133208211491e-05 3.256408464091661e-05
18.29722222222135 6.152253748294503e-05 3.663589649329621e-05
18.29999999999913 5.786161054350146e-05 4.040093098641486e-05
18.30277777777691 5.398404136153033e-05 4.384550207069297e-05
18.30555555555468 4.991605106640921e-05 4.695795858300445e-05
18.30833333333246 4.568443239818717e-05 4.972872040520174e-05
18.31111111111024 4.131638872069445e-05 5.215030219810935e-05
18.31388888888801 3.683937244081149e-05 5.421732466240348e-05
18.31666666666579 3.22809238054595e-05 5.592651335446064e-05
18.31944444444357 2.766851104136462e-05 5.72766851620069e-05
18.32222222222134 2.302937279007688e-05 5.826872261990123e-05
18.32499999999912 1.839036377187179e-05 5.890553632120361e-05
18.32777777777689 1.377780458769293e-05 5.919201575116544e-05
18.33055555555467 9.217336537754795e-06 5.913496894263321e-05
18.33333333333245 4.733782299514731e-06 5.874305141890385e-05
18.33611111111022 3.510132662887172e-07 5.802668495509715e-05
18.338888888888 -3.908175698594926e-06 5.699796674997183e-05
18.34166666666578 -8.022183388359615e-06 5.567056965745609e-05
18.34444444444355 -1.197071061226904e-05 5.405963417983674e-05
18.34722222222133 -1.573485919944946e-05 5.218165297261498e-05
18.34999999999911 -1.929722112240079e-05 5.005434865406143e-05
18.35277777777688 -2.264195728179787e-05 4.769654575014205e-05
18.35555555555466 -2.575486556373542e-05 4.512803763752758e-05
18.35833333333244 -2.862343785229429e-05 4.236944937375069e-05
18.36111111111021 -3.123690575389934e-05 3.944209732368774e-05
18.36388888888799 -3.358627486472925e-05 3.636784650590577e-05
18.36666666666576 -3.566434748829433e-05 3.316896659017721e-05
18.36944444444354 -3.746573378608714e-05 2.986798747933573e-05
18.37222222222132 -3.898685142025397e-05 2.648755540394884e-05
18.37499999999909 -4.022591382197159e-05 2.305029044759026e-05
18.37777777777687 -4.11829072931745e-05 1.957864640361666e-05
18.38055555555465 -4.18595572211475e-05 1.609477384136619e-05
18.38333333333242 -4.225928375525595e-05 1.262038723105908e-05
18.3861111111102 -4.238714736204863e-05 9.176636942201784e-06
18.38888888888798 -4.224978473864398e-05 5.783986890776543e-06
18.39166666666575 -4.185533562450376e-05 2.462098565492696e-06
18.39444444444353 -4.121336110764579e-05 -7.702778859408611e-07
18.39722222222131 -4.033475407300059e-05 -3.895404883698937e-06
18.39999999999908 -3.923164248736324e-05 -6.896650386629156e-06
18.40277777777686 -3.791728625707596e-05 -9.758572099515557e-06
18.40555555555463 -3.640596843094038e-05 -1.246699247363725e-05
18.40833333333241 -3.471288155141108e-05 -1.500906412482034e-05
18.41111111111019 -3.285400998208902e-05 -1.737332536240704e-05
18.41388888888796 -3.084600905829848e-05 -1.954974559373734e-05
18.41666666666574 -2.870608192040581e-05 -2.15297604406352e-05
18.41944444444352 -2.64518548960746e-05 -2.330629647725195e-05
18.42222222222129 -2.410125229821053e-05 -2.487378557142983e-05
18.42499999999907 -2.167237149954891e-05 -2.622816888396659e-05
18.42777777777685 -1.918335913324285e-05 -2.736689065161071e-05
18.43055555555462 -1.665228925085441e-05 -2.828888194956045e-05
18.4333333333324 -1.409704424597191e-05 -2.89945346968663e-05
18.43611111111018 -1.153519932223883e-05 -2.948566623383716e-05
18.43888888888795 -8.98391125042446e-06 -2.97654748627788e-05
18.44166666666573 -6.459812119511362e-06 -2.983848680252331e-05
18.4444444444435 -3.978908742630042e-06 -2.971049506248375e-05
18.44722222222128 -1.556488330001805e-06 -2.938849079299066e-05
18.44999999999906 7.929690114331289e-07 -2.888058771521831e-05
18.45277777777683 3.055870448327178e-06 -2.819594027562624e-05
18.45555555555461 5.219582816866955e-06 -2.734465620643119e-05
18.45833333333239 7.272496862265752e-06 -2.633770420470965e-05
18.46111111111016 9.204083003484679e-06 -2.518681746836307e-05
18.46388888888794 1.1004938370974e-05 -2.390439384700732e-05
18.46666666666572 1.266682493191521e-05 -2.250339337991965e-05
18.46944444444349 1.418269858520385e-05 -2.099723400126807e-05
18.47222222222127 1.554672917604931e-05 -1.939968619516883e-05
18.47499999999905 1.675431144739137e-05 -1.772476737942356e-05
18.47777777777682 1.780206701183011e-05 -1.598663678742478e-05
18.4805555555546 1.868783749274853e-05 -1.419949160257176e-05
18.48333333333238 1.941066904643206e-05 -1.237746507901016e-05
18.48611111111015 1.997078853782883e-05 -1.053452735652901e-05
18.48888888888793 2.036957170050769e-05 -8.684389646592549e-06
18.4916666666657 2.060950366617312e-05 -6.840412430660985e-06
18.49444444444348 2.069413230016292e-05 -5.015518271931007e-06
18.49722222222126 2.062801482653627e-05 -3.222109797282083e-06
18.49999999999903 2.041665826914426e-05 -1.471993358296507e-06
18.50277777777681 2.006645427328189e-05 2.236911709308109e-07
