16.5 -1.592414492945678e-07 -1.467818440812664e-07
16.50277777777778 -1.278786455250218e-07 -1.835267167643721e-07
16.50555555555555 -8.802229167938255e-08 -2.135903941060946e-07
16.50833333333333 -4.109015141333365e-08 -2.350066306065822e-07
16.51111111111111 1.104423440014889e-08 -2.461085323563208e-07
16.51388888888888 6.611434955034229e-08 -2.456343238572778e-07
16.51666666666666 1.215480711286809e-07 -2.328200479022275e-07
16.51944444444444 1.745769152286131e-07 -2.074734880583692e-07
16.52222222222221 2.223631418620687e-07 -1.700241491279678e-07
16.52499999999999 2.621394817677245e-07 -1.215449858081538e-07
16.52777777777776 2.913552088608652e-07 -6.3742712597197e-08
16.53055555555554 3.078214917252956e-07 1.08507899598504e-09
16.53333333333332 3.098484759478507e-07 7.012618051761902e-08
16.53611111111109 2.963664248507328e-07 1.401618710896409e-07
16.53888888888887 2.670235127920125e-07 2.077035684056455e-07
16.54166666666665 2.222535381788241e-07 2.691530042879939e-07
16.54444444444442 1.633078979218319e-07 3.209793137378575e-07
16.5472222222222 9.224761494900725e-08 3.599050656813752e-07
16.54999999999998 1.189298744548115e-08 3.830922199700709e-07
16.55277777777775 -7.426953638060686e-08 3.883183472680223e-07
16.55555555555553 -1.62221449010839e-07 3.741332599275229e-07
16.55833333333331 -2.475831591769491e-07 3.399865169247805e-07
16.56111111111108 -3.258155486042875e-07 2.863171051680892e-07
16.56388888888886 -3.92443752878427e-07 2.145979574857047e-07
16.56666666666663 -4.432930468326401e-07 1.273298108510931e-07
16.56944444444441 -4.747253578900663e-07 2.798117510905288e-08
16.57222222222219 -4.838640812167062e-07 -7.912621636724648e-08
16.57499999999996 -4.687946106460798e-07 -1.889842804566426e-07
16.57777777777774 -4.287283861372833e-07 -2.961126793410994e-07
16.58055555555552 -3.641193187204852e-07 -3.948121850335732e-07
16.58333333333329 -2.767231801700431e-07 -4.79446729914924e-07
16.58611111111107 -1.695928935464649e-07 -5.447413009969322e-07
16.58888888888885 -4.700555224183036e-08 -5.860810971779816e-07
16.59166666666662 8.567968573447051e-08 -5.997962811050247e-07
16.5944444444444 2.222300811775391e-07 -5.834163255342511e-07
16.59722222222218 3.558077184169192e-07 -5.358784505094283e-07
16.59999999999995 4.792877472599119e-07 -4.576760052683659e-07
16.60277777777773 5.856130321651065e-07 -3.509348566126172e-07
16.6055555555555 6.681689141599303e-07 -2.194088460370706e-07
16.60833333333328 7.21159595997114e-07 -6.838906682468862e-08
16.61111111111106 7.399663011665098e-07 9.547405957274487e-08
16.61388888888883 7.214669650864139e-07 2.644323501723447e-07
16.61666666666661 6.642978818928405e-07 4.299768054090164e-07
16.61944444444439 5.690394916912001e-07 5.832370764485418e-07
16.62222222222216 4.383113333749917e-07 7.154263792457312e-07
16.62499999999994 2.767650298417399e-07 8.1831118549202e-07
16.62777777777772 9.09688784737826e-08 8.846822899692658e-07
16.63055555555549 -1.108170037773237e-07 9.088021949744118e-07
16.63333333333327 -3.189702285645575e-07 8.868033301719436e-07
16.63611111111105 -5.22929680972028e-07 8.170125496283051e-07
16.63888888888882 -7.116965906973838e-07 7.001796604751068e-07
16.6416666666666 -8.743913816751704e-07 5.395914106026282e-07
16.64444444444437 -1.000840091745844e-06 3.410572906824281e-07
16.64722222222215 -1.082160809690123e-06 1.127595074159117e-07
16.64999999999993 -1.111318607849079e-06 -1.350336924401444e-07
16.6527777777777 -1.083617056509405e-06 -3.903848392383427e-07
16.65555555555548 -9.970957208562305e-07 -6.4022022141187e-07
16.65833333333326 -8.528061076388158e-07 -8.709578406795886e-07
16.66111111111103 -6.549432988745862e-07 -1.069202608506706e-06
16.66388888888881 -4.108168391207782e-07 -1.222475579619608e-06
16.66666666666659 -1.306520906169352e-07 -1.319939991631466e-06
16.66944444444436 1.727780927114094e-07 -1.353084616180601e-06
16.67222222222214 4.846823024718151e-07 -1.316324669720675e-06
16.67499999999992 7.889217199903312e-07 -1.20748243076987e-06
16.67777777777769 1.068796118403093e-06 -1.028113805760303e-06
16.68055555555547 1.30790933646466e-06 -7.836532999311382e-07
16.68333333333324 1.491072211507467e-06 -4.833579828186302e-07
16.68611111111102 1.605196202707122e-06 -1.40040769948146e-07
16.6888888888888 1.640128436516092e-06 2.304057567848036e-07
16.69166666666657 1.589378951791781e-06 6.096822217921568e-07
16.69444444444435 1.45069367900499e-06 9.779276577060511e-07
16.69722222222213 1.226432182858487e-06 1.314701665209523e-06
16.6999999999999 9.237173072275794e-07 1.600058388033666e-06
16.70277777777768 5.543343083635071e-07 1.815659247727955e-06
16.70555555555546 1.343694210399142e-07 1.945865889583322e-06
16.70833333333323 -3.16408487979088e-07 1.978752180721384e-06
16.71111111111101 -7.754051373444055e-07 1.906974707055949e-06
16.71388888888879 -1.218264568285379e-06 1.728445213517142e-06
16.71666666666656 -1.620093620456449e-06 1.446755819559116e-06
16.71944444444434 -1.956789620015353e-06 1.071318427839592e-06
16.72222222222211 -2.206404456227579e-06 6.171931447065932e-07
16.72499999999989 -2.350472050611446e-06 1.04596180515519e-07
16.72777777777767 -2.375223720971046e-06 -4.419051334811165e-07
16.73055555555544 -2.272617487098068e-06 -9.944847492366629e-07
16.73333333333322 -2.041113127926831e-06 -1.52339473710965e-06
16.736111111111 -1.686134728122227e-06 -1.998487333801833e-06
16.73888888888877 -1.220176254172172e-06 -2.390849047392323e-06
16.74166666666655 -6.625228477054896e-07 -2.674462945368833e-06
16.74444444444433 -3.858026607065092e-08 -2.827808557483316e-06
16.7472222222221 6.211737086080583e-07 -2.835306786279196e-06
16.74999999999988 1.282580129861541e-06 -2.68852024211063e-06
16.75277777777766 1.909474965397874e-06 -2.387027654510933e-06
16.75555555555543 2.465573944664091e-06 -1.938904320363661e-06
16.75833333333321 2.916473433276264e-06 -1.360758498043869e-06
16.76111111111098 3.23166251652529e-06 -6.772955216387832e-07
16.76388888888876 3.386434561115382e-06 7.959380149350338e-08
16.76666666666654 3.363585484714886e-06 8.721974536796425e-07
16.76944444444431 3.154791219205796e-06 1.658749271978601e-06
16.77222222222209 2.761568496258931e-06 2.395523344638385e-06
16.77499999999987 2.195740845895488e-06 3.039157371546536e-06
16.77777777777764 1.479354947446941e-06 3.549087906461358e-06
16.78055555555542 6.440202229144918e-07 3.889967184863554e-06
16.7833333333332 -2.703244877297145e-07 4.033924615326618e-06
16.78611111111097 -1.217180747948659e-06 3.962536752626434e-06
16.78888888888875 -2.145727963751173e-06 3.6683780822996e-06
16.79166666666653 -3.003429086047036e-06 3.156041214542311e-06
16.7944444444443 -3.738878586979189e-06 2.442538650299819e-06
16.79722222222208 -4.304745679123136e-06 1.557028237920328e-06
16.79999999999986 -4.660651836296849e-06 5.398394564197483e-07
16.80277777777763 -4.775816119051606e-06 -5.591839587578593e-07
16.80555555555541 -4.631305423991311e-06 -1.682969786399193e-06
16.80833333333318 -4.221739902915018e-06 -2.770037311119222e-06
16.81111111111096 -3.556326247534298e-06 -3.757721558516644e-06
16.81388888888874 -2.659122571678716e-06 -4.585641346312581e-06
16.81666666666651 -1.568476969438816e-06 -5.199227691704241e-06
16.81944444444429 -3.356257102348152e-07 -5.553115261924173e-06
16.82222222222207 9.77515750335077e-07 -5.614196217818666e-06
16.82499999999984 2.301287736347531e-06 -5.364143787124924e-06
16.82777777777762 3.561819968941511e-06 -4.801232416282465e-06
16.8305555555554 4.68499507606554e-06 -3.941311932499005e-06
16.83333333333317 5.600639150213595e-06 -2.817833678175329e-06
16.83611111111095 6.246712169314492e-06 -1.480875291133113e-06
16.83888888888873 6.573258471583831e-06 4.834649420835198e-09
16.8416666666665 6.545877972447249e-06 1.562833331627406e-06
16.84444444444428 6.148493155928907e-06 3.108665585506322e-06
16.84722222222205 5.385215024773399e-06 4.55428081303681e-06
16.84999999999983 4.281152307652076e-06 5.812867760779445e-06
16.85277777777761 2.882060647188145e-06 6.803872762026202e-06
16.85555555555538 1.252789822847883e-06 7.457922584573264e-06
16.85833333333316 -5.254457672083698e-07 7.721363340621658e-06
16.86111111111094 -2.35887871495932e-06 7.560133447609304e-06
16.86388888888871 -4.145919889358907e-06 6.962711904278064e-06
16.86666666666649 -5.782584938001973e-06 5.941922747011819e-06
16.86944444444427 -7.168339144888988e-06 4.53543107823614e-06
16.87222222222204 -8.212044646653686e-06 2.80483315723564e-06
16.87499999999982 -8.837671154097029e-06 8.333194885366718e-07
16.8777777777776 -8.989426995758906e-06 -1.278028323432432e-06
16.88055555555537 -8.635982773662031e-06 -3.415163459468055e-06
16.88333333333315 -7.773495383130038e-06 -5.457000202327876e-06
16.88611111111092 -6.427194616275448e-06 -7.282048314603498e-06
16.8888888888887 -4.651365884514766e-06 -8.775406393116141e-06
16.89166666666648 -2.527647487290454e-06 -9.835725812747401e-06
16.89444444444425 -1.616550662075625e-07 -1.038173824421433e-05
16.89722222222203 2.321955625848178e-06 -1.035794399569429e-05
16.89999999999981 4.785779316135648e-06 -9.73908657665984e-06
16.90277777777758 7.087006743946637e-06 -8.533090542864753e-06
16.90555555555536 9.085449417984534e-06 -6.782213070006213e-06
16.90833333333314 1.065180864488179e-05 -4.56225165009874e-06
16.91111111111091 1.167571716049815e-05 -1.979756364242525e-06
16.91388888888869 1.207307088154215e-05 8.326901661084481e-07
16.91666666666647 1.179218539953709e-05 3.72294514494394e-06
16.91944444444424 1.081835732845464e-05 6.527237935171788e-06
16.92222222222202 9.176483292890792e-06 9.079169129965965e-06
16.92499999999979 6.931486322411218e-06 1.121930031120544e-05
16.92777777777757 4.186416212664308e-06 1.280479955412396e-05
16.93055555555535 1.078221115592011e-06 1.371857753439681e-05
16.93333333333312 -2.22867482531598e-06 1.387735087416612e-05
16.9361111111109 -5.550716412158303e-06 1.323810468563975e-05
16.93888888888868 -8.695086134854146e-06 1.180249476909555e-05
16.94166666666645 -1.147058782514271e-05 9.618829224519672e-06
16.94444444444423 -1.36989509296598e-05 6.781394999926602e-06
16.94722222222201 -1.522590681203343e-05 3.427040967060273e-06
16.94999999999978 -1.593137014088312e-05 -2.709122115263031e-07
16.95277777777756 -1.573807894649673e-05 -4.111202737921943e-06
16.95555555555534 -1.461810708305991e-05 -7.875209541170971e-06
16.95833333333311 -1.259676101947163e-05 -1.133905488221089e-05
16.96111111111089 -9.7535051305186e-06 -1.428658082270292e-05
16.96388888888866 -6.219719745056564e-06 -1.652246924089577e-05
16.96666666666644 -2.173275904409751e-06 -1.788473128718717e-05
16.96944444444422 2.169899737469419e-06 -1.825579265224013e-05
16.97222222222199 6.566908100218198e-06 -1.757144795148675e-05
16.97499999999977 1.076107138337159e-05 -1.582705039665497e-05
16.97777777777755 1.449654770149022e-05 -1.308043840481053e-05
16.98055555555532 1.753355915428106e-05 -9.451272818206629e-06
16.9833333333331 1.966335086042252e-05 -5.116658383468455e-06
16.98611111111088 2.072197307447376e-05 -3.031403488857098e-07
16.98888888888865 2.060200662767847e-05 4.724610813221401e-06
16.99166666666643 1.926143449690924e-05 9.677899679386421e-06
16.99444444444421 1.672899695401421e-05 1.426017202639749e-05
16.99722222222198 1.310554884002617e-05 1.818436985518462e-05
16.99999999999976 8.561156296114919e-06 2.119048597861244e-05
17.00277777777753 3.327915290246746e-06 2.306227116916539e-05
17.00555555555531 -2.31126813131132e-06 2.364204989986993e-05
17.00833333333309 -8.037440837110994e-06 2.284266720330638e-05
17.01111111111086 -1.351317685599518e-05 2.065571809355933e-05
17.01388888888864 -1.840202736351509e-05 1.71553974544903e-05
17.01666666666642 -2.238875481644702e-05 1.249754364618753e-05
17.01944444444419 -2.519916276286088e-05 6.913721261882016e-06
17.02222222222197 -2.661830387875648e-05 7.004825860679472e-07
17.02499999999975 -2.650589266216869e-05 -5.795753592528254e-06
17.02777777777752 -2.480786666759139e-05 -1.219748113552652e-05
17.0305555555553 -2.156322742132553e-05 -1.811756418009443e-05
17.03333333333308 -1.690554098231678e-05 -2.318218717890544e-05
17.03611111111085 -1.105877609019385e-05 -2.705396790215405e-05
17.03888888888863 -4.327488947612794e-06 -2.945383541925053e-05
17.0416666666664 2.918290898435183e-06 -3.01802890609426e-05
17.04444444444418 1.026277995949871e-05 -2.912475377074183e-05
17.04722222222196 1.726776013739679e-05 -2.628192986448417e-05
17.04999999999973 2.349822874162476e-05 -2.175429356302084e-05
17.05277777777751 2.854891233190205e-05 -1.575022625487576e-05
17.05555555555529 3.207006135429753e-05 -8.575618304054962e-06
17.05833333333306 3.379091863590741e-05 -6.191867232080027e-07
17.06111111111084 3.353932877625104e-05 7.667857970786577e-06
17.06388888888862 3.12561271122349e-05 1.579678627238188e-05
17.06666666666639 2.700320996275248e-05 2.326962797963035e-05
17.06944444444417 2.096453004243605e-05 2.960915684446543e-05
17.07222222222195 1.343966456607619e-05 3.438881177440043e-05
17.07499999999972 4.830046325093765e-06 3.726071435007669e-05
17.0777777777775 -4.381595851913048e-06 3.79799827909325e-05
17.08055555555528 -1.365759907486396e-05 3.642369598797069e-05
17.08333333333305 -2.243614329544249e-05 3.260312320967776e-05
17.08611111111083 -3.016472540349862e-05 2.666819397919433e-05
17.0888888888886 -3.633437519202484e-05 1.890362026557759e-05
17.09166666666638 -4.051253168683863e-05 9.716575657602846e-06
17.09444444444416 -4.237249620110267e-05 -3.836447500583969e-07
17.09722222222193 -4.171750580653984e-05 -1.081304567465068e-05
17.09999999999971 -3.849772526399168e-05 -2.094601874005679e-05
17.10277777777749 -3.281882631457822e-05 -3.015227097437371e-05
17.10555555555526 -2.494129232791494e-05 -3.783545822888847e-05
17.10833333333304 -1.527012841557512e-05 -4.347119536669592e-05
17.11111111111082 -4.335241362477008e-06 -4.664206086925488e-05
17.11388888888859 7.236654742525385e-06 -4.706730590852976e-05
17.11666666666637 1.875718927011844e-05 -4.462521722206834e-05
17.11944444444415 2.95166282614251e-05 -3.936646036812097e-05
17.12222222222192 3.882699995533511e-05 -3.151722712333964e-05
17.1249999999997 4.60654751626009e-05 -2.147160159362661e-05
17.12777777777747 5.071530860394247e-05 -9.77321071292897e-06
17.13055555555525 5.240169531279875e-05 2.91310231843302e-06
17.13333333333303 5.092011222529334e-05 1.583818994890806e-05
17.1361111111108 4.625509231361666e-05 2.821211436687813e-05
17.13888888888858 3.858789975445388e-05 3.925179059486131e-05
17.14166666666636 2.829221253256555e-05 4.822993188313896e-05
17.14444444444413 1.591763792538542e-05 5.452228141667379e-05
17.14722222222191 2.161644268095903e-06 5.76501078023739e-05
17.14999999999969 -1.216875714684565e-05 5.731512564264583e-05
17.15277777777746 -2.62035510361236e-05 5.342437259305683e-05
17.15555555555524 -3.906185532506688e-05 4.610311450963322e-05
17.15833333333302 -4.990658344251867e-05 3.569453301963191e-05
17.16111111111079 -5.799828534247083e-05 2.274573732929676e-05
17.16388888888857 -6.274474915813191e-05 7.98048837627059e-06
17.16666666666634 -6.374308750733829e-05 -7.740122959800611e-06
17.16944444444412 -6.081138760877047e-05 -2.346699495307453e-05
17.1722222222219 -5.400755809601716e-05 -3.821957569351446e-05
17.17499999999967 -4.36337300429559e-05 -5.104635112496429e-05
17.17777777777745 -3.022542555229814e-05 -6.108557769937812e-05
17.18055555555523 -1.452564469268177e-05 -6.762242888945735e-05
17.183333333333 2.555016152633209e-06 -7.013881511890026e-05
17.18611111111078 1.999017486599828e-05 -6.835246847282481e-05
17.18888888888856 3.66985330750263e-05 -6.224244464684527e-05
17.19166666666633 5.16102570515197e-05 -5.205895762150832e-05
17.19444444444411 6.373484702085447e-05 -3.831638614691144e-05
17.19722222222189 7.222623618216829e-05 -2.176932205139494e-05
17.19999999999966 7.644088877269419e-05 -3.372606513671287e-06
17.20277777777744 7.598496611724152e-05 1.577264561615471e-05
17.20555555555521 7.074719142242742e-05 3.44840700432504e-05
17.20833333333299 6.091484151704162e-05 5.157035487453988e-05
17.21111111111077 4.697128403902535e-05 6.590645493305317e-05
17.21388888888854 2.967460494788023e-05 7.650701835943626e-05
17.21666666666632 1.001806606056476e-05 8.259328029202044e-05
17.2194444444441 -1.082567896917492e-05 8.364893662271864e-05
17.22222222222187 -3.157357600796229e-05 7.946106634036548e-05
17.22499999999965 -5.09103863139617e-05 7.014299845641774e-05
17.22777777777743 -6.757141941746656e-05 5.613707507375699e-05
17.2305555555552 -8.042462939874086e-05 3.81964855961622e-05
17.23333333333298 -8.85467919247053e-05 1.7346665130423e-05
17.23611111111076 -9.128868678904386e-05 -5.171919184754385e-06
17.23888888888853 -8.832475264700068e-05 -2.797651257574963e-05
17.24166666666631 -7.968353351764993e-05 -4.962616584996086e-05
17.24444444444408 -6.575635575909296e-05 -6.871212869931623e-05
17.24722222222186 -4.728299605556433e-05 -8.394892546467401e-05
17.24999999999964 -2.531454653307976e-05 -9.426027174298274e-05
17.25277777777741 -1.155162702722628e-06 -9.885413730402794e-05
17.25555555555519 2.3714201526624e-05 -9.728178179969161e-05
17.25833333333297 4.772570432722137e-05 -8.947646326480073e-05
17.26111111111074 6.932278401776955e-05 -7.576870025528838e-05
17.26388888888852 8.706049355380869e-05 -5.687638986565987e-05
17.2666666666663 9.970158049768067e-05 -3.386966106304865e-05
17.26944444444407 0.0001063019689324626 -8.111977974039039e-06
17.27222222222185 0.0001062797925676329 1.881940387724981e-05
17.27499999999963 9.946301771025523e-05 4.522908914155375e-05
17.2777777777774 8.611193546386315e-05 6.940957743003686e-05
17.28055555555518 6.691432458255188e-05 8.975110782852557e-05
17.28333333333295 4.295279918759766e-05 0.0001048482935219691
17.28611111111073 1.564565291390875e-05 0.0001135965255329008
17.28888888888851 -1.333572214328093e-05 0.0001152715820825264
17.29166666666628 -4.216814390783267e-05 0.0001095867808754497
17.29444444444406 -6.899061734413866e-05 9.672331041672709e-05
17.29722222222184 -9.202391574583148e-05 7.733100036048193e-05
17.29999999999961 -0.0001096881294179274 5.249864319091958e-05
17.30277777777739 -0.000120710456055196 2.369494545124226e-05
17.30555555555517 -0.0001242159227104003 -7.316859632913462e-06
17.30833333333294 -0.0001197946372543052 -3.858589398369864e-05
17.31111111111072 -0.0001075405227177981 -6.809561953139086e-05
17.3138888888885 -8.805821497511052e-05 -9.389336246132164e-05
17.31666666666627 -6.243680004324209e-05 -0.0001142191046360558
17.31944444444405 -3.219120804773011e-05 -0.0001276250856754393
17.32222222222182 8.257705060825288e-07 -0.000133078126843006
17.3249999999996 3.4535865978407e-05 -0.0001300374995165386
17.32777777777738 6.676538488684062e-05 -0.0001185025722196993
17.33055555555515 9.538486709807472e-05 -9.902630212106526e-05
17.33333333333293 0.0001184494194907678 -7.269278038279678e-05
17.33611111111071 0.0001343305136548999 -4.105936265134995e-05
17.33888888888848 0.0001418303497474053 -6.066267396949759e-06
17.34166666666626 0.0001402708010163144 3.008124952619692e-05
17.34444444444404 0.0001295504200986232 6.505108723725091e-05
17.34722222222181 0.0001101649271277645 9.653426827941953e-05
17.34999999999959 8.318889523627914e-05 0.000122397086551495
17.35277777777737 5.021885835638877e-05 0.000140825442207534
17.35555555555514 1.328062810570522e-05 0.0001504516282522256
17.35833333333292 -2.529394831491479e-05 0.000150454744839793
17.3611111111107 -6.301339515229123e-05 0.0001406274397361717
17.36388888888847 -9.738705889159998e-05 0.0001214037221032694
17.36666666666625 -0.0001260893166929902 9.384504914680782e-05
17.36944444444402 -0.0001471167465378365 5.958458824196353e-05
17.3722222222218 -0.0001589276601340245 2.073233686946638e-05
17.37499999999958 -0.000160554309017058 -2.025354488596485e-05
17.37777777777735 -0.0001516796540694477 -6.072145117515709e-05
17.38055555555513 -0.0001326727506475813 -9.799743148609561e-05
17.38333333333291 -0.0001045794159315967 -0.0001295616814189809
17.38611111111068 -6.906774838049682e-05 -0.0001532188012454012
17.38888888888846 -2.833107383795718e-05 -0.0001672503355067594
17.39166666666624 1.504620031226243e-05 -0.00017053901498614
17.39444444444401 5.825173039388271e-05 -0.0001626557621071946
17.39722222222179 9.842715621073265e-05 -0.0001439028004192666
17.39999999999957 0.0001328570725110393 -0.0001153089910338178
17.40277777777734 0.0001591525825193875 -7.857662890146864e-05
17.40555555555512 0.0001754170372674769 -3.598216824444792e-05
17.40833333333289 0.000180382473312321 9.763505830301088e-06
17.41111111111067 0.000173506964962308 5.568679806114307e-05
17.41388888888845 0.0001550255097395893 9.8744312905894e-05
17.41666666666622 0.0001259500221051466 0.0001360244817382141
17.419444444444 8.801733396010124e-05 0.0001649445690437066
17.42222222222178 4.358757508143437e-05 0.0001834297327222117
17.42499999999955 -4.501299147394237e-06 0.0001900617269660703
17.42777777777733 -5.311398335531781e-05 0.0001841866088612553
17.43055555555511 -9.902189824136035e-05 0.0001659733418839566
17.43333333333288 -0.0001391176244744697 0.0001364183267946516
17.43611111111066 -0.0001706254674142003 9.729443420317356e-05
17.43888888888844 -0.0001912938829388019 5.104683199783915e-05
17.44166666666621 -0.0001995564181078544 6.415462255978675e-07
17.44444444444399 -0.0001946496690635884 -5.062398360456213e-05
17.44722222222176 -0.0001766794275636623 -9.933632774433124e-05
17.44999999999954 -0.0001466295134829672 -0.0001421934318173014
17.45277777777732 -0.0001063115615668886 -0.0001762287902675476
17.45555555555509 -5.825799947181971e-05 -0.0001990172002114824
17.45833333333287 -5.564354350049482e-06 -0.0002088478093021207
17.46111111111065 4.830941068477734e-05 -0.0002048521043572383
17.46388888888842 9.976585154605274e-05 -0.0001870773021754869
17.4666666666662 0.0001453104363552946 -0.0001564991267051943
17.46944444444398 0.0001817893173618833 -0.0001149719617582344
17.47222222222175 0.0002066082873422594 -6.511859197259404e-05
17.47499999999953 0.0002179176943834458 -1.016590221190371e-05
17.47777777777731 0.0002147501167277997 4.626328907468389e-05
17.48055555555508 0.0001971005695775961 0.0001003889018524168
17.48333333333286 0.0001659427440423065 0.0001485270772998779
17.48611111111063 0.0001231790243125367 0.0001873414716729486
17.48888888888841 7.152651159061139e-05 0.0002140751953042376
17.49166666666619 1.434569907192065e-05 0.0002267472378217401
17.49444444444396 -4.4577513475411e-05 0.0002242993548580957
17.49722222222174 -0.0001012823897427399 0.0002066825283054131
17.49999999999952 -0.0001518999514185608 0.0001748760551840762
17.50277777777729 -0.0001929176442641912 0.000130836813525098
17.50555555555507 -0.0002214239383088018 7.738099825252291e-05
17.50833333333285 -0.0002353157843747004 1.800529355294224e-05
17.51111111111062 -0.0002334541032504608 -4.334127310568988e-05
17.5138888888884 -0.0002157557991723172 -0.0001025199690658606
17.51666666666618 -0.000183214956536675 -0.0001554820371989562
17.51944444444395 -0.0001378506256383148 -0.0001985465033405667
17.52222222222173 -8.258361201090969e-05 -0.000228657007365534
17.5249999999995 -2.104961281799658e-05 -0.0002435996830454989
17.52777777777728 4.263944998885696e-05 -0.0002421665008946855
17.53055555555506 0.0001041702860455264 -0.0002242519950067202
17.53333333333283 0.0001593209210190972 -0.0001908756960345367
17.53611111111061 0.0002042513245162904 -0.0001441275983270811
17.53888888888839 0.0002357719250948189 -8.703926286959732e-05
17.54166666666616 0.0002515711708424727 -2.338833748795509e-05
17.54444444444394 0.000250385834477518 4.255099973484065e-05
17.54722222222172 0.0002321014737689518 0.0001062952347784821
17.54999999999949 0.0001977751026336525 0.0001634570558036634
17.55277777777727 0.0001495773976382088 0.0002100483809226353
17.55555555555505 9.065730209723966e-05 0.000242759885782273
17.55833333333282 2.493731397626607e-05 0.0002591973624897227
17.5611111111106 -4.314732560251785e-05 0.0002580579510449364
17.56388888888837 -0.0001089482410893921 0.0002392332153893748
17.56666666666615 -0.0001679220846582359 0.0002038309332442725
17.56944444444393 -0.0002159454332539045 0.0001541130050964807
17.5722222222217 -0.0002496045253628739 9.335268597860691e-05
17.57499999999948 -0.0002664393919752151 2.562000261667816e-05
17.57777777777726 -0.0002651248337103493 -4.44906599008345e-05
17.58055555555503 -0.0002455748602983919 -0.0001121726001278815
17.58333333333281 -0.0002089623665471094 -0.0001727372642097072
17.58611111111059 -0.0001576516236484057 -0.0002219403611028558
17.58888888888836 -9.504721849955131e-05 -0.0002562808660630674
17.59166666666614 -2.536895543681978e-05 -0.0002732517505310718
17.59444444444392 4.663247094659803e-05 -0.0002715243813579237
17.59722222222169 0.0001159998965015316 -0.0002510529437299477
17.59999999999947 0.0001779120246641695 -0.0002130906682317577
17.60277777777724 0.0002280199777939445 -0.0001601157155329921
17.60555555555502 0.0002627544796667272 -9.567087362685358e-05
17.6083333333328 0.0002795818631886979 -2.4127311856452e-05
17.61111111111057 0.0002771904292348577 4.961191867542428e-05
17.61388888888835 0.0002555933544448105 0.0001204485394238279
17.61666666666613 0.0002161400457435708 0.0001834427056923812
17.6194444444439 0.0001614341781691131 0.0002341590711583565
17.62222222222168 9.516319082781996e-05 0.0002689809116122006
17.62499999999946 2.185029410365845e-05 0.0002853699423175423
17.62777777777723 -5.345438731917414e-05 0.0002820530417971075
17.63055555555501 -0.0001255224490405741 0.0002591220395487657
17.63333333333279 -0.0001893115089274717 0.0002180387026906818
17.63611111111056 -0.0002403197121070473 0.0001615436558438865
17.63888888888834 -0.0002749054051959867 9.347472947361299e-05
17.64166666666612 -0.0002905491514074936 1.850667713251232e-05
17.64444444444389 -0.0002860391021257367 -5.81701290419848e-05
17.64722222222167 -0.0002615659686093286 -0.0001312099334998739
17.64999999999944 -0.0002187200938074394 -0.0001954857087872023
17.65277777777722 -0.0001603899756532443 -0.0002464508711551102
17.655555555555 -9.056855910221684e-05 -0.0002804629608606859
17.65833333333277 -1.408020052765893e-05 -0.0002950461057066553
17.66111111111055 6.375305765273188e-05 -0.000289073213676971
17.66388888888833 0.0001374827990086173 -0.0002628543604480497
17.6666666666661 0.0002019171631981369 -0.0002181243710004517
17.66944444444388 0.0002524883799903224 -0.000157929686067229
17.67222222222166 0.0002855787597191859 -8.642175354005592e-05
17.67499999999943 0.0002987817281118354 -8.570882798343271e-06
17.67777777777721 0.0002910789201216878 7.017973612229461e-05
17.68055555555499 0.0002629201649332408 0.0001442957367964806
17.68333333333276 0.0002161999997825085 0.0002085421642994582
17.68611111111054 0.000154131666003016 0.0002583552705492647
17.68888888888831 8.102684803203266e-05 0.0002901689729875913
17.69166666666609 1.99619195155003e-06 0.0003016724689401407
17.69444444444387 -7.740860515845095e-05 0.0002919802377060146
17.69722222222164 -0.0001515860311078907 0.0002617017801135483
17.69999999999942 -0.0002152816659849962 0.0002129055137287089
17.7027777777772 -0.0002639625176278939 0.0001489787618879134
17.70555555555497 -0.0002941419698263815 7.439321021615663e-05
17.70833333333275 -0.0003036318869559826 -5.607979146220258e-06
17.71111111111053 -0.0002917034821284996 -8.537950212883344e-05
17.7138888888883 -0.000259144972417305 -0.0001592736307663562
17.71666666666608 -0.0002082113628203811 -0.0002220419200329393
17.71944444444386 -0.00014246940027064 -0.0002692102027515145
17.72222222222163 -6.654826865316616e-05 -0.0002973999251945947
17.72499999999941 1.418658796067814e-05 -0.0003045725764610778
17.72777777777718 9.401351969383602e-05 -0.0002901793586947194
17.73055555555496 0.0001672616231358482 -0.000255204954833058
17.73333333333274 0.0002287155452931341 -0.0002021018002468934
17.73611111111051 0.0002739891067420002 -0.0001346191147454048
17.73888888888829 0.000299840816892653 -5.753853699251292e-05
17.74166666666607 0.0003044084116364566 2.36650251272894e-05
17.74444444444384 0.0002873452708511544 0.0001032132513297951
17.74722222222162 0.0002498485654552633 0.0001754371432304719
17.7499999999994 0.00019457674191383 0.0002351830449124506
17.75277777777717 0.0001254619187151702 0.0002781827262994724
17.75555555555495 4.743036849365052e-05 0.0003013607871550151
17.75833333333273 -3.394906135649527e-05 0.0003030570650314726
17.7611111111105 -0.0001128634660580083 0.0002831477886322231
17.76388888888828 -0.0001836727421226542 0.0002430564770939929
17.76666666666605 -0.0002413147748946797 0.0001856535241392474
17.76944444444383 -0.0002816696960720202 0.0001150514505242647
17.77222222222161 -0.0003018568293786789 3.631037474541182e-05
17.77499999999938 -0.0003004427425999861 -4.492521126860289e-05
17.77777777777716 -0.0002775452056112464 -0.0001228322470770044
17.78055555555494 -0.000234825358427243 -0.0001918282276285701
17.78333333333271 -0.0001753684784467884 -0.0002469733535237503
17.78611111111049 -0.0001034618151337471 -0.0002843265825192626
17.78888888888827 -2.428544471168426e-05 -0.0003012297452370196
17.79166666666604 5.646156038163354e-05 -0.0002964990635675469
17.79444444444382 0.0001329726184133294 -0.000270510101296826
17.7972222222216 0.0001997529766506104 -0.0002251698990358496
17.79999999999937 0.0002520164856779609 -0.0001637782385100148
17.80277777777715 0.0002860309997583034 -9.078804742806524e-05
17.80555555555492 0.0002993873021743125 -1.148230575709082e-05
17.8083333333327 0.0002911720003312006 6.840909160378229e-05
17.81111111111048 0.0002620318162030635 0.0001431246703409513
17.81388888888825 0.0002141246052423798 0.000207288702781843
17.81666666666603 0.0001509606937499692 0.0002563001592265187
17.81944444444381 7.714612661665112e-05 0.0002866649812003989
17.82222222222158 -1.953422535868453e-06 0.0002962475067426907
17.82499999999936 -8.060353446862063e-05 0.0002844227822686822
17.82777777777714 -0.0001531181783049026 0.0002521187397664536
17.83055555555491 -0.0002142726452298884 0.0002017452715965137
17.83333333333269 -0.0002596821531564309 0.0001370155072485643
17.83611111111047 -0.000286118524756833 6.267247948029279e-05
17.83888888888824 -0.0002917418962220996 -1.585871827722277e-05
17.84166666666602 -0.000276230658504072 -9.28677442533156e-05
17.84444444444379 -0.0002408003075127337 -0.0001627756919244399
17.84722222222157 -0.0001881100345798585 -0.0002205411264566789
17.84999999999935 -0.0001220641228398674 -0.0002620257795508337
17.85277777777712 -4.752292232888341e-05 -0.0002842932145956169
17.8555555555549 3.005521129442289e-05 -0.0002858187402404786
17.85833333333268 0.0001050145993651292 -0.0002665954090809376
17.86111111111045 0.0001719160508678581 -0.0002281286040125346
17.86388888888823 0.0002259334068570086 -0.0001733199210725742
17.86666666666601 0.0002632037648646548 -0.0001062491976518258
17.86944444444378 0.000281105809679579 -3.187100749759528e-05
17.87222222222156 0.0002784460365021265 4.435180248851919e-05
17.87499999999934 0.0002555394922997484 0.0001168503845980061
17.87777777777711 0.0002141794726608387 0.0001803582638030084
17.88055555555489 0.0001574988145575555 0.0002302957462113549
17.88333333333266 8.973341192949039e-05 0.0002631021610610401
17.88611111111044 1.590575964327139e-05 0.0002764916795184152
17.88888888888822 -5.854782805197328e-05 0.0002696141809912202
17.89166666666599 -0.000128178605798607 0.0002431097187535671
17.89444444444377 -0.0001879256661167832 0.0001990530425042735
17.89722222222155 -0.0002334855645384923 0.0001407927769581014
17.89999999999932 -0.0002616241650230601 7.269762744392739e-05
17.9027777777771 -0.0002704079615620283 -1.711905009378899e-07
17.90555555555488 -0.0002593381938091406 -7.243672466892485e-05
17.90833333333265 -0.0002293783502545328 -0.0001388041590848939
17.91111111111043 -0.0001828735963347026 -0.0001944502527081801
17.91388888888821 -0.0001233686832347117 -0.000235375580354181
17.91666666666598 -5.533838866871515e-05 -0.0002586937161901287
17.91944444444376 1.614904266144008e-05 -0.0002628363132136237
17.92222222222154 8.581012762713638e-05 -0.0002476593876379685
17.92499999999931 0.0001485377561136974 -0.0002144435345907634
17.92777777777709 0.0001997770649996382 -0.0001657887229420382
17.93055555555486 0.000235857793256288 -0.0001054121489503793
17.93333333333264 0.0002542587384469574 -3.78647864571443e-05
17.93611111111042 0.0002537851351616184 3.181177576872162e-05
17.93888888888819 0.0002346463770040789 9.846230992902494e-05
17.94166666666597 0.0001984290048556314 0.0001572004871524825
17.94444444444375 0.0001479677194066625 0.0002037684974810387
17.94722222222152 8.71247572623071e-05 0.0002348471711601681
17.9499999999993 2.049473122705673e-05 0.0002482938936334389
17.95277777777708 -4.694252490417024e-05 0.0002432911520334084
17.95555555555485 -0.0001101948482016179 0.0002203953431058917
17.95833333333263 -0.0001646283870814599 0.0001814829946410537
17.96111111111041 -0.0002063083796781548 0.0001295992359491823
17.96388888888818 -0.0002322849012377135 6.872062026158643e-05
17.96666666666596 -0.000240802721175439 3.45071048609739e-06
17.96944444444373 -0.0002314202514195091 -6.13282777002549e-05
17.97222222222151 -0.0002050294907440029 -0.0001208213817591083
17.97499999999929 -0.000163776347089897 -0.0001706768570925152
17.97777777777706 -0.0001108881852245557 -0.0002073056853624228
17.98055555555484 -5.042233909154237e-05 -0.0002281410683064756
17.98333333333262 1.304486740097117e-05 -0.0002318190515221405
17.98611111111039 7.476475922208072e-05 -0.0002182675029726004
17.98888888888817 0.0001301723158265807 -0.000188697660317693
17.99166666666595 0.0001752247878210884 -0.0001454998257728992
17.99444444444372 0.0002066977228382821 -9.205196889706268e-05
17.9972222222215 0.0002224166354474967 -3.245645649761897e-05
17.99999999999928 0.0002214076002825503 2.87746163942923e-05
18.00277777777705 0.0002039563050969963 8.706135601548958e-05
18.00555555555483 0.0001715720881031088 0.00013809930983528
18.0083333333326 0.0001268606674508291 0.0001781782288080825
18.01111111111038 7.3316105471066e-05 0.0002044526687692089
18.01388888888816 1.504852291059528e-05 0.0002151446190795297
18.01666666666593 -4.353125479788851e-05 0.0002096636748145146
18.01944444444371 -9.804591679296565e-05 0.0001886366369361307
18.02222222222149 -0.0001444793878637663 0.0001538453409626529
18.02499999999926 -0.0001794734551714679 0.0001080784496082233
18.02777777777704 -0.0002005713233991349 5.490937319656872e-05
18.03055555555482 -0.0002063903743017213 -1.582078643793988e-06
18.03333333333259 -0.0001967119548213198 -5.712266165933226e-05
18.03611111111037 -0.0001724824268380802 -0.0001075692602717948
18.03888888888815 -0.0001357264858864125 -0.0001492185114354859
18.04166666666592 -8.938037766882955e-05 -0.0001790792954535224
18.0444444444437 -3.705860881265557e-05 -0.0001950879870324331
18.04722222222147 1.7227384069476e-05 -0.0001962509354035843
18.04999999999925 6.937673294901997e-05 -0.0001827043422002441
18.05277777777703 0.0001155092208261812 -0.0001556880838597878
18.0555555555548 0.0001522544654337961 -0.0001174365887414914
18.05833333333258 0.0001769986047468257 -7.099612636451675e-05
18.06111111111036 0.0001880703856880234 -1.998332539463208e-05
18.06388888888813 0.0001848533900282384 3.169599804515302e-05
18.06666666666591 0.0001678169116083029 8.014585993922661e-05
18.06944444444369 0.0001384642745602966 0.0001217740704118277
18.07222222222146 9.920366860740764e-05 0.0001535589258951909
18.07499999999924 5.315239518726616e-05 0.0001732687939183008
18.07777777777702 3.890329167599432e-06 0.0001796186070109305
18.08055555555479 -4.481795788735066e-05 0.0001723523022307115
18.08333333333257 -8.931085708078258e-05 0.0001522460303477132
18.08611111111034 -0.0001263051708410205 0.0001210330615776488
18.08888888888812 -0.0001531386035246364 8.125726238008878e-05
18.0916666666659 -0.0001679613581808296 3.606735765839028e-05
18.09444444444367 -0.0001698630445074527 -1.103147537764847e-05
18.09722222222145 -0.0001589262379853148 -5.644912892425246e-05
18.09999999999923 -0.0001362037524415299 -9.678417968268786e-05
18.102777777777 -0.0001036225514826741 -0.0001290787336620895
18.10555555555478 -6.382277726575286e-05 -0.0001510353881676768
18.10833333333256 -1.994519692679539e-05 -0.0001611803851635143
18.11111111111033 2.461590132893065e-05 -0.0001589613873678276
18.11388888888811 6.647495907619673e-05 -0.0001447734847439652
18.11666666666589 0.0001025122927066089 -0.000119912625292608
18.11944444444366 0.0001301065949392657 -8.646122539874472e-05
18.12222222222144 0.0001473254559724776 -4.711582489030658e-05
18.12499999999921 0.0001530600624116578 -4.970924914480715e-06
18.12777777777699 0.0001470947327098926 3.672373263242418e-05
18.13055555555477 0.0001301070925024695 7.481343891851764e-05
18.13333333333254 0.000103600076256018 0.0001064770803855156
18.13611111111032 6.977214527304415e-05 0.0001294359480136767
18.1388888888881 3.133673881398628e-05 0.0001421173410327107
18.14166666666587 -8.694321842671708e-06 0.0001437612450634983
18.14444444444365 -4.724624720953748e-05 0.0001344629350416689
18.14722222222143 -8.141713998127444e-05 0.0001151493955593385
18.1499999999992 -0.000108696221133593 8.749256908816419e-05
18.15277777777698 -0.0001271480173378375 5.376724015814314e-05
18.15555555555476 -0.0001355490150650227 1.666547645647439e-05
18.15833333333253 -0.000133467184278887 -2.09173295757355e-05
18.16111111111031 -0.0001212793420905239 -5.61078665932249e-05
18.16388888888808 -0.0001001261999426539 -8.627423744536783e-05
18.16666666666586 -7.180973512380547e-05 -0.0001092224918530293
18.16944444444364 -3.864187944757038e-05 -0.0001233556988823584
18.17222222222141 -3.25709641197901e-06 -0.0001277840601031663
18.17499999999919 3.159603962470372e-05 -0.0001223785537637673
18.17777777777697 6.32678205244259e-05 -0.000107765094967509
18.18055555555474 8.940846234602802e-05 -8.52608397467082e-05
18.18333333333252 0.0001081420084704052 -5.675869006157368e-05
18.1861111111103 0.0001182002353456007 -2.456993320112977e-05
18.18888888888807 0.0001190070581441103 8.762016988911558e-06
18.19166666666585 0.0001107079434340672 4.066183729585273e-05
18.19444444444363 9.414319222916617e-05 6.872075286953976e-05
18.1972222222214 7.076831514059955e-05 9.087797109581813e-05
18.19999999999918 4.252874377167668e-05 0.0001055714532639682
18.20277777777696 1.16995034771561e-05 0.0001118470352810143
18.20555555555473 -1.9297037602549e-05 0.0001094183560748066
18.20833333333251 -4.808080535993352e-05 9.867401408225142e-05
18.21111111111028 -7.249623757473325e-05 8.063253039650613e-05
18.21388888888806 -9.077316455133676e-05 5.684972477282694e-05
18.21666666666584 -0.0001016543820717067 2.928669741782366e-05
18.21944444444361 -0.0001044807821233173 1.494854882596683e-07
18.22222222222139 -9.922839212008633e-05 -2.828658052376386e-05
18.22499999999917 -8.649552335216901e-05 -5.385389197628309e-05
18.22777777777694 -6.744213695919817e-05 -7.465721811205576e-05
18.23055555555472 -4.368719543592008e-05 -8.921353270589272e-05
18.2333333333325 -1.717289981078492e-05 -9.655674356229971e-05
18.23611111111027 9.992915547444304e-06 -9.630000992933747e-05
18.23888888888805 3.570351553332978e-05 -8.865178986281863e-05
18.24166666666583 5.801598755782375e-05 -7.4385440319854e-05
18.2444444444436 7.529742875162094e-05 -5.47658054023576e-05
18.24722222222138 8.634364213836312e-05 -3.143949241196585e-05
18.24999999999915 9.04617763043907e-05 -6.298204212979405e-06
18.25277777777693 8.751134571377106e-05 1.867362525523797e-05
18.25555555555471 7.790143638711538e-05 4.155468658491785e-05
18.25833333333248 6.254536294684653e-05 6.063395064933069e-05
18.26111111111026 4.277732546979643e-05 7.453789868877007e-05
18.26388888888804 2.023846572555152e-05 8.232841938290053e-05
18.26666666666581 -3.258070784448953e-06 8.356447553685219e-05
18.26944444444359 -2.587205572242227e-05 7.832363221283889e-05
18.27222222222137 -4.587955886022698e-05 6.718276157252757e-05
18.27499999999914 -6.180366691607167e-05 5.116043960999783e-05
18.27777777777692 -7.252267831141825e-05 3.162647641217213e-05
18.2805555555547 -7.734791246736752e-05 1.018645190226285e-05
18.28333333333247 -7.606583885356507e-05 -1.144911532273716e-05
18.28611111111025 -6.894214889956402e-05 -3.160037882206907e-05
18.28888888888802 -5.66884258686127e-05 -4.874785994911643e-05
18.2916666666658 -4.039497337315963e-05 -6.164626553084786e-05
18.29444444444358 -2.143591758070069e-05 -6.941395867240042e-05
18.29722222222135 -1.354709556977227e-06 -7.159173340703607e-05
18.29999999999913 1.826052178875141e-05 -6.816710748784511e-05
18.30277777777691 3.590176586615752e-05 -5.956314280867125e-05
18.30555555555468 5.025632352598329e-05 -4.659360443235994e-05
18.30833333333246 6.030365147593984e-05 -3.038885676282741e-05
18.31111111111024 6.538677883103845e-05 -1.229907111836162e-05
18.31388888888801 6.525339531962165e-05 6.217077660964626e-06
18.31666666666579 6.00642170777155e-05 2.370912829611447e-05
18.31944444444357 5.036886450023032e-05 3.88476853281018e-05
18.32222222222134 3.70520273056787e-05 5.052468029981548e-05
18.32499999999912 2.125494714801839e-05 5.79335387378102e-05
18.32777777777689 4.279047733265177e-06 6.062352990744854e-05
18.33055555555467 -1.252024321168852e-05 5.85247584755084e-05
18.33333333333245 -2.784088673870545e-05 5.194265886981293e-05
18.33611111111022 -4.053438866916052e-05 4.152327916252085e-05
18.338888888888 -4.969107011342517e-05 2.819289984915786e-05
18.34166666666578 -5.470418670814426e-05 1.307745039763629e-05
18.34444444444355 -5.530846874352959e-05 -2.591379066534832e-06
18.34722222222133 -5.159079002989036e-05 -1.757558206924259e-05
18.34999999999911 -4.397293001398795e-05 -3.072786989386168e-05
18.35277777777688 -3.316858982312763e-05 -4.107874578405805e-05
18.35555555555466 -2.011878685216849e-05 -4.790706938247425e-05
18.35833333333244 -5.911335576305183e-06 -5.07890494735163e-05
18.36111111111021 8.308789923325299e-06 -4.962244786766665e-05
18.36388888888799 2.143089569116147e-05 -4.462482300963023e-05
18.36666666666576 3.246456564674377e-05 -3.630672119311191e-05
18.36944444444354 4.061361467437904e-05 -2.54226707345387e-05
18.37222222222132 4.533253863487722e-05 -1.290449982988811e-05
18.37499999999909 4.63615448258282e-05 2.172415560571657e-07
18.37777777777687 4.373805248993731e-05 1.289720948513843e-05
18.38055555555465 3.778447250610562e-05 2.415777127945779e-05
18.38333333333242 2.907395306126288e-05 3.316363205019319e-05
18.3861111111102 1.83774663872896e-05 3.928294357918014e-05
18.38888888888798 6.596982375455443e-06 4.213049534900295e-05
18.39166666666575 -5.309571163093064e-06 4.159013709583205e-05
18.39444444444353 -1.640538783307157e-05 3.781531054820637e-05
18.39722222222131 -2.584775700193288e-05 3.120833259413924e-05
18.39999999999908 -3.295130342926678e-05 2.238073191663018e-05
18.40277777777686 -3.723680742714399e-05 1.209836762362096e-05
18.40555555555463 -3.846220780151409e-05 1.21614545409025e-06
18.40833333333241 -3.663390621498227e-05 -9.392181159727952e-06
18.41111111111019 -3.199810991202813e-05 -1.89034221269332e-05
18.41388888888796 -2.501353826269515e-05 -2.660811401030088e-05
18.41666666666574 -1.630825201082798e-05 -3.196264444947437e-05
18.41944444444352 -6.624533363216304e-06 -3.462657419740201e-05
18.42222222222129 3.243434553517643e-06 -3.448268700801195e-05
18.42499999999907 1.251392307601738e-05 -3.163874616143713e-05
18.42777777777685 2.047888873213524e-05 -2.641141964887563e-05
18.43055555555462 2.655733572674524e-05 -1.929423484741565e-05
18.4333333333324 3.033684593714694e-05 -1.091262925909628e-05
18.43611111111018 3.160038124406398e-05 -1.970086771396941e-06
18.43888888888795 3.033672736796263e-05 6.810075459503128e-06
18.44166666666573 2.67343009664605e-05 1.474251061110193e-05
18.4444444444435 2.115937194188635e-05 2.123266847725367e-05
18.44722222222128 1.412095543160997e-05 2.582062479316899e-05
18.44999999999906 6.225611135897323e-06 2.821274379804458e-05
18.45277777777683 -1.873919689241856e-06 2.829907802777173e-05
18.45555555555461 -9.53195271019109e-06 2.615561403142219e-05
18.45833333333239 -1.616068447026636e-05 2.203170785116163e-05
18.46111111111016 -2.12746505448022e-05 1.632422011356813e-05
18.46388888888794 -2.452550868649388e-05 9.540866701222215e-06
18.46666666666572 -2.572472167785477e-05 2.25607226482422e-06
18.46944444444349 -2.485276162049162e-05 -4.936903351066282e-06
18.47222222222127 -2.205457830856882e-05 -1.147363012196456e-05
18.47499999999905 -1.762217707077352e-05 -1.686218271805791e-05
18.47777777777682 -1.196614851100785e-05 -2.071949409322625e-05
18.4805555555546 -5.578807866417608e-06 -2.27977572299663e-05
18.48333333333238 1.007823674748496e-06 -2.299913054993271e-05
18.48611111111015 7.265666995696893e-06 -2.137799673860426e-05
18.48888888888793 1.271232962736214e-05 -1.813104382657706e-05
18.4916666666657 1.694769236621249e-05 -1.357639889837387e-05
18.49444444444348 1.968261185121958e-05 -8.123873823918631e-06
18.49722222222126 2.075774046120357e-05 -2.239017234157249e-06
18.49999999999903 2.015132603628715e-05 3.595936359996021e-06
18.50277777777681 1.797577502823105e-05 8.920994169715082e-06
