16.5 -1.127555165316687e-07 1.849025213917004e-07
16.50277777777778 -1.463523972692684e-07 1.691625832185193e-07
16.50555555555555 -1.779079046448463e-07 1.473687814693715e-07
16.50833333333333 -2.063402891715821e-07 1.197505826157734e-07
16.51111111111111 -2.305850239965849e-07 8.672906963966576e-08
16.51388888888888 -2.496284299672421e-07 4.891804600938768e-08
16.51666666666666 -2.625422325333565e-07 7.119300295629411e-09
16.51944444444444 -2.685180484604185e-07 -3.768826380788816e-08
16.52222222222221 -2.669007251097732e-07 -8.436575775358868e-08
16.52499999999999 -2.572194080208634e-07 -1.316376375279961e-07
16.52777777777776 -2.392151974674062e-07 -1.781209713656342e-07
16.53055555555554 -2.128642745983419e-07 -2.223601780088681e-07
16.53333333333332 -1.783954348732505e-07 -2.628665594129071e-07
16.53611111111109 -1.363010618875617e-07 -2.981617487446658e-07
16.53888888888887 -8.734070834082553e-08 -3.268240036759044e-07
16.54166666666665 -3.253662155228661e-08 -3.475361034600897e-07
16.54444444444442 2.683924398010438e-08 -3.591334631496345e-07
16.5472222222222 8.928694886647795e-08 -3.606509663497524e-07
16.54999999999998 1.53108986914507e-07 -3.513669453406068e-07
16.55277777777775 2.164490801697142e-07 -3.308427096867079e-07
16.55555555555553 2.773387409894316e-07 -2.989560460160803e-07
16.55833333333331 3.33750697441506e-07 -2.559271856524642e-07
16.56111111111108 3.836579911759613e-07 -2.023358649151788e-07
16.56388888888886 4.250972862529446e-07 -1.391282852288577e-07
16.56666666666663 4.5623468336852e-07 -6.761301496876653e-08
16.56944444444441 4.754321264999404e-07 1.055484135738968e-08
16.57222222222219 4.813123278421838e-07 9.340155392402037e-08
16.57499999999996 4.728200308645151e-07 1.786747426017555e-07
16.57777777777774 4.492773881205182e-07 2.638950103166967e-07
16.58055555555552 4.104312563520457e-07 3.464184226130823e-07
16.58333333333329 3.564903109021546e-07 4.235086108952466e-07
16.58611111111107 2.881500568637431e-07 4.924168755056172e-07
16.58888888888885 2.066040657720458e-07 5.504682864774011e-07
16.59166666666662 1.135400915153873e-07 5.95151438705858e-07
16.5944444444444 1.112011234861713e-08 6.242092285295188e-07
16.59722222222218 -9.805620034766895e-08 6.357277937756199e-07
16.59999999999995 -2.11004582059599e-07 6.282206115862042e-07
16.60277777777773 -3.244252983325308e-07 6.007046885360366e-07
16.6055555555555 -4.347871825327199e-07 5.527658143140173e-07
16.60833333333328 -5.384249114913219e-07 4.846099896261266e-07
16.61111111111106 -6.316472878854909e-07 3.970983840564571e-07
16.61388888888883 -7.108537768002834e-07 2.917635301703129e-07
16.61666666666661 -7.726560754955072e-07 1.708049123325744e-07
16.61944444444439 -8.140010995381002e-07 3.706265504771043e-08
16.62222222222216 -8.322914638520602e-07 -1.06031355195597e-07
16.62499999999994 -8.254993408491474e-07 -2.545248834638329e-07
16.62777777777772 -7.922695042806185e-07 -4.040385174992416e-07
16.63055555555549 -7.320074283410666e-07 -5.498790437632537e-07
16.63333333333327 -6.449485147550878e-07 -6.87170696719368e-07
16.63611111111105 -5.322048697129403e-07 -8.110011924439341e-07
16.63888888888882 -3.957865465604419e-07 -9.165787493254874e-07
16.6416666666666 -2.385948030166454e-07 -9.993956667493591e-07
16.64444444444437 -6.438568215883585e-08 -1.055393504199457e-06
16.64722222222215 1.222969019707833e-07 -1.081124503611962e-06
16.64999999999993 3.1621843197369e-07 -1.073903650019747e-06
16.6527777777777 5.115802408753592e-07 -1.031945688983273e-06
16.65555555555548 7.021729268339074e-07 -9.544815290386581e-07
16.65833333333326 8.815534456080575e-07 -8.418487631420984e-07
16.66111111111103 1.043241576064464e-06 -6.955515485920526e-07
16.66388888888881 1.180930506328618e-06 -5.18285787277558e-07
16.66666666666659 1.288705452043737e-06 -3.139264375031162e-07
16.66944444444436 1.361263530265953e-06 -8.747484800485359e-08
16.67222222222214 1.39412760690574e-06 1.550347899921169e-07
16.67499999999992 1.383846542738403e-06 4.066694567353019e-07
16.67777777777769 1.328174208007423e-06 6.597699701352782e-07
16.68055555555547 1.226219837361701e-06 9.061590574314382e-07
16.68333333333324 1.07856276651048e-06 1.137380164316893e-06
16.68611111111102 8.873253323088831e-07 1.344960973811494e-06
16.6888888888888 6.561987225094513e-07 1.520694360351633e-06
16.69166666666657 3.904178139918949e-07 1.656928421654343e-06
16.69444444444435 9.668251294761484e-08 1.746856360924278e-06
16.69722222222213 -2.169752283277577e-07 1.78479637996827e-06
16.6999999999999 -5.413777403021752e-07 1.76645142902203e-06
16.70277777777768 -8.664384408773093e-07 1.689138673247105e-06
16.70555555555546 -1.181444324369586e-06 1.551978901264249e-06
16.70833333333323 -1.475377457214256e-06 1.356036829410928e-06
16.71111111111101 -1.737267020409348e-06 1.104404346319428e-06
16.71388888888879 -1.956561829527874e-06 8.022201828079482e-07
16.71666666666656 -2.123511895263892e-06 4.566212556863794e-07
16.71944444444434 -2.229546525545819e-06 7.662298124642799e-08
16.72222222222211 -2.267635772325069e-06 -3.270718673402285e-07
16.72499999999989 -2.232621741711014e-06 -7.423337390441633e-07
16.72777777777767 -2.121506453301081e-06 -1.155931762805388e-06
16.73055555555544 -1.933683578215468e-06 -1.553916979271437e-06
16.73333333333322 -1.671102515106334e-06 -1.922053773975618e-06
16.736111111111 -1.338354872292091e-06 -2.246287644216162e-06
16.73888888888877 -9.426754876929144e-07 -2.51323540154227e-06
16.74166666666655 -4.93852593950332e-07 -2.710682236141162e-06
16.74444444444433 -4.044564080250686e-09 -2.828068831589386e-06
16.7472222222221 5.124962236112093e-07 -2.856950991769198e-06
16.74999999999988 1.039788575461486e-06 -2.79141408610296e-06
16.75277777777766 1.560569535282468e-06 -2.628425078336729e-06
16.75555555555543 2.056812777486562e-06 -2.368106002378131e-06
16.75833333333321 2.51030464411424e-06 -2.013914489431796e-06
16.76111111111098 2.903261235723819e-06 -1.572719314273823e-06
16.76388888888876 3.218967474871302e-06 -1.05476187154902e-06
16.76666666666654 3.442417087467828e-06 -4.734979483582147e-07
16.76944444444431 3.560931096547309e-06 1.546819631046484e-07
16.77222222222209 3.564731784055029e-06 8.108513809479116e-07
16.77499999999987 3.447449218667064e-06 1.474058776328586e-06
16.77777777777764 3.206538417207318e-06 2.121939539030175e-06
16.78055555555542 2.843587022724476e-06 2.731413478591453e-06
16.7833333333332 2.364496033194449e-06 3.27944837431725e-06
16.78611111111097 1.779519559367273e-06 3.743866534336048e-06
16.78888888888875 1.103153755255135e-06 4.104168373907964e-06
16.79166666666653 3.538698456969411e-07 4.342344822225598e-06
16.7944444444443 -4.463085613474342e-07 4.443649042672918e-06
16.79722222222208 -1.272378104689334e-06 4.397297608113165e-06
16.79999999999986 -2.097066743675034e-06 4.197071985379444e-06
16.80277777777763 -2.891666111694402e-06 3.84179299301816e-06
16.80555555555541 -3.626962589157449e-06 3.33564380728461e-06
16.80833333333318 -4.274239622833998e-06 2.68832106703299e-06
16.81111111111096 -4.806319599091319e-06 1.91499859050413e-06
16.81388888888874 -5.198610250237274e-06 1.036094047058779e-06
16.81666666666651 -5.430118314096229e-06 7.683546551495889e-08
16.81944444444429 -5.484392126498997e-06 -9.333684869233607e-07
16.82222222222207 -5.350355119238964e-06 -1.961743182059253e-06
16.82499999999984 -5.022993894366358e-06 -2.973129016973995e-06
16.82777777777762 -4.503867674492656e-06 -3.931102921187917e-06
16.8305555555554 -3.801410461517485e-06 -4.79920796747576e-06
16.83333333333317 -2.931003092555506e-06 -5.542252827162833e-06
16.83611111111095 -1.914799427333402e-06 -6.127638020251689e-06
16.83888888888873 -7.812989485482946e-07 -6.526662413598621e-06
16.8416666666665 4.353331303974783e-07 -6.715761425050332e-06
16.84444444444428 1.696187857478158e-06 -6.677628064152691e-06
16.84722222222205 2.958756771806382e-06 -6.402169394223357e-06
16.84999999999983 4.178269210873057e-06 -5.887254291016652e-06
16.85277777777761 5.309184763565273e-06 -5.139213488680825e-06
16.85555555555538 6.306795051463058e-06 -4.173059764316857e-06
16.85833333333316 7.128882367667241e-06 -3.012404567805651e-06
16.86111111111094 7.737377604734929e-06 -1.689057233872033e-06
16.86388888888871 8.099956644511373e-06 -2.423038340458465e-07
16.86666666666649 8.191513195150528e-06 1.282125606303289e-06
16.86944444444427 7.99544711225902e-06 2.833380778618879e-06
16.87222222222204 7.504710625820341e-06 4.357072955696425e-06
16.87499999999982 6.722560623638802e-06 5.797070937933638e-06
16.8777777777776 5.662973138940825e-06 7.097456539860543e-06
16.88055555555537 4.350686287243787e-06 8.204576086054782e-06
16.88333333333315 2.82084983873214e-06 9.06911725952837e-06
16.88611111111092 1.118273054930835e-06 9.648135761188036e-06
16.8888888888887 -7.037230578249816e-07 9.906953911967945e-06
16.89166666666648 -2.584827806506958e-06 9.820853796603415e-06
16.89444444444425 -4.459600733452545e-06 9.376490955042967e-06
16.89722222222203 -6.259618293280769e-06 8.572961015236933e-06
16.89999999999981 -7.915842615389953e-06 7.422460959735933e-06
16.90277777777758 -9.361135802715887e-06 5.950498742507538e-06
16.90555555555536 -1.05328335659279e-05 4.195619421036794e-06
16.90833333333314 -1.137528506508391e-05 2.208632430733104e-06
16.91111111111091 -1.184226204793903e-05 5.134259101994128e-08
16.91388888888869 -1.189914005916248e-05 -2.205193704849834e-06
16.91666666666647 -1.152475785715501e-05 -4.482846571461192e-06
16.91944444444424 -1.071286829462069e-05 -6.698965834409401e-06
16.92222222222202 -9.473104735078592e-06 -8.769232828102032e-06
16.92499999999979 -7.831401383490999e-06 -1.061071884847787e-05
16.92777777777757 -5.829823351651718e-06 -1.214504557486253e-05
16.93055555555535 -3.525782362876165e-06 -1.330153333533381e-05
16.93333333333312 -9.906360999715852e-07 -1.40202175047019e-05
16.9361111111109 1.692307424106512e-06 -1.425461202342857e-05
16.93888888888868 4.430335273733132e-06 -1.397410229779991e-05
16.94166666666645 7.124356208401234e-06 -1.316585771306225e-05
16.94444444444423 9.672317955048727e-06 -1.183616661316909e-05
16.94722222222201 1.197290489902289e-05 -1.00111136402295e-05
16.94999999999978 1.392938947572641e-05 -7.7365403654152e-06
16.95277777777756 1.545349807586195e-05 -5.077254582723971e-06
16.95555555555534 1.646914452422893e-05 -2.115480713506185e-06
16.95833333333311 1.691588171414143e-05 1.051427428140461e-06
16.96111111111089 1.675192515827545e-05 4.313960758538896e-06
16.96388888888866 1.595661123487133e-05 7.554036101487161e-06
16.96666666666644 1.453216772735626e-05 1.06490770734165e-05
16.96944444444422 1.250469460824836e-05 1.347646255464314e-05
16.97222222222199 9.924278404113619e-06 1.591818969814606e-05
16.97499999999977 6.86419317103268e-06 1.786558237749399e-05
16.97777777777755 3.419174173978158e-06 1.922386569063632e-05
16.98055555555532 -2.972143219171168e-07 1.991642332718633e-05
16.9833333333331 -4.156059443984505e-06 1.988855776498799e-05
16.98611111111088 -8.017334685187704e-06 1.911058363096282e-05
16.98888888888865 -1.173476178650752e-05 1.758010211111525e-05
16.99166666666643 -1.516114106374245e-05 1.532332870913809e-05
16.99444444444421 -1.815396557923203e-05 1.239537732616175e-05
16.99722222222198 -2.058111436333429e-05 8.879439677807016e-06
16.99999999999976 -2.232640673836768e-05 4.88483933095541e-06
17.00277777777753 -2.329479457785024e-05 5.439827524233563e-07
17.00555555555531 -2.341697266070711e-05 -3.991725848608711e-06
17.00833333333309 -2.265319946195512e-05 -8.556895132461603e-06
17.01111111111086 -2.099614172647776e-05 -1.297793016253584e-05
17.01388888888864 -1.8472585615458e-05 -1.707939851366741e-05
17.01666666666642 -1.514389435080547e-05 -2.069075647024497e-05
17.01944444444419 -1.110513601948381e-05 -2.365318793788519e-05
17.02222222222197 -6.482854122806136e-06 -2.582629241020906e-05
17.02499999999975 -1.431505868277408e-06 -2.70943517448342e-05
17.02777777777752 3.871352818764429e-06 -2.737190935980101e-05
17.0305555555553 9.231003129823476e-06 -2.660841013403159e-05
17.03333333333308 1.444243685507381e-05 -2.479167473144575e-05
17.03611111111085 1.929793841812519e-05 -2.195001778300129e-05
17.03888888888863 2.359510743037301e-05 -1.815286442535074e-05
17.0416666666664 2.714502366279084e-05 -1.350977275591512e-05
17.04444444444418 2.978023678375003e-05 -8.167829075538379e-06
17.04722222222196 3.136225548820311e-05 -2.307446263081351e-06
17.04999999999973 3.178821563729174e-05 3.863339101975248e-06
17.05277777777751 3.099642515549424e-05 1.011591073479052e-05
17.05555555555529 2.897051460007243e-05 1.620923651416811e-05
17.05833333333306 2.57419658907006e-05 2.189887591952424e-05
17.06111111111084 2.139084649582322e-05 2.694650824900592e-05
17.06388888888862 1.604464072844968e-05 3.112962323071823e-05
17.06666666666639 9.875141545181379e-06 3.425099289167429e-05
17.06944444444417 3.093442799326447e-06 3.61475351938089e-05
17.07222222222195 -4.056849624993219e-06 3.669818701276642e-05
17.07499999999972 -1.130799208624689e-05 3.583042696309857e-05
17.0777777777775 -1.83777942822635e-05 3.352512717839909e-05
17.08055555555528 -2.498029331277235e-05 2.981946659351402e-05
17.08333333333305 -3.083702221136619e-05 2.48077050557839e-05
17.08611111111083 -3.568844318276738e-05 1.863969559758945e-05
17.0888888888886 -3.930509020537885e-05 1.151709875302882e-05
17.09166666666638 -4.149795755511527e-05 3.687354734884703e-06
17.09444444444416 -4.212768131668388e-05 -4.564436929855925e-06
17.09722222222193 -4.11120904997644e-05 -1.292548885806451e-05
17.09999999999971 -3.843175262524665e-05 -2.106682087341234e-05
17.10277777777749 -3.413320445511703e-05 -2.865587477645187e-05
17.10555555555526 -2.832963998930174e-05 -3.536978174166514e-05
17.10833333333304 -2.119892228305265e-05 -4.090876852796591e-05
17.11111111111082 -1.297888972521873e-05 -4.500916108197108e-05
17.11388888888859 -3.960037278155763e-06 -4.745543764528203e-05
17.11666666666637 5.524235489590193e-06 -4.809079936627571e-05
17.11944444444415 1.510950950749142e-05 -4.682576500476019e-05
17.12222222222192 2.441396387224799e-05 -4.364435701348271e-05
17.1249999999997 3.305323727619207e-05 -3.860752753693735e-05
17.12777777777747 4.065597264849308e-05 -3.185357220842606e-05
17.13055555555525 4.687943294156224e-05 -2.359539369984372e-05
17.13333333333303 5.142454773480174e-05 -1.411460166512884e-05
17.1361111111108 5.404974753338724e-05 -3.752566264319712e-06
17.13888888888858 5.458296654050696e-05 7.101326355021428e-06
17.14166666666636 5.293124543514876e-05 1.802384188024645e-05
17.14444444444413 4.908744232958292e-05 2.857399820715525e-05
17.14722222222191 4.313366050493471e-05 3.83105072664427e-05
17.14999999999969 3.52411225290414e-05 4.680988742588766e-05
17.15277777777746 2.566635772956544e-05 5.368452062524609e-05
17.15555555555524 1.474371863582604e-05 5.859990161862394e-05
17.15833333333302 2.874396113210168e-06 6.129033043946682e-05
17.16111111111079 -9.487743782112961e-06 6.157233459310283e-05
17.16388888888857 -2.18530322293086e-05 5.935517436606083e-05
17.16666666666634 -3.371497820183617e-05 5.464788150743569e-05
17.16944444444412 -4.457064386768391e-05 4.756240553474813e-05
17.1722222222219 -5.394161499653308e-05 3.831258891347264e-05
17.17499999999967 -6.139471034201405e-05 2.720885706263474e-05
17.17777777777745 -6.65615517573402e-05 1.464868527681584e-05
17.18055555555523 -6.915613093357981e-05 1.103085194041291e-06
17.183333333333 -6.898956000681827e-05 -1.290046913445823e-05
17.18611111111078 -6.598128119741652e-05 -2.6798088906658e-05
17.18888888888856 -6.016613285294789e-05 -4.001175705959215e-05
17.19166666666633 -5.169682193054998e-05 -5.197299590982749e-05
17.19444444444411 -4.084153076955734e-05 -6.214696723517769e-05
17.19722222222189 -2.797658235780498e-05 -7.005600199266769e-05
17.19999999999966 -1.357429550715268e-05 -7.530154349374227e-05
17.20277777777744 1.813629047824045e-06 -7.758351741992646e-05
17.20555555555521 1.75766475427238e-05 -7.67162149878906e-05
17.20833333333299 3.306910544717403e-05 -7.263989044496115e-05
17.21111111111077 4.763626816235404e-05 -6.542742759486777e-05
17.21388888888854 6.064162413026971e-05 -5.528561711609056e-05
17.21666666666632 7.149434238453411e-05 -4.255080027441436e-05
17.2194444444441 7.967571927878445e-05 -2.767886704082325e-05
17.22222222222187 8.476345024921779e-05 -1.122983827697075e-05
17.22499999999965 8.645261384455938e-05 6.152497585317803e-06
17.22777777777743 8.457235657484496e-05 2.376519352551295e-05
17.2305555555552 7.909741591865677e-05 4.087409107018362e-05
17.23333333333298 7.015381042177236e-05 5.674402201650948e-05
17.23611111111076 5.801825351034179e-05 7.067004558744457e-05
17.23888888888853 4.311110287776707e-05 8.200841417023934e-05
17.24166666666631 2.598292998923273e-05 9.020592663456703e-05
17.24444444444408 7.295073143594886e-06 9.482635108943818e-05
17.24722222222186 -1.220518933036149e-05 9.55726799669965e-05
17.24999999999964 -3.171395393256553e-05 9.230411811614649e-05
17.25277777777741 -5.040337761351753e-05 8.50468952292941e-05
17.25555555555519 -6.745643211565604e-05 7.399823099503147e-05
17.25833333333297 -8.210229056425334e-05 5.952305617161728e-05
17.26111111111074 -9.365083348541851e-05 4.214339461690861e-05
17.26388888888852 -0.0001015247486128809 2.252062790142946e-05
17.2666666666663 -0.000105287752431778 1.431182072945844e-06
17.26944444444407 -0.0001046675814290807 -2.026351853347062e-05
17.27222222222185 -9.957258456006866e-05 -4.165170674224646e-05
17.27499999999963 -9.010098966929683e-05 -6.180917453920921e-05
17.2777777777774 -7.654220690394215e-05 -7.98388716767899e-05
17.28055555555518 -5.936986042394377e-05 -9.491052557028731e-05
17.28333333333295 -3.922659274220925e-05 -0.0001062985514217195
17.28611111111073 -1.69010490352304e-05 -0.0001134165402829685
17.28888888888851 6.702194011931565e-06 -0.0001158467078354747
17.29166666666628 3.059865489509054e-05 -0.0001133628564472802
17.29444444444406 5.376453174210459e-05 -0.000105945642600572
17.29722222222184 7.518020099130873e-05 -9.378924279924198e-05
17.29999999999961 9.387480580945485e-05 -7.729886225765948e-05
17.30277777777739 0.0001089700039090469 -5.707891807885851e-05
17.30555555555517 0.0001197209209328313 -3.391213618571741e-05
17.30833333333294 0.0001255524182875759 -8.730211426612709e-06
17.31111111111072 0.0001260889333065744 1.742292522487031e-05
17.3138888888885 0.0001211763811165357 4.343382781192554e-05
17.31666666666627 0.0001108949139451358 6.816653082417341e-05
17.31944444444405 9.556170355214908e-05 9.051186211456843e-05
17.32222222222182 7.572333147956922e-05 0.0001094369535879321
17.3249999999996 5.213782264645233e-05 0.0001240327568389873
17.32777777777738 2.574682121635189e-05 0.0001335573938014149
17.33055555555515 -2.361136854629093e-06 0.0001374732934640165
17.33333333333293 -3.09948734121211e-05 0.0001354762824986278
17.33611111111071 -5.891058081124916e-05 0.0001275151035313292
17.33888888888848 -8.486552841859638e-05 0.0001138002187864111
17.34166666666626 -0.000107673167043198 9.480120405197061e-05
17.34444444444404 -0.0001262572055516734 7.123253010219888e-05
17.34722222222181 -0.0001397022096417451 4.402804495458015e-05
17.34999999999959 -0.0001472983584630213 1.430498797713863e-05
17.35277777777737 -0.0001485781900406863 -1.668113760509943e-05
17.35555555555514 -0.0001433434657684497 -4.758905702067686e-05
17.35833333333292 -0.0001316806771932509 -7.704942128330134e-05
17.3611111111107 -0.0001139641898672303 -0.0001037252534500413
17.36388888888847 -9.084655009167476e-05 -0.0001263724943036445
17.36666666666625 -6.323604846592583e-05 -0.0001438979194008275
17.36944444444402 -3.22622144527851e-05 -0.0001554117427559606
17.3722222222218 7.695175280752381e-07 -0.0001602723893579896
17.37499999999958 3.443220399821119e-05 -0.0001581212052579233
17.37777777777735 6.723862351245221e-05 -0.000148905270556804
17.38055555555513 9.770674455853789e-05 -0.0001328869723112086
17.38333333333291 0.000124426568665718 -0.0001106395613638394
17.38611111111068 0.0001461253475902512 -8.302853553482474e-05
17.38888888888846 0.0001617281675915169 -5.117933449572765e-05
17.39166666666624 0.0001704110257667474 -1.643247009443728e-05
17.39444444444401 0.0001716437910696567 1.971217968135254e-05
17.39722222222179 0.0001652208375038374 5.565964339420279e-05
17.39999999999957 0.0001512776444299398 8.978997396797339e-05
17.40277777777734 0.0001302922586700434 0.0001205311514205687
17.40555555555512 0.0001030711799534507 0.0001464315036400109
17.40833333333289 7.071993619156737e-05 0.0001662283169301463
17.41111111111067 3.459932645965538e-05 0.0001789093987952346
17.41388888888845 -3.731005470943491e-06 0.00018376459833018
17.41666666666622 -4.257937821877992e-05 0.0001804246774998884
17.419444444444 -8.019643539472558e-05 0.0001688854454487944
17.42222222222178 -0.0001148538194800135 0.0001495156971654622
17.42499999999955 -0.0001449236334313389 0.0001230482109760167
17.42777777777733 -0.0001689550437549033 9.055382543800522e-05
17.43055555555511 -0.0001857444226217817 5.339940086135835e-05
17.43333333333288 -0.0001943956392829705 1.319123772195427e-05
17.43611111111066 -0.0001943674871170507 -2.82937627231362e-05
17.43888888888844 -0.0001855057587426545 -6.918628606979655e-05
17.44166666666621 -0.0001680581369900073 -0.0001076087272531569
17.44444444444399 -0.0001426708267316414 -0.0001417614777796473
17.44722222222176 -0.0001103666786609973 -0.000170007418588992
17.44999999999954 -7.250541399714421e-05 -0.0001909506512618794
17.45277777777732 -3.072740918478293e-05 -0.0002035056779717573
17.45555555555509 1.311669826230364e-05 -0.000206953600377407
17.45833333333287 5.704760663775976e-05 -0.0002009824372091534
17.46111111111065 9.904658148236383e-05 -0.0001857093387984481
17.46388888888842 0.0001371483154180346 -0.000161683275888271
17.4666666666662 0.0001695331507116086 -0.0001298676648864126
17.46944444444398 0.0001946143345275555 -9.160332250433477e-05
17.47222222222175 0.0002111161154124575 -4.855307644371009e-05
17.47499999999953 0.0002181388293530413 -2.630251254838904e-06
17.47777777777731 0.0002152076534877406 4.408594368857203e-05
17.48055555555508 0.0002023024045402525 8.944441435986358e-05
17.48333333333286 0.0001798665980423877 0.0001313213383277542
17.48611111111063 0.0001487949267426976 0.000167719911801819
17.48888888888841 0.0001103993197631069 0.000196865998335702
17.49166666666619 6.635476160092955e-05 0.0002172950863561684
17.49444444444396 1.86270337438069e-05 0.0002279262795539722
17.49722222222174 -3.061455634261697e-05 0.000228119571537961
17.49999999999952 -7.909561877304204e-05 0.0002177133735180611
17.50277777777729 -0.0001245418485706659 0.000197040141079039
17.50555555555507 -0.0001647860588579339 0.0001669189448588942
17.50833333333285 -0.000197872036445491 0.0001286249049162813
17.51111111111062 -0.0002221502282194079 8.383650983291113e-05
17.5138888888884 -0.0002363605587200323 3.456291676500196e-05
17.51666666666618 -0.0002396982025489868 -1.694567452355291e-05
17.51944444444395 -0.0002318588695602754 -6.830061188504616e-05
17.52222222222173 -0.0002130610752569771 -0.0001170856874279306
17.5249999999995 -0.0001840439231597341 -0.0001609711965776145
17.52777777777728 -0.0001460400721493238 -0.0001978257672234541
17.53055555555506 -0.000100724746419214 -0.0002258205730620792
17.53333333333283 -5.014281222635285e-05 -0.0002435208114167555
17.53611111111061 3.382962837935016e-06 -0.0002499598442322857
17.53888888888839 5.735839016450614e-05 -0.0002446921515323613
17.54166666666616 0.0001092342187105771 -0.0002278221977599919
17.54444444444394 0.0001565269474506548 -0.0002000074208803698
17.54722222222172 0.0001969383562905944 -0.0001624347711664315
17.54999999999949 0.0002284679812896592 -0.0001167714941207042
17.55277777777727 0.0002495130007085224 -6.509210927499738e-05
17.55555555555505 0.0002589505122223836 -9.784722190105212e-06
17.55833333333282 0.000256197948823206 4.655913840226751e-05
17.5611111111106 0.0002412483688377816 0.0001012660966823063
17.56388888888837 0.0002146785200411041 0.0001517082186797161
17.56666666666615 0.0001776288653887826 0.0001954299415235357
17.56944444444393 0.000131756107676944 0.0002302684880154163
17.5722222222217 7.91600974774854e-05 0.000254461828234415
17.57499999999948 2.228828683305272e-05 0.0002667387605884239
17.57777777777726 -3.617796352824214e-05 0.0002663864696701042
17.58055555555503 -9.344996199994844e-05 0.0002532919438755059
17.58333333333281 -0.0001467651756815994 0.0002279548558087149
17.58611111111059 -0.0001935212278734262 0.0001914708664204715
17.58888888888836 -0.0002314038764200894 0.0001454857451171533
17.59166666666614 -0.0002585026413890583 9.212213340522645e-05
17.59444444444392 -0.0002734082607571468 3.388214822204369e-05
17.59722222222169 -0.0002752869577378964 -2.646974581011246e-05
17.59999999999947 -0.0002639275682985516 -8.603813166017963e-05
17.60277777777724 -0.000239758853924987 -0.0001419360581331247
17.60555555555502 -0.0002038357530542458 -0.0001914257517218268
17.6083333333328 -0.0001577948364953081 -0.0002320537329518775
17.61111111111057 -0.0001037807538836353 -0.0002617736267415147
17.61388888888835 -4.434691436343367e-05 -0.0002790504697579387
17.61666666666613 1.766503820139984e-05 -0.0002829411459493255
17.6194444444439 7.926128487132835e-05 -0.0002731466880769879
17.62222222222168 0.0001374409105015301 -0.0002500335173947145
17.62499999999946 0.0001893429527525658 -0.0002146221926401682
17.62777777777723 0.0002323881816431626 -0.0001685438309261231
17.63055555555501 0.0002644085371786725 -0.0001139659688682991
17.63333333333279 0.0002837576743754283 -5.349117232291801e-05
17.63611111111056 0.0002893969206172501 9.966900615293233e-06
17.63888888888834 0.0002809521017538577 7.332409819578263e-05
17.64166666666612 0.0002587380872847454 0.0001334762475885997
17.64444444444389 0.0002237494749140237 0.0001874521387804297
17.64722222222167 0.0001776175043975331 0.0002325614428815961
17.64999999999944 0.0001225349774036993 0.0002665301504292616
17.65277777777722 6.115257952721899e-05 0.000287616651465676
17.655555555555 -3.548529904383212e-06 0.0002947024673261357
17.65833333333277 -6.840175098220012e-05 0.0002873528440822032
17.66111111111055 -0.0001302106381715273 0.0002658438732274413
17.66388888888833 -0.0001859073876348793 0.0002311544463179799
17.6666666666661 -0.0002327063179723379 0.0001849230964322275
17.66944444444388 -0.0002682446112856206 0.0001293715435776244
17.67222222222166 -0.0002907031393105453 6.719845446645632e-05
17.67499999999943 -0.0002989011258610361 1.448462786115785e-06
17.67777777777721 -0.0002923596496545167 -6.463720565812803e-05
17.68055555555499 -0.0002713305111560653 -0.0001277811664602812
17.68333333333276 -0.0002367886994923913 -0.0001848334006324639
17.68611111111054 -0.0001903885159965491 -0.0002329296659124398
17.68888888888831 -0.0001343852482464386 -0.0002696367705644442
17.69166666666609 -7.152604918370083e-05 -0.0002930772723820774
17.69444444444387 -4.915269485482475e-06 -0.0003020271370081219
17.69722222222164 6.213916544533747e-05 -0.0002959811998411375
17.69999999999942 0.0001262907209322391 -0.0002751828615516894
17.7027777777772 0.0001843223039570208 -0.000240616230687141
17.70555555555497 0.0002333089129740277 -0.0001939608188951747
17.70833333333275 0.0002707666010977842 -0.0001375107993450276
17.71111111111053 0.0002947800931932109 -7.406265946252067e-05
17.7138888888883 0.000304102420640123 -6.776720997727901e-06
17.71666666666608 0.0002982213096769373 6.098062244686291e-05
17.71944444444386 0.0002773887132200773 0.0001258060612891807
17.72222222222163 0.0002426117297557757 0.0001844313860257926
17.72499999999941 0.0001956051128873409 0.0002338896180304628
17.72777777777718 0.0001387075415370899 0.0002716667444102026
17.73055555555496 7.476569233852883e-05 0.0002958312201146494
17.73333333333274 6.991835111106435e-06 0.0003051344827507209
17.73611111111051 -6.119792907294358e-05 0.0002990771641989716
17.73888888888829 -0.0001263566244781495 0.0002779374069185005
17.74166666666607 -0.0001851817585146295 0.0002427596152631963
17.74444444444384 -0.0002346841053661097 0.0001953039953997345
17.74722222222162 -0.0002723412200043413 0.0001379592576504711
17.7499999999994 -0.0002962277185092248 7.362276750375855e-05
17.75277777777717 -0.0003051155089983919 5.554136094060287e-06
17.75555555555495 -0.0002985386667097008 -6.279035251794616e-05
17.75833333333273 -0.0002768194412700581 -0.0001279340469437677
17.7611111111105 -0.0002410538727972854 -0.0001865579335953724
17.76388888888828 -0.0001930575742283997 -0.0002356711698304305
17.76666666666605 -0.0001352743024096674 -0.0002727653106891891
17.76944444444383 -7.065188227540807e-05 -0.0002959441931918642
17.77222222222161 -2.491764674176863e-06 -0.0003040226634076967
17.77499999999938 6.572010209888618e-05 -0.0002965889147770733
17.77777777777716 0.0001304923995394493 -0.0002740270711849689
17.78055555555494 0.0001885083172617582 -0.0002374986993622112
17.78333333333271 0.0002367968541401884 -0.0001888840661697523
17.78611111111049 0.0002728866201766153 -0.0001306860560520381
17.78888888888827 0.000294934091684281 -6.590162215584781e-05
17.79166666666604 0.000301819572482984 2.132642339873344e-06
17.79444444444382 0.000293205773495103 6.991284960902627e-05
17.7972222222216 0.0002695558572677728 0.0001339491505207484
17.79999999999937 0.0002321099022599551 0.0001909466253584685
17.80277777777715 0.0001828209141821764 0.0002379762923404944
17.80555555555492 0.0001242536341149388 0.000272627281206308
17.8083333333327 5.94513533853801e-05 0.0002931321786695791
17.81111111111048 -8.22236101971422e-06 0.00029845893644209
17.81388888888825 -7.52587900732323e-05 0.0002883644697043957
17.81666666666603 -0.0001381868877945721 0.0002634070741621439
17.81944444444381 -0.000193754232420053 0.0002249169484896447
17.82222222222158 -0.0002390966046087274 0.0001749263124159488
17.82499999999936 -0.0002718872719906686 0.0001160627423929166
17.82777777777714 -0.0002904581112471554 5.141129330771367e-05
17.83055555555491 -0.0002938861701134951 -1.564736787407252e-05
17.83333333333269 -0.0002820410857468229 -8.161431152251865e-05
17.83611111111047 -0.0002555908374589157 -0.0001430558411959622
17.83888888888824 -0.000215965512081273 -0.0001967834610635156
17.84166666666602 -0.0001652809824607013 -0.0002400208146330602
17.84444444444379 -0.0001062265254256555 -0.000270548774300864
17.84722222222157 -4.192232138053594e-05 -0.0002868210113267217
17.84999999999935 2.424561938869114e-05 -0.0002880439361874279
17.85277777777712 8.880435495119212e-05 -0.0002742167875121602
17.8555555555549 0.0001483772467293069 -0.0002461297638475222
17.85833333333268 0.0001998618096057709 -0.0002053203236018238
17.86111111111045 0.0002405927403897169 -0.0001539900054759208
17.86388888888823 0.0002684814773006786 -9.488622513865261e-05
17.86666666666601 0.000282124895584072 -3.115537084134524e-05
17.86944444444378 0.0002808773934383053 3.382494951699005e-05
17.87222222222156 0.0002648825800847231 9.662554732256058e-05
17.87499999999934 0.0002350629392312741 0.0001539475855785644
17.87777777777711 0.00019306809031981 0.0002027970964574498
17.88055555555489 0.000141184485796376 0.0002406427814842842
17.88333333333266 8.22114457757907e-05 0.0002655486971441422
17.88611111111044 1.931023053388815e-05 0.0002762747853668005
17.88888888888822 -4.416571098384396e-05 0.0002723399433327058
17.89166666666599 -0.0001048501797923015 0.0002540443467870034
17.89444444444377 -0.00015954371029454 0.00022244993643761
17.89722222222155 -0.0002053834712239094 0.0001793202293090484
17.89999999999932 -0.0002399944915543781 0.0001270228041870632
17.9027777777771 -0.0002616141441556787 6.839981403491324e-05
17.90555555555488 -0.0002691832800848078 6.61358992778832e-06
17.90833333333265 -0.0002623992218476736 -5.502427208506241e-05
17.91111111111043 -0.0002417278958906966 -0.0001132310794919814
17.91388888888821 -0.0002083746001722956 -0.0001649288386946628
17.91666666666598 -0.0001642151412734902 -0.0002074082048358655
17.91944444444376 -0.0001116912152589794 -0.0002384717835648139
17.92222222222154 -5.367583097953352e-05 -0.0002565491287400047
17.92499999999931 6.68382088080143e-06 -0.0002607773400000574
17.92777777777709 6.613745196615551e-05 -0.0002510430516904343
17.93055555555486 0.000121507386368483 -0.0002279837161815796
17.93333333333264 0.0001698593535321321 -0.0001929483043401253
17.93611111111042 0.0002086591258720496 -0.0001479197522201566
17.93888888888819 0.0002359065712684252 -9.540355522764917e-05
17.94166666666597 0.0002502399565029331 -3.82887359204263e-05
17.94444444444375 0.0002510049907023658 2.031111012707377e-05
17.94722222222152 0.0002382850462486259 7.722793448124495e-05
17.9499999999993 0.000212891130597261 0.0001294111978800239
17.95277777777708 0.0001763123881295234 0.0001740922947582288
17.95555555555485 0.0001306300650737905 0.0002089325200435743
17.95833333333263 7.839985435553641e-05 0.0002321466045712458
17.96111111111041 2.250924235852537e-05 0.0002425952256176586
17.96388888888818 -3.398218692611602e-05 0.0002398416351759427
17.96666666666596 -8.80106451120364e-05 0.0002241695435943925
17.96944444444373 -0.0001366749860328442 0.0001965615389786879
17.97222222222151 -0.0001773933741325375 0.0001586394943852222
17.97499999999929 -0.0002080412579932473 0.0001125704951826916
17.97777777777706 -0.0002270632137554663 6.094369339823947e-05
17.98055555555484 -0.0002335527090109061 6.625061595897847e-06
17.98333333333262 -0.0002272956437818346 -4.740180937406413e-05
17.98611111111039 -0.0002087755497907921 -9.820000959766907e-05
17.98888888888817 -0.0001791404589637275 -0.0001430396266049782
17.99166666666595 -0.0001401335682444546 -0.0001795452829176146
17.99444444444372 -9.399181285588589e-05 -0.0002058228673408794
17.9972222222215 -4.331820450360841e-05 -0.0002205586417503292
17.99999999999928 9.064800984874886e-06 -0.0002230854845000473
18.00277777777705 6.02726468873233e-05 -0.0002134128912162312
18.00555555555483 0.0001075179405279587 -0.0001922193883500515
18.0083333333326 0.0001482628137505431 -0.0001608081099510438
18.01111111111038 0.0001803560070932228 -0.0001210283264103312
18.01388888888816 0.0002021472230312741 -7.516758198459614e-05
18.01666666666593 0.0002125726194044749 -2.582069248733408e-05
18.01944444444371 0.000211206971547397 2.425691167737066e-05
18.02222222222149 0.0001982799256755085 7.230320551343776e-05
18.02499999999926 0.0001746557890120281 0.0001157023238551762
18.02777777777704 0.0001417783396872289 0.000152127569593592
18.03055555555482 0.0001015840772370628 0.0001796668161601753
18.03333333333259 5.638906457866306e-05 0.0001969235004782692
18.03611111111037 8.755939092863065e-06 0.0002030878303935933
18.03888888888815 -3.865128391448752e-05 0.0001979745472980263
18.04166666666592 -8.321638331561347e-05 0.0001820254914022249
18.0444444444437 -0.0001225157065629116 0.0001562772050456712
18.04722222222147 -0.0001544505035494186 0.0001222957659201252
18.04999999999925 -0.0001773595565498545 8.208285712584872e-05
18.05277777777703 -0.0001901060235272794 3.795865343303525e-05
18.0555555555548 -0.0001921339238156448 -7.571653648523185e-06
18.05833333333258 -0.0001834914496296002 -5.196002265123962e-05
18.06111111111036 -0.000164820182659249 -9.275834547274668e-05
18.06388888888813 -0.000137311223641294 -0.0001277538256145033
18.06666666666591 -0.0001026310947920669 -0.0001550894357102664
18.06944444444369 -6.282194617808965e-05 -0.0001733628640527468
18.07222222222146 -2.018199450604363e-05 -0.0001816986479999538
18.07499999999924 2.286683012413829e-05 -0.0001797897665055487
18.07777777777702 6.391641317872111e-05 -0.0001679067323603982
18.08055555555479 0.0001007073418125463 -0.0001468740846387469
18.08333333333257 0.000131253572911516 -0.0001180160266535955
18.08611111111034 0.0001539499781562069 -8.307467966680152e-05
18.08888888888812 0.0001676569159063802 -4.410593075475602e-05
18.0916666666659 0.0001717573545423248 -3.3590610338809e-06
18.09444444444367 0.0001661836850231347 3.68528176735523e-05
18.09722222222145 0.0001514131171768644 7.428405766553769e-05
18.09999999999923 0.0001284323527428601 0.0001068820395807357
18.102777777777 9.86739652390581e-05 0.0001328999670563888
18.10555555555478 6.392849374171197e-05 0.000150990672111858
18.10833333333256 2.62375863198962e-05 0.0001602763753833155
18.11111111111033 -1.22254639629165e-05 0.0001603907830987542
18.11388888888811 -4.928081570090264e-05 0.0001514915287167795
18.11666666666589 -8.286560878596691e-05 0.0001342426859872148
18.11944444444366 -0.0001111489173440499 0.0001097687920922348
18.12222222222144 -0.0001326317050588457 7.95834263259369e-05
18.12499999999921 -0.0001462263107081488 4.549680051003493e-05
18.12777777777699 -0.000151311241323897 9.507953432465923e-06
18.13055555555477 -0.0001477585250555252 -2.631205875025055e-05
18.13333333333254 -0.0001359324877705082 -5.993916262508959e-05
18.13611111111032 -0.0001166604720092318 -8.951062040219155e-05
18.1388888888881 -9.117761819921138e-05 -0.0001134282670290904
18.14166666666587 -6.104928440022833e-05 -0.0001304448990521715
18.14444444444365 -2.807591023124371e-05 -0.0001397291381211949
18.14722222222143 5.813934837706038e-06 -0.0001409054013943906
18.1499999999992 3.867598883903488e-05 -0.0001340670952235969
18.15277777777698 6.866167448102577e-05 -0.000119762719093331
18.15555555555476 9.412203558709546e-05 -9.895613173300887e-05
18.15833333333253 0.0001136983835692991 -7.296370008190956e-05
18.16111111111031 0.0001263946659365255 -4.337234066023595e-05
18.16388888888808 0.0001316277051922772 -1.19434998032819e-05
18.16666666666586 0.000129252797914917 1.949115225690348e-05
18.16944444444364 0.0001195636293706854 4.913615599235475e-05
18.17222222222141 0.0001032669616479936 7.533464890392967e-05
18.17499999999919 8.143400509407897e-05 9.666086568831599e-05
18.17777777777697 5.543170010929494e-05 0.0001119975867162341
18.18055555555474 2.683824452711985e-05 0.0001205943305636608
18.18333333333252 -2.651960362350245e-06 0.0001221032759583275
18.1861111111103 -3.132824913869504e-05 0.0001165912434926707
18.18888888888807 -5.756263826621729e-05 0.0001045274868427546
18.19166666666585 -7.990206292180124e-05 8.674845296900419e-05
18.19444444444363 -9.714868178678004e-05 6.440198867383713e-05
18.1972222222214 -0.0001084238159522271 3.887462144753494e-05
18.19999999999918 -0.0001132121219473441 1.170646126046777e-05
18.20277777777696 -0.0001113838129997226 -1.550109300685839e-05
18.20555555555473 -0.0001031940627942921 -4.117933596301751e-05
18.20833333333251 -8.926007303957649e-05 -6.388242528374792e-05
18.21111111111028 -7.051758061743089e-05 -8.236856344807639e-05
18.21388888888806 -4.815974695121111e-05 -9.566764020819968e-05
18.21666666666584 -2.356234521697873e-05 -0.0001031316630715301
18.21944444444361 1.800113576602302e-06 -0.0001044653807254951
18.22222222222139 2.644223500178242e-05 -9.97357140074482e-05
18.22499999999917 4.895436235911075e-05 -8.935987716515541e-05
18.22777777777694 6.808292639697274e-05 -7.407332304601098e-05
18.23055555555472 8.279995375528965e-05 -5.487980613161419e-05
18.2333333333325 9.235789226460145e-05 -3.298686028871541e-05
18.23611111111027 9.63268510972816e-05 -9.73077752345574e-06
18.23888888888805 9.461244604751396e-05 1.350429265923734e-05
18.24166666666583 8.745361751285416e-05 3.536825310647287e-05
18.2444444444436 7.540097986100693e-05 5.462314943294979e-05
18.24722222222138 5.927739509188213e-05 7.021293792429342e-05
18.24999999999915 4.012347504360171e-05 8.132101265281615e-05
18.25277777777693 1.91315473700327e-05 8.741237786513081e-05
18.25555555555471 -2.427774526339885e-06 8.825832356891779e-05
18.25833333333248 -2.328192985409346e-05 8.394254070355095e-05
18.26111111111026 -4.223109460610523e-05 7.484873120939617e-05
18.26388888888804 -5.821684609757846e-05 6.163086047964883e-05
18.26666666666581 -7.038089397634602e-05 4.516820076199612e-05
18.26944444444359 -7.811063782789115e-05 2.650816644802492e-05
18.27222222222137 -8.106916329559079e-05 6.800598229049673e-06
18.27499999999914 -7.920826382367689e-05 -1.27724221430302e-05
18.27777777777692 -7.276411305323124e-05 -3.106697171092987e-05
18.2805555555547 -6.223625039379663e-05 -4.704372968140718e-05
18.28333333333247 -4.835151750875303e-05 -5.982662314363573e-05
18.28611111111025 -3.201543955025916e-05 -6.875038521340537e-05
18.28888888888802 -1.425423342341106e-05 -7.339447054506748e-05
18.2916666666658 3.848891323262646e-06 -7.360164375406156e-05
18.29444444444358 2.121921959757784e-05 -6.948050763178171e-05
18.29722222222135 3.685387232889502e-05 -6.139221143250497e-05
18.29999999999913 4.987929001222495e-05 -4.992251623399257e-05
18.30277777777691 5.959958347071936e-05 -3.584123914810025e-05
18.30555555555468 6.553310039523696e-05 -2.005180243607357e-05
18.30833333333246 6.743532355499955e-05 -3.534138327200289e-06
18.31111111111024 6.530707861882387e-05 1.271548184491706e-05
18.31388888888801 5.938793235768845e-05 2.774402900913831e-05
18.31666666666579 5.013555045337579e-05 4.06971684329212e-05
18.31944444444357 3.819260515091001e-05 5.086737734718058e-05
18.32222222222134 2.434352877032046e-05 5.773204183006091e-05
18.32499999999912 9.463959881962576e-06 6.097951420192698e-05
18.32777777777689 -5.533904743905401e-06 6.052188468833609e-05
18.33055555555467 -1.975667514245615e-05 5.649404952746687e-05
18.33333333333245 -3.2382515883089e-05 4.923949075634993e-05
18.33611111111022 -4.270818491947857e-05 3.928397024327902e-05
18.338888888888 -5.018769469587971e-05 2.729903573453008e-05
18.34166666666578 -5.446049954662994e-05 1.405780002111514e-05
18.34444444444355 -5.536779818752194e-05 3.85855006842494e-07
18.34722222222133 -5.295629254262406e-05 -1.288959972694792e-05
18.34999999999911 -4.746951707231451e-05 -2.498930793660388e-05
18.35277777777688 -3.932759886462862e-05 -3.522724334359722e-05
18.35555555555466 -2.909698350517145e-05 -4.304902359078508e-05
18.35833333333244 -1.745222606515128e-05 -4.806132790601849e-05
18.36111111111021 -5.132369033132772e-06 -5.005079530314164e-05
18.36388888888799 7.105312330760637e-06 -4.899155698126573e-05
18.36666666666576 1.853133340031571e-05 -4.504126673210291e-05
18.36944444444354 2.848702101551219e-05 -3.852619262083231e-05
18.37222222222132 3.642201850714653e-05 -2.991657973110052e-05
18.37499999999909 4.192416534623731e-05 -1.979404942280156e-05
18.37777777777687 4.474016267152049e-05 -8.813233926427975e-06
18.38055555555465 4.47860391012829e-05 2.339866956390202e-06
18.38333333333242 4.214707776686017e-05 1.299019141827242e-05
18.3861111111102 3.706751483538978e-05 2.251400166538963e-05
18.38888888888798 2.993093223063874e-05 3.037495861098974e-05
18.39166666666575 2.123280643304513e-05 3.615382387193493e-05
18.39444444444353 1.154711021447255e-05 3.95701744689811e-05
18.39722222222131 1.489171219582638e-06 4.049504827032745e-05
18.39999999999908 -8.322844799731398e-06 3.895402178532098e-05
18.40277777777686 -1.730544361190664e-05 3.512081929450969e-05
18.40555555555463 -2.494405378037315e-05 2.930212653945457e-05
18.40833333333241 -3.08220334581425e-05 2.191479876728073e-05
18.41111111111019 -3.464282545507065e-05 1.345708179884367e-05
18.41388888888796 -3.624411954683065e-05 4.475782152823518e-06
18.41666666666574 -3.560340344989933e-05 -4.468488182359503e-06
18.41944444444352 -3.283482889622687e-05 -1.283581295766099e-05
18.42222222222129 -2.817785267639374e-05 -2.01391208731394e-05
18.42499999999907 -2.197860193026348e-05 -2.597209245731562e-05
18.42777777777685 -1.466532953372644e-05 -3.003125174279954e-05
18.43055555555462 -6.719645656863804e-06 -3.213107439063436e-05
18.4333333333324 1.354581429133277e-06 -3.221140803989358e-05
18.43611111111018 9.062677847885187e-06 -3.033699403175066e-05
18.43888888888795 1.594903228525724e-05 -2.66893709990708e-05
18.44166666666573 2.162360004102216e-05 -2.155189988260085e-05
18.4444444444435 2.578352576517899e-05 -1.528904937386233e-05
18.44722222222128 2.822871564294371e-05 -8.321397728804554e-06
18.44999999999906 2.88705990471389e-05 -1.098024266058858e-06
18.45277777777683 2.773376306195675e-05 5.931928745937883e-06
18.45555555555461 2.495059233094748e-05 1.234674897148692e-05
18.45833333333239 2.074947343500969e-05 1.777704209243689e-05
18.46111111111016 1.543750172910452e-05 2.192656969258005e-05
18.46388888888794 9.378937289974889e-06 2.458788825931369e-05
18.46666666666572 2.970878399383413e-06 2.565199892802269e-05
18.46944444444349 -3.382255220285384e-06 2.51116133390032e-05
18.47222222222127 -9.293815983210019e-06 2.305804842163961e-05
18.47499999999905 -1.441806482529057e-05 1.96721563999625e-05
18.47777777777682 -1.846998833368748e-05 1.521005182832003e-05
18.4805555555546 -2.12406853706961e-05 9.984694132019278e-06
18.48333333333238 -2.260752349687954e-05 4.34460538487342e-06
18.48611111111015 -2.253861645235219e-05 -1.34886243253066e-06
18.48888888888793 -2.109154118220543e-05 -6.744254247528037e-06
18.4916666666657 -1.840657298865958e-05 -1.152132606954129e-05
18.49444444444348 -1.46950481488234e-05 -1.540967537284553e-05
18.49722222222126 -1.022374509124774e-05 -1.820362665895807e-05
18.49999999999903 -5.296392013653585e-06 -1.977258028087362e-05
18.50277777777681 -2.335492680608395e-07 -2.006634195814109e-05
