16.5 2.160819435652123e-07 1.453762671181218e-08
16.50277777777778 2.195520904655918e-07 4.280050606958781e-08
16.50555555555555 2.194391359519023e-07 7.221665943236096e-08
16.50833333333333 2.155030541497894e-07 1.023472062361362e-07
16.51111111111111 2.075553867650637e-07 1.327107615714432e-07
16.51388888888888 1.954661484194653e-07 1.627891676228687e-07
16.51666666666666 1.791701466643929e-07 1.920342855965006e-07
16.51944444444444 1.58672560486247e-07 2.198757970459298e-07
16.52222222222221 1.340536239839212e-07 2.457299412815569e-07
16.52499999999999 1.054722678283417e-07 2.690090931468712e-07
16.52777777777776 7.316858021409353e-08 2.891320632670493e-07
16.53055555555554 3.746496132762561e-08 3.055349813640548e-07
16.53333333333332 -1.234139114150331e-09 3.176826028315723e-07
16.53611111111109 -4.244399303576844e-08 3.250798599441893e-07
16.53888888888887 -8.560294398820047e-08 3.272834622964897e-07
16.54166666666665 -1.300773815740425e-07 3.239133367941182e-07
16.54444444444442 -1.751683589179073e-07 3.146636861877783e-07
16.5472222222222 -2.201198425697711e-07 2.993134371757381e-07
16.54999999999998 -2.641285532115747e-07 2.777358448784311e-07
16.55277777777775 -3.063553231751551e-07 2.4990702035238e-07
16.55555555555553 -3.459378636121143e-07 2.159131520372437e-07
16.55833333333331 -3.820048007326415e-07 1.759562008452597e-07
16.56111111111108 -4.136908074899345e-07 1.303578621429234e-07
16.56388888888886 -4.401526250585636e-07 7.956160622056253e-08
16.56666666666663 -4.605857381382916e-07 2.413263195644888e-08
16.56944444444441 -4.742414401785131e-07 -3.524440383585432e-08
16.57222222222219 -4.80443999770829e-07 -9.77699866650864e-08
16.57499999999996 -4.7860761836688e-07 -1.625367431435352e-07
16.57777777777774 -4.682528528056768e-07 -2.285388671228362e-07
16.58055555555552 -4.490221644882454e-07 -2.946839586993934e-07
16.58333333333329 -4.206942509789612e-07 -3.598072156902736e-07
16.58611111111107 -3.831968158293282e-07 -4.226878693451667e-07
16.58888888888885 -3.366174389163518e-07 -4.820677070996378e-07
16.59166666666662 -2.812122228748042e-07 -5.366714759336356e-07
16.5944444444444 -2.174119114727647e-07 -5.852289113072095e-07
16.59722222222218 -1.458252031196864e-07 -6.264980896543432e-07
16.59999999999995 -6.723901704234789e-08 -6.592897580419929e-07
16.60277777777773 1.738448916615589e-08 -6.824922538489065e-07
16.6055555555555 1.069143042688874e-07 -6.950965912099404e-07
16.60833333333328 2.000604503595714e-07 -6.962212604925231e-07
16.61111111111106 2.953874130497188e-07 -6.851362631806468e-07
16.61388888888883 3.913310921863977e-07 -6.612858881126008e-07
16.61666666666661 4.862191831089818e-07 -6.243097268615088e-07
16.61944444444439 5.782948284838644e-07 -5.740614268501582e-07
16.62222222222216 6.657433093200921e-07 -5.106246911197618e-07
16.62499999999994 7.467214721067353e-07 -4.3432605394957e-07
16.62777777777772 8.193895185028609e-07 -3.45743991999415e-07
16.63055555555549 8.819447160537206e-07 -2.457139714005172e-07
16.63333333333327 9.326565244737198e-07 -1.353290821338011e-07
16.63611111111105 9.699025736099098e-07 -1.593597177847715e-08
16.63888888888882 9.922048777360712e-07 1.108741392303149e-07
16.6416666666666 9.982656277672399e-07 2.43279500086683e-07
16.64444444444437 9.870018696779352e-07 3.792469828828286e-07
16.64722222222215 9.575783551128204e-07 5.165563070578926e-07
16.64999999999993 9.09437840019863e-07 6.528291977122655e-07
16.6527777777777 8.423281100740303e-07 7.855632392394422e-07
16.65555555555548 7.563250284610992e-07 9.121700827026655e-07
16.65833333333326 6.518509328079864e-07 1.030017562405941e-06
16.66111111111103 5.296877539835131e-07 1.136475176173317e-06
16.66388888888881 3.909842901856892e-07 1.228962287012696e-06
16.66666666666659 2.372571449492872e-07 1.304998313202421e-06
16.66944444444436 7.038492688958379e-08 1.362254091545459e-06
16.67222222222214 -1.074045886682944e-07 1.398603526657079e-06
16.67499999999992 -2.9355452173201e-07 1.412174579739031e-06
16.67777777777769 -4.852062340623804e-07 1.401398605228168e-06
16.68055555555547 -6.792338870717669e-07 1.3650570147645e-06
16.68333333333324 -8.722859979222297e-07 1.302324236629681e-06
16.68611111111102 -1.060833635702094e-06 1.212805946471285e-06
16.6888888888888 -1.241224752753629e-06 1.096571572757562e-06
16.69166666666657 -1.409744000159174e-06 9.541801286881696e-07
16.69444444444435 -1.562677233918691e-06 7.866984915478784e-07
16.69722222222213 -1.696379782435834e-06 5.957113406664993e-07
16.6999999999999 -1.807347419563589e-06 3.833220757867957e-07
16.70277777777768 -1.892288873689842e-06 1.521441678097444e-07
16.70555555555546 -1.9481986050615e-06 -9.471745768821889e-08
16.70833333333323 -1.972428503632812e-06 -3.536952389157556e-07
16.71111111111101 -1.962757100774567e-06 -6.207980539033886e-07
16.71388888888879 -1.917454852608522e-06 -8.91660418925224e-07
16.71666666666656 -1.835344042598961e-06 -1.161601474589438e-06
16.71944444444434 -1.715851868057216e-06 -1.425693220055803e-06
16.72222222222211 -1.559055320670546e-06 -1.678837249236088e-06
16.72499999999989 -1.365716545852828e-06 -1.915849038433831e-06
16.72777777777767 -1.137307469926936e-06 -2.131548636674495e-06
16.73055555555544 -8.760226175860485e-07 -2.320856422229935e-06
16.73333333333322 -5.847792039145612e-07 -2.478892415720716e-06
16.736111111111 -2.672037739643684e-07 -2.601077485951807e-06
16.73888888888877 7.23951235306291e-08 -2.683234653315172e-06
16.74166666666655 4.290685060340593e-07 -2.721688591116262e-06
16.74444444444433 7.972827937920671e-07 -2.713361351060539e-06
16.7472222222221 1.170989666641296e-06 -2.655862298615284e-06
16.74999999999988 1.543709414183236e-06 -2.547570239721822e-06
16.75277777777766 1.908626966302436e-06 -2.387705754565319e-06
16.75555555555543 2.258699504045713e-06 -2.17639182836064e-06
16.75833333333321 2.586774268872567e-06 -1.91470098420188e-06
16.76111111111098 2.885714916725181e-06 -1.604687279109641e-06
16.76388888888876 3.14853450833621e-06 -1.249401720732357e-06
16.76666666666654 3.368532994396144e-06 -8.528898972636918e-07
16.76944444444431 3.53943684952773e-06 -4.201708846085649e-07
16.77222222222209 3.655538337955441e-06 4.280320052584298e-08
16.77499999999987 3.711831761531257e-06 5.292072991250668e-07
16.77777777777764 3.704143952163404e-06 1.031423099400674e-06
16.78055555555542 3.629256229803817e-06 1.5411378800316e-06
16.7833333333332 3.485015057472594e-06 2.049461680537996e-06
16.78611111111097 3.270428688972988e-06 2.547061577472073e-06
16.78888888888875 2.985747224718006e-06 3.024311452084353e-06
16.79166666666653 2.632523667205394e-06 3.471455251678538e-06
16.7944444444443 2.213653799813782e-06 3.878781380917203e-06
16.79722222222208 1.733392999347284e-06 4.236805518952271e-06
16.79999999999986 1.197348431501796e-06 4.536458851512372e-06
16.80277777777763 6.124454654835293e-07 4.769278441707291e-06
16.80555555555541 -1.313242560090024e-08 4.927596246814638e-06
16.80833333333318 -6.700305441437295e-07 5.004723127483875e-06
16.81111111111096 -1.347836394792918e-06 4.995124096868242e-06
16.81388888888874 -2.035218905781923e-06 4.894581025355543e-06
16.81666666666651 -2.720092158581068e-06 4.700339056139457e-06
16.81944444444429 -3.389801802386314e-06 4.411233100860154e-06
16.82222222222207 -4.031331799546331e-06 4.027790974751433e-06
16.82499999999984 -4.631528634912608e-06 3.552309997508524e-06
16.82777777777762 -5.177339637325717e-06 2.988904228323161e-06
16.8305555555554 -5.656061615940751e-06 2.343519918562483e-06
16.83333333333317 -6.055595618663869e-06 1.623917249118103e-06
16.83611111111095 -6.364703284907908e-06 8.396169657843038e-07
16.83888888888873 -6.573260000022847e-06 1.811127623771766e-09
16.8416666666665 -6.672499872808463e-06 -8.767621684281119e-07
16.84444444444428 -6.655247458446884e-06 -1.781979539122789e-06
16.84722222222205 -6.516131143253764e-06 -2.698527285568698e-06
16.84999999999983 -6.251773199995351e-06 -3.610128604557409e-06
16.85277777777761 -5.860951716318104e-06 -4.499800341670781e-06
16.85555555555538 -5.344729895604635e-06 -5.35013588245656e-06
16.85833333333316 -4.706548628835569e-06 -6.143610102910117e-06
16.86111111111094 -3.952278735161844e-06 -6.862901670367758e-06
16.86388888888871 -3.090229863363766e-06 -7.491227414952239e-06
16.86666666666649 -2.131113729289793e-06 -8.012682994446761e-06
16.86944444444427 -1.087960126995664e-06 -8.412583665179539e-06
16.87222222222204 2.401501742297303e-08 -8.677798660806787e-06
16.87499999999982 1.187589392979778e-06 -8.797072480752654e-06
16.8777777777776 2.383760767006333e-06 -8.761326310168789e-06
16.88055555555537 3.592018125593951e-06 -8.563932841123737e-06
16.88333333333315 4.790654490800317e-06 -8.200957945845428e-06
16.88611111111092 5.957117463098496e-06 -7.671362970329764e-06
16.8888888888887 7.068392616523237e-06 -6.97716187103691e-06
16.89166666666648 8.101414002194925e-06 -6.123528006679752e-06
16.89444444444425 9.033495213354788e-06 -5.118846116275541e-06
16.89722222222203 9.842773750519704e-06 -3.974705856088946e-06
16.89999999999981 1.050866081751019e-05 -2.705834221262235e-06
16.90277777777758 1.101228819499689e-05 -1.329965229547407e-06
16.90555555555536 1.133694349340601e-05 1.323536211736562e-07
16.90833333333314 1.146848489514053e-05 1.658017411229587e-06
16.91111111111091 1.139572646835102e-05 3.221680420562167e-06
16.91388888888869 1.11107852793364e-05 4.796130096229274e-06
16.91666666666647 1.060938185366082e-05 6.352713887192623e-06
16.91944444444424 9.891086039411299e-06 7.861813232927673e-06
16.92222222222202 8.95950100844043e-06 9.293357810554036e-06
16.92499999999979 7.822378988083411e-06 1.061737204196874e-05
16.92777777777757 6.49166333813616e-06 1.180454486336727e-05
16.93055555555535 4.983452763556272e-06 1.282681288920863e-05
16.93333333333312 3.317884766492972e-06 1.365794638435773e-05
16.9361111111109 1.518936872490604e-06 1.427412691317928e-05
16.93888888888868 -3.858543076959407e-07 1.465450518169389e-05
16.94166666666645 -2.365754522800715e-06 1.478172744447123e-05
16.94444444444423 -4.387270536551541e-06 1.464241892439099e-05
16.94722222222201 -6.414661049214289e-06 1.422761299945738e-05
16.94999999999978 -8.410513312312419e-06 1.35331154512031e-05
16.95277777777756 -1.033637728970954e-05 1.255979384397838e-05
16.95555555555534 -1.215344773169479e-05 1.131378310920442e-05
16.95833333333311 -1.382328316364087e-05 9.806599633984926e-06
16.96111111111089 -1.530854957878708e-05 8.055157585577927e-06
16.96388888888866 -1.657377559782329e-05 6.081682822738366e-06
16.96666666666644 -1.758610504385976e-05 3.913521528995311e-06
16.96944444444422 -1.831603230678517e-05 1.582842622959199e-06
16.97222222222199 -1.873810555734534e-05 -8.737649742939258e-07
16.97499999999977 -1.883158283711214e-05 -3.415797040993334e-06
16.97777777777755 -1.858102630862614e-05 -5.999435426918689e-06
16.98055555555532 -1.797682050867893e-05 -8.578238682829086e-06
16.9833333333331 -1.701560130909272e-05 -1.110391247098064e-05
16.98611111111088 -1.570058344988519e-05 -1.352714831379952e-05
16.98888888888865 -1.404177595978398e-05 -1.579851740887571e-05
16.99166666666643 -1.205607650228573e-05 -1.786940459148058e-05
16.99444444444421 -9.767237660402044e-06 -1.969296609947547e-05
16.99722222222198 -7.205700370744076e-06 -2.122509362984101e-05
16.99999999999976 -4.408292104934858e-06 -2.242536630367155e-05
17.00277777777753 -1.417789933275679e-06 -2.325797160898338e-05
17.00555555555531 1.717648750758345e-06 -2.369257619195881e-05
17.00833333333309 4.945182365103947e-06 -2.370512753703159e-05
17.01111111111086 8.208099943552178e-06 -2.327856812646897e-05
17.01388888888864 1.14467437582808e-05 -2.240344460660793e-05
17.01666666666642 1.459952634736191e-05 -2.107839580831585e-05
17.01944444444419 1.760402612918623e-05 -1.931050516374656e-05
17.02222222222197 2.039814359163229e-05 -1.711550511233476e-05
17.02499999999975 2.292129811365571e-05 -1.451782347008792e-05
17.02777777777752 2.511564385889816e-05 -1.155046441497089e-05
17.0305555555553 2.692728192232026e-05 -8.254719675405711e-06
17.03333333333308 2.830744504949421e-05 -4.67970865251949e-06
17.03611111111085 2.921363081979796e-05 -8.8174950432376e-07
17.03888888888863 2.96106592144357e-05 3.076433386660965e-06
17.0416666666664 2.947163099700526e-05 7.126656715901263e-06
17.04444444444418 2.877876432758514e-05 1.119636809330336e-05
17.04722222222196 2.75240885112652e-05 1.520986289183348e-05
17.04999999999973 2.570997573893997e-05 1.908960947539073e-05
17.05277777777751 2.334949409269547e-05 2.27576613040441e-05
17.05555555555529 2.046656793022153e-05 2.613713185724245e-05
17.05833333333306 1.709593499358465e-05 2.915370613064212e-05
17.06111111111084 1.328289315771696e-05 3.173716071078653e-05
17.06388888888862 9.082833586489925e-06 3.382286316430987e-05
17.06666666666639 4.560561132311081e-06 3.535322074099252e-05
17.06944444444417 -2.105929720973063e-07 3.627904821712472e-05
17.07222222222195 -5.149856804520899e-06 3.656082512467019e-05
17.07499999999972 -1.017028824122884e-05 3.61698136361094e-05
17.0777777777775 -1.518021250131916e-05 3.508901000917273e-05
17.08055555555528 -2.008480504084866e-05 3.331390473038155e-05
17.08333333333305 -2.478779440298944e-05 3.08530293104937e-05
17.08611111111083 -2.919325630430103e-05 2.772827104476224e-05
17.0888888888886 -3.320746735436238e-05 2.397494091022839e-05
17.09166666666638 -3.674078444030419e-05 1.96415840730356e-05
17.09444444444416 -3.970951402654958e-05 1.478952715207523e-05
17.09722222222193 -4.203773448176645e-05 9.492161351413684e-06
17.09999999999971 -4.365903409633478e-05 3.833965745239629e-06
17.10277777777749 -4.451812773045232e-05 -2.090719721446023e-06
17.10555555555526 -4.457231605625514e-05 -8.179156665437629e-06
17.10833333333304 -4.379275313564762e-05 -1.432188609219559e-05
17.11111111111082 -4.216549060063497e-05 -2.040459659512955e-05
17.11388888888859 -3.969226995276918e-05 -2.631015323684247e-05
17.11666666666637 -3.639103843407284e-05 -3.192075317284454e-05
17.11944444444415 -3.229616849039608e-05 -3.712017034818059e-05
17.12222222222192 -2.745836598073245e-05 -4.179604848240946e-05
17.1249999999997 -2.194425790061045e-05 -4.584219914165468e-05
17.12777777777747 -1.583565638917364e-05 -4.916086005305902e-05
17.13055555555525 -9.22850207099601e-06 -5.166486800814145e-05
17.13333333333303 -2.23149622967913e-06 -5.327970077310015e-05
17.1361111111108 5.035562202880591e-06 -5.3945343406933e-05
17.13888888888858 1.244371246000282e-05 -5.361793629537969e-05
17.14166666666636 1.985701199582206e-05 -5.22711650342506e-05
17.14444444444413 2.713492639698364e-05 -4.989735601645563e-05
17.14722222222191 3.413488941987138e-05 -4.650824614904626e-05
17.14999999999969 4.071498868454329e-05 -4.213540048876593e-05
17.15277777777746 4.673672854273099e-05 -3.683025765573153e-05
17.15555555555524 5.206781845036723e-05 -3.066378956920373e-05
17.15833333333302 5.658493291302861e-05 -2.372576923142268e-05
17.16111111111079 6.017638780814246e-05 -1.612364784048803e-05
17.16388888888857 6.274467768469446e-05 -7.981050299583958e-06
17.16666666666634 6.420881953772262e-05 5.640939400397469e-07
17.16944444444412 6.45064505715888e-05 9.36175996738434e-06
17.1722222222219 6.359563060020232e-05 1.825234413026336e-05
17.17499999999967 6.145630395896931e-05 2.706944891085647e-05
17.17777777777745 5.809138107348724e-05 3.56428898612215e-05
17.18055555555523 5.352740607307207e-05 4.380187258253004e-05
17.183333333333 4.781478395953748e-05 5.137828265645171e-05
17.18611111111078 4.102754872839328e-05 5.821002733929108e-05
17.18888888888856 3.326266235822677e-05 6.414436482121404e-05
17.19166666666633 2.463884358047118e-05 6.904115503508768e-05
17.19444444444411 1.529493465490311e-05 7.277596544212377e-05
17.19722222222189 5.387823821462088e-06 7.524296598412763e-05
17.19999999999966 -4.910049502722474e-06 7.635754949535951e-05
17.20277777777744 -1.541357055903767e-05 7.605861731712397e-05
17.20555555555521 -2.592816117319327e-05 7.431047462562935e-05
17.20833333333299 -3.625327473648579e-05 7.110428601577515e-05
17.21111111111077 -4.618611392059156e-05 6.645904909815899e-05
17.21388888888854 -5.552550450396487e-05 6.042205215518629e-05
17.21666666666632 -6.407585352349907e-05 5.306879113212571e-05
17.2194444444441 -7.1651116087284e-05 4.45023312501917e-05
17.22222222222187 -7.807869270036741e-05 3.485210914822985e-05
17.22499999999965 -8.320317797159002e-05 2.427218248369431e-05
17.22777777777743 -8.688988214015872e-05 1.293894515009361e-05
17.2305555555552 -8.902804903161323e-05 1.048337468238984e-06
17.23333333333298 -8.953369782345975e-05 -1.118740833980288e-05
17.23611111111076 -8.83520213464786e-05 -2.354343661645786e-05
17.23888888888853 -8.545928050629515e-05 -3.578629013185486e-05
17.24166666666631 -8.086414268898993e-05 -4.767821596915028e-05
17.24444444444408 -7.460842158888887e-05 -5.898167835118306e-05
17.24722222222186 -6.676718660988448e-05 -6.946399495324732e-05
17.24999999999964 -5.744822166157934e-05 -7.89020083594737e-05
17.25277777777741 -4.679082558863752e-05 -8.708670107270725e-05
17.25555555555519 -3.496395940586303e-05 -9.382766098988778e-05
17.25833333333297 -2.216375871622499e-05 -9.895730458877481e-05
17.26111111111074 -8.610442902443527e-06 -0.0001023347672854823
17.26388888888852 5.455334362235034e-06 -0.0001038493745237761
17.2666666666663 1.977663631202476e-05 -0.0001034236131182971
17.26944444444407 3.408482739699823e-05 -0.0001010155301272353
17.27222222222185 4.810451152852642e-05 -9.662049596807082e-05
17.27499999999963 6.155873582143735e-05 -9.027227946978876e-05
17.2777777777774 7.417436364613287e-05 -8.204339489587238e-05
17.28055555555518 8.568751478866675e-05 -7.204469446204033e-05
17.28333333333295 9.584896639787887e-05 -6.042419426833403e-05
17.28611111111073 0.000104429406314518 -4.736513659905135e-05
17.28888888888851 0.0001112244304261325 -3.308330692772131e-05
17.29166666666628 0.0001160591779309975 -1.782363939425849e-05
17.29444444444406 0.0001187925028388634 -1.856159684551546e-06
17.29722222222184 0.0001193205866552319 1.452867117805444e-05
17.29999999999961 0.0001175799059124106 3.102513493476105e-05
17.30277777777739 0.0001135494789045373 4.731786640898742e-05
17.30555555555517 0.0001072523284888022 6.308779536022767e-05
17.30833333333294 9.875611192529923e-05 7.801830994586819e-05
17.31111111111072 8.817288419662313e-05 9.180152459643625e-05
17.3138888888885 7.565797779725287e-05 0.0001041445300269116
17.31666666666627 6.14079993013301e-05 0.0001147755003705491
17.31944444444405 4.565796077041217e-05 0.0001234495321478497
17.32222222222182 2.867758190562171e-05 0.0001299540920364506
17.3249999999996 1.076681640737209e-05 0.0001341139552166075
17.32777777777738 -7.749327070251565e-06 0.0001357955233861974
17.33055555555515 -2.652658307107627e-05 0.0001349104212937724
17.33333333333293 -4.520774573310439e-05 0.0001314182826824806
17.33611111111071 -6.342938969468869e-05 0.0001253286506872376
17.33888888888848 -8.082887089536833e-05 0.0001167019337431154
17.34166666666626 -9.7051474035914e-05 0.0001056493756643743
17.34444444444404 -0.0001117575673394318 9.233201742001821e-05
17.34722222222181 -0.0001246296218153373 7.695864790570727e-05
17.34999999999959 -0.000135378951600064 5.978276131623832e-05
17.35277777777737 -0.0001437520342243255 4.109855914670123e-05
17.35555555555514 -0.0001495362748470951 2.12360549886737e-05
17.35833333333292 -0.0001525650865753913 5.553597105906636e-07
17.3611111111107 -0.0001527221698506912 -2.055975708674676e-05
17.36388888888847 -0.0001499448873757103 -4.170891667221012e-05
17.36666666666625 -0.0001442266469622706 -6.248266431173132e-05
17.36944444444402 -0.0001356182227317769 -8.247034576692711e-05
17.3722222222218 -0.0001242279649747816 -0.0001012681769657649
17.37499999999958 -0.0001102208703087089 -0.0001184873494208707
17.37777777777735 -9.381650616071639e-05 -0.0001337620097906747
17.38055555555513 -7.528580660582039e-05 -0.0001467569509971446
17.38333333333291 -5.494677975803843e-05 -0.0001571748546139904
17.38611111111068 -3.315918976632273e-05 -0.0001647629298582372
17.38888888888846 -1.031829853229442e-05 -0.0001693188034074591
17.39166666666624 1.315222691991469e-05 -0.00017069552631316
17.39444444444401 3.68081163953811e-05 -0.0001688055793153116
17.39722222222179 6.019286581984265e-05 -0.0001636237756337191
17.39999999999957 8.284651746433848e-05 -0.0001551889805156013
17.40277777777734 0.0001043146831650005 -0.0001436045890920451
17.40555555555512 0.0001241576342450186 -0.0001290377280253776
17.40833333333289 0.000141959276921151 -0.0001117171715556409
17.41111111111067 0.0001573358306400984 -9.192998839075518e-05
17.41388888888845 0.0001699440291576145 -7.001696190890096e-05
17.41666666666622 0.0001794886702610731 -4.636685182701585e-05
17.419444444444 0.000185729349801532 -2.140959029870154e-05
17.42222222222178 0.0001884862290163673 4.391471189845949e-06
17.42499999999955 0.000187644700785396 3.054812626821149e-05
17.42777777777733 0.0001831588401950971 5.655653251451054e-05
17.43055555555511 0.0001750535472447533 8.190691145733682e-05
17.43333333333288 0.0001634253143022195 0.0001060935434891901
17.43611111111066 0.0001484415775442785 0.0001286248619567615
17.43888888888844 0.000130338639582747 0.0001490334450334503
17.44166666666621 0.0001094181792309754 0.0001668857023335867
17.44444444444399 8.604239333310857e-05 0.0001817910556987612
17.44722222222176 6.062784416014564e-05 0.0001934104202116465
17.44999999999954 3.363811348755324e-05 0.000201463802200871
17.45277777777732 5.575390503068835e-06 0.0002057368456613738
17.45555555555509 -2.302885538939556e-05 0.0002060861768822211
17.45833333333287 -5.162394456541193e-05 0.0002024434188536025
17.46111111111065 -7.96506095709856e-05 0.0001948177718157913
17.46388888888842 -0.0001065519649895085 0.0001832970836670404
17.4666666666662 -0.0001317846092981419 0.0001680473633395974
17.46944444444398 -0.0001548296368805658 0.0001493107211183061
17.47222222222175 -0.0001752033364668857 0.0001274017515965384
17.47499999999953 -0.0001924673549172632 0.0001027024069062215
17.47777777777731 -0.0002062381124957273 7.565543936037318e-05
17.48055555555508 -0.0002161952675126841 4.675652305364384e-05
17.48333333333286 -0.0002220890442869081 1.654519263297105e-05
17.48611111111063 -0.0002237462585331769 -1.440523625559273e-05
17.48888888888841 -0.0002210748981631795 -4.549857697784792e-05
17.49166666666619 -0.0002140671446732016 -7.612730464894618e-05
17.49444444444396 -0.0002028007502649735 -0.0001056844879316365
17.49722222222174 -0.000187438718037444 -0.0001335758846468842
17.49999999999952 -0.0001682272663613497 -0.0001592319590104093
17.50277777777729 -0.0001454920932375339 -0.0001821195762327791
17.50555555555507 -0.0001196329913340898 -0.0002017531331384834
17.50833333333285 -9.111689878127403e-05 -0.0002177048913742895
17.51111111111062 -6.046950395992875e-05 -0.0002296142926077098
17.5138888888884 -2.826555373126554e-05 -0.0002371960526779803
17.51666666666618 4.881956831031657e-06 -0.0002402468536480202
17.51944444444395 3.833350979043444e-05 -0.000238650478744098
17.52222222222173 7.143547981341464e-05 -0.0002323812647653799
17.5249999999995 0.0001035329975598481 -0.0002215057791479211
17.52777777777728 0.0001339830063210714 -0.0002061826638398478
17.53055555555506 0.0001621672498100124 -0.0001866606247936555
17.53333333333283 0.0001875049268690924 -0.0001632745834808914
17.53611111111061 0.0002094647521556162 -0.000136440044600468
17.53888888888839 0.0002275761705503248 -0.0001066457713247424
17.54166666666616 0.0002414394870490613 -7.444489521108351e-05
17.54444444444394 0.000250734692999903 -4.044462154207647e-05
17.54722222222172 0.0002552287934093055 -5.294721632163494e-06
17.54999999999949 0.0002547814682427796 3.03249691476718e-05
17.55277777777727 0.0002493489326451886 6.571780581504916e-05
17.55555555555505 0.0002389858961964074 0.0001001840805106898
17.55833333333282 0.0002238455590070352 0.0001330349881151853
17.5611111111106 0.0002041776218932816 0.0001636065295829131
17.56388888888837 0.0001803243282572209 0.0001912730697735396
17.56666666666615 0.0001527145958044184 0.0002154602703318919
17.56944444444393 0.0001218563360205542 0.0002356571277401347
17.5722222222217 8.832709756526476e-05 0.0002514268619235863
17.57499999999948 5.276320560384611e-05 0.0002624164214842646
17.57777777777726 1.584760182778765e-05 0.0002683643973865759
17.58055555555503 -2.170338121787411e-05 0.0002691071672656377
17.58333333333281 -5.915405352722249e-05 0.0002645831268825003
17.58611111111059 -9.576393145789916e-05 0.0002548349029414365
17.58888888888836 -0.0001308025409282723 0.0002400094817736269
17.59166666666614 -0.0001635641610061449 0.0002203562304601491
17.59444444444392 -0.0001933822070915653 0.0001962228299632421
17.59722222222169 -0.0002196429572729874 0.0001680491828727977
17.59999999999947 -0.0002417983359895175 0.0001363594005569893
17.60277777777724 -0.0002593774856993944 0.0001017520149483707
17.60555555555502 -0.0002719968795619294 6.488859802793732e-05
17.6083333333328 -0.0002793687557622572 2.648100650146382e-05
17.61111111111057 -0.0002813076865507827 -1.272250059965187e-05
17.61388888888835 -0.0002777351316713889 -5.195199824030075e-05
17.61666666666613 -0.0002686818659158886 -9.043119248207923e-05
17.6194444444439 -0.0002542882132516773 -0.000127392971109676
17.62222222222168 -0.0002348020644621101 -0.0001620948926542526
17.62499999999946 -0.0002105747006049899 -0.0001938342972640618
17.62777777777723 -0.0001820544898913255 -0.0002219627279997216
17.63055555555501 -0.0001497785698712725 -0.0002458993627490155
17.63333333333279 -0.0001143626691541282 -0.0002651431748836374
17.63611111111056 -7.648926238087291e-05 -0.0002792835646991281
17.63888888888834 -3.689428796508137e-05 -0.0002880092331361695
17.64166666666612 3.647310556675709e-06 -0.0002911151037095205
17.64444444444389 4.433693256430642e-05 -0.0002885071372920382
17.64722222222167 8.436825036995856e-05 -0.0002802049266395749
17.64999999999944 0.0001229433996171168 -0.0002663420024437675
17.65277777777722 0.0001592891008382992 -0.0002471638293466242
17.655555555555 0.0001926723821152654 -0.0002230235177792323
17.65833333333277 0.0002224155787746615 -0.0001943753247145692
17.66111111111055 0.0002479102988195315 -0.0001617660624630979
17.66388888888833 0.0002686300621172833 -0.0001258245785077846
17.6666666666661 0.0002841413468594671 -8.724951016030813e-05
17.66944444444388 0.0002941128080149282 -4.679555462867068e-05
17.67222222222166 0.0002983224687818595 -5.258527130595054e-06
17.67499999999943 0.0002966627266835946 3.654049373082559e-05
17.67777777777721 0.0002891430601282098 7.777161359453267e-05
17.68055555555499 0.0002758903680569796 0.0001176128292302592
17.68333333333276 0.0002571469237787812 0.0001552666538177744
17.68611111111054 0.0002332659732211394 0.0001899763196365371
17.68888888888831 0.0002047050565994244 0.0002210412241852322
17.69166666666609 0.0001720171798868 0.0002478312997232994
17.69444444444387 0.0001358400074689748 0.0002698000069204347
17.69722222222164 9.688328901333734e-05 0.0002864956803367208
17.69999999999942 5.591477101610112e-05 0.0002975709862664335
17.7027777777772 1.374487586210685e-05 0.0003027902914454938
17.70555555555497 -2.878954211433509e-05 0.0003020347834347165
17.70833333333275 -7.084203376264826e-05 0.0002953052293118543
17.71111111111053 -0.0001115736421059626 0.0002827223076746332
17.7138888888883 -0.000150169889398896 0.0002645244988740867
17.71666666666608 -0.0001858573152848694 0.0002410635688247713
17.71944444444386 -0.0002179192251670168 0.000212797731617596
17.72222222222163 -0.000245710323125279 0.0001802826244432765
17.72499999999941 -0.0002686699257631318 0.000144160274002717
17.72777777777718 -0.0002863334818196151 0.0001051462756675576
17.73055555555496 -0.000298342156663277 6.401544425282351e-05
17.73333333333274 -0.0003044502801771306 2.158622759626112e-05
17.73611111111051 -0.0003045305002632488 -2.12957995278669e-05
17.73888888888829 -0.0002985765313107872 -6.377502382995047e-05
17.74166666666607 -0.0002867034365212978 -0.000105003114126124
17.74444444444384 -0.0002691454339243981 -0.0001441562184861903
17.74722222222162 -0.0002462512671841264 -0.0001804516841016844
17.7499999999994 -0.0002184772328130775 -0.0002131639553264888
17.75277777777717 -0.0001863780041137142 -0.0002416393218035663
17.75555555555495 -0.0001505954380312399 -0.00026530921192886
17.75833333333273 -0.0001118455931474168 -0.0002837017566494431
17.7611111111105 -7.090422440254048e-05 -0.0002964513841084562
17.76388888888828 -2.859105197898917e-05 -0.0003033062462313172
17.76666666666605 1.424687253521353e-05 -0.0003041333231179336
17.76944444444383 5.675236062543652e-05 -0.0002989210991490596
17.77222222222161 9.807548806720751e-05 -0.0002877797550160194
17.77499999999938 0.0001373908445279787 -0.0002709388713869217
17.77777777777716 0.0001739142762450963 -0.0002487426915467461
17.78055555555494 0.0002069187769354748 -0.0002216430410076726
17.78333333333271 0.0002357491997747332 -0.0001901900507100253
17.78611111111049 0.0002598354878018927 -0.0001550208760025731
17.78888888888827 0.0002787041509565118 -0.0001168466451380348
17.79166666666604 0.0002919877544817385 -7.643790767592379e-05
17.79444444444382 0.0002994322248652285 -3.460888417119544e-05
17.7972222222216 0.0003009018249625555 7.79915680042217e-06
17.79999999999937 0.0002963816984981756 4.993505039798917e-05
17.80277777777715 0.0002859779347406546 9.095506154142864e-05
17.80555555555492 0.0002699151557351058 0.0001300400275038653
17.8083333333327 0.0002485316799582905 0.0001664119636565748
17.81111111111048 0.0002222723665546784 0.0001993497906421392
17.81388888888825 0.0001916792923568465 0.000228203860074195
17.81666666666603 0.0001573804586792153 0.0002524089814228698
17.81944444444381 0.0001200767654607268 0.0002714956844870044
17.82222222222158 8.052752587081306e-05 0.0002850994891051012
17.82499999999936 3.95348242386953e-05 0.0002929679957174636
17.82777777777714 -2.072956492199987e-06 0.000294965656170711
17.83055555555491 -4.345809513251227e-05 0.0002910761327776948
17.83333333333269 -8.379062855338105e-05 0.0002814022040801577
17.83611111111047 -0.0001222652302142929 0.0002661632269376823
17.83888888888824 -0.0001581175227836819 0.0002456902154043065
17.84166666666602 -0.0001906394895939734 0.0002204186462793967
17.84444444444379 -0.0002191936695361526 0.0001908791481932565
17.84722222222157 -0.0002432258464137184 0.0001576862746238449
17.84999999999935 -0.0002622759761653708 0.000121525600432132
17.85277777777712 -0.000275987133027496 8.313941553228384e-05
17.8555555555549 -0.0002841122978274443 4.331131747957137e-05
17.85833333333268 -0.0002865188572709647 2.850026489631982e-06
17.86111111111045 -0.0002831907313357444 -3.742723874712203e-05
17.86388888888823 -0.0002742280956753419 -7.6711478390743e-05
17.86666666666601 -0.0002598447162182685 -0.0001142183754657402
17.86944444444378 -0.00024036296284842 -0.0001492041669835415
17.87222222222156 -0.0002162066171276489 -0.0001809805965785903
17.87499999999934 -0.0001878916344589442 -0.0002089286438137711
17.87777777777711 -0.0001560150629409137 -0.0002325107523682577
17.88055555555489 -0.0001212423585607339 -0.0002512813120801276
17.88333333333266 -8.42933685477839e-05 -0.0002648951875560682
17.88611111111044 -4.592728099889629e-05 -0.0002731141279626376
17.88888888888822 -6.926858777444207e-06 -0.0002758109377610815
17.89166666666599 3.191771122147823e-05 -0.0002729713355781071
17.89444444444377 6.982501628485151e-05 -0.0002646934770946671
17.89722222222155 0.0001060383274896977 -0.0002511851667487946
17.89999999999932 0.0001398408927373674 -0.0002327588311501962
17.9027777777771 0.0001705703002255115 -0.000209824373377589
17.90555555555488 0.0001976316208244058 -0.0001828800708094441
17.90833333333265 0.0002205090652855908 -0.0001525017189136919
17.91111111111043 0.0002387759250356374 -0.0001193302586858779
17.91388888888821 0.0002521026027914558 -8.405815543959792e-05
17.91666666666598 0.0002602625805244527 -4.74148208418155e-05
17.91944444444376 0.0002631362165215827 -1.015138795031748e-05
17.92222222222154 0.0002607123094683881 2.69748397633501e-05
17.92499999999931 0.0002530874146287926 6.321594004351903e-05
17.92777777777709 0.0002404629443075346 9.78486012652869e-05
17.93055555555486 0.0002231401308575208 0.0001301887160507828
17.93333333333264 0.0002015129745658008 0.0001596050413104998
17.93611111111042 0.0001760593398977283 0.000185531648894027
17.93888888888819 0.0001473304009530114 0.0002074789186224099
17.94166666666597 0.0001159386698186311 0.0002250428580729912
17.94444444444375 8.254486914653757e-05 0.0002379125703481635
17.94722222222152 4.784393217455338e-05 0.0002458757313848319
17.9499999999993 1.255042915063402e-05 0.0002488219812473522
17.95277777777708 -2.261627158074171e-05 0.0002467441783749068
17.95555555555485 -5.694679685403911e-05 0.0002397375109593952
17.95833333333263 -8.97562092074333e-05 0.0002279965045469758
17.96111111111041 -0.0001203977978457726 0.0002118100086349226
17.96388888888818 -0.0001482759396970995 0.0001915542865589116
17.96666666666596 -0.000172857772436445 0.0001676843714741039
17.96944444444373 -0.0001936834488054135 0.0001407238859312418
17.97222222222151 -0.0002103747735980755 0.0001112535527454465
17.97499999999929 -0.0002226420606056974 7.989864994064832e-05
17.97777777777706 -0.0002302890857971201 4.731568205897357e-05
17.98055555555484 -0.0002332160542142395 1.417855367177308e-05
17.98333333333262 -0.0002314205405693249 -1.883546168096777e-05
17.98611111111039 -0.0002249964064407531 -5.105966278949831e-05
17.98888888888817 -0.0002141307393483678 -8.18514830845959e-05
17.99166666666595 -0.000199098899961138 -0.0001106053958952919
17.99444444444372 -0.0001802578023872909 -0.0001367649015020355
17.9972222222215 -0.0001580375881253086 -0.0001598333570682347
17.99999999999928 -0.0001329318860901736 -0.0001793834375632972
18.00277777777705 -0.000105486878531537 -0.0001950650469913758
18.00555555555483 -7.628941510892551e-05 -0.0002066115338875824
18.0083333333326 -4.595443445014644e-05 -0.0002138441023774619
18.01111111111038 -1.51119638975977e-05 -0.0002166743492789445
18.01388888888816 1.56060263251383e-05 -0.0002151048979056631
18.01666666666593 4.557863868013478e-05 -0.0002092281395440655
18.01944444444371 7.420866397439366e-05 -0.000199223133158482
18.02222222222149 0.0001009345393019944 -0.0001853507518983879
18.02499999999926 0.0001252414075881854 -0.000167947200650181
18.02777777777704 0.0001466710600581539 -0.0001474160614598621
18.03055555555482 0.0001648305692912285 -0.0001242190525014954
18.03333333333259 0.0001793994505867616 -9.886571080935804e-05
18.03611111111037 0.0001901352224647682 -7.190222876690217e-05
18.03888888888815 0.0001968772725148756 -4.389968898751044e-05
18.04166666666592 0.0001995489716995337 -1.54419514962092e-05
18.0444444444437 0.0001981580178130115 1.288654910805989e-05
18.04722222222147 0.0001927950262802815 4.051284056005705e-05
18.04999999999925 0.0001836304230554488 6.688703508139986e-05
18.05277777777703 0.0001709097292805707 9.149330024130652e-05
18.0555555555548 0.0001549473598709793 0.0001138599591111046
18.05833333333258 0.0001361190876452677 0.0001335685218144956
18.06111111111036 0.000114853350431831 0.0001502614759718959
18.06388888888813 9.162160026187402e-05 0.0001636486922112845
18.06666666666591 6.692791089727111e-05 0.0001735123322132292
18.06944444444369 4.129807224880277e-05 0.0001797101799640372
18.07222222222146 1.526840751396666e-05 0.0001821773512795719
18.07499999999924 -1.062544896435352e-05 0.0001809263714729056
18.07777777777702 -3.585957801963924e-05 0.0001760456455293138
18.08055555555479 -5.993237890820121e-05 0.0001676963785888731
18.08333333333257 -8.237453475300709e-05 0.0001561080362228877
18.08611111111034 -0.0001027581423412413 0.0001415724632780524
18.08888888888812 -0.0001207048292372487 0.0001244368063628643
18.0916666666659 -0.0001358927053912881 0.0001050954078532633
18.09444444444367 -0.000148062023490795 8.398085816517829e-05
18.09722222222145 -0.0001570194515849516 6.155440764423654e-05
18.09999999999923 -0.0001626408923577152 3.829594951284653e-05
18.102777777777 -0.0001648728151417033 1.469379075792981e-05
18.10555555555478 -0.000163732098669253 -8.76557141529918e-06
18.10833333333256 -0.0001593044139550371 -3.160745380997443e-05
18.11111111111033 -0.0001517412069432121 -5.337856674319274e-05
18.11388888888811 -0.0001412553689998538 -7.365597598164263e-05
18.11666666666589 -0.0001281157094135732 -9.205527069096992e-05
18.11944444444366 -0.0001126403672688065 -0.0001082377808608948
18.12222222222144 -9.51893199282519e-05 -0.0001219167105207049
18.12499999999921 -7.615616154584489e-05 -0.0001328620783315133
18.12777777777699 -5.595933723657689e-05 -0.0001409043842664081
18.13055555555477 -3.503302658043007e-05 -0.0001459369494366516
18.13333333333254 -1.381787392492055e-05 -0.0001479169050780583
18.13611111111032 7.248237521137935e-06 -0.0001468648356382125
18.1388888888881 2.773917545566953e-05 -0.0001428631091875834
18.14166666666587 4.724912840666952e-05 -0.0001360529554229574
18.14444444444365 6.540058448267252e-05 -0.0001266303767850732
18.14722222222143 8.185156340210408e-05 -0.0001148410011670169
18.1499999999992 9.630196503046148e-05 -0.0001009740049004788
18.15277777777698 0.0001084989189757387 -8.535525179075136e-05
18.15555555555476 0.0001182410431445599 -6.833980762853655e-05
18.15833333333253 0.0001253815440154305 -5.03039996046137e-05
18.16111111111031 0.0001298301171704213 -3.163719625801464e-05
18.16388888888808 0.0001315536327802612 -1.27334859348174e-05
18.16666666666586 0.0001305756166887278 6.016569744845593e-06
18.16944444444364 0.0001269745629419552 2.423393611642785e-05
18.17222222222141 0.0001208811375310867 4.155869683564504e-05
18.17499999999919 0.0001124743552778597 5.765708582738935e-05
18.17777777777697 0.000101976831754093 7.222782422767969e-05
18.18055555555474 8.964922950388375e-05 8.500764426070724e-05
18.18333333333252 7.578403231801231e-05 9.577590166185558e-05
18.1861111111103 6.069879263683716e-05 0.0001043581996092957
18.18888888888807 4.472900516452829e-05 0.0001106289696545223
18.19166666666585 2.822076435171909e-05 0.0001145129783521491
18.19444444444363 1.15233645328862e-05 0.0001159857516589702
18.1972222222214 -5.018000773484661e-06 0.0001150729322063572
18.19999999999918 -2.106928944418318e-05 0.0001118486067565456
18.20277777777696 -3.631426889759682e-05 0.000106432662078882
18.20555555555473 -5.046065096965513e-05 9.898724670413861e-05
18.20833333333251 -6.324558668854759e-05 8.971243316054679e-05
18.21111111111028 -7.444042029122271e-05 7.884119004366798e-05
18.21388888888806 -8.385461977753862e-05 6.663378535979073e-05
18.21666666666584 -9.133882059957489e-05 5.337175181219333e-05
18.21944444444361 -9.678693929408997e-05 3.935155093631563e-05
18.22222222222139 -0.0001001373345284025 2.487807617183832e-05
18.22499999999917 -0.0001013730136949707 1.02581350818784e-05
18.22777777777694 -0.0001005209034093287 -4.205951928723083e-06
18.23055555555472 -9.765022162283398e-05 -1.822250476562069e-05
18.2333333333325 -9.287000715647962e-05 -3.151626541997616e-05
18.23611111111027 -8.6325878939596e-05 -4.383369592944529e-05
18.23888888888805 -7.819611178146487e-05 -5.494769303238055e-05
18.24166666666583 -6.868712784945164e-05 -6.466163477427093e-05
18.2444444444436 -5.802851296249589e-05 -7.281269052394493e-05
18.24722222222138 -4.646767417792851e-05 -7.927434312142641e-05
18.24999999999915 -3.426425985930412e-05 -8.395808981121529e-05
18.25277777777693 -2.168446542307648e-05 -8.681430681704264e-05
18.25555555555471 -8.995347300888299e-06 -8.783228048549656e-05
18.25833333333248 3.540735601922677e-06 -8.703942548578496e-05
18.26111111111026 1.567143938663264e-05 -8.449972723528369e-05
18.26388888888804 2.715940600418389e-05 -8.03114611902372e-05
18.26666666666581 3.778679192298375e-05 -7.460425559681416e-05
18.26944444444359 4.73592708984551e-05 -6.7535576478497e-05
18.27222222222137 5.570944041862838e-05 -5.928672382551943e-05
18.27499999999914 6.26995758546472e-05 -5.005843598244263e-05
18.27777777777692 6.822369161589991e-05 -4.006620498636877e-05
18.2805555555547 7.220888435158991e-05 -2.953540902231383e-05
18.28333333333247 7.461594909886997e-05 -1.869636922626173e-05
18.28611111111025 7.543927491313465e-05 -7.779436815632659e-06
18.28888888888802 7.470604159684289e-05 2.989786950712083e-06
18.2916666666658 7.247475336037393e-05 1.339500104781788e-05
18.29444444444358 6.883315832100748e-05 2.323343574797812e-05
18.29722222222135 6.38956144228351e-05 3.231968421467442e-05
18.29999999999913 5.77999724289596e-05 4.048906502339126e-05
18.30277777777691 5.070405492539227e-05 4.760045785155183e-05
18.30555555555468 4.278181665238952e-05 5.353856733485554e-05
18.30833333333246 3.421927586223123e-05 5.821558344762836e-05
18.31111111111024 2.521030874888366e-05 6.157222043307856e-05
18.31388888888801 1.595239931570331e-05 6.357812997763961e-05
18.31666666666579 6.64243538605198e-06 6.42316977034133e-05
18.31944444444357 -2.527362084612339e-06 6.355924486089371e-05
18.32222222222134 -1.137329454473586e-05 6.161366908453029e-05
18.32499999999912 -1.972375128105306e-05 5.847256899054094e-05
18.32777777777689 -2.742241810679145e-05 5.423590704615519e-05
18.33055555555467 -3.4331072144786e-05 4.902327335139833e-05
18.33333333333245 -4.033191598165164e-05 4.297081961182699e-05
18.33611111111022 -4.532941559457948e-05 3.622793754887382e-05
18.338888888888 -4.92516180168747e-05 2.895375923160662e-05
18.34166666666578 -5.205093644411305e-05 2.131355830435284e-05
18.34444444444355 -5.370440213741404e-05 1.347513084475926e-05
18.34722222222133 -5.421339380310545e-05 5.605232674057786e-06
18.34999999999911 -5.36028658864388e-05 -2.133853553932171e-06
18.35277777777688 -5.192010719667705e-05 -9.587553114935911e-06
18.35555555555466 -4.923307029014954e-05 -1.661197372455738e-05
18.35833333333244 -4.56283199126819e-05 -2.307656509675852e-05
18.36111111111021 -4.120865540749994e-05 -2.886641719845349e-05
18.36388888888799 -3.609046722660187e-05 -3.388415992955768e-05
18.36666666666576 -3.040089147102144e-05 -3.805143655886428e-05
18.36944444444354 -2.427482869164498e-05 -4.130993314188485e-05
18.37222222222132 -1.785189400356258e-05 -4.362195611647631e-05
18.37499999999909 -1.127336492976342e-05 -4.497056009981793e-05
18.37777777777687 -4.679191356122492e-06 -4.535923738742579e-05
18.38055555555465 1.794871367269434e-06 -4.481118959066143e-05
18.38333333333242 8.019949686967285e-06 -4.336821006667939e-05
18.3861111111102 1.387650858523634e-05 -4.108921314097984e-05
18.38888888888798 1.925653342918829e-05 -3.804845246662448e-05
18.39166666666575 2.406539981761017e-05 -3.433347610138862e-05
18.39444444444353 2.822340212928491e-05 -3.004286993713244e-05
18.39722222222131 3.166691966687135e-05 -2.528384393539281e-05
18.39999999999908 3.434920766701635e-05 -2.016971718839562e-05
18.40277777777686 3.624080882389921e-05 -1.481735814212758e-05
18.40555555555463 3.73295891693853e-05 -9.344635422383641e-06
18.40833333333241 3.762040999910977e-05 -3.867932652483265e-06
18.41111111111019 3.713445487123385e-05 1.500222472687522e-06
18.41388888888796 3.590823739359135e-05 6.653368687362251e-06
18.41666666666574 3.399232143222327e-05 1.149312000723057e-05
18.41944444444352 3.144979041826168e-05 1.593093737279665e-05
18.42222222222129 2.835450652186119e-05 1.988963375472762e-05
18.42499999999907 2.478920354409357e-05 2.330459004294715e-05
18.42777777777685 2.084345941957852e-05 2.612466594995184e-05
18.43055555555462 1.661159521367317e-05 2.831279717208031e-05
18.4333333333324 1.219054745363491e-05 2.984627701307734e-05
18.43611111111018 7.677759589096174e-06 3.071672743553691e-05
18.43888888888795 3.169136390240843e-06 3.092977092870671e-05
18.44166666666573 -1.242897763334072e-06 3.050442053922091e-05
18.4444444444435 -5.47119938119169e-06 2.947221079205455e-05
18.44722222222128 -9.435532129718853e-06 2.787609693698477e-05
18.44999999999906 -1.306399070893362e-05 2.576915391289376e-05
18.45277777777683 -1.62941994693771e-05 2.321310956928848e-05
18.45555555555461 -1.907426849263271e-05 2.027674898254175e-05
18.45833333333239 -2.136349562428937e-05 1.703422813330308e-05
18.46111111111016 -2.313280875422446e-05 1.356333577185756e-05
18.46388888888794 -2.436494836060445e-05 9.943742008261066e-06
18.46666666666572 -2.505439585034815e-05 6.255271060574244e-06
18.46944444444349 -2.52070584287686e-05 2.576233729962591e-06
18.47222222222127 -2.483972601388839e-05 -1.018147385894196e-06
18.47499999999905 -2.397931998894316e-05 -4.457190101256349e-06
18.47777777777682 -2.266195728561822e-05 -7.676056126133303e-06
18.4805555555546 -2.093185635231654e-05 -1.061688379765313e-05
18.48333333333238 -1.884011394337932e-05 -1.322973246943096e-05
18.48611111111015 -1.644338334032659e-05 -1.547332562092595e-05
18.48888888888793 -1.380248557484663e-05 -1.731558450506706e-05
18.4916666666657 -1.098098547102048e-05 -1.873394890760571e-05
18.49444444444348 -8.043763882472112e-06 -1.971548624294509e-05
18.49722222222126 -5.055616403525371e-06 -2.025679466277788e-05
18.49999999999903 -2.079907130324309e-06 -2.036371001696675e-05
18.50277777777681 8.226962022981885e-07 -2.005083030201966e-05
