16.5 1.087027426540942e-08 2.162974481188495e-07
16.50277777777778 -5.788320573604707e-08 2.160660506450347e-07
16.50555555555555 -1.254039321647758e-07 1.940170974025213e-07
16.50833333333333 -1.847796918666204e-07 1.509071981248943e-07
16.51111111111111 -2.294536484986662e-07 8.967947369782099e-08
16.51388888888888 -2.539149425338906e-07 1.531437988616994e-08
16.51666666666666 -2.543304446862877e-07 -6.553726578042105e-08
16.51944444444444 -2.290490776755408e-07 -1.451167378141774e-07
16.52222222222221 -1.78918357046798e-07 -2.152714557416622e-07
16.52499999999999 -1.073678080878911e-07 -2.682581690516754e-07
16.52777777777776 -2.023463082252894e-08 -2.975593232535038e-07
16.53055555555554 7.466831749037758e-08 -2.986300228168125e-07
16.53333333333332 1.682157327284998e-07 -2.694943904867214e-07
16.53611111111109 2.508122329090275e-07 -2.111199462612235e-07
16.53888888888887 3.133398749646907e-07 -1.275164752858889e-07
16.54166666666665 3.481209147049703e-07 -2.553044643623903e-08
16.54444444444442 3.497981588752611e-07 8.566468011234857e-08
16.5472222222222 3.160370271534872e-07 1.953506494355248e-07
16.54999999999998 2.479652070645417e-07 2.922573322218187e-07
16.55277777777775 1.502870269796346e-07 3.656787010215132e-07
16.55555555555553 3.103885557159876e-08 4.066055633509914e-07
16.55833333333331 -9.901350492492726e-08 4.087598050703664e-07
16.56111111111108 -2.272975336506975e-07 3.694172270217748e-07
16.56388888888886 -3.406033760812208e-07 2.899202006284052e-07
16.56666666666663 -4.263960832883626e-07 1.758066729617627e-07
16.56944444444441 -4.741451726499786e-07 3.651666519627652e-08
16.57222222222219 -4.765357614560066e-07 -1.153216166285727e-07
16.57499999999996 -4.304286536281023e-07 -2.649804131750566e-07
16.57777777777774 -3.374538173085903e-07 -3.970083993195922e-07
16.58055555555552 -2.041518549841996e-07 -4.967711342489266e-07
16.58333333333329 -4.161909760478124e-08 -5.520079129723595e-07
16.58611111111107 1.353396730535476e-07 -5.542454397205734e-07
16.58888888888885 3.094956800408592e-07 -4.999129908763645e-07
16.59166666666662 4.628137115824149e-07 -3.910243672027161e-07
16.5944444444444 5.782573765572349e-07 -2.353279081137791e-07
16.59722222222218 6.416076540483104e-07 -4.587444247141385e-08
16.59999999999995 6.431075282506164e-07 1.599899296183141e-07
16.60277777777773 5.787512866404961e-07 3.621392622173114e-07
16.6055555555555 4.510620736380633e-07 5.395673686337134e-07
16.60833333333328 2.69244204239607e-07 6.724996549019585e-07
16.61111111111106 4.865426601178127e-08 7.445120451088757e-07
16.61388888888883 -1.90397856956484e-07 7.444378453538269e-07
16.61666666666661 -4.244365832526438e-07 6.678512677788963e-07
16.61944444444439 -6.290489870412526e-07 5.179467176754725e-07
16.62222222222216 -7.813507127029692e-07 3.056841390131028e-07
16.62499999999994 -8.624485277381935e-07 4.913873265436369e-08
16.62777777777772 -8.596435361696652e-07 -2.279277994404261e-07
16.63055555555549 -7.681297440219849e-07 -4.981752043861801e-07
16.63333333333327 -5.91979614027787e-07 -7.332954995703217e-07
16.63611111111105 -3.442693048838129e-07 -9.068867642690938e-07
16.63888888888882 -4.627663004005205e-08 -9.973074088090648e-07
16.6416666666666 2.742227739440245e-07 -9.902126281735616e-07
16.64444444444437 5.854399098613023e-07 -8.804891122069929e-07
16.64722222222215 8.546272826257831e-07 -6.733490419786253e-07
16.64999999999993 1.051421212751341e-06 -3.844171947534776e-07
16.6527777777777 1.151140946841727e-06 -3.873975180076541e-08
16.65555555555548 1.137697813406808e-06 3.312483868999772e-07
16.65833333333326 1.005786871779089e-06 6.886498283047451e-07
16.66111111111103 7.620882150524166e-07 9.956738900144421e-07
16.66388888888881 4.252918098049835e-07 1.217515459690055e-06
16.66666666666659 2.487139086615385e-08 1.326157217002205e-06
16.66944444444436 -4.013406879389247e-07 1.303693177120409e-06
16.67222222222214 -8.105969774106478e-07 1.144796973553541e-06
16.67499999999992 -1.159398397651781e-06 8.580248576893908e-07
16.67777777777769 -1.407985524292341e-06 4.657466088890765e-07
16.68055555555547 -1.524707321463912e-06 2.628836003124328e-09
16.68333333333324 -1.489802448430265e-06 -4.872575747337843e-07
16.68611111111102 -1.298161754211888e-06 -9.544853725094725e-07
16.6888888888888 -9.607214745992813e-07 -1.349119101218303e-06
16.69166666666657 -5.042593439489603e-07 -1.625902942370278e-06
16.69444444444435 3.048004675195788e-08 -1.749264308434113e-06
16.69722222222213 5.922331109429378e-07 -1.69759721664433e-06
16.6999999999999 1.123969549700651e-06 -1.466333168190087e-06
16.70277777777768 1.568527014220315e-06 -1.069405458631101e-06
16.70555555555546 1.874588150563886e-06 -5.388584854300472e-07
16.70833333333323 2.002391962267548e-06 7.746582098683821e-08
16.71111111111101 1.928563446892739e-06 7.20033812872989e-07
16.71388888888879 1.649502027511291e-06 1.323191020112372e-06
16.71666666666656 1.182888296854497e-06 1.821697290341214e-06
16.71944444444434 5.670411630498899e-07 2.157594287681433e-06
16.72222222222211 -1.419314399315934e-07 2.286701438468231e-06
16.72499999999989 -8.750155973821781e-07 2.184034552387375e-06
16.72777777777767 -1.556810794455147e-06 1.847514011294215e-06
16.73055555555544 -2.113092346659764e-06 1.299473313929985e-06
16.73333333333322 -2.478679070909775e-06 5.856828403517452e-07
16.736111111111 -2.604793553289589e-06 -2.281501468050684e-07
16.73888888888877 -2.465109252041232e-06 -1.062179661904296e-06
16.74166666666655 -2.059771324213714e-06 -1.830035699605231e-06
16.74444444444433 -1.416851649247291e-06 -2.447554101287893e-06
16.7472222222221 -5.909393152159784e-07 -2.841762142459996e-06
16.74999999999988 3.411458510060315e-07 -2.959184412992137e-06
16.75277777777766 1.287225088105207e-06 -2.772552477309261e-06
16.75555555555543 2.148635757777103e-06 -2.285119082352806e-06
16.75833333333321 2.830282371669495e-06 -1.531986512219266e-06
16.76111111111098 3.250865047174496e-06 -5.781421013952212e-07
16.76388888888876 3.352212000301013e-06 4.867739875864356e-07
16.76666666666654 3.10667770897913e-06 1.556595427117178e-06
16.76944444444431 2.521715801706669e-06 2.518949423765873e-06
16.77222222222209 1.640986210748483e-06 3.266796123171849e-06
16.77499999999987 5.41688804249356e-07 3.710030812636249e-06
16.77777777777764 -6.718002630027743e-07 3.785921345584904e-06
16.78055555555542 -1.877515944107961e-06 3.467209342750809e-06
16.7833333333332 -2.947872990616478e-06 2.766887775461485e-06
16.78611111111097 -3.76287393101126e-06 1.738967011880322e-06
16.78888888888875 -4.223219982561379e-06 4.749307612843261e-07
16.79166666666653 -4.261926020579908e-06 -9.039740139555689e-07
16.7944444444443 -3.853124022374147e-06 -2.258017585091673e-06
16.79722222222208 -3.01696766653804e-06 -3.442829997934054e-06
16.79999999999986 -1.819907579826647e-06 -4.324469745387782e-06
16.80277777777763 -3.700609745742132e-07 -4.794179927560336e-06
16.80555555555541 1.192092166573272e-06 -4.78124392795625e-06
16.80833333333318 2.706943096553393e-06 -4.262470361759649e-06
16.81111111111096 4.011716033533184e-06 -3.267118326068848e-06
16.81388888888874 4.957599858170794e-06 -1.876497549821907e-06
16.81666666666651 5.426284353482847e-06 -2.180062131945006e-07
16.81944444444429 5.344105746832324e-06 1.546048995426572e-06
16.82222222222207 4.69216712288477e-06 3.233930102095872e-06
16.82499999999984 3.511143687615066e-06 4.662813937885077e-06
16.82777777777762 1.899983737541879e-06 5.668196891727427e-06
16.8305555555554 8.328098479943896e-09 6.122340177970602e-06
16.83333333333317 -1.97686606693825e-06 5.949734958983674e-06
16.83611111111095 -3.849365349576012e-06 5.137780742658635e-06
16.83888888888873 -5.404674136967237e-06 3.741289588000518e-06
16.8416666666665 -6.461926702938957e-06 1.880018547371328e-06
16.84444444444428 -6.884359383541899e-06 -2.708610146450879e-07
16.84722222222205 -6.596099148578245e-06 -2.496695938468625e-06
16.84999999999983 -5.593284123667707e-06 -4.564303823974747e-06
16.85277777777761 -3.948038530057977e-06 -6.245954682919998e-06
16.85555555555538 -1.804516315652622e-06 -7.343964357502197e-06
16.85833333333316 6.329605071331736e-07 -7.71329411396862e-06
16.86111111111094 3.118792410205364e-06 -7.279633262712792e-06
16.86388888888871 5.390346019117141e-06 -6.050799830199743e-06
16.86666666666649 7.195215619163378e-06 -4.119903723439557e-06
16.86944444444427 8.318725822677534e-06 -1.659524585143591e-06
16.87222222222204 8.608734192078198e-06 1.09291441966225e-06
16.87499999999982 7.994936759411313e-06 3.857439437106885e-06
16.8777777777776 6.500332263638332e-06 6.33946642627572e-06
16.88055555555537 4.243229201621691e-06 8.260662556016804e-06
16.88333333333315 1.429118621615242e-06 9.389552792604293e-06
16.88611111111092 -1.667205933330551e-06 9.568567430267038e-06
16.8888888888887 -4.727830257632399e-06 8.734448065618516e-06
16.89166666666648 -7.423786285356007e-06 6.929495022937193e-06
16.89444444444425 -9.449834896758845e-06 4.302004388167424e-06
16.89722222222203 -1.0558349139326e-05 1.09532880836828e-06
16.89999999999981 -1.058860460309238e-05 -2.373803608093675e-06
16.90277777777758 -9.488101522626079e-06 -5.745887946855013e-06
16.90555555555536 -7.323241466032124e-06 -8.655283917001584e-06
16.90833333333314 -4.277703133874931e-06 -1.076923504360656e-05
16.91111111111091 -6.38111832616266e-07 -1.182516891053928e-05
16.91388888888869 3.232048844635779e-06 -1.166217276880098e-05
16.91666666666647 6.928018524619413e-06 -1.024297400035008e-05
16.91944444444424 1.004543657451308e-05 -7.663608443540728e-06
16.92222222222202 1.222389618876989e-05 -4.149158912527658e-06
16.92499999999979 1.318775760038071e-05 -3.537773861201637e-08
16.92777777777757 1.277968276631457e-05 4.262473544705473e-06
16.93055555555535 1.098293059083285e-05 8.290788019139879e-06
16.93333333333312 7.92948522664727e-06 1.160478878748335e-05
16.9361111111109 3.892489477175653e-06 1.381688800078503e-05
16.93888888888868 -7.369141168841771e-07 1.464105061979493e-05
16.94166666666645 -5.48653678434854e-06 1.392817916379511e-05
16.94444444444423 -9.850515582739817e-06 1.168828120266006e-05
16.94722222222201 -1.334244367562615e-05 8.096421728231498e-06
16.94999999999978 -1.5548761686048e-05 3.481085753419775e-06
16.95277777777756 -1.61766354911123e-05 -1.704576506392767e-06
16.95555555555534 -1.509088366362645e-05 -6.926269577488947e-06
16.95833333333311 -1.233546241021133e-05 -1.162277595627369e-05
16.96111111111089 -8.136492133973228e-06 -1.526547574392843e-05
16.96388888888866 -2.8856809793485e-06 -1.741693856017238e-05
16.96666666666644 2.894919207259213e-06 -1.778218727139666e-05
16.96944444444422 8.603817589445561e-06 -1.624674592402434e-05
16.97222222222199 1.362180635724458e-05 -1.289676148008679e-05
16.97499999999977 1.737826627162224e-05 -8.018231910394737e-06
16.97777777777755 1.941504940601645e-05 -2.07451697644625e-06
16.98055555555532 1.944089003208982e-05 4.336363598804338e-06
16.9833333333331 1.737001886274882e-05 1.054087305591654e-05
16.98611111111088 1.334010199490473e-05 1.585981528694066e-05
16.98888888888865 7.706667715212215e-06 1.968176560043895e-05
16.99166666666643 1.013624821994536e-06 2.153223550408155e-05
16.99444444444421 -6.05793415214341e-06 2.11308608229329e-05
16.99722222222198 -1.275798926333546e-05 1.842987865898947e-05
16.99999999999976 -1.834619386363378e-05 1.362891279061703e-05
17.00277777777753 -2.21726904140135e-05 7.163460857957473e-06
17.00555555555531 -2.375242624658557e-05 -3.327630437234865e-07
17.00833333333309 -2.282459633057785e-05 -8.088615611910388e-06
17.01111111111086 -1.939011273497237e-05 -1.527377382401155e-05
17.01388888888864 -1.372210386448408e-05 -2.108663411835568e-05
17.01666666666642 -6.347185490579185e-06 -2.484266845102439e-05
17.01944444444419 2.001653246802809e-06 -2.605361260776935e-05
17.02222222222197 1.04565671495246e-05 -2.448846627869311e-05
17.02499999999975 1.810396069565223e-05 -2.020890181711989e-05
17.02777777777752 2.408216323489632e-05 -1.357417432392576e-05
17.0305555555553 2.767734794795033e-05 -5.213762481331073e-06
17.03333333333308 2.840714032049271e-05 4.030570321237142e-06
17.03611111111085 2.608228134518943e-05 1.318818818845895e-05
17.03888888888863 2.083872456390939e-05 2.126036547299992e-05
17.0416666666664 1.313547814144591e-05 2.732810793973008e-05
17.04444444444418 3.717068774934075e-06 3.065549435950819e-05
17.04722222222196 -6.456662771199211e-06 3.077705124639696e-05
17.04999999999973 -1.6307035028041e-05 2.755896679874e-05
17.05277777777751 -2.47497339177613e-05 2.122641499204288e-05
17.05555555555529 -3.081300906848508e-05 1.235267326171574e-05
17.05833333333306 -3.374810241033838e-05 1.809739803956574e-06
17.06111111111084 -3.311950592599747e-05 -9.315629224021048e-06
17.06388888888862 -2.886437595542913e-05 -1.983259285356162e-05
17.06666666666639 -2.131340381005751e-05 -2.857249993669291e-05
17.06944444444417 -1.116937827273927e-05 -3.451751262679305e-05
17.07222222222195 5.558209532130417e-07 -3.691755709647857e-05
17.07499999999972 1.264046280840118e-05 -3.538232442011109e-05
17.0777777777775 2.377891420182644e-05 -2.993727967586913e-05
17.08055555555528 3.272147616750737e-05 -2.103617454132487e-05
17.08333333333305 3.841327024328475e-05 -9.527058214130545e-06
17.08611111111083 4.011688264005622e-05 3.426215992077464e-06
17.0888888888886 3.750468603350079e-05 1.646001838603218e-05
17.09166666666638 3.070956919396516e-05 2.815314238425422e-05
17.09444444444416 2.032696375376087e-05 3.71805078254722e-05
17.09722222222193 7.366156986347807e-06 4.246188854411973e-05
17.09999999999971 -6.845608352797788e-06 4.328912332030643e-05
17.10277777777749 -2.079741496269196e-05 3.941703104557861e-05
17.10555555555526 -3.29539466257626e-05 3.110670931106122e-05
17.10833333333304 -4.192312827875093e-05 1.911473159008501e-05
17.11111111111082 -4.661397337283218e-05 4.627488109017783e-06
17.11388888888859 -4.636690423313295e-05 -1.085406141428694e-05
17.11666666666637 -4.104120884123358e-05 -2.566829441708353e-05
17.11944444444415 -3.104847713207332e-05 -3.816990455341901e-05
17.12222222222192 -1.732642391923294e-05 -4.691126266949974e-05
17.1249999999997 -1.253888175587193e-06 -5.080832059215056e-05
17.12777777777747 1.548567769549743e-05 -4.927222301402286e-05
17.13055555555525 3.107896744322186e-05 -4.229091651213308e-05
17.13333333333303 4.377787689483732e-05 -3.045001780745996e-05
17.1361111111108 5.20940334300332e-05 -1.488854065990329e-05
17.13888888888858 5.49713100497655e-05 2.80787175191005e-06
17.14166666666636 5.191652501917454e-05 2.076656084606951e-05
17.14444444444413 4.307246976821768e-05 3.702448805950751e-05
17.14722222222191 2.922324296395115e-05 4.974142847000881e-05
17.14999999999969 1.172901607993951e-05 5.74067283489288e-05
17.15277777777746 -7.604932305132083e-06 5.901656274723949e-05
17.15555555555524 -2.6712636487272e-05 5.420111401829001e-05
17.15833333333302 -4.348670886030302e-05 4.328594357171753e-05
17.16111111111079 -5.600935836440225e-05 2.727858949667294e-05
17.16388888888857 -6.276999746437157e-05 7.779406144653378e-06
17.16666666666634 -6.284492288179703e-05 -1.317597724580622e-05
17.16944444444412 -5.601794774695845e-05 -3.332737981376243e-05
17.1722222222219 -4.282671304524666e-05 -5.043237995005836e-05
17.17499999999967 -2.452714608130949e-05 -6.251441006472667e-05
17.17777777777745 -2.977365374660346e-06 -6.808934900636114e-05
17.18055555555523 1.954869132497186e-05 -6.634482579771175e-05
17.183333333333 4.05995104818195e-05 -5.725086237306926e-05
17.18611111111078 5.781136470727904e-05 -4.158741574303061e-05
17.18888888888856 6.917223878821481e-05 -2.088314216061814e-05
17.19166666666633 7.325501637095546e-05 2.730618620933087e-06
17.19444444444411 6.939310957651129e-05 2.673709998173408e-05
17.19722222222189 5.77772617901402e-05 4.85007277847798e-05
17.19999999999966 3.946034424331229e-05 6.555505459729826e-05
17.20277777777744 1.62667794047042e-05 7.588071766509484e-05
17.20555555555521 -9.386280405060011e-06 7.814226718663195e-05
17.20833333333299 -3.473886091103744e-05 7.185632165325379e-05
17.21111111111077 -5.698357085256974e-05 5.747029649312359e-05
17.21388888888854 -7.357507256437413e-05 3.634026326557024e-05
17.21666666666632 -8.251966626037941e-05 1.060736900770839e-05
17.2194444444441 -8.26122214664222e-05 -1.701648576052204e-05
17.22222222222187 -7.359256219374641e-05 -4.353259187824798e-05
17.22499999999965 -5.620154256442245e-05 -6.597949894075621e-05
17.22777777777743 -3.212762833422369e-05 -8.176235941767942e-05
17.2305555555552 -3.846720072431148e-06 -8.895108358253427e-05
17.23333333333298 2.56300753291131e-05 -8.651323823512838e-05
17.23611111111076 5.307533254761108e-05 -7.445389283766348e-05
17.23888888888853 7.539729505697738e-05 -5.384417409660978e-05
17.24166666666631 8.998673942898695e-05 -2.673216373146518e-05
17.24444444444408 9.501996270794809e-05 4.057294676006259e-06
17.24722222222186 8.968291859092515e-05 3.521474003421575e-05
17.24999999999964 7.428932278483404e-05 6.330024972626212e-05
17.25277777777741 5.027660244767809e-05 8.512190146672886e-05
17.25555555555519 2.007673663554283e-05 9.809705943724918e-05
17.25833333333297 -1.312708882943606e-05 0.0001005557550355557
17.26111111111074 -4.573404061579333e-05 9.195075775273977e-05
17.26388888888852 -7.411470447727982e-05 7.294836421900616e-05
17.2666666666663 -9.501379725931946e-05 4.538653351630006e-05
17.26944444444407 -0.0001059219895629814 1.2101442582982e-05
17.27222222222185 -0.0001053745386756671 -2.336173943447817e-05
17.27499999999963 -9.314145927674033e-05 -5.712469658916783e-05
17.2777777777774 -7.02851260684616e-05 -8.539880515492751e-05
17.28055555555518 -3.907537034353497e-05 -0.0001049090254615985
17.28333333333295 -2.767795587265028e-06 -0.0001132715627159182
17.28611111111073 3.473351984524446e-05 -0.0001092819274510177
17.28888888888851 6.929427979967389e-05 -9.307890151874329e-05
17.29166666666628 9.700457173955896e-05 -6.616288963535577e-05
17.29444444444406 0.0001146199695392252 -3.126286362960063e-05
17.29722222222184 0.000119939514155919 7.937104635245913e-06
17.29999999999961 0.0001120767345188128 4.718473112873519e-05
17.30277777777739 9.159072000871072e-05 8.211945353737265e-05
17.30555555555517 6.045908245332713e-05 0.0001087558331244154
17.30833333333294 2.18918881718134e-05 0.0001239369660822977
17.31111111111072 -1.99965747235258e-05 0.0001257064613498751
17.3138888888885 -6.062498545264926e-05 0.0001135553780221878
17.31666666666627 -9.544489895473231e-05 8.851344037502444e-05
17.31944444444405 -0.0001204489696048412 5.307053881738436e-05
17.32222222222182 -0.000132630821756666 1.093319994893521e-05
17.3249999999996 -0.0001303439384116234 -3.336068102930727e-05
17.32777777777738 -0.0001135169860106277 -7.492910068081667e-05
17.33055555555515 -8.369806571420891e-05 -0.0001090830654995992
17.33333333333293 -4.391890793738041e-05 -0.00013185459727696
17.33611111111071 1.609992154087958e-06 -0.0001404562781985486
17.33888888888848 4.794307747077732e-05 -0.0001336192689406497
17.34166666666626 8.993576538600358e-05 -0.0001117691249641398
17.34444444444404 0.0001228148705499823 -7.701599100361745e-05
17.34722222222181 0.0001427202691438124 -3.295604492086959e-05
17.34999999999959 0.0001471564386831395 1.569782281152963e-05
17.35277777777737 0.0001353012267997201 6.361852665739177e-05
17.35555555555514 0.0001081340417086541 0.0001054471268000176
17.35833333333292 6.83650866363549e-05 0.0001363914549939566
17.3611111111107 2.016919722003364e-05 0.0001527742395133054
17.36388888888847 -3.125012934019097e-05 0.0001524681356753114
17.36666666666625 -8.022128192509608e-05 0.000135166397302607
17.36944444444402 -0.0001212294401833935 0.0001024552736595993
17.3722222222218 -0.0001495370759593299 5.767576493882543e-05
17.37499999999958 -0.0001617303041232421 5.585781287907838e-06
17.37777777777735 -0.0001561281796522903 -4.814357288264412e-05
17.38055555555513 -0.0001330061127112595 -9.754449919758178e-05
17.38333333333291 -9.460444872830795e-05 -0.0001370148963051842
17.38611111111068 -4.491681922213378e-05 -0.0001619531854345432
17.38888888888846 1.072246755567292e-05 -0.0001692936890774517
17.39166666666624 6.620971856814919e-05 -0.0001578803880898641
17.39444444444401 0.000115340830582472 -0.0001286337974293668
17.39722222222179 0.0001525047140964926 -8.448806558672242e-05
17.39999999999957 0.000173323704659753 -3.010080617623612e-05
17.40277777777734 0.0001751679182044763 2.863619325293538e-05
17.40555555555512 0.000157483250741297 8.523426031370789e-05
17.40833333333289 0.0001218925215888341 0.0001333243260064875
17.41111111111067 7.205401909849027e-05 0.0001673735483894887
17.41388888888845 1.328873083204265e-05 0.0001833214598298577
17.41666666666622 -4.798618182010424e-05 0.0001790625422995121
17.419444444444 -0.0001049575554910728 0.000154718045100746
17.42222222222178 -0.0001511737350132401 0.0001126625287758462
17.42499999999955 -0.0001812752186728523 5.729761641158358e-05
17.42777777777733 -0.0001916156961451948 -5.40620962138848e-06
17.43055555555511 -0.0001807015666414951 -6.855239135697874e-05
17.43333333333288 -0.0001493971762330224 -0.0001250766047607271
17.43611111111066 -0.0001008684764302996 -0.0001685372585509213
17.43888888888844 -4.026681817432592e-05 -0.0001938497151427761
17.44166666666621 2.581605998393888e-05 -0.0001978805362750517
17.44444444444399 9.006442737719728e-05 -0.0001798323672306435
17.44722222222176 0.0001452485731682071 -0.000141372480089134
17.44999999999954 0.0001850387511151483 -8.648610791323306e-05
17.45277777777732 0.0002047313845676528 -2.106643811766751e-05
17.45555555555509 0.000201804197877278 4.771693830899273e-05
17.45833333333287 0.0001762348436007499 0.000112203606852218
17.46111111111065 0.0001305432011996418 0.000165095900739083
17.46388888888842 6.954806520240895e-05 0.0002002853183600059
17.4666666666662 -1.389559371288254e-07 0.000213558142585344
17.46944444444398 -7.082945457816471e-05 0.0002030987352535612
17.47222222222175 -0.0001346067096398311 0.00016973051917358
17.47499999999953 -0.0001842129955272832 0.0001168633363037527
17.47777777777731 -0.0002138761961074919 5.014855221440613e-05
17.48055555555508 -0.0002199815033184973 -2.312367489567617e-05
17.48333333333286 -0.0002015100249866769 -9.482086701461446e-05
17.48611111111063 -0.000160191271269249 -0.0001568714621858181
17.48888888888841 -0.0001003480269615778 -0.0002021744409904174
17.49166666666619 -2.844657203659848e-05 -0.0002254127358447554
17.49444444444396 4.760127640059355e-05 -0.000223677164195281
17.49722222222174 0.0001193090756215361 -0.0001968276770503903
17.49999999999952 0.0001785637369791674 -0.0001475473542756356
17.50277777777729 0.0002185445848928865 -8.107868804958665e-05
17.50555555555507 0.0002345092618762347 -4.667487654037624e-06
17.50833333333285 0.0002243558363122005 7.322682353114327e-05
17.51111111111062 0.0001888945238999833 0.0001438684924488243
17.5138888888884 0.0001317943730514157 0.0001992263842108634
17.51666666666618 5.920657640645877e-05 0.0002328883112148385
17.51944444444395 -2.089730482134217e-05 0.0002408045091538869
17.52222222222173 -9.960113271056752e-05 0.0002217739713151709
17.5249999999995 -0.000168037760376554 0.0001776153227266357
17.52777777777728 -0.0002183895419126793 0.0001129988709416959
17.53055555555506 -0.0002447827326772358 3.495453536189204e-05
17.53333333333283 -0.0002439733013634016 -4.789274927256862e-05
17.53611111111061 -0.0002157440072201583 -0.0001262770427068187
17.53888888888839 -0.0001629643023515713 -0.0001913292191560542
17.54166666666616 -9.13022188169256e-05 -0.0002355822004494595
17.54444444444394 -8.616696369553796e-06 -0.0002538294825844948
17.54722222222172 7.590464425457258e-05 -0.0002437380890277899
17.54999999999949 0.00015276766244921 -0.0002061437401997886
17.55277777777727 0.0002132399419136703 -0.0001449911976124545
17.55555555555505 0.0002503447297491098 -6.692252875839018e-05
17.55833333333282 0.0002596672338764941 1.944402224103107e-05
17.5611111111106 0.0002398799399038212 0.0001044663210604242
17.56388888888837 0.0001929244290336822 0.0001785564763990346
17.56666666666615 0.000123825441431061 0.0002332640905017352
17.56944444444393 4.015436801355167e-05 0.0002622420164895714
17.5722222222217 -4.880070879835125e-05 0.0002619840336391218
17.57499999999948 -0.0001330674263999882 0.0002322485611612797
17.57777777777726 -0.0002031091055238588 0.0001761172550366662
17.58055555555503 -0.0002509062674651776 9.967822819812284e-05
17.58333333333281 -0.0002708768069027888 1.136611462954812e-05
17.58611111111059 -0.000260529015608908 -7.896955331833905e-05
17.58888888888836 -0.0002207709365856209 -0.0001611646661450488
17.59166666666614 -0.0001558377934766258 -0.0002258864431358973
17.59444444444392 -7.284222105001567e-05 -0.0002656954795454548
17.59722222222169 1.900512616036241e-05 -0.0002759028120977876
17.59999999999947 0.0001094191662957628 -0.0002551230437547758
17.60277777777724 0.0001881942811389473 -0.0002054581835322893
17.60555555555502 0.0002463588116514029 -0.000132288202675698
17.6083333333328 0.000277199276057021 -4.368874860814516e-05
17.61111111111057 0.0002770371096143876 5.046103873849017e-05
17.61388888888835 0.0002456678485458213 0.0001395819532624164
17.61666666666613 0.0001864102739676294 0.0002135859438378092
17.6194444444439 0.0001057569031632 0.0002640207225204316
17.62222222222168 1.266242155819015e-05 0.0002850375883643161
17.62499999999946 -8.24519479890844e-05 0.0002740713695436631
17.62777777777723 -0.0001688672874177103 0.0002321532449716211
17.63055555555501 -0.0002367776894430769 0.0001638183212435453
17.63333333333279 -0.0002784057707432899 7.661559958824587e-05
17.63611111111056 -0.0002888957768084783 -1.972680696027576e-05
17.63888888888834 -0.0002668814475190441 -0.0001143888098822366
17.64166666666612 -0.0002146620678934148 -0.0001966761375709434
17.64444444444389 -0.0001379642078550358 -0.0002572314312221414
17.64722222222167 -4.531358993673127e-05 -0.0002891011607562711
17.64999999999944 5.29140144160914e-05 -0.0002885363908652488
17.65277777777722 0.0001456570539919939 -0.0002554349208811011
17.655555555555 0.0002224167324692686 -0.0001933725250139951
17.65833333333277 0.0002744485604511788 -0.0001092174171359016
17.66111111111055 0.0002957613446816435 -1.236940652215539e-05
17.66388888888833 0.0002838091683632115 8.629189291456842e-05
17.6666666666661 0.0002397961980978104 0.0001756319031274256
17.66944444444388 0.0001685577489078684 0.0002455207792724333
17.67222222222166 7.802903046593081e-05 0.0002879851001219222
17.67499999999943 -2.164006283486056e-05 0.0002981202588988896
17.67777777777721 -0.000119225225435644 0.0002746588406027061
17.68055555555499 -0.0002036947188405111 0.0002201289038328381
17.68333333333276 -0.0002654597071844919 0.0001405824244284565
17.68611111111054 -0.0002974658706267246 4.492295735738923e-05
17.68888888888831 -0.0002960016715806641 -5.609272152545553e-05
17.69166666666609 -0.000261130371544196 -0.0001510668473091887
17.69444444444387 -0.0001966953306836957 -0.0002292498598705555
17.69722222222164 -0.000109896472872361 -0.0002817603800960255
17.69999999999942 -1.04845742508464e-05 -0.0003025971367811325
17.7027777777772 9.033632853149595e-05 -0.0002893272022357411
17.70555555555497 0.000181174610261384 -0.0002433713391840641
17.70833333333275 0.0002517414972325873 -0.0001698528503665754
17.71111111111053 0.0002940197167930042 -7.702588530241628e-05
17.7138888888883 0.0003031772393403152 2.465294571949926e-05
17.71666666666608 0.0002781216433222045 0.0001237050418341592
17.71944444444386 0.0002216312631234956 0.0002089288072173658
17.72222222222163 0.0001400472880940466 0.0002706698074480927
17.72499999999941 4.256090964060796e-05 0.0003019176751710128
17.72777777777718 -5.982423034397912e-05 0.0002991047702084546
17.73055555555496 -0.0001555369282103535 0.0002625153014745408
17.73333333333274 -0.0002337494769490791 0.0001962577905404086
17.73611111111051 -0.00028560596643257 0.0001078033793822499
17.73888888888829 -0.0003052280981722482 7.141904525032202e-06
17.74166666666607 -0.0002903839272455448 -9.434876409768096e-05
17.74444444444384 -0.000242743178668926 -0.0001851918711506977
17.74722222222162 -0.0001676897689161084 -0.0002551129912132745
17.7499999999994 -7.371254357379805e-05 -0.0002962053916254292
17.75277777777717 2.85567276198086e-05 -0.0003038269829471161
17.75555555555495 0.0001275488615165274 -0.0002771267793194506
17.75833333333273 0.0002120692746500052 -0.0002191409276741749
17.7611111111105 0.0002725673348689076 -0.0001364473529988985
17.76388888888828 0.0003022187289451477 -3.841831764896796e-05
17.76666666666605 0.0002976978189760168 6.384403014154661e-05
17.76944444444383 0.0002595522813927408 0.000158767966469515
17.77222222222161 0.0001921376366444343 0.0002356249505918091
17.77499999999938 0.0001031194102953363 0.0002857455221151719
17.77777777777716 2.599892350425667e-06 0.0003035001526186462
17.78055555555494 -9.803083860375471e-05 0.0002869337424532818
17.78333333333271 -0.0001873886575208828 0.0002379819985125562
17.78611111111049 -0.0002553865926145412 0.0001622456194496081
17.78888888888827 -0.0002943766487347702 6.834859852323055e-05
17.79166666666604 -0.0003000126373723643 -3.304572459546526e-05
17.79444444444382 -0.0002717363690527106 -0.0001304483724902884
17.7972222222216 -0.0002128326214822208 -0.0002128497365410625
17.79999999999937 -0.0001300475058348981 -0.000270967279738782
17.80277777777715 -3.281458476234306e-05 -0.0002982941591875546
17.80555555555492 6.782233044377663e-05 -0.0002918299702598888
17.8083333333327 0.0001604664390424927 -0.0002524112904209108
17.81111111111048 0.000234661800518716 -0.0001846054802550467
17.81388888888825 0.0002820765174516208 -9.618103333583841e-05
17.81666666666603 0.0002974410055281077 2.784045157505909e-06
17.81944444444381 0.0002791353890588756 0.0001010533070885241
17.82222222222158 0.000229360345991682 0.0001875106204923875
17.82499999999936 0.000153873378117752 0.0002524207446881568
17.82777777777714 6.132203595253631e-05 0.0002885284099971309
17.83055555555491 -3.774858110567873e-05 0.0002918714883812269
17.83333333333269 -0.0001320999165548171 0.0002622168605195931
17.83611111111047 -0.0002110778465321941 0.00020307090534236
17.83888888888824 -0.0002658187169155386 0.0001212651751082703
17.84166666666602 -0.0002902466617873025 2.616619845563572e-05
17.84444444444379 -0.0002817496937401585 -7.139904801210011e-05
17.84722222222157 -0.0002414591391870627 -0.0001603784825700102
17.84999999999935 -0.0001741025116848693 -0.0002307498096616946
17.85277777777712 -8.744863792199886e-05 -0.0002746521358689455
17.8555555555549 8.589803754270866e-06 -0.0002872662236847029
17.85833333333268 0.000103092484409131 -0.0002673445677046835
17.86111111111045 0.0001853758668137904 -0.0002173328703112892
17.86388888888823 0.0002462037598401811 -0.000143071338901879
17.86666666666601 0.0002788264948935589 -5.311214160582699e-05
17.86944444444378 0.000279731526234184 4.226713362906836e-05
17.87222222222156 0.0002490217987082438 0.0001322400143520677
17.87499999999934 0.0001903811129153554 0.0002066627115631308
17.87777777777711 0.0001106329980953635 0.0002572203132797676
17.88055555555489 1.894585238992717e-05 0.0002783577949102542
17.88333333333266 -7.422294568301957e-05 0.0002678913710921511
17.88611111111044 -0.00015832213285937 0.0002272327975438484
17.88888888888822 -0.0002239040055853991 0.0001612037562961341
17.89166666666599 -0.0002636880238972968 7.746429106402399e-05
17.89444444444377 -0.000273370577619666 -1.437696099789423e-05
17.89722222222155 -0.0002520906781097501 -0.000103867246529397
17.89999999999932 -0.0002025011741182528 -0.0001809016949636418
17.9027777777771 -0.0001304403806576633 -0.0002368666335223322
17.90555555555488 -4.424454468295296e-05 -0.0002656045897847912
17.90833333333265 4.621784907066564e-05 -0.0002640926590650274
17.91111111111043 0.0001306778990210189 -0.0002327594030799084
17.91388888888821 0.0001996341891973435 -0.0001754072014874344
17.91666666666598 0.0002454236859092819 -9.875216681881354e-05
17.91944444444376 0.0002630746954604651 -1.163717023140387e-05
17.92222222222154 0.0002508467873837639 7.598973317392125e-05
17.92499999999931 0.0002103990448100933 0.000154213282378894
17.92777777777709 0.0001465708282943621 0.0002142749837188798
17.93055555555486 6.680348862032898e-05 0.0002495554321072102
17.93333333333264 -1.972792493169991e-05 0.0002563046178046206
17.93611111111042 -0.000103171543587413 0.0002340395618273776
17.93888888888819 -0.0001741222161600572 0.0001855672453780838
17.94166666666597 -0.000224683352302079 0.0001166338472625928
17.94444444444375 -0.0002493469860133222 3.524382383001271e-05
17.94722222222152 -0.0002455938437849466 -4.927048837676057e-05
17.9499999999993 -0.0002141480478731754 -0.0001273204823107064
17.95277777777708 -0.0001588610505447146 -0.0001901508662140442
17.95555555555485 -8.624184810273343e-05 -0.00023082321258653
17.95833333333263 -4.690595137473204e-06 -0.0002449828187734479
17.96111111111041 7.647411717300205e-05 -0.0002313240560050931
17.96388888888818 0.0001480815478851926 -0.0001917046013221303
17.96666666666596 0.000202146470718055 -0.0001308994358451923
17.96944444444373 0.0002327606346101106 -5.602657752037853e-05
17.97222222222151 0.000236738388248001 2.42864961380623e-05
17.97499999999929 0.0002139459331496035 0.0001008980629240953
17.97777777777706 0.0001672804695274978 0.0001651940716873311
17.98055555555484 0.000102305716574799 0.0002100578484218081
17.98333333333262 2.658929777274823e-05 0.0002306582980473191
17.98611111111039 -5.117915208380225e-05 0.0002249692567161408
17.98888888888817 -0.000122186315966607 0.0001939642828139629
17.99166666666595 -0.0001784951348174738 0.0001414687683320292
17.99444444444372 -0.0002139327736996198 7.369044674545261e-05
17.9972222222215 -0.0002247671865024215 -1.514319633413456e-06
17.99999999999928 -0.0002100981519943224 -7.555177390430258e-05
18.00277777777705 -0.0001719220713353204 -0.0001400737501741419
18.00555555555483 -0.0001148674381831842 -0.0001879198564236199
18.0083333333326 -4.563537436012275e-05 -0.0002139124184666862
18.01111111111038 2.778730387665135e-05 -0.0002154159019932441
18.01388888888816 9.705007260339651e-05 -0.0001926004895329763
18.01666666666593 0.0001543892280325277 -0.0001483839376365426
18.01944444444371 0.0001934986625618983 -8.806276273830699e-05
18.02222222222149 0.0002102231644932806 -1.867896045915471e-05
18.02499999999926 0.0002029980586263438 5.180212905699543e-05
18.02777777777704 0.0001729889120107013 0.0001154068081019239
18.03055555555482 0.0001239197755263255 0.0001650556839698193
18.03333333333259 6.161398979976947e-05 0.0001953517542936982
18.03611111111037 -6.696109277541051e-06 0.0002031661769190878
18.03888888888815 -7.320882715248687e-05 0.0001879582686477348
18.04166666666592 -0.0001304445859566543 0.0001517974175239802
18.0444444444437 -0.0001720873170118738 9.908894234550646e-05
18.04722222222147 -0.0001936810900899455 3.603953038303181e-05
18.04999999999925 -0.0001931051975075208 -3.007308479496069e-05
18.05277777777703 -0.000170777264941222 -9.174031464410562e-05
18.0555555555548 -0.0001295656379483173 -0.0001420757547325185
18.05833333333258 -7.442560345979718e-05 -0.00017558412681884
18.06111111111036 -1.180513080723222e-05 -0.0001887602769474917
18.06388888888813 5.110875126919541e-05 -0.000180453062153885
18.06666666666591 0.0001072148898605184 -0.0001519567112020525
18.06944444444369 0.0001502995541662124 -0.0001068237968413955
18.07222222222146 0.0001757241159203873 -5.042565489164566e-05
18.07499999999924 0.0001809228241179117 1.068568075721371e-05
18.07777777777702 0.0001656574702543803 6.953834334019248e-05
18.08055555555479 0.0001320042351714991 0.0001195359666803527
18.08333333333257 8.407882383172523e-05 0.0001551967600570788
18.08611111111034 2.75355842889444e-05 0.0001727535521310769
18.08888888888812 -3.109867312054765e-05 0.0001705492512710733
18.0916666666659 -8.517775684335744e-05 0.0001491865338076498
18.09444444444367 -0.0001286892106439236 0.000111419183277353
18.09722222222145 -0.0001569221526169637 6.180203309382435e-05
18.09999999999923 -0.0001669757364403182 6.143537760751061e-06
18.102777777777 -0.0001580535586398632 -4.917342026810227e-05
18.10555555555478 -0.00013151461269154 -9.792314346194647e-05
18.10833333333256 -9.067953951871097e-05 -0.0001347373317035112
18.11111111111033 -4.041869122899312e-05 -0.000155695197971792
18.11388888888811 1.342723838336141e-05 -0.0001587387518487201
18.11666666666589 6.472524517118172e-05 -0.0001438695607071256
18.11944444444366 0.0001077480669486069 -0.0001131089015638523
18.12222222222144 0.0001378128605206638 -7.023038094517583e-05
18.12499999999921 0.0001517893758257027 -2.02997090227813e-05
18.12777777777699 0.0001484226775306661 3.092251160692558e-05
18.13055555555477 0.0001284375587928009 7.764470138783931e-05
18.13333333333254 9.441717621371388e-05 0.0001146984798657105
18.13611111111032 5.047416061551482e-05 0.0001381092900726132
18.1388888888881 1.755596668996962e-06 0.0001455206092003452
18.14166666666587 -4.615875974001606e-05 0.0001364267411975183
18.14444444444365 -8.789478033167693e-05 0.0001121917838607224
18.14722222222143 -0.0001188858443599421 7.585703653079953e-05
18.1499999999992 -0.0001358710000192544 3.176302076531604e-05
18.15277777777698 -0.0001372352548910799 -1.496727236829788e-05
18.15555555555476 -0.0001231568524148344 -5.902256597175146e-05
18.15833333333253 -9.554898208475656e-05 -9.550610440427978e-05
18.16111111111031 -5.780690351038951e-05 -0.0001204787674990658
18.16388888888808 -1.439324843119888e-05 -0.0001313823974561806
18.16666666666586 2.968813351397132e-05 -0.000127298097054091
18.16944444444364 6.94679060125211e-05 -0.0001090139134616824
18.17222222222141 0.0001005704228270497 -7.889844577604164e-05
18.17499999999919 0.0001196935502183589 -4.059894305769969e-05
18.17777777777697 0.0001249567049646995 1.398102868973172e-06
18.18055555555474 0.0001160807531701402 4.229116547043785e-05
18.18333333333252 9.438324527585873e-05 7.751158561606166e-05
18.1861111111103 6.259371508082284e-05 0.0001032327665310009
18.18888888888807 2.451400387699747e-05 0.0001167840590309661
18.19166666666585 -1.543448480974019e-05 0.0001169248067363505
18.19444444444363 -5.272288330208628e-05 0.0001039508542262577
18.1972222222214 -8.322713563058065e-05 7.962539766343713e-05
18.19999999999918 -0.0001036826404079415 4.694609535521178e-05
18.20277777777696 -0.0001120313222627346 9.778574273776272e-06
18.20555555555473 -0.0001076245281989943 -2.759915281836098e-05
18.20833333333251 -9.126230248864997e-05 -6.09878434086197e-05
18.21111111111028 -6.506853900362215e-05 -8.673750430217458e-05
18.21388888888806 -3.222005512501932e-05 -0.0001021446359685664
18.21666666666584 3.43631329573687e-06 -0.0001057332293602973
18.21944444444361 3.783268770266364e-05 -9.739067676222414e-05
18.22222222222139 6.714295531051044e-05 -7.834684417789768e-05
18.22499999999917 8.820690255375263e-05 -5.100254486622769e-05
18.22777777777694 9.886883615979181e-05 -1.863049355928473e-05
18.23055555555472 9.819467511754619e-05 1.501436783488466e-05
18.2333333333325 8.654611416707604e-05 4.612898587489647e-05
18.23611111111027 6.550712423947974e-05 7.129072132754876e-05
18.23888888888805 3.76748307894336e-05 8.783215807611479e-05
18.24166666666583 6.341797423042589e-06 9.412135862456093e-05
18.2444444444436 -2.489170875390549e-05 8.971844321701686e-05
18.24722222222138 -5.252999870595365e-05 7.53940677825005e-05
18.24999999999915 -7.357173597394183e-05 5.301131968018347e-05
18.25277777777693 -8.583391967289248e-05 2.528790506142526e-05
18.25555555555471 -8.817534638968197e-05 -4.531452019622006e-06
18.25833333333248 -8.059706833752872e-05 -3.305315375110156e-05
18.26111111111026 -6.421182236305673e-05 -5.711952191765521e-05
18.26388888888804 -4.108937978535436e-05 -7.415677313547285e-05
18.26666666666581 -1.39985553591683e-05 -8.244802632472137e-05
18.26944444444359 1.392230995689955e-05 -8.130266856493821e-05
18.27222222222137 3.952739004920276e-05 -7.110585636653501e-05
18.27499999999914 6.001634212911849e-05 -5.324586841062474e-05
18.27777777777692 7.32387723402934e-05 -2.99308387085596e-05
18.2805555555547 7.791731825320506e-05 -3.918530546700021e-06
18.28333333333247 7.376654102450563e-05 2.180806060725697e-05
18.28611111111025 6.149718103818493e-05 4.438130868895864e-05
18.28888888888802 4.270852120996464e-05 6.136704077220824e-05
18.2916666666658 1.968411069232717e-05 7.10250076661051e-05
18.29444444444358 -4.883462762755345e-06 7.248412248585954e-05
18.29722222222135 -2.820581848446598e-05 6.581522114092794e-05
18.29999999999913 -4.771378394756068e-05 5.199611543819785e-05
18.30277777777691 -6.133873718781872e-05 3.277596823525224e-05
18.30555555555468 -6.772968635883809e-05 1.04571322111254e-05
18.30833333333246 -6.638359578090343e-05 -1.237865937332804e-05
18.31111111111024 -5.76768742403229e-05 -3.316739625203693e-05
18.31388888888801 -4.279740077074834e-05 -4.964917061391093e-05
18.31666666666579 -2.358765385356606e-05 -6.011202478210909e-05
18.31944444444357 -2.319179699683276e-06 -6.356718156340074e-05
18.32222222222134 1.857425926816755e-05 -5.983805594684886e-05
18.32499999999912 3.677369629166842e-05 -4.955565507586943e-05
18.32777777777689 5.033077244185001e-05 -3.40637046333716e-05
18.33055555555467 5.787431889003434e-05 -1.524687042350131e-05
18.33333333333245 5.874605721653665e-05 4.69633329040687e-06
18.33611111111022 5.305238109380832e-05 2.350881191103745e-05
18.338888888888 4.162899744196292e-05 3.912887198602876e-05
18.34166666666578 2.592507835992113e-05 4.991450755375729e-05
18.34444444444355 7.822394782922257e-06 5.481379479730056e-05
18.34722222222133 -1.058828975749072e-05 5.346399555768662e-05
18.34999999999911 -2.724719375935982e-05 4.621050740328519e-05
18.35277777777688 -4.035448486685337e-05 3.404606081732593e-05
18.35555555555466 -4.856296299120191e-05 1.847948881152678e-05
18.35833333333244 -5.111405152698607e-05 1.350988976857649e-06
18.36111111111021 -4.79036911026585e-05 -1.538374795393898e-05
18.36388888888799 -3.947301146072497e-05 -2.987539932766995e-05
18.36666666666576 -2.692724588661155e-05 -4.058385707874571e-05
18.36944444444354 -1.179427485066604e-05 -4.643999316260343e-05
18.37222222222132 4.159426372591618e-06 -4.694959368507046e-05
18.37499999999909 1.913347415721925e-05 -4.222973122346363e-05
18.37777777777687 3.149534635593849e-05 -3.297572449599142e-05
18.38055555555465 3.99567870079472e-05 -2.036466173931666e-05
18.38333333333242 4.370597771499726e-05 -5.908362661963165e-06
18.3861111111102 4.248218182723478e-05 8.726119083462657e-06
18.38888888888798 3.658644425255545e-05 2.190732552752804e-05
18.39166666666575 2.682929401961758e-05 3.221987014242868e-05
18.39444444444353 1.442340678545049e-05 3.861476140690501e-05
18.39722222222131 8.350666967779829e-07 4.051381528502734e-05
18.39999999999908 -1.238759929938859e-05 3.785806310958689e-05
18.40277777777686 -2.3789659748392e-05 3.109666245078758e-05
18.40555555555463 -3.216805271449556e-05 2.111958388060214e-05
18.40833333333241 -3.669676176747744e-05 9.143512852633362e-06
18.41111111111019 -3.700569235193327e-05 -3.434696435687962e-06
18.41388888888796 -3.320605971679356e-05 -1.519955347006039e-05
18.41666666666574 -2.586132000530329e-05 -2.487492414934144e-05
18.41944444444352 -1.590878684414857e-05 -3.146100100244743e-05
18.42222222222129 -4.542397053375862e-06 -3.433572774829378e-05
18.42499999999907 6.928946359074665e-06 -3.331063241329109e-05
18.42777777777685 1.723081312478999e-05 -2.863646365441715e-05
18.43055555555462 2.526354997928523e-05 -2.095978582176939e-05
18.4333333333324 3.021815619885571e-05 -1.123711416255222e-05
18.43611111111018 3.165570758709593e-05 -6.176680478228764e-07
18.43888888888795 2.95428009951497e-05 9.691081700367704e-06
18.44166666666573 2.424066350553813e-05 1.855949083609288e-05
18.4444444444435 1.645081724514099e-05 2.505824901318967e-05
18.44722222222128 7.124923748485529e-06 2.85541854828569e-05
18.44999999999906 -2.649858721293119e-06 2.876969578196298e-05
18.45277777777683 -1.177636185532413e-05 2.58005173141181e-05
18.45555555555461 -1.926939116354262e-05 2.009141189703785e-05
18.45833333333239 -2.436078116878305e-05 1.237401366708114e-05
18.46111111111016 -2.657647848535144e-05 3.575151666339101e-06
18.46388888888794 -2.577813276111129e-05 -5.293069534050976e-06
18.46666666666572 -2.216590412106458e-05 -1.324854188063623e-05
18.46944444444349 -1.624363158847279e-05 -1.94467788510262e-05
18.47222222222127 -8.751647683914327e-06 -2.326923452460531e-05
18.47499999999905 -5.759197756825388e-07 -2.438324521352407e-05
18.47777777777682 7.355501088271675e-06 -2.276802032253062e-05
18.4805555555546 1.417675246978636e-05 -1.87050934597315e-05
18.48333333333238 1.917756135081021e-05 -1.273565291801493e-05
18.48611111111015 2.18758340831873e-05 -5.590755281086299e-06
18.48888888888793 2.206219031220457e-05 1.896795567275059e-06
18.4916666666657 1.981259056612271e-05 8.888427231334557e-06
18.49444444444348 1.546889758506536e-05 1.463269430745682e-05
18.49722222222126 9.590775228479265e-06 1.854491891991792e-05
18.49999999999903 2.885374546053949e-06 2.026527357463674e-05
18.50277777777681 -3.87653391608155e-06 1.968972091318551e-05
