16.5 1.945417840561647e-07 -9.516429572889311e-08
16.50277777777778 2.182181852574263e-07 -4.915106683053567e-08
16.50555555555555 2.310002901510743e-07 2.765182996942237e-09
16.50833333333333 2.314135055275416e-07 5.800264159229103e-08
16.51111111111111 2.185956141685325e-07 1.136104848962e-07
16.51388888888888 1.923892697009353e-07 1.66414233697805e-07
16.51666666666666 1.533999669674789e-07 2.131843297118125e-07
16.51944444444444 1.030136509218366e-07 2.508197266994736e-07
16.52222222222221 4.337007743432375e-08 2.765368230973964e-07
16.52499999999999 -2.270963995552484e-08 2.880530571433775e-07
16.52777777777776 -9.184028265267566e-08 2.83754037190458e-07
16.53055555555554 -1.602308575405745e-07 2.628332559936545e-07
16.53333333333332 -2.23877602343173e-07 2.253942732419517e-07
16.53611111111109 -2.787827670713114e-07 1.725067438398195e-07
16.53888888888887 -3.21188124715671e-07 1.062097794643001e-07
16.54166666666665 -3.478105165269577e-07 2.945877701992644e-08
16.54444444444442 -3.560657236548185e-07 -5.398508876943532e-08
16.5472222222222 -3.442666835467086e-07 -1.397201823883926e-07
16.54999999999998 -3.117826057380316e-07 -2.229185925650408e-07
16.55277777777775 -2.591469135810764e-07 -2.985799391127286e-07
16.55555555555553 -1.881041240618884e-07 -3.618125664126128e-07
16.55833333333331 -1.015887048733405e-07 -4.081274156937266e-07
16.56111111111108 -3.632494476307141e-09 -4.337280961708926e-07
16.56388888888886 1.007987307193817e-07 -4.357797590706822e-07
16.56666666666663 2.060347145655828e-07 -4.126394340043365e-07
16.56944444444441 3.059871252661294e-07 -3.640315793385307e-07
16.57222222222219 3.944798188985048e-07 -2.911547349607875e-07
16.57499999999996 4.656063710994065e-07 -1.967082927132618e-07
16.57777777777774 5.14095528115715e-07 -8.483239898687477e-08
16.58055555555552 5.356634357249106e-07 3.904130304996595e-08
16.58333333333329 5.273308515983916e-07 1.684252303606896e-07
16.58611111111107 4.876841520943648e-07 2.960895174593207e-07
16.58888888888885 4.170608593762738e-07 4.144403624011903e-07
16.59166666666662 3.176436149242247e-07 5.159448820105168e-07
16.5944444444444 1.934509074739473e-07 5.935802930333598e-07
16.59722222222218 5.021824515192938e-08 6.412822889019314e-07
16.59999999999995 -1.048304120562815e-07 6.54365842002775e-07
16.60277777777773 -2.633145902311879e-07 6.298915173255709e-07
16.6055555555555 -4.161196264138892e-07 5.669518463521787e-07
16.60833333333328 -5.538901166147925e-07 4.668554016784253e-07
16.61111111111106 -6.675696782286643e-07 3.331908576522224e-07
16.61388888888883 -7.489577937185784e-07 1.717593454717076e-07
16.61666666666661 -7.912515419394251e-07 -9.629457697062745e-09
16.61944444444439 -7.895388050191128e-07 -2.014941830857978e-07
16.62222222222216 -7.412102537752994e-07 -3.931400371165165e-07
16.62499999999994 -6.462601502213825e-07 -5.732188903730327e-07
16.62777777777772 -5.074507319621528e-07 -7.303641870102321e-07
16.63055555555549 -3.303215072061256e-07 -8.538674017630405e-07
16.63333333333327 -1.230329155566629e-07 -9.343580977356605e-07
16.63611111111105 1.039568902806087e-07 -9.644469516022311e-07
16.63888888888882 3.383733998757699e-07 -9.392907092108532e-07
16.6416666666666 5.667463831142869e-07 -8.570400900604484e-07
16.64444444444437 7.751413250919052e-07 -7.191362116513348e-07
16.64722222222215 9.499646395703518e-07 -5.304280423467765e-07
16.64999999999993 1.0787988010771e-06 -2.990924489856689e-07
16.6527777777777 1.151218913003094e-06 -3.634917068141109e-08
16.65555555555548 1.159540252632169e-06 2.440250212174895e-07
16.65833333333326 1.099447297654358e-06 5.26366276605796e-07
16.66111111111103 9.704587755357099e-07 7.939488067652727e-07
16.66388888888881 7.761903407062319e-07 1.029925032740649e-06
16.66666666666659 5.243863398548568e-07 1.218331037470637e-06
16.66944444444436 2.26704350909314e-07 1.345100511167988e-06
16.67222222222214 -1.017498182795661e-07 1.399026284572488e-06
16.67499999999992 -4.43123952734641e-07 1.372607905923336e-06
16.67777777777769 -7.777301451307684e-07 1.262726796129442e-06
16.68055555555547 -1.08512200558589e-06 1.07109736247348e-06
16.68333333333324 -1.345283180123726e-06 8.044528853577798e-07
16.68611111111102 -1.539861772275602e-06 4.744386037384333e-07
16.6888888888888 -1.653378404481067e-06 9.720057933953373e-08
16.69166666666657 -1.674332794366641e-06 -3.073232136961967e-07
16.69444444444435 -1.596135284685971e-06 -7.163845384930584e-07
16.69722222222213 -1.417795938051926e-06 -1.105636036722385e-06
16.6999999999999 -1.144314498996268e-06 -1.450511922107358e-06
16.70277777777768 -7.867293617815574e-07 -1.72770423990904e-06
16.70555555555546 -3.618020081706389e-07 -1.916650335465023e-06
16.70833333333323 1.086657170073098e-07 -2.000941349945603e-06
16.71111111111101 5.988617723279856e-07 -1.969560925184952e-06
16.71388888888879 1.080299297255283e-06 -1.817868213820688e-06
16.71666666666656 1.523393681055645e-06 -1.548249796703228e-06
16.71944444444434 1.899199129210488e-06 -1.170380903139934e-06
16.72222222222211 2.181207789523776e-06 -7.010567603657606e-07
16.72499999999989 2.347104841400146e-06 -1.635789875259289e-07
16.72777777777767 2.380369288395684e-06 4.132915708348386e-07
16.73055555555544 2.271613120312092e-06 9.967768008707912e-07
16.73333333333322 2.019561247666128e-06 1.551852664712042e-06
16.736111111111 1.631590969055217e-06 2.043260349158578e-06
16.73888888888877 1.123772097441487e-06 2.437647540493574e-06
16.74166666666655 5.203762193489897e-07 2.70571564659311e-06
16.74444444444433 -1.471455072187567e-07 2.82424111477956e-06
16.7472222222221 -8.416838024963318e-07 2.777839038749738e-06
16.74999999999988 -1.522426993319522e-06 2.560345471174999e-06
16.75277777777766 -2.14715539112005e-06 2.175711238483931e-06
16.75555555555543 -2.674752160763379e-06 1.638324057878341e-06
16.75833333333321 -3.067788022234276e-06 9.727063419350982e-07
16.76111111111098 -3.295024295095015e-06 2.12571726906745e-07
16.76388888888876 -3.333674886417913e-06 -6.0073784766687e-07
16.76666666666654 -3.171273607830034e-06 -1.420372984631363e-06
16.76944444444431 -2.807008896676693e-06 -2.196555903692283e-06
16.77222222222209 -2.25241321147301e-06 -2.879483873720972e-06
16.77499999999987 -1.531328054191573e-06 -3.422395328100676e-06
16.77777777777764 -6.791061295969988e-07 -3.784617668017444e-06
16.78055555555542 2.589425542336931e-07 -3.934406626220152e-06
16.7833333333332 1.229806372504569e-06 -3.851389284005383e-06
16.78611111111097 2.175628494744402e-06 -3.528436926168344e-06
16.78888888888875 3.03701981742408e-06 -2.972819684692169e-06
16.79166666666653 3.756647644403075e-06 -2.206531417996096e-06
16.7944444444443 4.282892014342079e-06 -1.26571882338251e-06
16.79722222222208 4.573345738097795e-06 -1.992010427515859e-07
16.79999999999986 4.597931516803142e-06 9.338779067271683e-07
16.80277777777763 4.341420881453507e-06 2.067164974743118e-06
16.80555555555541 3.805165211232213e-06 3.130829753827567e-06
16.80833333333318 3.007887945311127e-06 4.055712591063317e-06
16.81111111111096 1.98543760682127e-06 4.777652687215969e-06
16.81388888888874 7.894608801918201e-07 5.241735488067807e-06
16.81666666666651 -5.149795252155002e-07 5.406189478963255e-06
16.81944444444429 -1.852749936241635e-06 5.245669776429165e-06
16.82222222222207 -3.142795944537264e-06 4.75369013139505e-06
16.82499999999984 -4.302880918074261e-06 3.944005529824581e-06
16.82777777777762 -5.254647215976939e-06 2.850802841646167e-06
16.8305555555554 -5.928699923039246e-06 1.527624245216029e-06
16.83333333333317 -6.269395376109746e-06 4.502384677132952e-08
16.83611111111095 -6.239018320882803e-06 -1.512962308135625e-06
16.83888888888873 -5.821053164836123e-06 -3.053373603120816e-06
16.8416666666665 -5.022296206941498e-06 -4.479677138182703e-06
16.84444444444428 -3.873615380159143e-06 -5.697620002914419e-06
16.84722222222205 -2.429239144535747e-06 -6.621239443313888e-06
16.84999999999983 -7.6454278502505e-07 -7.178660809335533e-06
16.85277777777761 1.027606382186366e-06 -7.317307104338483e-06
16.85555555555538 2.841789079770899e-06 -7.008161416792142e-06
16.85833333333316 4.566014170208218e-06 -6.24876465308392e-06
16.86111111111094 6.088414947309898e-06 -5.06469445938474e-06
16.86388888888871 7.304275603307849e-06 -3.509354171621752e-06
16.86666666666649 8.12296093952228e-06 -1.661998818188233e-06
16.86944444444427 8.474306467429592e-06 3.75966830530309e-07
16.87222222222204 8.314037461691518e-06 2.486271788069834e-06
16.87499999999982 7.62782499226072e-06 4.540389706333198e-06
16.8777777777776 6.433653435961671e-06 6.407125531274775e-06
16.88055555555537 4.782264619011319e-06 7.960746512458844e-06
16.88333333333315 2.755554040584274e-06 9.089169577534034e-06
16.88611111111092 4.629185434788528e-07 9.701688755768408e-06
16.8888888888887 -1.964314891654366e-06 9.735729503349832e-06
16.89166666666648 -4.380120859661255e-06 9.162152876824945e-06
16.89444444444425 -6.632290638168811e-06 7.988700909576686e-06
16.89722222222203 -8.571752901994342e-06 6.261272549050956e-06
16.89999999999981 -1.006214704210644e-05 4.062842344154687e-06
16.90277777777758 -1.098905245841961e-05 1.509975121508615e-06
16.90555555555536 -1.126826956867768e-05 -1.252958970330307e-06
16.90833333333314 -1.085257897173697e-05 -4.061612633944735e-06
16.91111111111091 -9.736474193507402e-06 -6.741133195010612e-06
16.91388888888869 -7.958468226908134e-06 -9.116753638481649e-06
16.91666666666647 -5.600709715491085e-06 -1.102488130240509e-05
16.91944444444424 -2.785803941750711e-06 -1.232400043600291e-05
16.92222222222202 3.290923104709692e-07 -1.290468348958701e-05
16.92499999999979 3.560654923667241e-06 -1.269802892678043e-05
16.92777777777757 6.709837678455965e-06 -1.168191125868213e-05
16.93055555555535 9.573808247988131e-06 -9.88453974508271e-06
16.93333333333312 1.195868160176939e-05 -7.3849707588601e-06
16.9361111111109 1.369227308754381e-05 -4.310397435537014e-06
16.93888888888868 1.463605510692477e-05 -8.302388657019712e-07
16.94166666666645 1.469551370502882e-05 2.852742128215586e-06
16.94444444444423 1.382816623097062e-05 6.513861635535429e-06
16.94722222222201 1.204861684830261e-05 9.919862906383024e-06
16.94999999999978 9.430188057739463e-06 1.284342248732184e-05
16.95277777777756 6.102865294359959e-06 1.507793593557676e-05
16.95555555555534 2.247516992742451e-06 1.645164573459113e-05
16.95833333333311 -1.913409068968716e-06 1.684017278825425e-05
16.96111111111089 -6.128275673362688e-06 1.617657229470899e-05
16.96388888888866 -1.013107538662189e-05 1.445815392897647e-05
16.96666666666644 -1.365783498676766e-05 1.17494801947067e-05
16.96944444444422 -1.646361976838378e-05 8.181176831870659e-06
16.97222222222199 -1.833906849530081e-05 3.944443158822881e-06
16.97499999999977 -1.912537134392895e-05 -7.185767412717379e-07
16.97777777777755 -1.872665448834167e-05 -5.52812588477292e-06
16.98055555555532 -1.711885594100576e-05 -1.018317365912692e-05
16.9833333333331 -1.435436324098301e-05 -1.437984061174229e-05
16.98611111111088 -1.056192546808893e-05 -1.783081020528435e-05
16.98888888888865 -5.941636667002349e-06 -2.028451572359196e-05
16.99166666666643 -7.550984864991263e-07 -2.154285095707344e-05
16.99444444444421 4.688812407383323e-06 -2.147619341313153e-05
16.99722222222198 1.005184223402566e-05 -2.003464961337523e-05
16.99999999999976 1.498692295325782e-05 -1.725462933619242e-05
17.00277777777753 1.916018237868475e-05 -1.326012001735707e-05
17.00555555555531 2.227303626542502e-05 -8.258349675438618e-06
17.00833333333309 2.408293204566774e-05 -2.529878308302283e-06
17.01111111111086 2.442133935669781e-05 3.586477760561311e-06
17.01388888888864 2.320770087750622e-05 9.713129922393067e-06
17.01666666666642 2.04582646481546e-05 1.545653088520867e-05
17.01944444444419 1.628900634375944e-05 2.043197538098358e-05
17.02222222222197 1.091220159229982e-05 2.428885822026667e-05
17.02499999999975 4.62660412085577e-06 2.673476463020748e-05
17.02777777777752 -2.19839875670538e-06 2.75567748032137e-05
17.0305555555553 -9.143872476157111e-06 2.663847789914849e-05
17.03333333333308 -1.576650681733755e-05 2.397140757405473e-05
17.03611111111085 -2.162640022461435e-05 1.965992169843576e-05
17.03888888888863 -2.63157514994441e-05 1.3918936903209e-05
17.0416666666664 -2.948662275175019e-05 7.064371753093802e-06
17.04444444444418 -3.087592180302131e-05 -5.03376118962788e-07
17.04722222222196 -3.032585757198569e-05 -8.322123532366757e-06
17.04999999999973 -2.779834656718492e-05 -1.589553303763319e-05
17.05277777777751 -2.338218271864611e-05 -2.272407432055822e-05
17.05555555555529 -1.72922089970598e-05 -2.833742353438743e-05
17.05833333333306 -9.860223342165704e-06 -3.232623655947786e-05
17.06111111111084 -1.517883570095677e-06 -3.437118924461663e-05
17.06388888888862 7.227587418631959e-06 -3.426727183038549e-05
17.06666666666639 1.58235889497729e-05 -3.194155549361232e-05
17.06944444444417 2.370647489731225e-05 -2.746300669780097e-05
17.07222222222195 3.033794057598855e-05 -2.104339137381551e-05
17.07499999999972 3.524115494342649e-05 -1.302885949091361e-05
17.0777777777775 3.803425374645433e-05 -3.882398351451755e-06
17.08055555555528 3.845888871513054e-05 5.842047647104824e-06
17.08333333333305 3.640176298896084e-05 1.553241192779082e-05
17.08611111111083 3.190746437708311e-05 2.455640335646863e-05
17.0888888888886 2.518141641711541e-05 3.230216628908682e-05
17.09166666666638 1.658237386561478e-05 3.821913059147214e-05
17.09444444444416 6.604557872262963e-06 4.185636669514732e-05
17.09722222222193 -4.149785301962414e-06 4.289582181784591e-05
17.09999999999971 -1.50059545563196e-05 4.117805094239241e-05
17.10277777777749 -2.525845228175238e-05 3.671846121379475e-05
17.10555555555526 -3.421620876789785e-05 2.971264074309289e-05
17.10833333333304 -4.124851851549407e-05 2.053001141535343e-05
17.11111111111082 -4.582867892626905e-05 9.695790203750876e-06
17.11388888888859 -4.757236057226797e-05 -2.137981976481209e-06
17.11666666666637 -4.626797602509719e-05 -1.423083117645852e-05
17.11944444444415 -4.189674289546664e-05 -2.57994666725722e-05
17.12222222222192 -3.464073504628407e-05 -3.606786667560078e-05
17.1249999999997 -2.487795045978194e-05 -4.43186784310212e-05
17.12777777777747 -1.316425110290974e-05 -4.994257369551524e-05
17.13055555555525 -2.028975988677557e-07 -5.248221288529504e-05
17.13333333333303 1.319674688455849e-05 -5.166770714439587e-05
17.1361111111108 2.61689909424732e-05 -4.74409198376651e-05
17.13888888888858 3.784706493987428e-05 -3.996659539915257e-05
17.14166666666636 4.742037089228747e-05 -2.962910805066496e-05
17.14444444444413 5.418999793863722e-05 -1.701453764911449e-05
17.14722222222191 5.761875083468532e-05 -2.878747612690915e-06
17.14999999999969 5.73721708766149e-05 1.189690240506683e-05
17.15277777777746 5.33475045680295e-05 2.635969328783185e-05
17.15555555555524 4.568827217012692e-05 3.954627030496322e-05
17.15833333333302 3.478296730571661e-05 5.054613678417097e-05
17.16111111111079 2.124742760009207e-05 5.856378138148933e-05
17.16388888888857 5.89149184305678e-06 6.29752496263721e-05
17.16666666666634 -1.032836855294265e-05 6.337519634238308e-05
17.16944444444412 -2.636775917486636e-05 5.961095529454295e-05
17.1722222222219 -4.116087704458102e-05 5.180091214069336e-05
17.17499999999967 -5.369064965462638e-05 4.033542488060419e-05
17.17777777777745 -6.305793284729345e-05 2.585964535159966e-05
17.18055555555523 -6.854510972133991e-05 9.23878649700398e-06
17.183333333333 -6.966965066354019e-05 -8.492424285430187e-06
17.18611111111078 -6.622371861385406e-05 -2.619324589383261e-05
17.18888888888856 -5.829670906274537e-05 -4.268955326456368e-05
17.19166666666633 -4.627865642129822e-05 -5.685103043394528e-05
17.19444444444411 -3.084365508252711e-05 -6.766790312460589e-05
17.19722222222189 -1.291375849570869e-05 -7.432205202451165e-05
17.19999999999966 6.394852604147261e-06 -7.624755610002655e-05
17.20277777777744 2.584039037537609e-05 -7.31762642584282e-05
17.20555555555521 4.413453846663559e-05 -6.516485782418658e-05
17.20833333333299 6.002711433338723e-05 -5.260099774470758e-05
17.21111111111077 7.239080401165645e-05 -3.618748154629326e-05
17.21388888888854 8.030027628729723e-05 -1.690478231884708e-05
17.21666666666632 8.310018022437728e-05 4.046188782806369e-06
17.2194444444441 8.045710502637125e-05 2.531786274610682e-05
17.22222222222187 7.239150760327389e-05 4.550188339842293e-05
17.22499999999965 5.928683965237213e-05 6.322166014213606e-05
17.22777777777743 4.187455904087488e-05 7.722557364668837e-05
17.2305555555552 2.119529848620143e-05 8.647457341845329e-05
17.23333333333298 -1.461915563862752e-06 9.021809105821419e-05
17.23611111111076 -2.463895841278096e-05 8.805279559477389e-05
17.23888888888853 -4.680162368040862e-05 7.995970989775002e-05
17.24166666666631 -6.644049275322407e-05 6.63165346918477e-05
17.24444444444408 -8.217307897038865e-05 4.788360936305934e-05
17.24722222222186 -9.284038322850184e-05 2.576367684646e-05
17.24999999999964 -9.759116997301943e-05 1.337399915373878e-06
17.25277777777741 -9.594790478648205e-05 -2.382172181177385e-05
17.25555555555519 -8.784935811284238e-05 -4.804787928025257e-05
17.25833333333297 -7.366631484225984e-05 -6.969257054713679e-05
17.26111111111074 -5.418855001354394e-05 -8.723614715116499e-05
17.26388888888852 -3.058312805550643e-05 -9.939379025031591e-05
17.2666666666663 -4.326032626133093e-06 -0.0001052085763423254
17.26944444444407 2.288899535501503e-05 -0.0001041249570334012
17.27222222222185 4.925887260875918e-05 -9.603711646976992e-05
17.27499999999963 7.298997025326836e-05 -8.130821999670243e-05
17.2777777777774 9.241951903440215e-05 -6.075843455684642e-05
17.28055555555518 0.0001061314516790337 -3.562166693583634e-05
17.28333333333295 0.0001130586594137732 -7.47309467888133e-06
17.28611111111073 0.0001125643402418033 2.186838755320144e-05
17.28888888888851 0.0001044963373308791 5.045685885310867e-05
17.29166666666628 8.921003821786914e-05 7.634778310102944e-05
17.29444444444406 6.755742782066147e-05 9.772971915314209e-05
17.29722222222184 4.084213178962807e-05 0.0001130504531473775
17.29999999999961 1.074260391217829e-05 0.0001211288146283844
17.30277777777739 -2.079215484006464e-05 0.0001212441789864467
17.30555555555517 -5.166796315514602e-05 0.0001131969675966736
17.30833333333294 -7.978391746900857e-05 9.733526001768431e-05
17.31111111111072 -0.0001031748385587345 7.454481949914604e-05
17.3138888888885 -0.0001201480899827037 4.620226414802661e-05
17.31666666666627 -0.0001294052836252324 1.409363095072456e-05
17.31944444444405 -0.0001301401739075545 -1.969699227158699e-05
17.32222222222182 -0.0001221054465681227 -5.292192040517086e-05
17.3249999999996 -0.000105643050304938 -8.33188048501693e-05
17.32777777777738 -8.167508066081556e-05 -0.0001087642286821466
17.33055555555515 -5.165485382432299e-05 -0.0001274215737600101
17.33333333333293 -1.748052944403595e-05 -0.0001378728993959204
17.33611111111071 1.862372907422544e-05 -0.000139225410308227
17.33888888888848 5.425171478141028e-05 -0.000131184599526313
17.34166666666626 8.697500778018017e-05 -0.0001140882430947789
17.34444444444404 0.0001145081066139344 -8.889796858292102e-05
17.34722222222181 0.0001348676663363898 -5.714795445407333e-05
17.34999999999959 0.0001465147804505072 -2.085325385800653e-05
17.35277777777737 0.0001484701411933097 1.761692599760879e-05
17.35555555555514 0.000140393533201942 5.5693117722957e-05
17.35833333333292 0.0001226213655174152 9.077673041484388e-05
17.3611111111107 9.615868617902278e-05 0.0001204170745687406
17.36388888888847 6.262517487707779e-05 0.0001424822460929756
17.36666666666625 2.415776866210539e-05 0.00015531198037093
17.36944444444402 -1.672437262224566e-05 0.000157841552286572
17.3722222222218 -5.728412481566281e-05 0.000149687541204499
17.37499999999958 -9.474923469865366e-05 0.0001311886990118135
17.37777777777735 -0.0001265015588500854 0.0001033981029803868
17.38055555555513 -0.0001502598137721949 6.802605168178292e-05
17.38333333333291 -0.0001642431016919577 2.733655200116957e-05
17.38611111111068 -0.0001673035188339409 -1.59964842140567e-05
17.38888888888846 -0.0001590180292780794 -5.906429409085694e-05
17.39166666666624 -0.0001397323867715685 -9.891816750931243e-05
17.39444444444401 -0.0001105530450890955 -0.0001327711763225825
17.39722222222179 -7.328650794118098e-05 -0.0001581929480161062
17.39999999999957 -3.032919589292298e-05 -0.0001732838855921961
17.40277777777734 1.548559942899956e-05 -0.0001768163661611507
17.40555555555512 6.107399047716595e-05 -0.0001683324718599064
17.40833333333289 0.0001033088067791418 -0.0001481905974285767
17.41111111111067 0.0001392340391660167 -0.0001175566616838461
17.41388888888845 0.0001662717234263353 -7.833940253865156e-05
17.41666666666622 0.0001824067913115774 -3.307310363197429e-05
17.419444444444 0.0001863366479124873 1.524518216341936e-05
17.42222222222178 0.0001775744127349893 6.335354362500463e-05
17.42499999999955 0.0001564977555353424 0.0001079452373369922
17.42777777777733 0.000124338875428763 0.0001458960114903371
17.43055555555511 8.31151734758727e-05 0.0001744831065906572
17.43333333333288 3.550428337492378e-05 0.0001915805814452629
17.43611111111066 -1.532893312116336e-05 0.0001958169575562773
17.43888888888844 -6.594232897125975e-05 0.000186683523527562
17.44166666666621 -0.0001128494700326383 0.0001645848495547176
17.44444444444399 -0.0001527599341327514 0.0001308269234764653
17.44722222222176 -0.0001828103479640309 8.75425771337728e-05
17.44999999999954 -0.0002007699312019846 3.755823480121988e-05
17.45277777777732 -0.0002052057900035669 -1.578981921890345e-05
17.45555555555509 -0.0001955957342437856 -6.887778472127433e-05
17.45833333333287 -0.0001723798277083102 -0.0001180405205379964
17.46111111111065 -0.0001369459945896014 -0.0001598248365748082
17.46388888888842 -9.154952357695187e-05 -0.0001912323896645142
17.4666666666662 -3.917092332384322e-05 -0.0002099350812494476
17.46944444444398 1.667903172312214e-05 -0.0002144474709531813
17.47222222222175 7.219438032145434e-05 -0.000204243450002677
17.47499999999953 0.0001235334669765054 -0.0001798080911136746
17.47777777777731 0.0001670851572896603 -0.0001426199662182712
17.48055555555508 0.0001997233110295586 -9.506400567163766e-05
17.48333333333286 0.0002190315548047196 -4.027983355677447e-05
17.48611111111063 0.000223482171756523 1.804488698115487e-05
17.48888888888841 0.0002125558673943484 7.592255489052971e-05
17.49166666666619 0.0001867930921146533 0.0001293385081091379
17.49444444444396 0.0001477722431212927 0.0001745299958755226
17.49722222222174 9.801511702333203e-05 0.000208251835078639
17.49999999999952 4.08250906989521e-05 0.0002280099600612384
17.50277777777729 -1.993168666960047e-05 0.0002322460271099403
17.50555555555507 -8.008764689975957e-05 0.0002204594025229962
17.50833333333285 -0.000135460046130356 0.0001932570435305527
17.51111111111062 -0.000182142421902781 0.0001523266963545396
17.5138888888884 -0.000216780919732515 0.0001003341505853074
17.51666666666618 -0.0002368158987860443 4.075063523960515e-05
17.51944444444395 -0.000240671371664591 -2.237855756577654e-05
17.52222222222173 -0.0002278782407006415 -8.470883900344063e-05
17.5249999999995 -0.000199121741760667 -0.0001418958200154372
17.52777777777728 -0.0001562086981504145 -0.0001898988664344278
17.53055555555506 -0.0001019557663080862 -0.0002252674576494167
17.53333333333283 -4.0005433008043e-05 -0.0002453900008983277
17.53611111111061 2.54182938089161e-05 -0.0002486871096499274
17.53888888888839 8.979814420915653e-05 -0.0002347350149432148
17.54166666666616 0.0001486361167673392 -0.0002043095032587299
17.54444444444394 0.0001977686225011441 -0.0001593462445099897
17.54722222222172 0.0002336621077657483 -0.0001028192124887166
17.54999999999949 0.0002536681029931042 -3.85446992157623e-05
17.55277777777727 0.000256219228815698 2.907622736065127e-05
17.55555555555505 0.0002409516169032728 9.535946140929515e-05
17.55833333333282 0.0002087442099457455 0.0001556630886373069
17.5611111111106 0.0001616711532576975 0.0002057134803761935
17.56388888888837 0.0001028695816649824 0.0002419092799999264
17.56666666666615 3.633111191587018e-05 0.0002615815860685827
17.56944444444393 -3.336915471003916e-05 0.0002631914664213524
17.5722222222217 -0.0001013877295279116 0.0002464501397082602
17.57499999999948 -0.0001629502043758152 0.0002123524547164007
17.57777777777726 -0.0002136875221794699 0.0001631203210306756
17.58055555555503 -0.0002499472920489299 0.0001020590781235612
17.58333333333281 -0.0002690578841544325 3.333598737044839e-05
17.58611111111059 -0.0002695261306832608 -3.830434967930401e-05
17.58888888888836 -0.0002511539474510976 -0.0001078682100262566
17.59166666666614 -0.0002150647734547899 -0.0001704618616790582
17.59444444444392 -0.0001636370183364896 -0.0002216370980867866
17.59722222222169 -0.0001003482705257481 -0.000257708713757082
17.59999999999947 -2.954038735268569e-05 -0.0002760211711492695
17.60277777777724 4.387869330613292e-05 -0.0002751450761099303
17.60555555555502 0.000114775927154409 -0.0002549888609161266
17.6083333333328 0.0001781531861306282 -0.0002168169450780728
17.61111111111057 0.0002295010032020966 -0.0001631721975806321
17.61388888888835 0.0002651209101817923 -9.770729998348124e-05
17.61666666666613 0.0002823932280276082 -2.493612660221527e-05
17.6194444444439 0.0002799708256348982 5.007795203674602e-05
17.62222222222168 0.0002578844436876055 0.0001220752939959466
17.62499999999946 0.0002175513362215439 0.0001859700390895119
17.62777777777723 0.0001616857850540032 0.000237210869949376
17.63055555555501 9.411701133859728e-05 0.0002721067892753614
17.63333333333279 1.952664764069997e-05 0.0002880944867840196
17.63611111111056 -5.68762347804831e-05 0.000283927826547201
17.63888888888834 -0.0001297199499734638 0.0002597753672599017
17.64166666666612 -0.0001938492530509798 0.0002172182625233865
17.64444444444389 -0.0002446917857147538 0.0001591479244645804
17.64722222222167 -0.0002785857541553714 8.956997356960954e-05
17.64999999999944 -0.0002930452411915814 1.33277301194852e-05
17.65277777777722 -0.0002869438211160486 -6.423565759359871e-05
17.655555555555 -0.0002606028283706275 -0.0001376528320007388
17.65833333333277 -0.0002157773342329995 -0.0002017191080955454
17.66111111111055 -0.0001555401369388657 -0.0002518631394758732
17.66388888888833 -8.40713544187699e-05 -0.0002844748533631588
17.6666666666661 -6.368002939133563e-06 -0.0002971670078539893
17.66944444444388 7.210624182040938e-05 -0.0002889513067317183
17.67222222222166 0.000145806496879625 -0.0002603159867456831
17.67499999999943 0.0002095000571406725 -0.0002131987503328587
17.67777777777721 0.0002586396944457538 -0.0001508563606826372
17.68055555555499 0.000289690115528638 -7.763961457378651e-05
17.68333333333276 0.0003003840143511483 1.310770364329263e-06
17.68611111111054 0.0002898890545794184 8.042606741909019e-05
17.68888888888831 0.0002588733870299561 0.0001541037068805231
17.69166666666609 0.0002094645027128137 0.0002171057009892214
17.69444444444387 0.0001451038328859791 0.0002649328764899433
17.69722222222164 7.030698825800306e-05 0.0002941480476626207
17.69999999999942 -9.653658919722708e-06 0.0003026247847662557
17.7027777777772 -8.912169789182711e-05 0.0002897036506000394
17.70555555555497 -0.0001624582838478877 0.0002562443251055686
17.70833333333275 -0.0002244440067379516 0.0002045694504220251
17.71111111111053 -0.000270652260482012 0.0001383037771199201
17.7138888888883 -0.0002977672691623151 6.211971991469985e-05
17.71666666666608 -0.0003038237868176548 -1.859280568431959e-05
17.71944444444386 -0.0002883510180208497 -9.810888688251922e-05
17.72222222222163 -0.0002524101165567246 -0.0001707762296875804
17.72499999999941 -0.0001985222237888153 -0.0002314187552296675
17.72777777777718 -0.0001304918615518939 -0.0002757072290790055
17.73055555555496 -5.313803089048469e-05 -0.0003004702468106677
17.73333333333274 2.804795760538207e-05 -0.0003039230994773803
17.73611111111051 0.000107293569123245 -0.000285797877341507
17.73888888888829 0.000178957103062865 -0.0002473652238643084
17.74166666666607 0.0002379311951045564 -0.0001913459194376071
17.74444444444384 0.0002800087709465376 -0.0001217183968165872
17.74722222222162 0.0003021850898826529 -4.343579557847476e-05
17.7499999999994 0.0003028740556259324 3.792729276909409e-05
17.75277777777717 0.0002820230975502592 0.0001165731302970633
17.75555555555495 0.0002411181992676851 0.000186895633635574
17.75833333333273 0.0001830785499867541 0.0002438818729779334
17.7611111111105 0.0001120482473989046 0.0002834713785072122
17.76388888888828 3.309991330755324e-05 0.0003028473592343676
17.76666666666605 -4.812854444302981e-05 0.0003006388112296669
17.76944444444383 -0.0001258379416790554 0.0002770188917511226
17.77222222222161 -0.000194483546691454 0.0002336924021508062
17.77499999999938 -0.0002491726016079124 0.0001737732165682464
17.77777777777716 -0.0002860149991901461 0.0001015604367755281
17.78055555555494 -0.0003024018402315217 2.222937021579523e-05
17.78333333333271 -0.0002971917909678984 -5.854041309046255e-05
17.78611111111049 -0.0002707918114347975 -0.0001349731365039495
17.78888888888827 -0.0002251264534493076 -0.0002016115626588434
17.79166666666604 -0.0001634979782035877 -0.0002537085209852051
17.79444444444382 -9.034743426776683e-05 -0.000287566989191297
17.7972222222216 -1.093399418654458e-05 -0.0003008042268381922
17.79999999999937 6.90442481946133e-05 -0.0002925209603672082
17.80277777777715 0.0001438605961126154 -0.0002633634964543456
17.80555555555492 0.0002081715283424704 -0.0002154743948506932
17.8083333333327 0.0002574002013971708 -0.0001523353994041544
17.81111111111048 0.0002880640152348058 -7.851412032038309e-05
17.81388888888825 0.0002980226633484605 6.670846081083694e-07
17.81666666666603 0.0002866288764518871 7.951597236366829e-05
17.81944444444381 0.0002547711423587369 0.0001523811055209983
17.82222222222158 0.0002048055274584068 0.0002140586298969234
17.82499999999936 0.0001403817659745709 0.0002601657329937075
17.82777777777714 6.617643652683706e-05 0.0002874538479781515
17.83055555555491 -1.244724522947657e-05 0.0002940390912643452
17.83333333333269 -8.982821108672409e-05 0.0002795334727496876
17.83611111111047 -0.0001604166303873498 0.0002450676530846179
17.83888888888824 -0.000219173632065453 0.0001932039129104276
17.84166666666602 -0.00026193274351372 0.0001277459686082824
17.84444444444379 -0.0002856969907443543 5.345973680563306e-05
17.84722222222157 -0.0002888503518014247 -2.427442754442555e-05
17.84999999999935 -0.0002712685401827369 -9.985258304628475e-05
17.85277777777712 -0.0002343214549437879 -0.0001678526608809432
17.8555555555549 -0.0001807675294791658 -0.0002234250842779421
17.85833333333268 -0.0001145480641846542 -0.0002626402848277457
17.86111111111045 -4.049686635319188e-05 -0.000282768089306908
17.86388888888823 3.601338259312459e-05 -0.0002824689994474069
17.86666666666601 0.00010946209844906 -0.0002618838728209769
17.86944444444378 0.0001745805629592706 -0.0002226159571804044
17.87222222222156 0.0002267314321233027 -0.0001676070861122535
17.87499999999934 0.0002622405299925757 -0.0001009175353183385
17.87777777777711 0.0002786570725545803 -2.74260049336735e-05
17.88055555555489 0.0002749237888384171 4.752807213436581e-05
17.88333333333266 0.0002514450564924675 0.0001185336067830426
17.88611111111044 0.0002100486548087855 0.0001804998743649514
17.88888888888822 0.0001538445083434667 0.0002290229726768187
17.89166666666599 8.699127927870922e-05 0.0002607002256737935
17.89444444444377 1.438832030618036e-05 0.0002733699799802669
17.89722222222155 -5.868416064509465e-05 0.0002662598057927874
17.89999999999932 -0.0001269502310719177 0.000240032888560664
17.9027777777771 -0.0001855204814884734 0.000196729880624688
17.90555555555488 -0.0002302435942959268 0.0001396111210994371
17.90833333333265 -0.0002580018500772663 7.291136743652136e-05
17.91111111111043 -0.000266929439942465 1.525485714404415e-06
17.91388888888821 -0.0002565382234027417 -6.935153757126892e-05
17.91666666666598 -0.000227742428445911 -0.0001346037233596002
17.91944444444376 -0.0001827812247997581 -0.0001895646142699407
17.92222222222154 -0.0001250455641983979 -0.0002303522458386358
17.92499999999931 -5.882262549660372e-05 -0.0002541444338339096
17.92777777777709 1.102287802718411e-05 -0.0002593747723172387
17.93055555555486 7.940680408183283e-05 -0.0002458356753027768
17.93333333333264 0.0001413966760083657 -0.0002146816902855684
17.93611111111042 0.0001925685996105607 -0.0001683336518661314
17.93888888888819 0.0002293240867425188 -0.0001102914863323972
17.94166666666597 0.0002491440104213817 -4.48700924907052e-05
17.94444444444375 0.0002507617001836826 2.312177054374778e-05
17.94722222222152 0.0002342432502142279 8.873565720173543e-05
17.9499999999993 0.0002009700010351972 0.0001472445255608357
17.95277777777708 0.0001535253557137494 0.0001944843193038669
17.95555555555485 9.549507210338693e-05 0.0002271512778676587
17.95833333333263 3.119642247833591e-05 0.0002430336733900899
17.96111111111041 -3.464332207465303e-05 0.0002411616671854575
17.96388888888818 -9.723510516258419e-05 0.0002218651241546825
17.96666666666596 -0.0001520772904078013 0.0001867360588386088
17.96944444444373 -0.0001952803261641233 0.0001384994029805977
17.97222222222151 -0.0002238433832019233 8.080246383398395e-05
17.97499999999929 -0.0002358632295275816 1.793929680641426e-05
17.97777777777706 -0.0002306607697371473 -4.546917758488648e-05
17.98055555555484 -0.0002088168588130745 -0.0001048154511650021
17.98333333333262 -0.0001721157371488301 -0.0001558409902427747
17.98611111111039 -0.0001234012234952296 -0.0001949425815857331
17.98888888888817 -6.635714503007958e-05 -0.0002194273641105036
17.99166666666595 -5.228916367387916e-06 -0.0002276984497103842
17.99444444444372 5.549268870666898e-05 -0.0002193583258152328
17.9972222222215 0.0001114019884334802 -0.0001952234060383981
17.99999999999928 0.0001584987040688555 -0.0001572496894114885
18.00277777777705 0.0001934747889141819 -0.0001083760128196624
18.00555555555483 0.0002139471603527313 -5.229735528728213e-05
18.0083333333326 0.0002186199320702314 6.81435755318268e-06
18.01111111111038 0.0002073651141766681 6.462085198133576e-05
18.01388888888816 0.0001812168686720789 0.0001169363573460074
18.01666666666593 0.0001422808166945324 0.0001600312340817944
18.01944444444371 9.356611615254355e-05 0.0001908983093232506
18.02222222222149 3.87536068734406e-05 0.0002074628651294067
18.02499999999926 -1.808214860826934e-05 0.0002087216047336993
18.02777777777704 -7.277593873668643e-05 0.000194801328989087
18.03055555555482 -0.0001213775252389154 0.0001669340766413982
18.03333333333259 -0.000160437354689507 0.0001273516661253588
18.03611111111037 -0.0001872516599338764 7.910846462536584e-05
18.03888888888815 -0.0002000495144315774 2.584637115315914e-05
18.04166666666592 -0.0001981089072618895 -2.847993742711905e-05
18.0444444444437 -0.0001817943045556246 -7.989677091493146e-05
18.04722222222147 -0.0001525140439218993 -0.0001247023609048683
18.04999999999925 -0.0001126018310910619 -0.0001597336388130049
18.05277777777703 -6.513213425875843e-05 -0.0001825896071486624
18.0555555555548 -1.368399843739627e-05 -0.0001917955234267331
18.05833333333258 3.79286088933812e-05 -0.0001868967005286674
18.06111111111036 8.593960790697681e-05 -0.0001684760726615644
18.06388888888813 0.0001269057883711554 -0.0001380953763704849
18.06666666666591 0.0001579538669236859 -9.816542472276895e-05
18.06944444444369 0.0001769818810900762 -5.175609452027943e-05
18.07222222222146 0.0001828008140208565 -2.360927903454807e-06
18.07499999999924 0.0001752069636816254 4.636563315119831e-05
18.07777777777702 0.0001549808207081067 9.087862156866738e-05
18.08055555555479 0.000123813702314711 0.0001280005177823237
18.08333333333257 8.416869614386107e-05 0.0001551480374951072
18.08611111111034 3.908720763512424e-05 0.0001705115490966139
18.08888888888812 -8.043764805741167e-06 0.0001731746876039691
18.0916666666659 -5.374585033984954e-05 0.0001631663436547307
18.09444444444367 -9.47059495957455e-05 0.0001414423219885641
18.09722222222145 -0.0001280163645831186 0.0001097991970616992
18.09999999999923 -0.0001513810101345506 7.072785439024336e-05
18.102777777777 -0.0001632730969506689 2.721853177020312e-05
18.10555555555478 -0.0001630335049145509 -1.746744549588811e-05
18.10833333333256 -0.0001509036271513999 -6.004184169775911e-05
18.11111111111033 -0.0001279914100540412 -9.74313308157005e-05
18.11388888888811 -9.617426917150111e-05 -0.0001269991811722454
18.11666666666589 -5.794715796955352e-05 -0.0001467308241092596
18.11944444444366 -1.622797125344751e-05 -0.0001553702754491347
18.12222222222144 2.586460015969888e-05 -0.0001524982406166424
18.12499999999921 6.524388290575043e-05 -0.0001385472069128307
18.12777777777699 9.908133916588045e-05 -0.0001147535670842014
18.13055555555477 0.000125009437239405 -8.305147056704167e-05
18.13333333333254 0.0001412867448219573 -4.591731901245338e-05
18.13611111111032 0.0001469137767225142 -6.177305507195684e-06
18.1388888888881 0.0001416919833476055 3.32071028053588e-05
18.14166666666587 0.0001262226133516881 6.935948884746343e-05
18.14444444444365 0.0001018466916206016 9.969824562820996e-05
18.14722222222143 7.053168455865905e-05 0.0001221204956333262
18.1499999999992 3.471426023757891e-05 0.0001351470986389563
18.15277777777698 -2.888384153048728e-06 0.0001380188090955392
18.15555555555476 -3.94840738845414e-05 0.0001307374525531959
18.15833333333253 -7.241257178715943e-05 0.0001140501793206999
18.16111111111031 -9.933854869441193e-05 8.937910412865746e-05
18.16388888888808 -0.0001184166394049901 5.870263600354379e-05
18.16666666666586 -0.0001284169620193187 2.439825097962995e-05
18.16944444444364 -0.0001288026411082628 -1.094088376374117e-05
18.17222222222141 -0.0001197546013814141 -4.470134384406304e-05
18.17499999999919 -0.0001021429000567315 -7.444224680433625e-05
18.17777777777697 -7.744783994823356e-05 -9.807122358072215e-05
18.18055555555474 -4.763775650459651e-05 -0.0001139909123070947
18.18333333333252 -1.501343579405673e-05 -0.0001212057739514777
18.1861111111103 1.796861895558466e-05 -0.0001193821845423025
18.18888888888807 4.888054856121423e-05 -0.0001088583703818149
18.19166666666585 7.550132870244332e-05 -9.060454246802764e-05
18.19444444444363 9.597574804057088e-05 -6.613726866228259e-05
18.1972222222214 0.0001089428392586837 -3.739542528957485e-05
18.19999999999918 0.0001136249411845795 -6.587756208603053e-06
18.20277777777696 0.0001098716830020903 2.397604965486688e-05
18.20555555555473 9.815664998389234e-05 5.205789440888871e-05
18.20833333333251 7.952804827738486e-05 7.565457313576032e-05
18.21111111111028 5.551806721898918e-05 9.313996796705188e-05
18.21388888888806 2.801859368806916e-05 0.0001033760949985688
18.21666666666584 -8.667464453153172e-07 0.0001057855036884696
18.21944444444361 -2.898271817110385e-05 0.0001003805669760122
18.22222222222139 -5.428264001568803e-05 8.774850103216698e-05
18.22499999999917 -7.497672107099256e-05 6.899426453265056e-05
18.22777777777694 -8.965786886857403e-05 4.564656179604212e-05
18.23055555555472 -9.739618832815849e-05 1.95347885083906e-05
18.2333333333325 -9.779592333457007e-05 -7.353271000436307e-06
18.23611111111027 -9.10115286394264e-05 -3.302199158505919e-05
18.23888888888805 -7.772267244904977e-05 -5.561534909265419e-05
18.24166666666583 -5.907102313728283e-05 -7.355040971607648e-05
18.2444444444436 -3.656444091356852e-05 -8.562731969793573e-05
18.24722222222138 -1.19564775844516e-05 -9.110822610836125e-05
18.24999999999915 1.288927363236238e-05 -8.976005221524829e-05
18.25277777777693 3.613954749640888e-05 -8.185886033633146e-05
18.25555555555471 5.612597376908823e-05 -6.8156443839289e-05
18.25833333333248 7.146401462549388e-05 -4.981257884415773e-05
18.26111111111026 8.114785348085688e-05 -2.829883020083388e-05
18.26388888888804 8.461481572773429e-05 -5.281769814432121e-06
18.26666666666581 8.177532865225143e-05 1.750520553440927e-05
18.26944444444359 7.300709012735985e-05 3.839165822742917e-05
18.27222222222137 5.911480904124033e-05 5.589183058138113e-05
18.27499999999914 4.12594031147353e-05 6.880948684575942e-05
18.27777777777692 2.086270798309803e-05 7.631854489783666e-05
18.2805555555547 -5.045874654953663e-07 7.801415741329474e-05
18.28333333333247 -2.124302127758172e-05 7.393123919677036e-05
18.28611111111025 -3.984333234198054e-05 6.452993649829832e-05
18.28888888888802 -5.499553157770693e-05 5.065000477359611e-05
18.2916666666658 -6.568024583807664e-05 3.343831984965589e-05
18.29444444444358 -7.123603869433388e-05 1.425563089588368e-05
18.29722222222135 -7.139836888753232e-05 -5.429958600923792e-06
18.29999999999913 -6.630807425131425e-05 -2.415451279448816e-05
18.30277777777691 -5.648959277722115e-05 -4.056637377703709e-05
18.30555555555468 -4.280137710815839e-05 -5.352293102953862e-05
18.30833333333246 -2.636295868474476e-05 -6.216918373333931e-05
18.31111111111024 -8.464730409814385e-06 -6.599277487242691e-05
18.31388888888801 9.532367703205071e-06 -6.485207491940547e-05
18.31666666666579 2.629952642178703e-05 -5.897599382554118e-05
18.31944444444357 4.063741804381019e-05 -4.893634049585633e-05
18.32222222222134 5.156114417157386e-05 -3.559556796256379e-05
18.32499999999912 5.836682954942736e-05 -2.003449268882306e-05
18.32777777777689 6.067544746043055e-05 -3.465934710781787e-06
18.33055555555467 5.845128373386704e-05 1.285889865266054e-05
18.33333333333245 5.19944088519633e-05 2.774412069246497e-05
18.33611111111022 4.190848029596648e-05 4.013600199912538e-05
18.338888888888 2.904699453659825e-05 4.919668849945912e-05
18.34166666666578 1.444262017321651e-05 5.435971371185047e-05
18.34444444444355 -7.746340072222644e-07 5.536372370402228e-05
18.34722222222133 -1.546400227726634e-05 5.226256150007975e-05
18.34999999999911 -2.855872070549701e-05 4.541167288148048e-05
18.35277777777688 -3.914271884542579e-05 3.543255942539436e-05
18.35555555555466 -4.651379078563626e-05 2.315858691652513e-05
18.35833333333244 -5.022896397944396e-05 9.566745124163108e-06
18.36111111111021 -5.012924022676039e-05 -4.29913905997391e-06
18.36388888888799 -4.634250566097402e-05 -1.74077651589415e-05
18.36666666666576 -3.926506925876197e-05 -2.881632111374946e-05
18.36944444444354 -2.952386671089328e-05 -3.773750360891821e-05
18.37222222222132 -1.792274316092329e-05 -4.359289451882951e-05
18.37499999999909 -5.37730758503851e-06 -4.604915412542171e-05
18.37777777777687 7.156438037627722e-06 -4.503488251044574e-05
18.38055555555465 1.875419177885597e-05 -4.073750810343139e-05
18.38333333333242 2.859078434479872e-05 -3.358107038077152e-05
18.3861111111102 3.599808672973546e-05 -2.418715937970914e-05
18.38888888888798 4.05093933486367e-05 -1.33224571810105e-05
18.39166666666575 4.188741689058981e-05 -1.837214146469027e-06
18.39444444444353 4.013434435587804e-05 9.400471527246962e-06
18.39722222222131 3.548379045085398e-05 1.956954727573603e-05
18.39999999999908 2.837583863227001e-05 2.795527393403702e-05
18.40277777777686 1.941758137843726e-05 3.399864497203163e-05
18.40555555555463 9.332572671140628e-06 3.733260674089387e-05
18.40833333333241 -1.096680552077596e-06 3.780282321827246e-05
18.41111111111019 -1.108867905179815e-05 3.547195516090808e-05
18.41388888888796 -1.992080226326162e-05 3.060768636784746e-05
18.41666666666574 -2.698085517817921e-05 2.365593324530465e-05
18.41944444444352 -3.180867002642331e-05 1.520172996993013e-05
18.42222222222129 -3.412500482586363e-05 5.921116164225536e-06
18.42499999999907 -3.384602096158648e-05 -3.472087914811722e-06
18.42777777777685 -3.108275518975699e-05 -1.228048457455259e-05
18.43055555555462 -2.612613989947507e-05 -1.987421427889276e-05
18.4333333333324 -1.941918373759218e-05 -2.573528709236229e-05
18.43611111111018 -1.151882634475364e-05 -2.949206632802173e-05
18.43888888888795 -3.05066384771801e-06 -3.094168071146825e-05
18.44166666666573 5.339837690889198e-06 -3.005911842883458e-05
18.4444444444435 1.30358878712457e-05 -2.69927927241395e-05
18.44722222222128 1.94940728802115e-05 -2.204738464199622e-05
18.44999999999906 2.428202126035055e-05 -1.565568874695061e-05
18.45277777777683 2.710648111017243e-05 -8.341946658155161e-06
18.45555555555461 2.783006065251488e-05 -6.796998656700821e-07
18.45833333333239 2.647579153803943e-05 6.752505891943005e-06
18.46111111111016 2.321961222384468e-05 1.341419122772438e-05
18.46388888888794 1.837176599023462e-05 1.884162753431444e-05
18.46666666666572 1.234889892361513e-05 2.267941495809663e-05
18.46944444444349 5.639272119994854e-06 2.470286187508241e-05
18.47222222222127 -1.236071806289108e-06 2.482983566264876e-05
18.47499999999905 -7.763149635121034e-06 2.312158814773732e-05
18.47777777777682 -1.347288363246986e-05 1.977289944071579e-05
18.4805555555546 -1.797420961034333e-05 1.509266778307683e-05
18.48333333333238 -2.098015822784341e-05 9.476743921141167e-06
18.48611111111015 -2.23252295482328e-05 3.37532029100145e-06
18.48888888888793 -2.197309260834288e-05 -2.742494488810342e-06
18.4916666666657 -2.001439940281455e-05 -8.424173557813311e-06
18.49444444444348 -1.665524780877479e-05 -1.326669723861303e-05
18.49722222222126 -1.219750525843675e-05 -1.694455230154958e-05
18.49999999999903 -7.012766239828114e-06 -1.923090764866321e-05
18.50277777777681 -1.512124307559471e-06 -2.001064978755445e-05
