16.5 5.522452139760097e-08 2.094110817548525e-07
16.50277777777778 -6.141988026315754e-09 2.236007149601916e-07
16.50555555555555 -7.110159924710737e-08 2.198029637456939e-07
16.50833333333333 -1.34380333391385e-07 1.971254498278939e-07
16.51111111111111 -1.904884423012202e-07 1.562227197360305e-07
16.51388888888888 -2.341743345954973e-07 9.93464105543979e-08
16.51666666666666 -2.60889460124391e-07 3.026215286958601e-08
16.51944444444444 -2.672250091313492e-07 -4.596892507547833e-08
16.52222222222221 -2.512809664336184e-07 -1.233347236330738e-07
16.52499999999999 -2.129311281704506e-07 -1.953218526755638e-07
16.52777777777776 -1.539541139935554e-07 -2.55439076736639e-07
16.53055555555554 -7.800987267106457e-08 -2.977745924860919e-07
16.53333333333332 9.546920963703228e-09 -3.175415178229586e-07
16.53611111111109 1.020117043988085e-07 -3.115638298195158e-07
16.53888888888887 1.918142343574753e-07 -2.786568287519261e-07
16.54166666666665 2.711099611592519e-07 -2.198621475163194e-07
16.54444444444442 3.324348975371265e-07 -1.3850714158755e-07
16.5472222222222 3.693718254048162e-07 -4.007160296281179e-08
16.54999999999998 3.771711340440723e-07 6.813976662628071e-08
16.55277777777775 3.532696355790205e-07 1.775039927354443e-07
16.55555555555553 2.976556732728737e-07 2.787339141038347e-07
16.55833333333331 2.130386333672194e-07 3.626331384356785e-07
16.56111111111108 1.047950730157116e-07 4.208933939797334e-07
16.56388888888886 -1.931884527894368e-08 4.4686817379114e-07
16.56666666666663 -1.496793582717838e-07 4.362541642309989e-07
16.56944444444441 -2.755022021268558e-07 3.876153353617322e-07
16.57222222222219 -3.856965654716742e-07 3.026938496098625e-07
16.57499999999996 -4.698016724647307e-07 1.86466709575373e-07
16.57777777777774 -5.189303043335173e-07 4.692640185191485e-08
16.58055555555552 -5.266379180343248e-07 -1.054136756067563e-07
16.58333333333329 -4.896370773427631e-07 -2.5826424018972e-07
16.58611111111107 -4.082850358798093e-07 -3.985074202946738e-07
16.58888888888885 -2.867872701186971e-07 -5.132773481352664e-07
16.59166666666662 -1.330807055186698e-07 -5.910889215622539e-07
16.5944444444444 4.161411930568209e-08 -6.229198045932361e-07
16.59722222222218 2.23554573074533e-07 -6.031485713013855e-07
16.59999999999995 3.975052833120781e-07 -5.302580694443745e-07
16.60277777777773 5.479631153291124e-07 -4.072276037624931e-07
16.6055555555555 6.604838016977974e-07 -2.415596971015738e-07
16.60833333333328 7.230012594727715e-07 -4.491554475522438e-08
16.61111111111106 7.270241974188852e-07 1.676342425662835e-07
16.61388888888883 6.685978597875631e-07 3.787029857502579e-07
16.61666666666661 5.489320292085474e-07 5.699520649897182e-07
16.61944444444439 3.746192121931672e-07 7.236241263972562e-07
16.62222222222216 1.573978779942342e-07 8.241223435197786e-07
16.62499999999994 -8.654747163404483e-08 8.595007930179058e-07
16.62777777777772 -3.377176134607463e-07 8.227301529629383e-07
16.63055555555549 -5.747897079498595e-07 7.126139414517564e-07
16.63333333333327 -7.763605408412853e-07 5.342531831811599e-07
16.63611111111105 -9.228053150622834e-07 2.989904814278383e-07
16.63888888888882 -9.980966289994973e-07 2.380574160061126e-08
16.6416666666666 -9.914219569380743e-07 -2.698178682834536e-07
16.64444444444437 -8.984454415237682e-07 -5.574914827857277e-07
16.64722222222215 -7.220813404316567e-07 -8.138705439701602e-07
16.64999999999993 -4.72681037848611e-07 -1.014808249229377e-06
16.6527777777777 -1.675809167694914e-07 -1.139536258396348e-06
16.65555555555548 1.69988727736706e-07 -1.172683094828661e-06
16.65833333333326 5.125773651567308e-07 -1.105943155047447e-06
16.66111111111103 8.306593872985524e-07 -9.392283668368749e-07
16.66388888888881 1.09509127657089e-06 -6.811696661257177e-07
16.66666666666659 1.279684006369707e-06 -3.488844997018735e-07
16.66944444444436 1.363671634335656e-06 3.301396028831703e-08
16.67222222222214 1.333852746315386e-06 4.341248916976839e-07
16.67499999999992 1.186196565554455e-06 8.205784598423439e-07
16.67777777777769 9.267400273112212e-07 1.157797936639917e-06
16.68055555555547 5.716540792864106e-07 1.413488924802595e-06
16.68333333333324 1.464233808613615e-07 1.560606123601145e-06
16.68611111111102 -3.158415419867615e-07 1.580034932141837e-06
16.6888888888888 -7.768628622450489e-07 1.462734492070495e-06
16.69166666666657 -1.196253986031766e-06 1.211121077709109e-06
16.69444444444435 -1.534944010907489e-06 8.39524590104844e-07
16.69722222222213 -1.758687676254048e-06 3.736228379634513e-07
16.6999999999999 -1.84135604163682e-06 -1.511569936067939e-07
16.70277777777768 -1.767704355654767e-06 -6.921895262773465e-07
16.70555555555546 -1.535341803535569e-06 -1.202985763785523e-06
16.70833333333323 -1.155682169494304e-06 -1.637062383383047e-06
16.71111111111101 -6.537316602723143e-07 -1.952034983479759e-06
16.71388888888879 -6.666471324491472e-08 -2.113586343274826e-06
16.71666666666656 5.587568220770672e-07 -2.098951298685654e-06
16.71944444444434 1.169759901799023e-06 -1.899581681047609e-06
16.72222222222211 1.711872919328478e-06 -1.522707821745041e-06
16.72499999999989 2.13363528242766e-06 -9.915945256322509e-07
16.72777777777767 2.39130945965313e-06 -3.443935827421275e-07
16.73055555555544 2.453177902977585e-06 3.683861227988196e-07
16.73333333333322 2.303019971047686e-06 1.087645778277169e-06
16.736111111111 1.942413504043436e-06 1.75043758073685e-06
16.73888888888877 1.391589774169734e-06 2.295314174375403e-06
16.74166666666655 6.886836670823342e-07 2.667846205570469e-06
16.74444444444433 -1.126452749141649e-07 2.825827439307904e-06
16.7472222222221 -9.471016551899106e-07 2.743687264125283e-06
16.74999999999988 -1.742892303780937e-06 2.415673673983186e-06
16.75277777777766 -2.427726961601731e-06 1.857454566548857e-06
16.75555555555543 -2.935196111149484e-06 1.105906247936174e-06
16.75833333333321 -3.210979460718773e-06 2.170066354907784e-07
16.76111111111098 -3.218322930875432e-06 -7.380849252951123e-07
16.76388888888876 -2.942255712559838e-06 -1.678512892968629e-06
16.76666666666654 -2.392101861491167e-06 -2.520373860251773e-06
16.76944444444431 -1.601968329858589e-06 -3.183999725847604e-06
16.77222222222209 -6.290544107621377e-07 -3.601261334940577e-06
16.77499999999987 4.501863321515103e-07 -3.722242288957484e-06
16.77777777777764 1.545806863451109e-06 -3.520652946433864e-06
16.78055555555542 2.561641051748305e-06 -2.997432546169462e-06
16.7833333333332 3.403524541072248e-06 -2.182119114329757e-06
16.78611111111097 3.9877792118871e-06 -1.131743542651427e-06
16.78888888888875 4.249217367828606e-06 7.278743067028044e-08
16.79166666666653 4.147924226731231e-06 1.332631619052752e-06
16.7944444444443 3.6741464343188e-06 2.538869064280867e-06
16.79722222222208 2.850747623034832e-06 3.58167702136469e-06
16.79999999999986 1.73288104498175e-06 4.36007172668383e-06
16.80277777777763 4.047600588288208e-07 4.79137512594267e-06
16.80555555555541 -1.026338753045589e-06 4.81954416892518e-06
16.80833333333318 -2.438449437733843e-06 4.421556157335674e-06
16.81111111111096 -3.705042801885842e-06 3.611175089418408e-06
16.81388888888874 -4.706089447958733e-06 2.439623232393511e-06
16.81666666666651 -5.3391168505251e-06 9.929349678015777e-07
16.81944444444429 -5.529268211195272e-06 -6.13943627909939e-07
16.82222222222207 -5.237408201510659e-06 -2.245950031739674e-06
16.82499999999984 -4.465446123873698e-06 -3.758956601132265e-06
16.82777777777762 -3.258253874926516e-06 -5.012202698698288e-06
16.8305555555554 -1.701830036863549e-06 -5.88106224568712e-06
16.83333333333317 8.231874469163255e-08 -6.269016601751566e-06
16.83611111111095 1.946268700699809e-06 -6.117715480375548e-06
16.83888888888873 3.727602822813855e-06 -5.414122967151173e-06
16.8416666666665 5.2632399091856e-06 -4.193956617678786e-06
16.84444444444428 6.404021392473284e-06 -2.540921056577811e-06
16.84722222222205 7.028781276038898e-06 -5.815912315753865e-07
16.84999999999983 7.05660586753979e-06 1.523814396777621e-06
16.85277777777761 6.456087367676157e-06 3.594147191872495e-06
16.85555555555538 5.250585944193354e-06 5.442558117315639e-06
16.85833333333316 3.518825462948109e-06 6.892997349011623e-06
16.86111111111094 1.390535549275505e-06 7.796559332407477e-06
16.86388888888871 -9.627140880603686e-07 8.046191047670155e-06
16.86666666666649 -3.340899101439603e-06 7.58835474201515e-06
16.86944444444427 -5.532146622126381e-06 6.430441268907887e-06
16.87222222222204 -7.331221657641275e-06 4.643054525319883e-06
16.87499999999982 -8.558316462565314e-06 2.356707899701883e-06
16.8777777777776 -9.076459869305482e-06 -2.470432117294817e-07
16.88055555555537 -8.805905297563327e-06 -2.949503655230704e-06
16.88333333333315 -7.734048957135674e-06 -5.51276413502148e-06
16.88611111111092 -5.91976365541936e-06 -7.700224448396019e-06
16.8888888888887 -3.49148528635378e-06 -9.297983246443636e-06
16.89166666666648 -6.389232625032554e-07 -1.013520010400305e-05
16.89444444444425 2.401161691094608e-06 -1.010153670809708e-05
16.89722222222203 5.364109074969144e-06 -9.159957182115054e-06
16.89999999999981 7.979940186810142e-06 -7.353505669091458e-06
16.90277777777758 9.997486688142777e-06 -4.805159593799246e-06
16.90555555555536 1.120795213531586e-05 -1.710442687197472e-06
16.90833333333314 1.146574273555963e-05 1.676875382361109e-06
16.91111111111091 1.070454853186204e-05 5.065021935067979e-06
16.91388888888869 8.946992037176815e-06 8.148849422474889e-06
16.91666666666647 6.306666606920094e-06 1.063681876119342e-05
16.91944444444424 2.982023586559192e-06 1.227799762492559e-05
16.92222222222202 -7.577163528091926e-07 1.288662188643387e-05
16.92499999999979 -4.593717925645362e-06 1.236187517047445e-05
16.92777777777757 -8.184156168963545e-06 1.070086726059938e-05
16.93055555555535 -1.119414305993328e-05 8.003317530568997e-06
16.93333333333312 -1.332638564068277e-05 4.467136053168813e-06
16.9361111111109 -1.434981978324405e-05 3.748873758584628e-07
16.93888888888868 -1.412352113898911e-05 -3.928047390700437e-06
16.94166666666645 -1.261350149238005e-05 -8.061999801941972e-06
16.94444444444423 -9.900538256179792e-06 -1.164593993442251e-05
16.94722222222201 -6.177918636119735e-06 -1.433199809391977e-05
16.94999999999978 -1.73884984102932e-06 -1.583850842795901e-05
16.95277777777756 3.045780817586538e-06 -1.597849605218471e-05
16.95555555555534 7.75769961835516e-06 -1.468080640293743e-05
16.95833333333311 1.196718973443797e-05 -1.200162170972877e-05
16.96111111111089 1.527165563427961e-05 -8.124886960607595e-06
16.96388888888866 1.73334049442935e-05 -3.3511157187622e-06
16.96666666666644 1.791316401517288e-05 1.924914631118797e-06
16.96944444444422 1.689607904549434e-05 7.24602947279828e-06
16.97222222222199 1.430749858901945e-05 1.213159302126994e-05
16.97499999999977 1.031664950911398e-05 1.612026440485309e-05
16.97777777777755 5.227344137168822e-06 1.881283172186554e-05
16.98055555555532 -5.439933981268798e-07 1.991121105517289e-05
16.9833333333331 -6.501519214417471e-06 1.924987812890662e-05
16.98611111111088 -1.211182584123417e-05 1.68165316567344e-05
16.98888888888865 -1.685100328455632e-05 1.275963607346182e-05
16.99166666666643 -2.025281916101671e-05 7.381593128461343e-06
16.99444444444421 -2.195365374970968e-05 1.117556418139406e-06
16.99722222222198 -2.172993665106489e-05 -5.498779007121964e-06
16.99999999999976 -1.952433849952081e-05 -1.187982741004295e-05
17.00277777777753 -1.545784435004874e-05 -1.743555045614682e-05
17.00555555555531 -9.826010312338701e-06 -2.162725144775842e-05
17.00833333333309 -3.079086411152919e-06 -2.401889104525273e-05
17.01111111111086 4.212842039659382e-06 -2.432111429706453e-05
17.01388888888864 1.140711684931002e-05 -2.242364729688901e-05
17.01666666666642 1.784434735379083e-05 -1.841260999794979e-05
17.01944444444419 2.290805499120329e-05 -1.25705354761108e-05
17.02222222222197 2.608280051415638e-05 -5.35838544469605e-06
17.02499999999975 2.700539237165483e-05 2.619520638719901e-06
17.02777777777752 2.55041896735306e-05 1.066513496141012e-05
17.0305555555553 2.162240521148553e-05 1.804689728219145e-05
17.03333333333308 1.562262067562655e-05 2.406542834707261e-05
17.03611111111085 7.971343867219628e-06 2.811887950851465e-05
17.03888888888863 -6.957703941203785e-07 2.976191332986966e-05
17.0416666666664 -9.62560644314952e-06 2.875263414317965e-05
17.04444444444418 -1.801209527567006e-05 2.508267048150202e-05
17.04722222222196 -2.506811164931139e-05 1.898697332125353e-05
17.04999999999973 -3.009843085382558e-05 1.093162854094895e-05
17.05277777777751 -3.256706620627079e-05 1.579943394802962e-06
17.05555555555529 -3.215256300400871e-05 -8.260917433221366e-06
17.05833333333306 -2.878568373857487e-05 -1.770858509761462e-05
17.06111111111084 -2.266532744069005e-05 -2.588369279349295e-05
17.06388888888862 -1.425037445684708e-05 -3.199079190065696e-05
17.06666666666639 -4.227282835378818e-06 -3.53946184388616e-05
17.06944444444417 6.544502876700254e-06 -3.568449482670617e-05
17.07222222222195 1.710513868186764e-05 -3.272047049750142e-05
17.07499999999972 2.647894687864498e-05 -2.665624792761465e-05
17.0777777777775 3.376360493623849e-05 -1.79358985478465e-05
17.08055555555528 3.82158937547483e-05 -7.263684081760928e-06
17.08333333333305 3.932595390230541e-05 4.451237880950404e-06
17.08611111111083 3.687275796686581e-05 1.61710528011427e-05
17.0888888888886 3.095497210174536e-05 2.682020473300219e-05
17.09166666666638 2.199344104139885e-05 3.53831261669392e-05
17.09444444444416 1.070401942350032e-05 4.099999494863428e-05
17.09722222222193 -1.957827035634304e-06 4.305158720394995e-05
17.09999999999971 -1.487655732594987e-05 4.122497536310145e-05
17.10277777777749 -2.687374573854489e-05 3.555329233078917e-05
17.10555555555526 -3.681456973456649e-05 2.64249393118549e-05
17.10833333333304 -4.371406955951127e-05 1.456028059426775e-05
17.11111111111082 -4.68333285809802e-05 9.568144167769637e-07
17.11388888888859 -4.575630189204697e-05 -1.319322911623585e-05
17.11666666666637 -4.043948280913766e-05 -2.660620964288772e-05
17.11944444444415 -3.122883871493577e-05 -3.802248253802646e-05
17.12222222222192 -1.884128880827049e-05 -4.632361565248452e-05
17.1249999999997 -4.31119364621202e-06 -5.064060906324577e-05
17.12777777777747 1.109440537781497e-05 -5.044276304629973e-05
17.13055555555525 2.598502161364427e-05 -4.559827286763716e-05
17.13333333333303 3.897114501318562e-05 -3.63999443166527e-05
17.1361111111108 4.879282415807608e-05 -2.35524366609928e-05
17.13888888888858 5.444061132501188e-05 -8.120893480499116e-06
17.14166666666636 5.525737503256977e-05 8.555590216344962e-06
17.14444444444413 5.101086841650539e-05 2.497882445986226e-05
17.14722222222191 4.192931678310117e-05 3.962499248794218e-05
17.14999999999969 2.869546656304916e-05 5.108495352508518e-05
17.15277777777746 1.239825152339552e-05 5.819856555815716e-05
17.15555555555524 -5.554848138106381e-06 6.017033630525415e-05
17.15833333333302 -2.355791172419139e-05 5.665502231567716e-05
17.16111111111079 -3.994905128987819e-05 4.780421498527836e-05
17.16388888888857 -5.31627318203455e-05 3.426828981782878e-05
17.16666666666634 -6.187808324979704e-05 1.715207047945545e-05
17.16944444444412 -6.51492643585132e-05 -2.07317837542002e-06
17.1722222222219 -6.250515364146478e-05 -2.169465523910973e-05
17.17499999999967 -5.4008087114035e-05 -3.990938344446707e-05
17.17777777777745 -4.026484982239187e-05 -5.498878086905099e-05
17.18055555555523 -2.238736456650016e-05 -6.54415246645e-05
17.183333333333 -1.905135846585006e-06 -7.015947513507742e-05
17.18611111111078 1.936392074606072e-05 -6.85325149899081e-05
17.18888888888856 3.947353357325985e-05 -6.052061130486972e-05
17.19166666666633 5.652605658649604e-05 -4.667503217291004e-05
17.19444444444411 6.88503952092814e-05 -2.810514635536896e-05
17.19722222222189 7.516430166175799e-05 -6.392208641772394e-06
17.19999999999966 7.470540614420958e-05 1.654346529250012e-05
17.20277777777744 6.731778596050084e-05 3.861097148411756e-05
17.20555555555521 5.348462371369609e-05 5.773829930915637e-05
17.20833333333299 3.430225775847561e-05 7.206576532309482e-05
17.21111111111077 1.139626849527373e-05 8.012544783338813e-05
17.21388888888854 -1.321431035030402e-05 8.098943165024511e-05
17.21666666666632 -3.729352394079814e-05 7.437206914606589e-05
17.2194444444441 -5.859048770161039e-05 6.067532178853837e-05
17.22222222222187 -7.504870808931501e-05 4.097124821143871e-05
17.22499999999965 -8.500337265195561e-05 1.692141556982169e-05
17.22777777777743 -8.734779910760859e-05 -9.361084925619221e-06
17.2305555555552 -8.165256563117625e-05 -3.549578921039926e-05
17.23333333333298 -6.822479415871062e-05 -5.90492896934896e-05
17.23611111111076 -4.810030236145182e-05 -7.77607484304176e-05
17.23888888888853 -2.29674232622114e-05 -8.975769969617849e-05
17.24166666666631 4.972333362529721e-06 -9.374165430457334e-05
17.24444444444408 3.319552819996184e-05 -8.912525938606479e-05
17.24722222222186 5.908350389301063e-05 -7.610678925292081e-05
17.24999999999964 8.016431751028381e-05 -5.567321881611314e-05
17.25277777777741 9.434764616023502e-05 -2.952958731537676e-05
17.25555555555519 0.0001001304487202119 4.078304989419572e-08
17.25833333333297 9.675328861042652e-05 3.037402632141647e-05
17.26111111111074 8.429129562951801e-05 5.86644850266945e-05
17.26388888888852 6.366944072219565e-05 8.222320584911605e-05
17.2666666666663 3.659862508376671e-05 9.873246546217294e-05
17.26944444444407 5.43643216329098e-06 0.0001064723343921015
17.27222222222185 -2.701642063600852e-05 0.0001044972597082449
17.27499999999963 -5.776654716893456e-05 9.274474877201631e-05
17.2777777777774 -8.390300864423934e-05 7.206413816034652e-05
17.28055555555518 -0.0001028718971931139 4.416062679215653e-05
17.28333333333295 -0.0001127245807156554 1.145759638836934e-05
17.28611111111073 -0.0001123155960209771 -2.311198733778979e-05
17.28888888888851 -0.0001014302826247046 -5.636733883698926e-05
17.29166666666628 -8.082834156278563e-05 -8.517155689245777e-05
17.29444444444406 -5.219705986172892e-05 -0.0001067266180541996
17.29722222222184 -1.801628678971556e-05 -0.0001188440074057563
17.29999999999961 1.865438521795919e-05 -0.000120164916611428
17.30277777777739 5.444818444359328e-05 -0.000110308022608454
17.30555555555517 8.599932811517284e-05 -8.992912461167818e-05
17.30833333333294 0.0001102586874167311 -6.068482659241401e-05
17.31111111111072 0.0001247874276185556 -2.510130144285255e-05
17.3138888888885 0.0001280004399575756 1.364185139792227e-05
17.31666666666627 0.0001193354162617107 5.199438709270739e-05
17.31944444444405 9.93298343586896e-05 8.635983079829857e-05
17.32222222222182 6.959637472137111e-05 0.0001134319812337526
17.3249999999996 3.269664128082715e-05 0.0001305120951036538
17.32777777777738 -8.077346322622558e-06 0.0001357764070748575
17.33055555555515 -4.899548828564055e-05 0.0001284675971237165
17.33333333333293 -8.622995706330399e-05 0.0001089903656400058
17.33611111111071 -0.0001162126082323387 7.88998596194015e-05
17.33888888888848 -0.0001359761492331309 4.078154667655381e-05
17.34166666666626 -0.0001434465183430666 -1.968645744678768e-06
17.34444444444404 -0.0001376577770364239 -4.544548074196582e-05
17.34722222222181 -0.0001188674762556817 -8.559029857357408e-05
17.34999999999959 -8.855935617080459e-05 -0.000118569302610496
17.35277777777737 -4.93305884256006e-05 -0.0001411390518359485
17.35555555555514 -4.671621802152462e-06 -0.000150964378170367
17.35833333333292 4.13429712385727e-05 -0.0001468576616841333
17.3611111111107 8.442542124926784e-05 -0.0001289151388404522
17.36388888888847 0.0001204737878558599 -9.853511769793086e-05
17.36666666666625 0.0001459620099446574 -5.831381214075861e-05
17.36944444444402 0.0001582839415831217 -1.182599275973348e-05
17.3722222222218 0.0001560178839262033 3.669129110476758e-05
17.37499999999958 0.0001390849248919812 8.272409499163278e-05
17.37777777777735 0.0001087838786739344 0.0001219011067714277
17.38055555555513 6.769693432863078e-05 0.0001504083788383225
17.38333333333291 1.947224147019514e-05 0.0001653599568844701
17.38611111111068 -3.149855277649978e-05 0.0001650884493064716
17.38888888888846 -8.047947530363953e-05 0.0001493264160381083
17.39166666666624 -0.0001228299133423811 0.0001192591974003798
17.39444444444401 -0.0001544440401251788 7.744158773143827e-05
17.39722222222179 -0.0001721483986723074 2.758350744193994e-05
17.39999999999957 -0.0001740191880454593 -2.577765158891953e-05
17.40277777777734 -0.0001595876373291959 -7.768923441374997e-05
17.40555555555512 -0.000129911834337299 -0.000123242722683286
17.40833333333289 -8.75056128686477e-05 -0.0001580377500499513
17.41111111111067 -3.612847538081147e-05 -0.0001786068857446213
17.41388888888845 1.954621277167432e-05 -0.0001827602078340935
17.41666666666622 7.435564026263557e-05 -0.0001698155071292672
17.419444444444 0.0001231261159639973 -0.0001406901613549376
17.42222222222178 0.0001611614537219095 -9.784339212365106e-05
17.42499999999955 0.0001846950787387083 -4.507160570738232e-05
17.42777777777733 0.0001912623418511612 1.282648436975464e-05
17.43055555555511 0.0001799562980573996 7.048558247562001e-05
17.43333333333288 0.0001515405968430573 0.000122470897903632
17.43611111111066 0.0001084062222063446 0.0001637905615234854
17.43888888888844 5.437341261737129e-05 0.0001903750527436848
17.44166666666621 -5.645177570131747e-06 0.0001994775866101203
17.44444444444399 -6.609054520631533e-05 0.0001899561033946829
17.44722222222176 -0.0001212722051499077 0.0001624080613517424
17.44999999999954 -0.0001659041845768088 0.0001191427203656914
17.45277777777732 -0.0001956116405826968 6.3990786137533e-05
17.45555555555509 -0.0002073595245049632 1.966743387268984e-06
17.45833333333287 -0.0001997613034166781 -6.1186527495011e-05
17.46111111111065 -0.0001732364482759676 -0.0001195295645814344
17.46388888888842 -0.0001299992593533576 -0.0001674853267947552
17.4666666666662 -7.387735408378018e-05 -0.0002003727429737746
17.46944444444398 -9.974318861773378e-06 -0.0002148637262561555
17.47222222222175 5.579391250779177e-05 -0.0002093190262400141
17.47499999999953 0.0001172469013152523 -0.0001839691039961611
17.47777777777731 0.0001685210317108531 -0.0001409204258499136
17.48055555555508 0.0002046296023325056 -8.398387935900303e-05
17.48333333333286 0.0002219481288515597 -1.833889557268338e-05
17.48611111111063 0.0002185775979694219 4.993728772262739e-05
17.48888888888841 0.0001945493118876023 0.0001144324969094434
17.49166666666619 0.0001518494968418242 0.0001690024829715105
17.49444444444396 9.425868762257098e-05 0.0002083570375703181
17.49722222222174 2.701846845548906e-05 0.0002285733850233615
17.49999999999952 -4.364521877682354e-05 0.0002274869772000771
17.50277777777729 -0.0001110988989518709 0.0002049207746753077
17.50555555555507 -0.0001689250580455034 0.0001627289283165729
17.50833333333285 -0.0002115336378489119 0.0001046481200510239
17.51111111111062 -0.0002347031807903919 3.596805813178449e-05
17.5138888888884 -0.0002359991692584252 -3.694998028529192e-05
17.51666666666618 -0.0002150280897544883 -0.0001072627838852275
17.51944444444395 -0.000173500850577316 -0.0001682883353848042
17.52222222222173 -0.0001150970056609943 -0.0002141419138748961
17.5249999999995 -4.514011909838572e-05 -0.0002403045181169898
17.52777777777728 2.988724746536639e-05 -0.0002440686159461554
17.53055555555506 0.0001029447755286239 -0.0002248172123096051
17.53333333333283 0.0001670960559045857 -0.0001841075645164366
17.53611111111061 0.0002161684059372338 -0.0001255491475110314
17.53888888888839 0.0002453479602834941 -5.448497341954718e-05
17.54166666666616 0.0002516525569740484 2.249575288640899e-05
17.54444444444394 0.0002342359013330483 9.816922232620515e-05
17.54722222222172 0.0001944920332801739 0.0001653560402672844
17.54999999999949 0.0001359478170269766 0.0002176037484956392
17.55277777777727 6.395126445773418e-05 0.0002498078381210171
17.55555555555505 -1.481691302744447e-05 0.0002587113597368881
17.55833333333282 -9.296393684434841e-05 0.0002432341439773199
17.5611111111106 -0.0001630800640240236 0.0002045983639281625
17.56388888888837 -0.0002184426917241476 0.0001462362506847064
17.56666666666615 -0.0002536624158227322 7.348642501968727e-05
17.56944444444393 -0.0002652088145645382 -6.894429661453933e-06
17.5722222222217 -0.0002517645540474046 -8.73599014786385e-05
17.57499999999948 -0.0002143722739327504 -0.0001602836931790093
17.57777777777726 -0.0001563581433795009 -0.0002186840809644533
17.58055555555503 -8.303715421123944e-05 -0.0002568940155988907
17.58333333333281 -1.22612869916402e-06 -0.0002711123930919349
17.58611111111059 8.139094469317955e-05 -0.0002597827408574257
17.58888888888836 0.0001569860832130768 -0.000223761537651032
17.59166666666614 0.0002183307955732749 -0.0001662581329517185
17.59444444444392 0.0002594891009836805 -9.254989729367501e-05
17.59722222222169 0.0002763934679051588 -9.497759904225312e-06
17.59999999999947 0.0002672476451261888 7.509339239951619e-05
17.60277777777724 0.0002327164082625172 0.0001532097449876685
17.60555555555502 0.0001758822705702461 0.0002173896491199908
17.6083333333328 0.0001019713229158237 0.0002614383191199773
17.61111111111057 1.787247035497691e-05 0.0002810274921381751
17.61388888888835 -6.850569928871586e-05 0.0002741218390618449
17.61666666666613 -0.0001489802813010223 0.00024119001104781
17.6194444444439 -0.0002158712533211816 0.0001851784719572538
17.62222222222168 -0.0002627365028351394 0.0001112487922551223
17.62499999999946 -0.0002849941382058768 2.630172083768221e-05
17.62777777777723 -0.0002803717882750805 -6.166806507506562e-05
17.63055555555501 -0.000249138704333989 -0.0001443260981106217
17.63333333333279 -0.0001940969447805266 -0.0002137898484734411
17.63611111111056 -0.0001203308148147057 -0.0002633826337795473
17.63888888888834 -3.473687063740745e-05 -0.0002882773953581078
17.64166666666612 5.462204064327081e-05 -0.0002859680736691887
17.64444444444389 0.0001392780946531135 -0.0002565224048839733
17.64722222222167 0.0002111631034636 -0.0002025905879333946
17.64999999999944 0.0002633797683109334 -0.0001291674859229249
17.65277777777722 0.0002908656262186579 -4.312961473963048e-05
17.655555555555 0.0002908855719559509 4.741012909129951e-05
17.65833333333277 0.0002633048750162459 0.00013386933678868
17.66111111111055 0.0002106153588665349 0.0002080118886869811
17.66388888888833 0.0001377109013267423 0.0002627349281796643
17.6666666666661 5.143240915280188e-05 0.0002927515829283669
17.66944444444388 -4.007538655496466e-05 0.0002951035939528712
17.67222222222166 -0.0001281347179791318 0.0002694539692342555
17.67499999999943 -0.0002043600254061671 0.0002181306056045974
17.67777777777721 -0.000261458958394928 0.0001459155446703405
17.68055555555499 -0.0002939323839384473 5.959887967422695e-05
17.68333333333276 -0.0002986059803090871 -3.266102754519494e-05
17.68611111111054 -0.0002749418386794769 -0.0001221106122701771
17.68888888888831 -0.0002250993605847866 -0.000200234015219692
17.69166666666609 -0.0001537386441011912 -0.0002595663549242752
17.69444444444387 -6.75842097851666e-05 -0.0002944094528902772
17.69722222222164 2.521003930811662e-05 -0.0003013811547853077
17.69999999999942 0.0001158345235936028 -0.0002797450922343483
17.7027777777772 0.0001956627533813671 -0.000231488593985393
17.70555555555497 0.0002570750651112774 -0.0001611404947170067
17.70833333333275 0.0002941884213793353 -7.534550373373149e-05
17.71111111111053 0.000303422135671523 1.776480943301375e-05
17.7138888888883 0.0002838449136305884 0.0001093447355509499
17.71666666666608 0.0002372694247442915 0.0001906772297390216
17.71944444444386 0.0001680847440905731 0.0002540062638656652
17.72222222222163 8.284212133475156e-05 0.0002932789977124901
17.72499999999941 -1.036677061181653e-05 0.0003047265063580574
17.72777777777718 -0.0001026799656678384 0.0002872271344217907
17.73055555555496 -0.0001853102210251796 0.0002424172880158937
17.73333333333274 -0.0002503841088118114 0.0001745386386342174
17.73611111111051 -0.0002916948040525288 9.003598145670694e-05
17.73888888888829 -0.0003052963464803256 -3.056066075401562e-06
17.74166666666607 -0.0002898822631807148 -9.587902785558718e-05
17.74444444444384 -0.0002469120583591621 -0.0001795959781493797
17.74722222222162 -0.0001804732291097339 -0.0002462354776623945
17.7499999999994 -9.689183169147545e-05 -0.0002894531845731944
17.75277777777717 -4.128761167750611e-06 -0.0003051381254289912
17.75555555555495 8.898050654969113e-05 -0.0002918054717518062
17.75833333333273 0.0001735699120165879 -0.0002507381284827484
17.7611111111105 0.0002415896911161119 -0.0001858635341436477
17.76388888888828 0.000286574987449684 -0.0001033774821922605
17.76666666666605 0.0003042625603547099 -1.115105260450969e-05
17.76944444444383 0.0002929965398410061 8.202244567335988e-05
17.77222222222161 0.0002538844438959992 0.0001672682812260601
17.77499999999938 0.0001906886611470043 0.0002364782245757378
17.77777777777716 0.000109464002205994 0.0002830843236578484
17.78055555555494 1.797628976167027e-05 0.0003026844410966743
17.78333333333271 -7.504205523279404e-05 0.0002934597596433748
17.78611111111049 -0.0001607278848032039 0.0002563444943129084
17.78888888888827 -0.0002309344119322949 0.0001949318845799454
17.79166666666604 -0.000279008305672516 0.0001151258783372051
17.79444444444382 -0.0003004224247254544 2.457231925143997e-05
17.7972222222216 -0.0002932038025932178 -6.807543798956693e-05
17.79999999999937 -0.0002581162631280099 -0.0001539857628865251
17.80277777777715 -0.0001985806820144979 -0.0002249931445826562
17.80555555555492 -0.0001203411341001107 -0.0002743767692283945
17.8083333333327 -3.090954601019421e-05 -0.00029749880261334
17.81111111111048 6.115733827729573e-05 -0.0002922415506695078
17.81388888888825 0.0001470789080308836 -0.0002592021367265847
17.81666666666603 0.0002186905687340038 -0.0002016267289418959
17.81944444444381 0.0002692219813436309 -0.000125091410816199
17.82222222222158 0.000293939243126297 -3.696109388538009e-05
17.82499999999936 0.00029058989499786 5.432091464091012e-05
17.82777777777714 0.0002596087757922785 0.000140043989519262
17.83055555555491 0.0002040658537363149 0.0002120637839052996
17.83333333333269 0.0001293620103910615 0.0002635783378089412
17.83611111111047 4.270293318164856e-05 0.0002897725131735546
17.83888888888824 -4.759753759687711e-05 0.0002882695047544511
17.84166666666602 -0.000132917092785222 0.0002593469511403926
17.84444444444379 -0.0002051505453717272 0.0002058979546119635
17.84722222222157 -0.0002574820533126024 0.0001331419009566206
17.84999999999935 -0.0002850301819519974 4.811397520782884e-05
17.85277777777712 -0.0002853045695999823 -4.101661342865114e-05
17.8555555555549 -0.0002584313469255112 -0.0001257334757527712
17.85833333333268 -0.0002071268807940838 -0.0001979889731155866
17.86111111111045 -0.0001364236867840594 -0.0002509708473089109
17.86388888888823 -5.317613427996528e-05 -0.0002797463102842592
17.86666666666601 3.46054345601919e-05 -0.0002817225190493042
17.86944444444378 0.0001185273436072012 -0.0002568803343425571
17.87222222222156 0.0001906172696425827 -0.0002077602804718243
17.87499999999934 0.0002440836286487801 -0.0001392035442478369
17.87777777777711 0.0002739571289732437 -5.787435801845287e-05
17.88055555555489 0.0002775537223129053 2.838905670026189e-05
17.88333333333266 0.0002547157191680964 0.0001113316432115171
17.88611111111044 0.0002078094183970726 0.0001830734488073406
17.88888888888822 0.0001414811259683766 0.0002368601818708459
17.89166666666599 6.219662712923514e-05 0.0002677007095819137
17.89444444444377 -2.23902026146219e-05 0.0002728311722338945
17.89722222222155 -0.0001041778780922829 0.0002519624666644252
17.89999999999932 -0.000175395077578329 0.0002072889662313974
17.9027777777771 -0.0002293408579173974 0.0001432594355427631
17.90555555555488 -0.0002610166309978061 6.613392617638931e-05
17.90833333333265 -0.0002675901569859925 -1.662919207200146e-05
17.91111111111043 -0.0002486484074906853 -9.70959446475956e-05
17.91388888888821 -0.0002062167689497185 -0.0001676190324338872
17.91666666666598 -0.0001445446755369312 -0.0002215662718705895
17.91944444444376 -6.968018711928218e-05 -0.0002539456450613653
17.92222222222154 1.112389723105984e-05 -0.0002618679231960107
17.92499999999931 9.01139899543768e-05 -0.0002448039283458798
17.92777777777709 0.00015978127185774 -0.0002046135907464228
17.93055555555486 0.0002135770101404234 -0.0001453460715861986
17.93333333333264 0.0002465293444193247 -7.283220764374397e-05
17.93611111111042 0.0002557033341114608 5.889722475890492e-06
17.93888888888819 0.0002404616510941991 8.325829130333697e-05
17.94166666666597 0.0002025028439844428 0.0001519166261710232
17.94444444444375 0.0001456756756322744 0.0002054133493256202
17.94722222222152 7.558954648333043e-05 0.0002388098356274164
17.9499999999993 -9.39607491751596e-07 0.0002491365263494781
17.95277777777708 -7.655315736049789e-05 0.0002356561041014227
17.95555555555485 -0.000144058605705216 0.0001999103047749427
17.95833333333263 -0.0001971149887774328 0.0001455481514008346
17.96111111111041 -0.00023082942035043 7.79543981101901e-05
17.96388888888818 -0.0002422085686427014 3.715947820584128e-06
17.96666666666596 -0.0002304233894485275 -7.002085063327424e-05
17.96944444444373 -0.0001968638187630193 -0.0001362392281055258
17.97222222222151 -0.0001449805452900316 -0.0001887207986744716
17.97499999999929 -7.993144925192084e-05 -0.0002226302873231243
17.97777777777706 -8.068838155004504e-06 -0.0002349611258417178
17.98055555555484 6.368153073009613e-05 -0.0002248008495788088
17.98333333333262 0.0001284888653300866 -0.0001933930006497665
17.98611111111039 0.0001802685851928721 -0.0001439920458497275
17.98888888888817 0.0002142542175132139 -8.15277197941102e-05
17.99166666666595 0.0002274361312459087 -1.211328901592269e-05
17.99444444444372 0.0002188267367894222 5.755321772455524e-05
17.9972222222215 0.0001895289308835097 0.0001208361107050384
17.99999999999928 0.0001426037349972779 0.000171794874127089
18.00277777777705 8.275239062998213e-05 0.0002057423047044475
18.00555555555483 1.584577612507047e-05 0.0002196754701190729
18.0083333333326 -5.165177478625714e-05 0.0002125398887942802
18.01111111111038 -0.0001133076661944988 0.0001853038528197737
18.01388888888816 -0.0001633347140900662 0.000140838334035102
18.01666666666593 -0.000197134693466161 8.361662103318902e-05
18.01944444444371 -0.0002117206770059124 1.926492985984712e-05
18.02222222222149 -0.00020597941337241 -4.599090910344581e-05
18.02499999999926 -0.0001807508734785452 -0.0001059282498564245
18.02777777777704 -0.0001387199474357926 -0.0001549215001809993
18.03055555555482 -8.413335808373641e-05 -0.000188470336219771
18.03333333333259 -2.237142661031822e-05 -0.000203612649204539
18.03611111111037 4.058219002066112e-05 -0.0001991843848711585
18.03888888888815 9.872052327619675e-05 -0.0001759036708263095
18.04166666666592 0.0001465868187834356 -0.0001362738072092534
18.0444444444437 0.0001797867708504922 -8.431714059815378e-05
18.04722222222147 0.0001953913784727393 -2.516786894398862e-05
18.04999999999925 0.0001921935550725311 3.543508320980064e-05
18.05277777777703 0.0001707962102823474 9.170503860198735e-05
18.0555555555548 0.0001335260204989418 0.0001383603139252198
18.05833333333258 8.418389993635829e-05 0.0001711199200344444
18.06111111111036 2.765865645472629e-05 0.0001870957027560737
18.06388888888813 -3.055699963562454e-05 0.0001850450806432822
18.06666666666591 -8.490020465628965e-05 0.0001654624728948145
18.06944444444369 -0.0001302695754109172 0.0001305033228559078
18.07222222222146 -0.0001625039131876771 8.375075991264194e-05
18.07499999999924 -0.0001787630794270059 2.984984914233059e-05
18.07777777777702 -0.0001777762690957958 -2.595335800929421e-05
18.08055555555479 -0.0001599361973663353 -7.83222714520939e-05
18.08333333333257 -0.0001272328394262909 -0.0001223400487193971
18.08611111111034 -8.303583791772284e-05 -0.0001539709316635446
18.08888888888812 -3.174902510426043e-05 -0.0001704293812225797
18.0916666666659 2.162765939310845e-05 -0.0001704233448785197
18.09444444444367 7.198533231573893e-05 -0.0001542506378260432
18.09722222222145 0.0001145949664549151 -0.0001237418560539184
18.09999999999923 0.0001455510775650695 -8.205804918258476e-05
18.102777777777 0.000162128715764406 -3.336513425977081e-05
18.10555555555478 0.0001630212369047142 1.758157259552672e-05
18.10833333333256 0.000148438338954239 6.590134270569845e-05
18.11111111111033 0.0001200576020599459 0.0001070553009418771
18.11388888888811 8.083691595413824e-05 0.0001372722662744254
18.11666666666589 3.470834973318032e-05 0.0001538932692463518
18.11944444444366 -1.381502898409152e-05 0.0001556033885180892
18.12222222222144 -6.008015471393611e-05 0.0001425309297736529
18.12499999999921 -9.973973736791526e-05 0.0001162070462138389
18.12777777777699 -0.0001291601425539069 7.939238316681886e-05
18.13055555555477 -0.0001457531745830839 3.578991842983131e-05
18.13333333333254 -0.0001482015905863128 -1.03263253562551e-05
18.13611111111032 -0.0001365589371298842 -5.452956614680089e-05
18.1388888888881 -0.0001122167071532988 -9.266466671485194e-05
18.14166666666587 -7.774464200913964e-05 -0.000121238019834464
18.14444444444365 -3.66220122296007e-05 -0.0001377364040319762
18.14722222222143 7.112233512399015e-06 -0.0001408458381169871
18.1499999999992 4.925538301324482e-05 -0.0001305516195938935
18.15277777777698 8.58441975534513e-05 -0.0001081124792684475
18.15555555555476 0.0001135268420865622 -7.591396259234419e-05
18.15833333333253 0.0001298686860324627 -3.721758111586441e-05
18.16111111111031 0.0001335642105022991 4.16811521565572e-06
18.16388888888808 0.0001245368222428195 4.42614941839563e-05
18.16666666666586 0.000103919474815138 7.929018564287799e-05
18.16944444444364 7.392053674102184e-05 0.000106045167461393
18.17222222222141 3.75902094305078e-05 0.0001221734457583034
18.17499999999919 -1.488041249766776e-06 0.0001263827752287318
18.17777777777697 -3.954995693981546e-05 0.0001185408525080106
18.18055555555474 -7.301228015162461e-05 9.966188278602633e-05
18.18333333333252 -9.880917270426092e-05 7.178433173763271e-05
18.1861111111103 -0.0001146717686454196 3.775397633355632e-05
18.18888888888807 -0.0001193255146343497 9.350866682867128e-07
18.19166666666585 -0.000112588377028025 -3.512109209392984e-05
18.19444444444363 -9.536284484407813e-05 -6.701798520769165e-05
18.1972222222214 -6.952495567187869e-05 -9.183267717514756e-05
18.19999999999918 -3.772332142341729e-05 -0.0001073823859478299
18.20277777777696 -3.109412305032911e-06 -0.0001124142750627418
18.20555555555473 3.097358735286471e-05 -0.0001067023392097934
18.20833333333251 6.131273540345218e-05 -9.104434840510655e-05
18.21111111111028 8.512718516640619e-05 -6.716153487138338e-05
18.21388888888806 0.0001003216811884294 -3.751291634807082e-05
18.21666666666584 0.0001056687375527959 -5.04400079520527e-06
18.21944444444361 0.0001009038969875898 2.710460757379017e-05
18.22222222222139 8.672713676301111e-05 5.589998380460365e-05
18.22499999999917 6.471260372413981e-05 7.870194508524695e-05
18.22777777777694 3.713754312602582e-05 9.35037162064529e-05
18.23055555555472 6.748715055593146e-06 9.910640901586574e-05
18.2333333333325 -2.350991057840028e-05 9.521238007666117e-05
18.23611111111027 -5.07813009668551e-05 8.243063596529224e-05
18.23888888888805 -7.256402396662544e-05 6.219600705102442e-05
18.24166666666583 -8.694027536699405e-05 3.66119797743767e-05
18.2444444444436 -9.274263269042438e-05 8.234093734186038e-06
18.24722222222138 -8.964526584636589e-05 -2.018396720603158e-05
18.24999999999915 -7.817289798451747e-05 -4.595648342895958e-05
18.25277777777693 -5.962881503909097e-05 -6.671839570794619e-05
18.25555555555471 -3.595089373354071e-05 -8.064092638422627e-05
18.25833333333248 -9.511231616858399e-06 -8.659061652759326e-05
18.26111111111026 1.712008431147233e-05 -8.421817279218498e-05
18.26388888888804 4.142367013599552e-05 -7.39705595860631e-05
18.26666666666581 6.116804135987377e-05 -5.702725061917696e-05
18.26944444444359 7.461309612405354e-05 -3.516874346772885e-05
18.27222222222137 8.066147805028553e-05 -1.059166334734185e-05
18.27499999999914 7.894487046035662e-05 1.431052945765741e-05
18.27777777777692 6.983881616535044e-05 3.717946525077411e-05
18.2805555555547 5.440662905009525e-05 5.59140597776802e-05
18.28333333333247 3.427968852215325e-05 6.886215968871451e-05
18.28611111111025 1.148725123243844e-05 7.496430414344396e-05
18.28888888888802 -1.174665610026333e-05 7.383730457933859e-05
18.2916666666658 -3.321906583016764e-05 6.579140972109555e-05
18.29444444444358 -5.095578692695482e-05 5.178130936694328e-05
18.29722222222135 -6.33915410498561e-05 3.329750821806789e-05
18.29999999999913 -6.950622417247562e-05 1.221007782704363e-05
18.30277777777691 -6.890563607419672e-05 -9.419028122100386e-06
18.30555555555468 -6.184063004229145e-05 -2.953639287929339e-05
18.30833333333246 -4.916465725960813e-05 -4.62909221470962e-05
18.31111111111024 -3.223552907970373e-05 -5.820282348155655e-05
18.31388888888801 -1.277234391080032e-05 -6.429249479064822e-05
18.31666666666579 7.317542642505424e-06 -6.41582925847911e-05
18.31944444444357 2.612422434615351e-05 -5.799732811695395e-05
18.32222222222134 4.191565970817951e-05 -4.656901886541544e-05
18.32499999999912 5.329586805328506e-05 -3.110656100241942e-05
18.32777777777689 5.932659478261762e-05 -1.318627238615819e-05
18.33055555555467 5.960203107424755e-05 5.431550102949805e-06
18.33333333333245 5.427094071750588e-05 2.297432868442828e-05
18.33611111111022 4.400570489605607e-05 3.78248240417908e-05
18.338888888888 2.992284209211103e-05 4.866893847262923e-05
18.34166666666578 1.346401854552219e-05 5.461032829884819e-05
18.34444444444355 -3.749970712399585e-06 5.524201009989236e-05
18.34722222222133 -2.007759768629131e-05 5.066952508291692e-05
18.34999999999911 -3.401200709407329e-05 4.148498446018609e-05
18.35277777777688 -4.431883061337073e-05 2.869599203912468e-05
18.35555555555466 -5.014393486308795e-05 1.361758707211312e-05
18.35833333333244 -5.108187032318266e-05 -2.261406421793135e-06
18.36111111111021 -4.719980259651563e-05 -1.742417737568125e-05
18.36388888888799 -3.901608790271904e-05 -3.046970632502991e-05
18.36666666666576 -2.743697382045227e-05 -4.024100513160567e-05
18.36944444444354 -1.365875605892912e-05 -4.592620457993861e-05
18.37222222222132 9.542476918015462e-07 -4.712382185566987e-05
18.37499999999909 1.500359584596278e-05 -4.386721035377067e-05
18.37777777777687 2.718946197175017e-05 -3.660721794677666e-05
18.38055555555465 3.642972165026936e-05 -2.615606346985613e-05
18.38333333333242 4.195459703044849e-05 -1.3599008249935e-05
18.3861111111102 4.336873707458269e-05 -1.83225589715145e-07
18.38888888888798 4.067595952091818e-05 1.280488703062444e-05
18.39166666666575 3.426556840262787e-05 2.41619922943222e-05
18.39444444444353 2.486282760119368e-05 3.287817308616922e-05
18.39722222222131 1.344946963053451e-05 3.822536241809505e-05
18.39999999999908 1.162749585787292e-06 3.98162475908068e-05
18.40277777777686 -1.08167095026353e-05 3.762909940535495e-05
18.40555555555463 -2.137732563404696e-05 3.199734969443991e-05
18.40833333333241 -2.957861879636008e-05 2.356610832540831e-05
18.41111111111019 -3.47336636136769e-05 1.322085541949529e-05
18.41388888888796 -3.646484411306864e-05 1.995988831152918e-06
18.41666666666574 -3.472858618804239e-05 -9.027459511507148e-06
18.41944444444352 -2.980782045089383e-05 -1.88249282308281e-05
18.42222222222129 -2.227401516267912e-05 -2.652251533184984e-05
18.42499999999907 -1.292342344303561e-05 -3.147369784331562e-05
18.42777777777685 -2.694455747227543e-06 -3.331197802290374e-05
18.43055555555462 7.425377581498695e-06 -3.197535530721221e-05
18.4333333333324 1.649382686912589e-05 -2.770132440826565e-05
18.43611111111018 2.370064370572287e-05 -2.099392351589866e-05
18.43888888888795 2.843881686683797e-05 -1.256693480434557e-05
18.44166666666573 3.035416355352839e-05 -3.269437604450139e-06
18.4444444444435 2.936939652930599e-05 5.998648109735938e-06
18.44722222222128 2.568133188529034e-05 1.437272554558451e-05
18.44999999999906 1.973247924568328e-05 2.110323220381633e-05
18.45277777777683 1.216062169807085e-05 2.562164460256308e-05
18.45555555555461 3.731931094682946e-06 2.758707955066261e-05
18.45833333333239 -4.735491518341618e-06 2.690983079594072e-05
18.46111111111016 -1.24501154772556e-05 2.375048510499682e-05
18.46388888888794 -1.872007389161094e-05 1.849560886357635e-05
18.46666666666572 -2.301419126671403e-05 1.171316216084726e-05
18.46944444444349 -2.500566988271876e-05 4.092584584250266e-06
18.47222222222127 -2.459498799439923e-05 -3.624248625550491e-06
18.47499999999905 -2.191064666022826e-05 -1.071437789428276e-05
18.47777777777682 -1.728853484418615e-05 -1.654063809555407e-05
18.4805555555546 -1.123266149570518e-05 -2.060796320963782e-05
18.48333333333238 -4.361648034748044e-06 -2.260424166021082e-05
18.48611111111015 2.653457011470835e-06 -2.242248486088037e-05
18.48888888888793 9.153879182190632e-06 -2.016295044664407e-05
18.4916666666657 1.45541752614991e-05 -1.611579554490289e-05
18.49444444444348 1.839406774540811e-05 -1.072664005968583e-05
18.49722222222126 2.037656051826505e-05 -4.548930497932816e-06
18.49999999999903 2.038930229151968e-05 1.811919256180175e-06
18.50277777777681 1.850785441733681e-05 7.757058057558397e-06
