16.5 -2.674833721151157e-08 2.149122504227037e-07
16.50277777777778 -8.705980972216792e-08 2.060475510137506e-07
16.50555555555555 -1.445048626554252e-07 1.802418512882727e-07
16.50833333333333 -1.943203959260616e-07 1.3840556599851e-07
16.51111111111111 -2.320285921109344e-07 8.278959629739266e-08
16.51388888888888 -2.538145469350264e-07 1.689686472260969e-08
16.51666666666666 -2.568766926665045e-07 -5.471264081559761e-08
16.51944444444444 -2.397199530588723e-07 -1.267150018083758e-07
16.52222222222221 -2.023640944162327e-07 -1.933968754570714e-07
16.52499999999999 -1.464446664610949e-07 -2.490868345409973e-07
16.52777777777776 -7.519102855637838e-08 -2.886127169135849e-07
16.53055555555554 6.72519186883153e-09 -3.07749930883406e-07
16.53333333333332 9.346785663471971e-08 -3.03623976354482e-07
16.53611111111109 1.78426510105403e-07 -2.750316134151867e-07
16.53888888888887 2.54695195697316e-07 -2.226492443304729e-07
16.54166666666665 3.156072870015277e-07 -1.491040420035426e-07
16.54444444444442 3.552869668763451e-07 -5.889278851506617e-08
16.5472222222222 3.691739581900505e-07 4.185531461100388e-08
16.54999999999998 3.544773248465665e-07 1.457632269181682e-07
16.55277777777775 3.105169089166307e-07 2.447168815918091e-07
16.55555555555553 2.38917268568055e-07 3.304694138390898e-07
16.55833333333331 1.436285629879406e-07 3.952962032358794e-07
16.56111111111108 3.076113903952322e-08 4.326511397756148e-07
16.56388888888886 -9.176520651791932e-08 4.377710924707842e-07
16.56666666666663 -2.147412145351467e-07 4.081762081277037e-07
16.56944444444441 -3.283265145541398e-07 3.440186207533907e-07
16.57222222222219 -4.228021590621406e-07 2.482412969283635e-07
16.57499999999996 -4.893625708010464e-07 1.265216168467488e-07
16.57777777777774 -5.208852947917006e-07 -1.300990454259151e-08
16.58055555555552 -5.126146709434945e-07 -1.602677099416712e-07
16.58333333333329 -4.626983221714352e-07 -3.038998978763815e-07
16.58611111111107 -3.725232984507037e-07 -4.321240871146862e-07
16.58888888888885 -2.46811525101026e-07 -5.336521765047076e-07
16.59166666666662 -9.345115072721402e-08 -5.986346714004584e-07
16.5944444444444 7.693963432047705e-08 -6.19549118755482e-07
16.59722222222218 2.516981680092175e-07 -5.919568214204843e-07
16.59999999999995 4.170126297294003e-07 -5.150577997837337e-07
16.60277777777773 5.589677773533005e-07 -3.919858682504248e-07
16.6055555555555 6.64665678767751e-07 -2.298031223399374e-07
16.60833333333328 7.233350156160709e-07 -3.917502448717782e-08
16.61111111111106 7.273378985033823e-07 1.662678691570604e-07
16.61388888888883 6.729856445899966e-07 3.708495270382005e-07
16.61666666666661 5.610848907318385e-07 5.579923605834567e-07
16.61944444444439 3.971524159837486e-07 7.115064222666533e-07
16.62222222222216 1.912601901255712e-07 8.169279458794088e-07
16.62499999999994 -4.250005302216328e-08 8.628011494763831e-07
16.62777777777772 -2.869129801589664e-07 8.417951252248628e-07
16.63055555555549 -5.228460589446046e-07 7.515542805164422e-07
16.63333333333327 -7.306871098066983e-07 5.951961867123388e-07
16.63611111111105 -8.919100147437717e-07 3.813941309084546e-07
16.63888888888882 -9.906486172764728e-07 1.240117383215315e-07
16.6416666666666 -1.01515065382685e-06 -1.587083135152888e-07
16.64444444444437 -9.58985373430275e-07 -4.453627940457804e-07
16.64722222222215 -8.218908153683479e-07 -7.12939136360892e-07
16.64999999999993 -6.101691729815623e-07 -9.385929504255987e-07
16.6527777777777 -3.365700662341973e-07 -1.101520239659881e-06
16.65555555555548 -1.963985006937859e-08 -1.18477680798694e-06
16.65833333333326 3.17442424627846e-07 -1.17689257135633e-06
16.66111111111103 6.4847834858059e-07 -1.073135953269883e-06
16.66388888888881 9.462078922163308e-07 -8.763033965351338e-07
16.66666666666659 1.18447191328996e-06 -5.969403964533417e-07
16.66944444444436 1.340414434401396e-06 -2.529414792278689e-07
16.67222222222214 1.396546362689095e-06 1.314755768364736e-07
16.67499999999992 1.34249288235926e-06 5.273747829628796e-07
16.67777777777769 1.17626200571824e-06 9.031892571394749e-07
16.68055555555547 9.049013626532666e-07 1.227148259491351e-06
16.68333333333324 5.444526737521078e-07 1.469864811990695e-06
16.68611111111102 1.191657644315676e-07 1.606880763162119e-06
16.6888888888888 -3.400072885746391e-07 1.620957477771833e-06
16.69166666666657 -7.975567095866921e-07 1.503908627198279e-06
16.69444444444435 -1.216059591028122e-06 1.25779717167753e-06
16.69722222222213 -1.559136288376699e-06 8.953604871350181e-07
16.6999999999999 -1.794493553001892e-06 4.395832083045335e-07
16.70277777777768 -1.896808827387944e-06 -7.75970465421441e-08
16.70555555555546 -1.85020874432168e-06 -6.173951765199396e-07
16.70833333333323 -1.650113850327476e-06 -1.136969131037548e-06
16.71111111111101 -1.304260555140684e-06 -1.592705266103975e-06
16.71388888888879 -8.327682489366628e-07 -1.943756275368093e-06
16.71666666666656 -2.671907659590069e-07 -2.155554414775487e-06
16.71944444444434 3.514281633993911e-07 -2.20300863293775e-06
16.72222222222211 9.753922809379721e-07 -2.073103446676107e-06
16.72499999999989 1.553899926596495e-06 -1.766650570941356e-06
16.72777777777767 2.037048522019963e-06 -1.299000073362889e-06
16.73055555555544 2.379991593751205e-06 -6.995928621718827e-07
16.73333333333322 2.546913369114887e-06 -1.032551560410872e-08
16.736111111111 2.51448190528487e-06 7.17204777410988e-07
16.73888888888877 2.274465570356416e-06 1.425410687460169e-06
16.74166666666655 1.835249116636538e-06 2.055127550729523e-06
16.74444444444433 1.222061880220894e-06 2.550402798700027e-06
16.7472222222221 4.75826883221452e-07 2.863286595119411e-06
16.74999999999988 -3.493510700450759e-07 2.958226954040648e-06
16.75277777777766 -1.1899261899204e-06 2.815683101739735e-06
16.75555555555543 -1.977639791007375e-06 2.434614075609443e-06
16.75833333333321 -2.644898515123242e-06 1.833573784090435e-06
16.76111111111098 -3.130392663859352e-06 1.050244549808317e-06
16.76388888888876 -3.384501817186698e-06 1.393616138427373e-07
16.76666666666654 -3.374027452187359e-06 -8.308877560031818e-07
16.76944444444431 -3.085822766061033e-06 -1.783775389595608e-06
16.77222222222209 -2.528957934670148e-06 -2.639917502291725e-06
16.77499999999987 -1.735161019151329e-06 -3.323698486472141e-06
16.77777777777764 -7.574040386057167e-07 -3.769728790062988e-06
16.78055555555542 3.333489360696796e-07 -3.928802009984636e-06
16.7833333333332 1.453060768373437e-06 -3.772828850374521e-06
16.78611111111097 2.51088819342388e-06 -3.298282427145479e-06
16.78888888888875 3.416347890178883e-06 -2.52778823131807e-06
16.79166666666653 4.086833609668682e-06 -1.509626930630706e-06
16.7944444444443 4.454877426202977e-06 -3.150797738463977e-07
16.79722222222208 4.474536876661941e-06 9.662774109969622e-07
16.79999999999986 4.126329546234216e-06 2.233048735195739e-06
16.80277777777763 3.420226991799952e-06 3.379815620309533e-06
16.80555555555541 2.396355933671625e-06 4.305677121125163e-06
16.80833333333318 1.12322745370924e-06 4.92286040834913e-06
16.81111111111096 -3.064880041086585e-07 5.164687095418234e-06
16.81388888888874 -1.782415961071644e-06 4.992197186604285e-06
16.81666666666651 -3.184741419104473e-06 4.398807871149251e-06
16.81944444444429 -4.393685024631725e-06 3.412516026909282e-06
16.82222222222207 -5.299463705587253e-06 2.095333063616848e-06
16.82499999999984 -5.811929045108217e-06 5.39856081786579e-07
16.82777777777762 -5.869061637417464e-06 -1.136885967239769e-06
16.8305555555554 -5.443552815225815e-06 -2.801937072788129e-06
16.83333333333317 -4.546825563344837e-06 -4.316679606512193e-06
16.83611111111095 -3.230027541240488e-06 -5.548092161903791e-06
16.83888888888873 -1.58175886366177e-06 -6.380108870960672e-06
16.8416666666665 2.774411665672756e-07 -6.724135100643764e-06
16.84444444444428 2.203551182611186e-06 -6.527796871581468e-06
16.84722222222205 4.039909491864318e-06 -5.78110248002792e-06
16.84999999999983 5.629652722035354e-06 -4.519370190071141e-06
16.85277777777761 6.828789774904784e-06 -2.822514543110176e-06
16.85555555555538 7.518847625302235e-06 -8.105689392063473e-07
16.85833333333316 7.61800794869497e-06 1.364367980346019e-06
16.86111111111094 7.089726099996423e-06 3.529264847610416e-06
16.86388888888871 5.94798506393429e-06 5.503588145035186e-06
16.86666666666649 4.25857755304805e-06 7.114017973082374e-06
16.86944444444427 2.136113157195015e-06 8.209277784387392e-06
16.87222222222204 -2.632081101664669e-07 8.673839277350286e-06
16.87499999999982 -2.752656410720576e-06 8.439297096467967e-06
16.8777777777776 -5.129125148766276e-06 7.492344714164438e-06
16.88055555555537 -7.189338217230126e-06 5.87851647272911e-06
16.88333333333315 -8.746849461619901e-06 3.701176323212682e-06
16.88611111111092 -9.648444202148544e-06 1.115608699197837e-06
16.8888888888887 -9.788535488863558e-06 -1.681527561246066e-06
16.89166666666648 -9.120248557324219e-06 -4.466718072161795e-06
16.89444444444425 -7.662102971335598e-06 -7.007053545425726e-06
16.89722222222203 -5.499520545101127e-06 -9.079303691382842e-06
16.89999999999981 -2.780786367021736e-06 -1.048907613621971e-05
16.90277777777758 2.924597809097747e-07 -1.108845192432303e-05
16.90555555555536 3.479659250679343e-06 -1.079054107785519e-05
16.90833333333314 6.519713759723786e-06 -9.579587674700584e-06
16.91111111111091 9.151944822913362e-06 -7.515564678190118e-06
16.91388888888869 1.113798808391987e-05 -4.732613956993933e-06
16.91666666666647 1.228282098124717e-05 -1.431176366473268e-06
16.91944444444424 1.245311100781084e-05 2.135817542678723e-06
16.92222222222202 1.159121357792391e-05 5.681806535441281e-06
16.92499999999979 9.723438419054429e-06 8.909149646382904e-06
16.92777777777757 6.961623848380648e-06 1.15336362748532e-05
16.93055555555535 3.497579726653366e-06 1.330897691023126e-05
16.93333333333312 -4.094572356862704e-07 1.404920650904743e-05
16.9361111111109 -4.451614446783799e-06 1.364701422192218e-05
16.93888888888868 -8.29611687501575e-06 1.208626701935464e-05
16.94166666666645 -1.161218143500262e-05 9.447407211789195e-06
16.94444444444423 -1.409894228348467e-05 5.904947180561787e-06
16.94722222222201 -1.55120932922387e-05 1.716918673530778e-06
16.94999999999978 -1.568693826585663e-05 -2.793190977247934e-06
16.95277777777756 -1.455574001159277e-05 -7.260822928110681e-06
16.95555555555534 -1.215764803629185e-05 -1.130926939438642e-05
16.95833333333311 -8.640036917938555e-06 -1.458088871983218e-05
16.96111111111089 -4.250763677997846e-06 -1.676807270047723e-05
16.96388888888866 6.783992162058746e-07 -1.764133436072353e-05
16.96666666666644 5.756138747908807e-06 -1.707201242052039e-05
16.96944444444422 1.056206050230197e-05 -1.504743526910706e-05
16.97222222222199 1.468091652804094e-05 -1.167693260258077e-05
16.97499999999977 1.773786530814242e-05 -7.187789360190869e-06
16.97777777777755 1.943182049364773e-05 -1.911051131256184e-06
16.98055555555532 1.956397971461994e-05 3.742051873876699e-06
16.9833333333331 1.80589085207431e-05 9.31146514317857e-06
16.98611111111088 1.497607404067234e-05 1.432512717216283e-05
16.98888888888865 1.051044426223119e-05 1.833835286588868e-05
16.99166666666643 4.981639153101677e-06 2.097255045127506e-05
16.99444444444421 -1.187928661415589e-06 2.194995833265415e-05
16.99722222222198 -7.504531002208857e-06 2.112128622658536e-05
16.99999999999976 -1.344194936811343e-05 1.848361680844291e-05
17.00277777777753 -1.848465786089049e-05 1.418664144274445e-05
17.00555555555531 -2.217187705562776e-05 8.526215553977168e-06
17.00833333333309 -2.413879219881504e-05 1.9252561786667e-06
17.01111111111086 -2.415131620976303e-05 -5.096917111160019e-06
17.01388888888864 -2.213117754821359e-05 -1.196466686701042e-05
17.01666666666642 -1.816880407925404e-05 -1.809252601902298e-05
17.01944444444419 -1.252240973435373e-05 -2.293439774838478e-05
17.02222222222197 -5.602801208402304e-06 -2.603139250701607e-05
17.02499999999975 2.055380599912726e-06 -2.705417742444251e-05
17.02777777777752 9.834084082487952e-06 -2.583601333230564e-05
17.0305555555553 1.708096325967892e-05 -2.239329370068514e-05
17.03333333333308 2.316335339927156e-05 -1.69313371475219e-05
17.03611111111085 2.752270358838992e-05 -9.834352802775261e-06
17.03888888888863 2.97248485422369e-05 -1.639805060696182e-06
17.0416666666664 2.950167275456443e-05 7.001255191216224e-06
17.04444444444418 2.678027813335317e-05 1.537506545689074e-05
17.04722222222196 2.169667931498664e-05 2.276333640455558e-05
17.04999999999973 1.459225490005261e-05 2.850407232926026e-05
17.05277777777751 5.992586303390204e-06 3.204994433397392e-05
17.05555555555529 -3.430193667241154e-06 3.30191434772386e-05
17.05833333333306 -1.290896740319524e-05 3.123408610860825e-05
17.06111111111084 -2.16432497697544e-05 2.674420236286068e-05
17.06388888888862 -2.886598289482007e-05 1.983025390930367e-05
17.06666666666639 -3.391000493840755e-05 1.098910822951825e-05
17.06944444444417 -3.626850617062538e-05 8.995271489320674e-07
17.07222222222195 -3.564408291470174e-05 -9.628827139047237e-06
17.07499999999972 -3.198177059723406e-05 -1.971944550048144e-05
17.0777777777775 -2.54826333622244e-05 -2.850110299506807e-05
17.08055555555528 -1.659602301675939e-05 -3.51822066098906e-05
17.08333333333305 -5.990375512085021e-06 -3.912108856132802e-05
17.08611111111083 5.4957537887848e-06 -3.988608678566336e-05
17.0888888888886 1.691895881185698e-05 -3.729989963073189e-05
17.09166666666638 2.730757318598318e-05 -3.14638445343095e-05
17.09444444444416 3.574344596353091e-05 -2.275921106406929e-05
17.09722222222193 4.144209615613878e-05 -1.182475850350079e-05
17.09999999999971 4.382432931051107e-05 4.885816661257789e-07
17.10277777777749 4.257287917803806e-05 1.31827449368743e-05
17.10555555555526 3.76686880149002e-05 2.519245731588301e-05
17.10833333333304 2.940299077969292e-05 3.547373368630503e-05
17.11111111111082 1.836330624092779e-05 4.309367869774071e-05
17.11388888888859 5.393608972321746e-06 4.731394550873267e-05
17.11666666666637 -8.46881814458442e-06 4.766047923243942e-05
17.11944444444415 -2.207526076519692e-05 4.39730873147037e-05
17.12222222222192 -3.425981876440508e-05 3.642988264194499e-05
17.1249999999997 -4.393837414429591e-05 2.554362845226766e-05
17.12777777777747 -5.020396091274119e-05 1.212932327479097e-05
17.13055555555525 -5.241023539169018e-05 -2.755188371179066e-06
17.13333333333303 -5.023547940517622e-05 -1.78914141091831e-05
17.1361111111108 -4.372097999017752e-05 -3.199895108733265e-05
17.13888888888858 -3.327961969945956e-05 -4.384285557558913e-05
17.14166666666636 -1.967292971718262e-05 -5.234072463945141e-05
17.14444444444413 -3.95751006371857e-06 -5.666029016955531e-05
17.14722222222191 1.259561370845395e-05 -5.629882903644204e-05
17.14999999999969 2.860267938753749e-05 -5.113696324367456e-05
17.15277777777746 4.268189153975379e-05 -4.146137731013275e-05
17.15555555555524 5.357171966462921e-05 -2.795347136044448e-05
17.15833333333302 6.024274782331945e-05 -1.164380062911642e-05
17.16111111111079 6.199325431230162e-05 6.16490787362857e-06
17.16388888888857 5.851977631339539e-05 2.400057336546049e-05
17.16666666666634 4.995578097964171e-05 4.034241756656492e-05
17.16944444444412 3.68740861426793e-05 5.374966498662121e-05
17.1722222222219 2.025165449039195e-05 6.298748120133664e-05
17.17499999999967 1.398582081501382e-06 6.713923092198776e-05
17.17777777777745 -1.814375395256678e-05 6.569496438231012e-05
17.18055555555523 -3.672760643369179e-05 5.860776542660187e-05
17.183333333333 -5.273680971458503e-05 4.631209771702357e-05
17.18611111111078 -6.472631103975584e-05 2.970137533324813e-05
17.18888888888856 -7.155132229416899e-05 1.006541223350303e-05
17.19166666666633 -7.247465157484554e-05 -1.100811431021125e-05
17.19444444444411 -6.724229790434036e-05 -3.176081775828343e-05
17.19722222222189 -5.61198213652262e-05 -5.040930693388679e-05
17.19999999999966 -3.988515324476178e-05 -6.529746167882281e-05
17.20277777777744 -1.977713617200611e-05 -7.504236343829446e-05
17.20555555555521 2.597116553703922e-06 -7.866111597553054e-05
17.20833333333299 2.538930398336517e-05 -7.566705136433263e-05
17.21111111111077 4.666154601468857e-05 -6.612611019587098e-05
17.21388888888854 6.455018296111963e-05 -5.066734566513087e-05
17.21666666666632 7.742800806100127e-05 -3.044528148491347e-05
17.2194444444441 8.40508986828855e-05 -7.055944575643566e-06
17.22222222222187 8.367574228609822e-05 1.758755010651031e-05
17.22499999999965 7.613864572141831e-05 4.14103162847398e-05
17.22777777777743 6.188552462606174e-05 6.234941669081526e-05
17.2305555555552 4.195105422618889e-05 7.853153236206461e-05
17.23333333333298 1.788630984626338e-05 8.843936381152654e-05
17.23611111111076 -8.360128715520348e-06 9.105208032539242e-05
17.23888888888853 -3.459867301433339e-05 8.594695463890602e-05
17.24166666666631 -5.858037798063214e-05 7.335230852858367e-05
17.24444444444408 -7.818877534544996e-05 5.414582498297122e-05
17.24722222222186 -9.162560828176645e-05 2.979684059863056e-05
17.24999999999964 -9.757425571860798e-05 2.256039936727484e-06
17.25277777777741 -9.532611089956808e-05 -2.619937869027843e-05
17.25555555555519 -8.485797421241998e-05 -5.315291748090984e-05
17.25833333333297 -6.685242962518181e-05 -7.625308508589474e-05
17.26111111111074 -4.265788891435406e-05 -9.341760452784418e-05
17.26388888888852 -1.419012107561739e-05 -0.0001030198705388558
17.2666666666663 1.621779865531603e-05 -0.0001040410596881679
17.26944444444407 4.600553017117226e-05 -9.617382169404994e-05
17.27222222222185 7.260013362381082e-05 -7.986729536123615e-05
17.27499999999963 9.363744651875862e-05 -5.630800126138184e-05
17.2777777777774 0.0001071712021329944 -2.733657443275692e-05
17.28055555555518 0.0001118514784763131 4.694140331264616e-06
17.28333333333295 0.0001070562404520428 3.710888024170874e-05
17.28611111111073 9.296337898094661e-05 6.713246038016466e-05
17.28888888888851 7.055548185415475e-05 9.212656023763964e-05
17.29166666666628 4.155520302366239e-05 0.0001098206720291663
17.29444444444406 8.295060784184693e-06 0.0001185170706104509
17.29722222222184 -2.646871962964864e-05 0.0001172514032628855
17.29999999999961 -5.978360541082462e-05 0.0001058938798806347
17.30277777777739 -8.875073443008918e-05 8.518081814065025e-05
17.30555555555517 -0.0001107763818693215 5.667208404167041e-05
17.30833333333294 -0.0001238031696301799 2.263628765793297e-05
17.31111111111072 -0.0001265004921030966 -1.412808987285926e-05
17.3138888888885 -0.0001183966663966684 -5.052169954635244e-05
17.31666666666627 -9.993994603667811e-05 -8.340482629733087e-05
17.31944444444405 -7.248140063162302e-05 -0.0001098675699727341
17.32222222222182 -3.817927955343094e-05 -0.0001274865183215578
17.3249999999996 1.687128490763556e-07 -0.0001345453412622184
17.32777777777738 3.935238844221288e-05 -0.0001301993308956164
17.33055555555515 7.601700005124884e-05 -0.0001145683075125853
17.33333333333293 0.0001069498383422544 -8.874816829685586e-05
17.33611111111071 0.0001293610759341622 -5.47381968398689e-05
17.33888888888848 0.0001411343662361266 -1.528850472510347e-05
17.34166666666626 0.000141024767749011 2.632098159555031e-05
17.34444444444404 0.0001287856287051984 6.655236387601089e-05
17.34722222222181 0.0001052118240280101 0.0001019100005201044
17.34999999999959 7.20937235623289e-05 0.00012924370046484
17.35277777777737 3.208390595039844e-05 0.0001460286337898583
17.35555555555514 -1.151373514137541e-05 0.0001505971494740926
17.35833333333292 -5.501588274445585e-05 0.0001423013236481414
17.3611111111107 -9.467040578853851e-05 0.0001215906207040776
17.36388888888847 -0.0001269795507508966 8.999609253286673e-05
17.36666666666625 -0.0001490079192980534 5.002048600260457e-05
17.36944444444402 -0.0001586481606052242 4.941801738367938e-06
17.3722222222218 -0.0001548204077537117 -4.145446044419688e-05
17.37499999999958 -0.0001375867447184462 -8.519260473875572e-05
17.37777777777735 -0.0001081689913670751 -0.000122447055489603
17.38055555555513 -6.886626439081413e-05 -0.0001498765924723463
17.38333333333291 -2.287742325133408e-05 -0.0001649233368389287
17.38611111111068 2.595810368441679e-05 -0.0001660497870355107
17.38888888888846 7.348023501501401e-05 -0.000152892051899612
17.39166666666624 0.0001155623032485419 -0.0001263142820276934
17.39444444444401 0.0001484691721201051 -8.835760278846687e-05
17.39722222222179 0.000169188349122261 -4.208590701794559e-05
17.39999999999957 0.000175704774358735 8.660103751494301e-06
17.40277777777734 0.0001671942963810732 5.958102373866536e-05
17.40555555555512 0.0001441174418737992 0.0001062827189293879
17.40833333333289 0.0001082034171887743 0.0001446553947595477
17.41111111111067 6.232365142940358e-05 0.0001712350689585527
17.41388888888845 1.026380376053792e-05 0.0001835156732642795
17.41666666666622 -4.358782427520543e-05 0.0001801837097947272
17.419444444444 -9.460990774137175e-05 0.0001612536117165356
17.42222222222178 -0.0001383446507076511 0.0001280902071533954
17.42499999999955 -0.0001708872524770372 8.331427664085387e-05
17.42777777777733 -0.0001892342635398725 3.059731383961798e-05
17.43055555555511 -0.0001915597746096796 -2.563862903783721e-05
17.43333333333288 -0.0001773941166817782 -8.059156712438072e-05
17.43611111111066 -0.0001476878005908321 -0.0001294896544665736
17.43888888888844 -0.0001047531284051894 -0.0001680056867970414
17.44166666666621 -5.208644650714007e-05 -0.0001926400209713838
17.44444444444399 5.915526246049657e-06 -0.0002010380260841012
17.44722222222176 6.432238972973146e-05 -0.0001922133094075671
17.44999999999954 0.0001180892335481165 -0.0001666556905606634
17.45277777777732 0.0001624926528087223 -0.000126312598046029
17.45555555555509 0.0001935459067306259 -7.444341791116034e-05
17.45833333333287 0.0002083567124886353 -1.535740377004056e-05
17.46111111111065 0.000205395572822532 4.594390585489317e-05
17.46388888888842 0.0001846498217669394 0.0001041901408263036
17.4666666666662 0.0001476481479375544 0.0001542955734422236
17.46944444444398 9.735141796247828e-05 0.0001918035696178027
17.47222222222175 3.791722883668891e-05 0.0002132831432071953
17.47499999999953 -2.564324096236543e-05 0.0002166423118555674
17.47777777777731 -8.788781951414529e-05 0.0002013296692781776
17.48055555555508 -0.0001434097354119935 0.0001684049106528933
17.48333333333286 -0.0001873078167053346 0.0001204701987738673
17.48611111111063 -0.0002156195590815967 6.146628979068542e-05
17.48888888888841 -0.0002256787602340695 -3.650792254114739e-06
17.49166666666619 -0.0002163654410744071 -6.932607626519869e-05
17.49444444444396 -0.0001882247121104652 -0.0001298799947965078
17.49722222222174 -0.0001434423548054542 -0.0001800002245181498
17.49999999999952 -8.567723088075671e-05 -0.0002152083688575114
17.50277777777729 -1.976314306020102e-05 -0.0002322604301602585
17.50555555555507 4.869564591339647e-05 -0.0002294452296645414
17.50833333333285 0.0001138014020057845 -0.0002067533551682438
17.51111111111062 0.000169871783275181 -0.0001659001552916957
17.5138888888884 0.000211936609573525 -0.0001101988314649002
17.51666666666618 0.0002361790391243924 -4.429272703900737e-05
17.51944444444395 0.0002402819364404261 2.623166022346844e-05
17.52222222222173 0.0002236479906102341 9.531870900371538e-05
17.5249999999995 0.0001874727728162396 0.000156964490354493
17.52777777777728 0.0001346625121467571 0.0002057395068363206
17.53055555555506 6.960184030919659e-05 0.000237267759261291
17.53333333333283 -2.21006183649137e-06 0.0002486197957478873
17.53611111111061 -7.462475028823655e-05 0.0002385843976680154
17.53888888888839 -0.0001413718353512611 0.0002077937393503849
17.54166666666616 -0.0001966030326570654 0.000158689369144716
17.54444444444394 -0.000235405650191498 9.53301292527998e-05
17.54722222222172 -0.0002542403337697002 2.305696742859892e-05
17.54999999999949 -0.0002512639962790982 -5.19577182679443e-05
17.55277777777727 -0.0002265084530499108 -0.0001232381471354372
17.55555555555505 -0.0001818975752312259 -0.0001845653832482486
17.55833333333282 -0.0001210997072177018 -0.0002305211557791746
17.5611111111106 -4.922646846125929e-05 -0.0002569676100347924
17.56388888888837 2.759738249069966e-05 -0.0002614204182187637
17.56666666666615 0.0001027568023723435 -0.0002432815558759233
17.56944444444393 0.0001697173262292007 -0.0002039099744021745
17.5722222222217 0.0002225945681399159 -0.0001465223576647956
17.57499999999948 0.0002566726063325779 -7.593093762520255e-05
17.57777777777726 0.0002688254739443215 1.860329799536296e-06
17.58055555555503 0.0002578040037652977 8.016732422007504e-05
17.58333333333281 0.0002243616909410267 0.0001522013952554508
17.58611111111059 0.0001712070729922265 0.0002116593878921486
17.58888888888836 0.0001027851903520922 0.0002532766485462517
17.59166666666614 2.490567182522728e-05 0.0002732943661680287
17.59444444444392 -5.575142852024649e-05 0.0002697996575912215
17.59722222222169 -0.0001322099393813045 0.0002429075718717516
17.59999999999947 -0.0001978025373319624 0.0001947677530614312
17.60277777777724 -0.0002467537708286443 0.0001293936985159552
17.60555555555502 -0.0002746900194410697 5.232806001489756e-05
17.6083333333328 -0.0002790312343386489 -2.982810193311502e-05
17.61111111111057 -0.0002592292850197064 -0.0001099820636387287
17.61388888888835 -0.0002168308824641181 -0.000181163412132571
17.61666666666613 -0.0001553582317130929 -0.0002371319579574954
17.6194444444439 -8.001647000118337e-05 -0.0002729264168515589
17.62222222222168 2.747821366220713e-06 -0.0002853054734455719
17.62499999999946 8.579952553898125e-05 -0.0002730419029160534
17.62777777777723 0.000161931786517356 -0.0002370430054356521
17.63055555555501 0.000224493229849435 -0.0001802856243432191
17.63333333333279 0.0002679708596944675 -0.0001075701707632728
17.63611111111056 0.0002884773926781865 -2.51139539741854e-05
17.63888888888834 0.0002840998153409636 5.998167869745838e-05
17.64166666666612 0.0002550778220617856 0.0001403446157653286
17.64444444444389 0.0002037954868872004 0.0002089725613138427
17.64722222222167 0.0001345857728481565 0.0002598450929504769
17.64999999999944 5.336386815784081e-05 0.0002884535306603171
17.65277777777722 -3.287957878073488e-05 0.0002922018300462241
17.655555555555 -0.0001166818076172439 0.000270642738834366
17.65833333333277 -0.0001907556593235396 0.0002255276811737388
17.66111111111055 -0.0002486252678399542 0.0001606650286064622
17.66388888888833 -0.0002851940986001648 8.159816758626733e-05
17.6666666666661 -0.0002971953416195089 -4.869387845419328e-06
17.66944444444388 -0.0002834847204492694 -9.126105984060515e-05
17.67222222222166 -0.0002451493855572704 -0.0001700756486054942
17.67499999999943 -0.0001854225435850804 -0.0002344407418003036
17.67777777777721 -0.0001094104394073328 -0.0002787139911272795
17.68055555555499 -2.365476969255092e-05 -0.0002989794719658093
17.68333333333276 6.443188421375287e-05 -0.0002933953075516451
17.68611111111054 0.0001472087433581291 -0.0002623615866783274
17.68888888888831 0.0002174717451503978 -0.0002084932206282018
17.69166666666609 0.0002690826346875946 -0.000136399409853306
17.69444444444387 0.000297507111802261 -5.228833321606978e-05
17.69722222222164 0.0003002146864078125 3.656895687193118e-05
17.69999999999942 0.0002769048494282499 0.0001224690077059466
17.7027777777772 0.0002295392657370102 0.0001979459716463713
17.70555555555497 0.0001621766225022008 0.0002564226808482195
17.70833333333275 8.062403938321164e-05 0.0002927858201486018
17.71111111111053 -8.064950802267217e-06 0.0003038347205936419
17.7138888888883 -9.620232938512944e-05 0.0002885642354962555
17.71666666666608 -0.0001761341763489339 0.0002482565966521681
17.71944444444386 -0.0002409075803215963 0.000186373820647056
17.72222222222163 -0.0002848775672661774 0.0001082596842549849
17.72499999999941 -0.0003042008810333549 2.067698209690844e-05
17.72777777777718 -0.0002971732628338805 -6.877974959511904e-05
17.73055555555496 -0.0002643805110951741 -0.0001523448879957454
17.73333333333274 -0.0002086498666835093 -0.0002227581007611726
17.73611111111051 -0.000134805736206803 -0.0002738973350616203
17.73888888888829 -4.925090485791167e-05 -0.0003013130383583976
17.74166666666607 4.059030643922608e-05 -0.0003026168229171594
17.74444444444384 0.0001269183637857419 -0.0002776904911309367
17.74722222222162 0.0002022378766706897 -0.0002286970444160856
17.7499999999994 0.0002600106168310327 -0.0001598926272322738
17.75277777777717 0.0002952251097995815 -7.725578815159528e-05
17.75555555555495 0.0003048329990884491 1.203355960950036e-05
17.75833333333273 0.0002880140426085287 0.0001002199316142747
17.7611111111105 0.0002462466070209051 0.0001796481024353922
17.76388888888828 0.0001831775600900804 0.000243429884639587
17.76666666666605 0.0001043030269691394 0.0002860435808978537
17.76944444444383 1.648803029985146e-05 0.0003038137567818033
17.77222222222161 -7.263287792463875e-05 0.0002952294934471921
17.77499999999938 -0.0001553214989595703 0.0002610734535518353
17.77777777777716 -0.0002244101168907826 0.0002043506826923771
17.78055555555494 -0.0002739249494549353 0.0001300236130159163
17.78333333333271 -0.000299604504300747 4.457669330729612e-05
17.78611111111049 -0.0002992677009364779 -4.455104818124403e-05
17.78888888888827 -0.00027299983975341 -0.0001296157001871937
17.79166666666604 -0.0002231404986788011 -0.0002032435001335518
17.79444444444382 -0.0001540748054354083 -0.0002590721646208968
17.7972222222216 -7.184674120778629e-05 -0.0002923025502632766
17.79999999999937 1.637133135179661e-05 -0.0003001126454728006
17.80277777777715 0.0001029062175416528 -0.0002818980538595561
17.80555555555492 0.0001802534373367355 -0.0002393184037574294
17.8083333333327 0.000241730157170744 -0.000176146157225001
17.81111111111048 0.0002820545101193146 -9.793159492337262e-05
17.81388888888825 0.0002978009155009613 -1.151380032715243e-05
17.81666666666603 0.0002876920143049463 7.557914779999441e-05
17.81944444444381 0.0002527022604863911 0.0001557880093063827
17.82222222222158 0.0001959647728341966 0.0002221805772764711
17.82499999999936 0.0001224902963515639 0.0002690527385885495
17.82777777777714 3.872352952893658e-05 0.0002924201151248974
17.83055555555491 -4.80237929936528e-05 0.0002903577731211401
17.83333333333269 -0.0001302130463181202 0.0002631589490461924
17.83611111111047 -0.0002007358729409862 0.0002132996934077835
17.83888888888824 -0.0002535308868437568 0.00014521336843721
17.84166666666602 -0.0002841062511929134 6.489555187685557e-05
17.84444444444379 -0.0002899229354844646 -2.062535962785252e-05
17.84722222222157 -0.0002706058575022163 -0.0001039049731914049
17.84999999999935 -0.0002279653292963223 -0.0001777328553551864
17.85277777777712 -0.0001658279057689495 -0.0002357587022361443
17.8555555555549 -8.96924083062071e-05 -0.0002730401799934201
17.85833333333268 -6.242101032520806e-06 -0.0002864650317186216
17.86111111111045 7.724359287382896e-05 -0.0002750113013580532
17.86388888888823 0.0001535259064977716 -0.0002398238841497139
17.86666666666601 0.0002160362038838202 -0.0001841017991548527
17.86944444444378 0.0002594432144396308 -0.0001128071621651535
17.87222222222156 0.0002801089023599673 -3.222235941731291e-05
17.87499999999934 0.000276393888129566 5.060497119983411e-05
17.87777777777711 0.0002487867404271522 0.0001284799891770827
17.88055555555489 0.0001998470207227402 0.000194687379196302
17.88333333333266 0.0001339683103507733 0.0002435720102829059
17.88611111111044 5.698314183855352e-05 0.0002710231790436952
17.88888888888822 -2.435457898580736e-05 0.0002748208675548382
17.89166666666599 -0.0001029636203918619 0.0002548148017928193
17.89444444444377 -0.0001720535541633995 0.0002129219204670739
17.89722222222155 -0.0002257128640793483 0.0001529438389753892
17.89999999999932 -0.000259415963437664 8.022160976755592e-05
17.9027777777771 -0.0002704055312382937 1.159162652581787e-06
17.90555555555488 -0.0002579178129334648 -7.734196545580714e-05
17.90833333333265 -0.0002232325101255166 -0.0001484865938993038
17.91111111111043 -0.0001695443569443793 -0.0002061755660668349
17.91388888888821 -0.0001016690806124673 -0.0002455298227864587
17.91666666666598 -2.561080160273839e-05 -0.0002633037464563956
17.91944444444376 5.197020301217267e-05 -0.0002581527011702273
17.92222222222154 0.0001243420895246807 -0.00023073273513144
17.92499999999931 0.0001852869576055055 -0.0001836252647659569
17.92777777777709 0.0002296362334849237 -0.0001210949075125754
17.93055555555486 0.0002537097270143466 -4.870312314799304e-05
17.93333333333264 0.0002556210062610267 2.71873001267797e-05
17.93611111111042 0.0002354237595022475 9.997268311087928e-05
17.93888888888819 0.0001950879402038164 0.0001633843453478081
17.94166666666597 0.0001383094582354491 0.0002120296132420907
17.94444444444375 7.017167103504458e-05 0.0002418511590549823
17.94722222222152 -3.310322567238093e-06 0.0002504654844373773
17.9499999999993 -7.572167435643105e-05 0.0002373523112513998
17.95277777777708 -0.000140808922891365 0.0002038799463809409
17.95555555555485 -0.0001930210876896588 0.0001531661566405659
17.95833333333263 -0.0002279838112661502 8.978844567920811e-05
17.96111111111041 -0.0002428659895810503 1.937061147343253e-05
17.96388888888818 -0.0002366081567102889 -5.191704123224734e-05
17.96666666666596 -0.0002099942910248206 -0.0001178993454830773
17.96944444444373 -0.0001655625736914178 -0.0001729321387291045
17.97222222222151 -0.000107364726110214 -0.0002123857668305579
17.97499999999929 -4.059664490989206e-05 -0.0002330347481281481
17.97777777777706 2.886599244094116e-05 -0.0002333207905146448
17.98055555555484 9.498559466420083e-05 -0.0002134677871103052
17.98333333333262 0.0001520882795747601 -0.0001754405780602748
17.98611111111039 0.0001953514186156703 -0.0001227529849750098
17.98888888888817 0.000221211154564342 -6.014369387838863e-05
17.99166666666595 0.0002276554435437657 6.850152683029869e-06
17.99444444444372 0.0002143785847012098 7.238325791136607e-05
17.9972222222215 0.0001827855783476312 0.0001308128955427883
17.99999999999928 0.0001358478885884925 0.0001771853695358755
18.00277777777705 7.782511130587567e-05 0.0002076562210729622
18.00555555555483 1.387853708203928e-05 0.0002198085234960283
18.0083333333326 -5.038833377721432e-05 0.0002128429608570866
18.01111111111038 -0.0001094213804364175 0.0001876249093049351
18.01388888888816 -0.000158196376863733 0.0001465863960531618
18.01666666666593 -0.0001926468179808641 9.349347679305237e-05
18.01944444444371 -0.0002100026118165167 3.310114234566707e-05
18.02222222222149 -0.0002090114687046233 -2.927265623990851e-05
18.02499999999926 -0.000190025432716698 -8.821568625666199e-05
18.02777777777704 -0.000154946992318433 -0.0001386914727241438
18.03055555555482 -0.0001070415094114989 -0.000176469841163151
18.03333333333259 -5.063423964775028e-05 -0.0001984811462581918
18.03611111111037 9.2800134855948e-06 -0.0002030645578949759
18.03888888888815 6.747938935570167e-05 -0.0001900904393657882
18.04166666666592 0.0001189703833985257 -0.0001609481091729889
18.0444444444437 0.0001594164386781522 -0.0001184021209720129
18.04722222222147 0.0001855029204387697 -6.633158310598759e-05
18.04999999999925 0.0001952077865188185 -9.376983306315015e-06
18.05277777777703 0.0001879559514524835 4.747335953348436e-05
18.0555555555548 0.0001646458051541158 9.932035775671647e-05
18.05833333333258 0.0001275476469967232 0.000141776421829191
18.06111111111036 8.008493368151837e-05 0.0001713365304419826
18.06388888888813 2.651924581022612e-05 0.000185666749038882
18.06666666666591 -2.843210048712615e-05 0.000183786534732654
18.06944444444369 -8.001150057034089e-05 0.0001661307898333608
18.07222222222146 -0.0001238329759383714 0.0001344883104864501
18.07499999999924 -0.000156254893973815 9.182407184000135e-05
18.07777777777702 -0.0001746818459618103 4.200275392106771e-05
18.08055555555479 -0.000177770736356656 -1.056081098359071e-05
18.08333333333257 -0.0001655248896316459 -6.12926901153166e-05
18.08611111111034 -0.0001392699893013517 -0.0001058577737156778
18.08888888888812 -0.0001015160327087393 -0.000140529960087024
18.0916666666659 -5.571930524015175e-05 -0.0001625030189072251
18.09444444444367 -5.9668033000954e-06 -0.0001701162678779619
18.09722222222145 4.338814186427446e-05 -0.0001629770610301873
18.09999999999923 8.810657969169922e-05 -0.0001419713711669879
18.102777777777 0.0001244277173502756 -0.0001091636194644901
18.10555555555478 0.0001493845696467622 -6.759649198239789e-05
18.10833333333256 0.0001610450532153954 -2.100995661009162e-05
18.11111111111033 0.0001586590626871925 2.649466171442321e-05
18.11388888888811 0.000142700590802576 7.081541819186641e-05
18.11666666666589 0.0001148032651186323 0.0001082035959598012
18.11944444444366 7.759694584133033e-05 0.0001355801738464749
18.12222222222144 3.446145660775668e-05 0.0001507882586313144
18.12499999999921 -1.077961362018312e-05 0.0001527609005281311
18.12777777777699 -5.419736028567537e-05 0.00014159145125154
18.13055555555477 -9.209834509570377e-05 0.0001185023248417244
18.13333333333254 -0.0001213381899943241 8.571690671377263e-05
18.13611111111032 -0.0001395814162415182 4.624765003991052e-05
18.1388888888881 -0.0001454861594277184 3.620391784917279e-06
18.14166666666587 -0.0001387993361308747 -3.843996753562126e-05
18.14444444444365 -0.0001203558902713668 -7.633445128113207e-05
18.14722222222143 -9.198418439151298e-05 -0.0001068973517082606
18.1499999999992 -5.632768211089237e-05 -0.0001276597444866015
18.15277777777698 -1.660009854007665e-05 -0.0001370473318077598
18.15555555555476 2.370341270028775e-05 -0.0001344969212174721
18.15833333333253 6.111314708123805e-05 -0.000120483223768877
18.16111111111031 9.248291774103223e-05 -9.645559308645046e-05
18.16388888888808 0.0001152537587079548 -6.469212521957028e-05
18.16666666666586 0.0001276612475546031 -2.808552399259259e-05
18.16944444444364 0.00012886979266146 1.011928028013666e-05
18.17222222222141 0.000119023914281473 4.661204267786497e-05
18.17499999999919 9.921394684863331e-05 7.830333895814217e-05
18.17777777777697 7.136104470242009e-05 0.0001025852528692423
18.18055555555474 3.803323682165774e-05 0.0001175447014129632
18.18333333333252 2.209966620779667e-06 0.0001221120753285849
18.1861111111103 -3.298339611870632e-05 0.0001161338573962816
18.18888888888807 -6.454748583547464e-05 0.0001003647094458446
18.19166666666585 -8.98637199622942e-05 7.638157884080024e-05
18.19444444444363 -0.0001069103637743453 4.642904948080727e-05
18.1972222222214 -0.0001144221685683013 1.321088181987931e-05
18.19999999999918 -0.0001119811604403683 -2.035302182703224e-05
18.20277777777696 -0.000100032395100543 -5.138246406327075e-05
18.20555555555473 -7.98251175101711e-05 -7.728326417041877e-05
18.20833333333251 -5.328619088551802e-05 -9.596304893070197e-05
18.21111111111028 -2.28383362660692e-05 -0.0001059986783749382
18.21388888888806 8.819821673827209e-06 -0.0001067420692841024
18.21666666666584 3.895203007151907e-05 -9.83568167100337e-05
18.21944444444361 6.502004286832639e-05 -8.178416842159796e-05
18.22222222222139 8.489640180736031e-05 -5.864303369223163e-05
18.22499999999917 9.703662479545215e-05 -3.107427697091953e-05
18.22777777777694 0.0001005970070952898 -1.544091099813757e-06
18.23055555555472 9.548927591608624e-05 2.737560315213564e-05
18.2333333333325 8.236900194571077e-05 5.323026144717359e-05
18.23611111111027 6.256045662817979e-05 7.389005034510726e-05
18.23888888888805 3.792600837198586e-05 8.77239919080757e-05
18.24166666666583 1.069271723919126e-05 9.372680695473853e-05
18.2444444444436 -1.674785667750519e-05 9.158878487393573e-05
18.24722222222138 -4.204872918032736e-05 8.170416510288357e-05
18.24999999999915 -6.310725648153042e-05 6.51189260340521e-05
18.25277777777693 -7.823867514320651e-05 4.342406729734116e-05
18.25555555555471 -8.63092103226765e-05 1.86049988396272e-05
18.25833333333248 -8.681840302034897e-05 -7.138858066560671e-06
18.26111111111026 -7.992495261375721e-05 -3.158797025728169e-05
18.26388888888804 -6.641538210246282e-05 -5.269308449118288e-05
18.26666666666581 -4.761976788805904e-05 -6.874586753596923e-05
18.26944444444359 -2.528321003231578e-05 -7.851569219447778e-05
18.27222222222137 -1.405284139843317e-06 -8.134176387444782e-05
18.27499999999914 2.193787106231878e-05 -7.717391812402714e-05
18.27777777777692 4.277309166400851e-05 -6.656001434204669e-05
18.2805555555547 5.939591308350812e-05 -5.058249573116192e-05
18.28333333333247 7.050866177914483e-05 -3.075097878578869e-05
18.28611111111025 7.531985723328227e-05 -8.861317224087168e-06
18.28888888888802 7.359750211470617e-05 1.316583303690616e-05
18.2916666666658 6.567300773626416e-05 3.345253327613116e-05
18.29444444444358 5.239683113315923e-05 5.032264210376382e-05
18.29722222222135 3.505101192560194e-05 6.243907505079811e-05
18.29999999999913 1.522734395442458e-05 6.890812140343506e-05
18.30277777777691 -5.317390285418594e-06 6.934284486597801e-05
18.30555555555468 -2.481606184347687e-05 6.388133610788259e-05
18.30833333333246 -4.164219070566677e-05 5.315958003893694e-05
18.31111111111024 -5.444448292873149e-05 3.824259764839101e-05
18.31388888888801 -6.225388869150279e-05 2.052098921025173e-05
18.31666666666579 -6.45548434809016e-05 1.582757365120432e-06
18.31944444444357 -6.131567260074422e-05 -1.692789000177291e-05
18.32222222222134 -5.297678774137262e-05 -3.345229450224415e-05
18.32499999999912 -4.039895991064166e-05 -4.664752648414255e-05
18.32777777777689 -2.477730132804684e-05 -5.549421561606253e-05
18.33055555555467 -7.529351738354007e-06 -5.93735017250673e-05
18.33333333333245 9.832377232909598e-06 -5.810747923299498e-05
18.33611111111022 2.583203579387212e-05 -5.196080545887753e-05
18.338888888888 3.915487877324881e-05 -4.160453724263944e-05
18.34166666666578 4.875411754283413e-05 -2.804645743978478e-05
18.34444444444355 5.393161063772001e-05 -1.253488469200372e-05
18.34722222222133 5.438632846887028e-05 3.554993200706158e-06
18.34999999999911 5.022747332020908e-05 1.884201385459787e-05
18.35277777777688 4.195225495816985e-05 3.205662193636234e-05
18.35555555555466 3.039134168096061e-05 4.2145216004326e-05
18.35833333333244 1.662767087181677e-05 4.835278684933799e-05
18.36111111111021 1.896395233174923e-06 5.027750001232e-05
18.36388888888799 -1.252489983203596e-05 4.789347557824272e-05
18.36666666666576 -2.542603833144995e-05 4.154085460355546e-05
18.36944444444354 -3.576479613536768e-05 3.188506298553126e-05
18.37222222222132 -4.274988461701369e-05 1.984974912119131e-05
18.37499999999909 -4.589988586548197e-05 6.529970142863184e-06
18.37777777777687 -4.507391525862464e-05 -6.906331252870851e-06
18.38055555555465 -4.047233807838924e-05 -1.931978587417086e-05
18.38333333333242 -3.260847543850842e-05 -2.969526169181393e-05
18.3861111111102 -2.225467601125327e-05 -3.722378705472022e-05
18.38888888888798 -1.036820077011073e-05 -4.136422642338552e-05
18.39166666666575 1.996096269893194e-06 -4.188014624219182e-05
18.39444444444353 1.377842058942324e-05 -3.884957641817654e-05
18.39722222222131 2.400396623328718e-05 -3.264775904114388e-05
18.39999999999908 3.186257215270581e-05 -2.390527252773524e-05
18.40277777777686 3.677169028574389e-05 -1.344593321609972e-05
18.40555555555463 3.841789127369909e-05 -2.210445388285031e-06
18.40833333333241 3.677412504333313e-05 8.827223731307813e-06
18.41111111111019 3.209211249667414e-05 1.874339141009631e-05
18.41388888888796 2.48713811029325e-05 2.674104017492919e-05
18.41666666666574 1.580838976890363e-05 3.221280082151524e-05
18.41944444444352 5.73075933298879e-06 3.478566486925203e-05
18.42222222222129 -4.477286745781501e-06 3.434427862674536e-05
18.42499999999907 -1.395163701901109e-05 3.1031602503095e-05
18.42777777777685 -2.192058107879223e-05 2.522768512448745e-05
18.43055555555462 -2.776670355696176e-05 1.750913341173957e-05
18.4333333333324 -3.10735108258498e-05 8.593405827520839e-06
18.43611111111018 -3.165338988785374e-05 -7.268048324981173e-07
18.43888888888795 -2.95552063062117e-05 -9.65318265441423e-06
18.44166666666573 -2.505163701450984e-05 -1.744935386130341e-05
18.4444444444435 -1.860804916259216e-05 -2.350076037073273e-05
18.44722222222128 -1.083623454436968e-05 -2.73620552574279e-05
18.44999999999906 -2.437471145126112e-06 -2.878846784818862e-05
18.45277777777683 5.859877406406633e-06 -2.774907618292051e-05
18.45555555555461 1.336274429176455e-05 -2.442153420289075e-05
18.45833333333239 1.947044942892571e-05 -1.916938894232395e-05
18.46111111111016 2.372186799959707e-05 -1.25045550392394e-05
18.46388888888794 2.582906261806731e-05 -5.038674231753393e-06
18.46666666666572 2.569504634515975e-05 2.572112125723296e-06
18.46944444444349 2.341477505622634e-05 9.684063399682589e-06
18.47222222222127 1.925992088008399e-05 1.571954389406231e-05
18.47499999999905 1.364932932205707e-05 2.021311801254077e-05
18.47777777777682 7.108200544344404e-06 2.284643584212021e-05
18.4805555555546 2.198717728007471e-07 2.346939471589349e-05
18.48333333333238 -6.425446350511904e-06 2.210631931844206e-05
18.48611111111015 -1.228053777130982e-05 1.894721756605878e-05
18.48888888888793 -1.688550220086921e-05 1.432542809902758e-05
18.4916666666657 -1.990300869308316e-05 8.684073269532015e-06
18.49444444444348 -2.114186434495888e-05 2.53458225593022e-06
18.49722222222126 -2.056737009742525e-05 -3.588909932706438e-06
18.49999999999903 -1.829811098854206e-05 -9.175283841761092e-06
18.50277777777681 -1.458998674655688e-05 -1.377842195525163e-05
