16.5 1.670201046364101e-07 1.37865998609426e-07
16.50277777777778 1.398504445452608e-07 1.745762209125778e-07
16.50555555555555 1.046252144759014e-07 2.059668536021238e-07
16.50833333333333 6.237750251810465e-08 2.302728037607419e-07
16.51111111111111 1.452663734373188e-08 2.459275535997366e-07
16.51388888888888 -3.715947759820688e-08 2.51647573995688e-07
16.51666666666666 -9.062045729219478e-08 2.465097179026658e-07
16.51944444444444 -1.435766784567149e-07 2.30017575374539e-07
16.52222222222221 -1.936175203244542e-07 2.021529964380185e-07
16.52499999999999 -2.383016124129179e-07 1.634094030279742e-07
16.52777777777776 -2.752653397146784e-07 1.148041109515243e-07
16.53055555555554 -3.023352161653902e-07 5.78676527141076e-08
16.53333333333332 -3.176392552107659e-07 -5.390991592042567e-09
16.53611111111109 -3.197121752267877e-07 -7.254331738974965e-08
16.53888888888887 -3.075892043447474e-07 -1.40823329327175e-07
16.54166666666665 -2.808834125760682e-07 -2.072305081060245e-07
16.54444444444442 -2.398419079914116e-07 -2.686504207000478e-07
16.5472222222222 -1.853768862682462e-07 -3.219886470116377e-07
16.54999999999998 -1.190684058639713e-07 -3.643127871444923e-07
16.55277777777775 -4.313684943417078e-08 -3.929965840564677e-07
16.55555555555553 3.961571042711343e-08 -4.05859692739408e-07
16.55833333333331 1.258946431965079e-07 -4.012963882383027e-07
16.56111111111108 2.120303457267818e-07 -3.783865601671508e-07
16.56388888888886 2.941207858323703e-07 -3.369827085648302e-07
16.56666666666663 3.681941217824929e-07 -2.777673393082045e-07
16.56944444444441 4.303852600320924e-07 -2.022761467188934e-07
16.57222222222219 4.771191577904449e-07 -1.128836413198127e-07
16.57499999999996 5.052928836193514e-07 -1.274939191354662e-08
16.57777777777774 5.124479730057102e-07 9.427525077549875e-08
16.58055555555552 4.969245004751515e-07 2.037782631783278e-07
16.58333333333329 4.579885651404118e-07 3.109523427635866e-07
16.58611111111107 3.959255661425601e-07 4.107892167864027e-07
16.58888888888885 3.120927237779833e-07 4.982958018845287e-07
16.59166666666662 2.089257576901244e-07 5.687236720487223e-07
16.5944444444444 8.989642257554545e-08 6.178021132111657e-07
16.59722222222218 -4.058033686680655e-08 6.41964237684013e-07
16.59999999999995 -1.772885947389839e-07 6.38555263581287e-07
16.60277777777773 -3.143996427700518e-07 6.060121794596146e-07
16.6055555555555 -4.457004507959126e-07 5.440046394372934e-07
16.60833333333328 -5.648544183041036e-07 4.535280735326151e-07
16.61111111111106 -6.656844291203038e-07 3.369416325420784e-07
16.61388888888883 -7.424665381333963e-07 1.979456725490103e-07
16.61666666666661 -7.902213708572675e-07 4.14959530257859e-08
16.61944444444439 -8.049895906200382e-07 -1.263455161127805e-07
16.62222222222216 -7.840776525211452e-07 -2.986200996291948e-07
16.62499999999994 -7.262605628894317e-07 -4.677367559174504e-07
16.62777777777772 -6.319295157595466e-07 -6.257820532325506e-07
16.63055555555549 -5.031740721547206e-07 -7.648644919381002e-07
16.63333333333327 -3.437909410251909e-07 -8.774793114276762e-07
16.63611111111105 -1.59214338779383e-07 -9.568781279863672e-07
16.63888888888882 4.363375585127023e-08 -9.974265333866085e-07
16.6416666666666 2.565715033176803e-07 -9.949322803232659e-07
16.64444444444437 4.704575416630384e-07 -9.469269593088152e-07
16.64722222222215 6.755543001602852e-07 -8.528851693380591e-07
16.64999999999993 8.619412913135238e-07 -7.143671021081594e-07
16.6527777777777 1.019962235902625e-06 -5.350731587341782e-07
16.65555555555548 1.140687286987958e-06 -3.208026211839935e-07
16.65833333333326 1.216369747199121e-06 -7.931239226039117e-08
16.66111111111103 1.240875652841508e-06 1.799237531940424e-07
16.66388888888881 1.210064530150282e-06 4.460502784929754e-07
16.66666666666659 1.12210057652882e-06 7.072494937745387e-07
16.66944444444436 9.77675501807433e-07 9.51231234259673e-07
16.67222222222214 7.801272525506832e-07 1.165774009091105e-06
16.67499999999992 5.354427577893708e-07 1.339295469275294e-06
16.67777777777769 2.521375499193713e-07 1.461427314726637e-06
16.68055555555547 -5.898954346552143e-08 1.523568036113294e-06
16.68333333333324 -3.852226862426326e-07 1.519386310813768e-06
16.68611111111102 -7.124064276768727e-07 1.445248542029263e-06
16.6888888888888 -1.025518515836104e-06 1.300545990999785e-06
16.69166666666657 -1.309317012349872e-06 1.087900190798479e-06
16.69444444444435 -1.549035826981358e-06 8.132297711838012e-07
16.69722222222213 -1.731098960713292e-06 4.856673304568504e-07
16.6999999999999 -1.843821088351287e-06 1.173213660836705e-07
16.70277777777768 -1.878060823417278e-06 -2.771147286488184e-07
16.70555555555546 -1.827793233425788e-06 -6.80897273747954e-07
16.70833333333323 -1.690569993436367e-06 -1.075893870819705e-06
16.71111111111101 -1.467838989752671e-06 -1.443348315734313e-06
16.71388888888879 -1.165100147648236e-06 -1.764718974913551e-06
16.71666666666656 -7.918806135291268e-07 -2.022555520718427e-06
16.71944444444434 -3.615199541770937e-07 -2.201375050635469e-06
16.72222222222211 1.09235544339132e-07 -2.288496361846937e-06
16.72499999999989 6.008214357063275e-07 -2.274790720941115e-06
16.72777777777767 1.091609382635724e-06 -2.155308986526562e-06
16.73055555555544 1.558801162771512e-06 -1.929748453573788e-06
16.73333333333322 1.979428328020734e-06 -1.602728242802776e-06
16.736111111111 2.331416469411368e-06 -1.183849310893749e-06
16.73888888888877 2.594667618905837e-06 -6.875239676287097e-07
16.74166666666655 2.752110791974204e-06 -1.325698253066786e-07
16.74444444444433 2.790669318801435e-06 4.584260330808979e-07
16.7472222222221 2.702094619094768e-06 1.059955667962512e-06
16.74999999999988 2.483619534592515e-06 1.64462363145636e-06
16.75277777777766 2.138390221468115e-06 2.184326653138381e-06
16.75555555555543 1.675643780841033e-06 2.651532153276684e-06
16.75833333333321 1.110609010563946e-06 3.020600702287381e-06
16.76111111111098 4.641195241298028e-07 3.269092368176226e-06
16.76388888888876 -2.380584695641692e-07 3.378994284550017e-06
16.76666666666654 -9.661677551192423e-07 3.337807001634122e-06
16.76944444444431 -1.687641410991521e-06 3.139430402473366e-06
16.77222222222209 -2.368481121953671e-06 2.784796191678372e-06
16.77499999999987 -2.974778067862771e-06 2.282203066846182e-06
16.77777777777764 -3.47431215830672e-06 1.647322389506106e-06
16.78055555555542 -3.838158108530597e-06 9.028560686836795e-07
16.7833333333332 -4.04222258863283e-06 7.784391274112662e-08
16.78611111111097 -4.068635798518795e-06 -7.933657593464896e-07
16.78888888888875 -3.906923556469556e-06 -1.672451665377245e-06
16.79166666666653 -3.554892409548711e-06 -2.518714429889978e-06
16.7944444444443 -3.01917027564385e-06 -3.290869033104871e-06
16.79722222222208 -2.315358427659018e-06 -3.948960324829682e-06
16.79999999999986 -1.467766773252647e-06 -4.456317187680908e-06
16.80277777777763 -5.087227491830606e-07 -4.781454534677589e-06
16.80555555555541 5.225360233450301e-07 -4.899829929347614e-06
16.80833333333318 1.581354760387846e-06 -4.795363556046216e-06
16.81111111111096 2.619489598731499e-06 -4.461636687627044e-06
16.81388888888874 3.587201419123247e-06 -3.902694631515877e-06
16.81666666666651 4.435529701362658e-06 -3.133395101511117e-06
16.81944444444429 5.118647552394652e-06 -2.179261563913343e-06
16.82222222222207 5.596189941016167e-06 -1.075822642628431e-06
16.82499999999984 5.835442764657959e-06 1.325577414395075e-07
16.82777777777762 5.813281129482331e-06 1.394330203329435e-06
16.8305555555554 5.517751384189483e-06 2.652835892830999e-06
16.83333333333317 4.949203001174386e-06 3.848731632879955e-06
16.83611111111095 4.120893074969204e-06 4.922666433836565e-06
16.83888888888873 3.059007473395058e-06 5.818094497840063e-06
16.8416666666665 1.80206774700681e-06 6.484097337934829e-06
16.84444444444428 3.997207660171498e-07 6.878080627633745e-06
16.84722222222205 -1.089062488489636e-06 6.968210493606314e-06
16.84999999999983 -2.598322841935959e-06 6.735459531071178e-06
16.85277777777761 -4.0578988750112e-06 6.175144925918373e-06
16.85555555555538 -5.396552298836391e-06 5.29785946431602e-06
16.85833333333316 -6.54530022562542e-06 4.129720335398157e-06
16.86111111111094 -7.440805148677167e-06 2.71188961371374e-06
16.86388888888871 -8.028663138344157e-06 1.099352992423729e-06
16.86666666666649 -8.266427627369879e-06 -6.410216674339129e-07
16.86944444444427 -8.126210718467016e-06 -2.433088679158613e-06
16.87222222222204 -7.59671637105782e-06 -4.194599706320501e-06
16.87499999999982 -6.684579910318498e-06 -5.840825645446033e-06
16.8777777777776 -5.414915464582182e-06 -7.288473407991773e-06
16.88055555555537 -3.831006216564857e-06 -8.459724067043473e-06
16.88333333333315 -1.993110442813305e-06 -9.286204415287178e-06
16.88611111111092 2.360239322762496e-08 -9.712697937171405e-06
16.8888888888887 2.131928581423578e-06 -9.700404243106612e-06
16.89166666666648 4.236221224641938e-06 -9.229568452503315e-06
16.89444444444425 6.236557224468803e-06 -8.301323708767115e-06
16.89722222222203 8.033307484812866e-06 -6.938620367248599e-06
16.89999999999981 9.531909790067243e-06 -5.186153368774198e-06
16.90277777777758 1.064762434195459e-05 -3.10924342470788e-06
16.90555555555536 1.131004218763251e-05 -7.916760497143624e-07
16.90833333333314 1.146711769190327e-05 1.667446960489595e-06
16.91111111111091 1.108850827460735e-05 4.15773865432567e-06
16.91388888888869 1.016802780483284e-05 6.562288014375853e-06
16.91666666666647 8.725053726083285e-06 8.762955809900997e-06
16.91944444444424 6.804771047330945e-06 1.064597488921894e-05
16.92222222222202 4.477187126320445e-06 1.210759898374328e-05
16.92499999999979 1.834907587691487e-06 1.305952971034641e-05
16.92777777777757 -1.010276723632484e-06 1.343384953275263e-05
16.93055555555535 -3.931881910495583e-06 1.318719966419266e-05
16.93333333333312 -6.794135049668656e-06 1.230396633970446e-05
16.9361111111109 -9.458070839041252e-06 1.079827599016797e-05
16.93888888888868 -1.178805789728172e-05 8.71464839665921e-06
16.94166666666645 -1.365845878271826e-05 6.127215059517036e-06
16.94444444444423 -1.496010771675302e-05 3.137475389768556e-06
16.94722222222201 -1.560628438271293e-05 -1.293669375301851e-07
16.94999999999978 -1.553787197235656e-05 -3.52937424522152e-06
16.95277777777756 -1.472741310547086e-05 -6.905969888383927e-06
16.95555555555534 -1.318181783158799e-05 -1.009691332358486e-05
16.95833333333311 -1.094353234785661e-05 -1.294185665022166e-05
16.96111111111089 -8.090043304576613e-06 -1.529014235593477e-05
16.96388888888866 -4.731667915982594e-06 -1.700847501265926e-05
16.96666666666644 -1.007661273072326e-06 -1.798808939632917e-05
16.96944444444422 2.919244446789433e-06 -1.815104520660294e-05
16.97222222222199 6.869672748766101e-06 -1.745530467890434e-05
16.97499999999977 1.065553596019636e-05 -1.589829346116236e-05
16.97777777777755 1.408873156638775e-05 -1.351870581727011e-05
16.98055555555532 1.699021258066436e-05 -1.039639028531918e-05
16.9833333333331 1.919900753619252e-05 -6.650238318919105e-06
16.98611111111088 2.058074965065003e-05 -2.434092436126171e-06
16.98888888888865 2.103527953082804e-05 2.069212285688209e-06
16.99166666666643 2.050291213971005e-05 6.655463535646749e-06
16.99444444444421 1.896900629519279e-05 1.11080441790084e-05
16.99722222222198 1.646654230151725e-05 1.520788289213201e-05
16.99999999999976 1.307649798499553e-05 1.874394018302145e-05
17.00277777777753 8.925912005861188e-06 2.152374192659813e-05
17.00555555555531 4.183631601620615e-06 2.338344949883734e-05
17.00833333333309 -9.461450269968706e-07 2.419695662183485e-05
17.01111111111086 -6.232309007666009e-06 2.38835291180965e-05
17.01388888888864 -1.142693476856202e-05 2.241355470924054e-05
17.01666666666642 -1.627660402789139e-05 1.981204433516571e-05
17.01944444444419 -2.053445828415793e-05 1.615962154916791e-05
17.02222222222197 -2.397242180008434e-05 1.159084855711815e-05
17.02499999999975 -2.639300563558305e-05 6.289861607682156e-06
17.02777777777752 -2.764009950462668e-05 4.834190964919775e-07
17.0305555555553 -2.760818345787433e-05 -5.568403254075657e-06
17.03333333333308 -2.624944559290133e-05 -1.158351088262592e-05
17.03611111111085 -2.357837370141558e-05 -1.727061091740008e-05
17.03888888888863 -1.967349508406299e-05 -2.234298934058192e-05
17.0416666666664 -1.467606546623938e-05 -2.653260959650591e-05
17.04444444444418 -8.785649613004691e-06 -2.960385609309941e-05
17.04722222222196 -2.252686481874931e-06 -3.136623632472841e-05
17.04999999999973 4.63171650746474e-06 -3.168537903535775e-05
17.05277777777751 1.154836970650332e-05 -3.049172313163563e-05
17.05555555555529 1.816444518732798e-05 -2.778638147729581e-05
17.05833333333306 2.414914369539304e-05 -2.364378212630058e-05
17.06111111111084 2.918986481484597e-05 -1.82108322904977e-05
17.06388888888862 3.300810760880285e-05 -1.170251129788773e-05
17.06666666666639 3.537431208886508e-05 -4.393970737552112e-06
17.06944444444417 3.612087326637097e-05 3.390605169453538e-06
17.07222222222195 3.515261970271059e-05 1.129195673656206e-05
17.07499999999972 3.245414595302379e-05 1.893194632995753e-05
17.0777777777775 2.809351972373037e-05 2.59312865963377e-05
17.08055555555528 2.222204475154452e-05 3.19279872365013e-05
17.08333333333305 1.506994253735455e-05 3.659564182959344e-05
17.08611111111083 6.938011950767947e-06 3.966065076308522e-05
17.0888888888886 -1.814473827604694e-06 4.091749460156284e-05
17.09166666666638 -1.078517831122157e-05 4.024123500816272e-05
17.09444444444416 -1.954678579256688e-05 3.75965262063693e-05
17.09722222222193 -2.766696810631452e-05 3.304256532542446e-05
17.09999999999971 -3.472932141361119e-05 2.673358909145348e-05
17.10277777777749 -4.035427870995261e-05 1.891472958775719e-05
17.10555555555526 -4.421896831998096e-05 9.913263997947092e-06
17.10833333333304 -4.607500290479272e-05 1.255219540278114e-07
17.11111111111082 -4.576324861759003e-05 -1.00000617881518e-05
17.11388888888859 -4.322473865943106e-05 -1.998305344969882e-05
17.11666666666637 -3.850705574123795e-05 -2.933340790929388e-05
17.11944444444415 -3.176570756226506e-05 -3.757511635253648e-05
17.12222222222192 -2.326024988075356e-05 -4.426999329749973e-05
17.1249999999997 -1.334516273508089e-05 -4.904043544388485e-05
17.12777777777747 -2.45574512301238e-06 -5.158999409113392e-05
17.13055555555525 8.910450658944394e-06 -5.172067000559421e-05
17.13333333333303 2.021588466258855e-05 -4.934596333240518e-05
17.1361111111108 3.090802468086517e-05 -4.449888731550532e-05
17.13888888888858 4.044593203610767e-05 -3.733437630513177e-05
17.14166666666636 4.832717996367773e-05 -2.812577636614479e-05
17.14444444444413 5.411378671317038e-05 -1.725538917452011e-05
17.14722222222191 5.745584883931471e-05 -5.199333584310784e-06
17.14999999999969 5.811162900002406e-05 7.492719993083118e-06
17.15277777777746 5.596298577818584e-05 2.02221140500954e-05
17.15555555555524 5.102522618922434e-05 3.236899753256662e-05
17.15833333333302 4.345070706658925e-05 4.332208228846027e-05
17.16111111111079 3.352579897665812e-05 5.250895611509279e-05
17.16388888888857 2.1661142784397e-05 5.942547126371528e-05
17.16666666666634 8.375459648819934e-06 6.366272366206152e-05
17.16944444444412 -5.726495971979899e-06 6.493020836956129e-05
17.1722222222219 -1.99809402845202e-05 6.307387987933981e-05
17.17499999999967 -3.369584513649871e-05 5.808805713028963e-05
17.17777777777745 -4.618410158216455e-05 5.012038421373667e-05
17.18055555555523 -5.679749560302688e-05 3.94693771913352e-05
17.183333333333 -6.495983828267931e-05 2.657444080524819e-05
17.18611111111078 -7.019758119293135e-05 1.199860959292829e-05
17.18888888888856 -7.216631913694337e-05 -3.595361970544535e-06
17.19166666666633 -7.067173586567369e-05 -1.947458475281019e-05
17.19444444444411 -6.56837789249574e-05 -3.487000657109588e-05
17.19722222222189 -5.734314836156458e-05 -4.9013221803951e-05
17.19999999999966 -4.595953785053515e-05 -6.117438051685274e-05
17.20277777777744 -3.200145994667954e-05 -7.069934926753011e-05
17.20555555555521 -1.607790115707013e-05 -7.704425530364268e-05
17.20833333333299 1.087532724437284e-06 -7.980561817006089e-05
17.21111111111077 1.868892585936763e-05 -7.874443711361729e-05
17.21388888888854 3.587540677641486e-05 -7.380285377741596e-05
17.21666666666632 5.179184381164242e-05 -6.511233762951942e-05
17.2194444444441 6.562095888597046e-05 -5.299273231435621e-05
17.22222222222187 7.662480788797928e-05 -3.794193698282687e-05
17.22499999999965 8.418354567089346e-05 -2.061645714885156e-05
17.22777777777743 8.782946673522542e-05 -1.803522368516132e-06
17.2305555555552 8.727448856391534e-05 1.761409014765313e-05
17.23333333333298 8.242951758806267e-05 3.669898883488966e-05
17.23611111111076 7.341449711335265e-05 5.450398790286191e-05
17.23888888888853 6.055836676393964e-05 7.011869508867874e-05
17.24166666666631 4.438864458993192e-05 8.271559757563846e-05
17.24444444444408 2.561085324842356e-05 9.159333572370594e-05
17.24722222222186 5.078525775295778e-06 9.621492804452726e-05
17.24999999999964 -1.62449813346873e-05 9.623889897890599e-05
17.25277777777741 -3.733119515550465e-05 9.154155740020482e-05
17.25555555555519 -5.713570712787005e-05 8.222906660765647e-05
17.25833333333297 -7.464949953757122e-05 6.863841891169074e-05
17.26111111111074 -8.894991668711263e-05 5.132695825495396e-05
17.26388888888852 -9.924872757005418e-05 3.105065760508896e-05
17.2666666666663 -0.0001049348014298366 8.731926656932746e-06
17.26944444444407 -0.0001056091187824546 -1.45817288262723e-05
17.27222222222185 -0.0001011101617368024 -3.776638007635603e-05
17.27499999999963 -9.152815594290938e-05 -5.967544776786868e-05
17.2777777777774 -7.72071536163789e-05 -7.919602451389641e-05
17.28055555555518 -5.873452921070673e-05 -9.530500128106272e-05
17.28333333333295 -3.691807885920048e-05 -0.0001071221875517156
17.28611111111073 -1.275154144775538e-05 -0.0001139576906529597
17.28888888888851 1.263003833236445e-05 -0.0001153510349004915
17.29166666666628 3.800313744465047e-05 -0.0001110998489991706
17.29444444444406 6.211434227290211e-05 -0.0001012764165218175
17.29722222222184 8.374191388406235e-05 -8.623094888137918e-05
17.29999999999961 0.0001017573262305153 -6.658107712036471e-05
17.30277777777739 0.0001151836965231738 -4.318773779961339e-05
17.30555555555517 0.0001232481040197672 -1.711831607420961e-05
17.30833333333294 0.0001254250238484596 1.040142884536169e-05
17.31111111111072 0.0001214684785699463 3.804452838035572e-05
17.3138888888885 0.0001114310167339217 6.444642153401822e-05
17.31666666666627 9.566824244988414e-05 8.827199584269212e-05
17.31944444444405 7.482831463189112e-05 0.0001082827765555824
17.32222222222182 4.982657598235322e-05 0.0001234008997813497
17.3249999999996 2.180622359836229e-05 0.000132766584394457
17.32777777777738 -7.91334246886341e-06 0.0001357860642803358
17.33055555555515 -3.789819667640886e-05 0.0001321673487354804
17.33333333333293 -6.666873551234701e-05 0.0001219417278976566
17.33611111111071 -9.277240977148696e-05 0.0001054696076854163
17.33888888888848 -0.0001148567824785021 8.34300139535448e-05
17.34166666666626 -0.0001317392527593042 5.679391229027923e-05
17.34444444444404 -0.0001424698678755462 2.678230845171097e-05
17.34722222222181 -0.0001463839102928765 -5.189116367522633e-06
17.34999999999959 -0.000143141384995925 -3.757636209607245e-05
17.35277777777737 -0.0001327511261967645 -6.878137393987744e-05
17.35555555555514 -0.0001155779656434847 -9.723066072151011e-05
17.35833333333292 -9.23322232710741e-05 -0.0001214544137196558
17.3611111111107 -6.404165563232536e-05 -0.0001401621600833836
17.36388888888847 -3.200688531365073e-05 -0.0001523110707486578
17.36666666666625 2.257809397627888e-06 -0.0001571633269251957
17.36944444444402 3.709568513605483e-05 -0.0001543294217319855
17.3722222222218 7.078738195688943e-05 -0.0001437949147342648
17.37499999999958 0.0001016355978601401 -0.000125928938183424
17.37777777777735 0.0001280504308956016 -0.0001014736381475261
17.38055555555513 0.0001486311073082123 -7.151467879115423e-05
17.38333333333291 0.0001622399053062186 -3.743389713797673e-05
17.38611111111068 0.0001680643894520746 -8.461202815130788e-07
17.38888888888846 0.0001656645795040956 3.647700055742728e-05
17.39166666666624 0.0001550023682906008 7.26925690877999e-05
17.39444444444401 0.0001364513446528772 0.0001059773163605099
17.39722222222179 0.0001107861300405594 0.0001346192944524503
17.39999999999957 7.915135487700638e-05 0.0001571057864961531
17.40277777777734 4.301143291150239e-05 0.0001722029261395081
17.40555555555512 4.083286226095983e-06 0.0001790228481754966
17.40833333333289 -3.574492104058413e-05 0.0001770747394299112
17.41111111111067 -7.450521375018542e-05 0.0001662969016331131
17.41388888888845 -0.0001102469855462822 0.0001470678420975655
17.41666666666622 -0.0001411351342518856 0.0001201954307789564
17.419444444444 -0.0001655442186885001 8.688425400078043e-05
17.42222222222178 -0.0001821438094754912 4.868240152023792e-05
17.42499999999955 -0.0001899705604035262 7.409988617371557e-06
17.42777777777733 -0.0001884831150764306 -3.492731656974226e-05
17.43055555555511 -0.0001775967602584347 -7.623566942815648e-05
17.43333333333288 -0.0001576957061251119 -0.0001144366095031404
17.43611111111066 -0.0001296219682989283 -0.0001475716856024272
17.43888888888844 -9.464099370257895e-05 -0.0001739028781182418
17.44166666666621 -5.438535371401932e-05 -0.0001920036689519171
17.44444444444399 -1.077896385965888e-05 -0.0002008359910988855
17.44722222222176 3.405467946822745e-05 -0.0001998089210727811
17.44999999999954 7.789588255470014e-05 -0.0001888158302612828
17.45277777777732 0.0001185387296781767 -0.000168247746517562
17.45555555555509 0.0001539022000497775 -0.0001389818452256052
17.45833333333287 0.0001821368246091314 -0.0001023452324777777
17.46111111111065 0.000201721411807546 -6.005543970923636e-05
17.46388888888842 0.000211544783218292 -1.414025519901682e-05
17.4666666666662 0.0002109681361711192 3.315938922445194e-05
17.46944444444398 0.0001998645616091166 7.949883590488664e-05
17.47222222222175 0.0001786333484802711 0.0001225460820659757
17.47499999999953 0.0001481879480618679 0.0001600993414801947
17.47777777777731 0.0001099177915245258 0.0001901998518847537
17.48055555555508 6.562548558692887e-05 0.000211234139722789
17.48333333333286 1.744218641039388e-05 0.0002220203979925255
17.48611111111063 -3.227489521249913e-05 0.0002218743567386661
17.48888888888841 -8.105793471648159e-05 0.0002106509964950746
17.49166666666619 -0.0001264512242729576 0.000188759627096265
17.49444444444396 -0.0001661350799065796 0.0001571511709210047
17.49722222222174 -0.0001980446603664368 0.0001172778857204581
17.49999999999952 -0.000220477598398565 7.102716749319416e-05
17.50277777777729 -0.0002321848242800325 2.063241662764504e-05
17.50555555555507 -0.0002324397346541051 -3.143483896358059e-05
17.50833333333285 -0.0002210818916699802 -8.25863556977256e-05
17.51111111111062 -0.0001985326792035934 -0.0001302461499129317
17.5138888888884 -0.0001657817340100499 -0.0001719805965868572
17.51666666666618 -0.0001243444409627533 -0.0002056230633755213
17.51944444444395 -7.619225884811217e-05 -0.0002293866793631722
17.52222222222173 -2.36590509120984e-05 -0.000241959354644678
17.5249999999995 3.067214062403493e-05 -0.0002425759913288917
17.52777777777728 8.409638137731261e-05 -0.0002310639207885332
17.53055555555506 0.0001339219092885997 -0.0002078589136212275
17.53333333333283 0.0001776062147581599 -0.0001739905735674225
17.53611111111061 0.0002128862354096113 -0.0001310374715084007
17.53888888888839 0.0002378959764072468 -8.105392250250703e-05
17.54166666666616 0.0002512654239705744 -2.647177830049419e-05
17.54444444444394 0.0002521954971245504 3.001807647965372e-05
17.54722222222172 0.000240504939915551 8.559874379071969e-05
17.54999999999949 0.0002166464375206058 0.000137468256057113
17.55277777777727 0.0001816907768016464 0.0001829813701928522
17.55555555555505 0.0001372794879742301 0.0002197850102943911
17.55833333333282 8.55480171784585e-05 0.000245940397468195
17.5611111111106 2.902300701945473e-05 0.0002600255042639263
17.56388888888837 -2.95013758451916e-05 0.0002612124028549411
17.56666666666615 -8.710200215721774e-05 0.0002493152965291196
17.56944444444393 -0.0001408733394779146 0.0002248064739001628
17.5722222222217 -0.0001880746349444195 0.0001887990327082458
17.57499999999948 -0.0002262702355052919 0.0001429969043531386
17.57777777777726 -0.000253455830743351 8.961438573437837e-05
17.58055555555503 -0.0002681640468709687 3.126896537797779e-05
17.58333333333281 -0.0002695438074443429 -2.914736605646775e-05
17.58611111111059 -0.0002574091597329199 -8.861197893646623e-05
17.58888888888836 -0.0002322547826982079 -0.0001441234608533445
17.59166666666614 -0.0001952370675987103 -0.0001928538060389451
17.59444444444392 -0.0001481214108657674 -0.0002322931868598884
17.59722222222169 -9.319809191512412e-05 -0.0002603798613703034
17.59999999999947 -3.317073669322639e-05 -0.0002756084607460186
17.60277777777724 2.897719375169185e-05 -0.0002771109432629284
17.60555555555502 9.013127737612106e-05 -0.0002647058470907031
17.6083333333328 0.0001472029109201129 -0.0002389130561901706
17.61111111111057 0.0001972860685436276 -0.0002009330328558762
17.61388888888835 0.0002378060451275837 -0.000152591278867639
17.61666666666613 0.0002666525322627054 -9.625057238095434e-05
17.6194444444439 0.0002822901127514999 -3.469519750090301e-05
17.62222222222168 0.0002838403583125712 2.900714900250919e-05
17.62499999999946 0.0002711311216303114 9.16589014456486e-05
17.62777777777723 0.0002447102581119986 0.0001500939022260003
17.63055555555501 0.0002058228119941136 0.000201338239427813
17.63333333333279 0.0001563525643874354 0.0002427624330346534
17.63611111111056 9.873067202164508e-05 0.0002722171397483569
17.63888888888834 3.581583027696082e-05 0.0002881453333956785
17.64166666666612 -2.924811621070132e-05 0.0002896650724202471
17.64444444444389 -9.318999587840621e-05 0.0002766184312836754
17.64722222222167 -0.0001527766070701711 0.0002495838755122296
17.64999999999944 -0.0002049770950988742 0.0002098512145783223
17.65277777777722 -0.0002471180077523771 0.0001593601782995272
17.655555555555 -0.0002770210516843602 0.0001006055328313775
17.65833333333277 -0.0002931164090580002 3.651338494997422e-05
17.66111111111055 -0.000294525683053783 -2.970517206324215e-05
17.66388888888833 -0.0002811100624354332 -9.471572006453841e-05
17.6666666666661 -0.0002534810527794781 -0.0001552293074781086
17.66944444444388 -0.0002129730260518982 -0.0002081697815383597
17.67222222222166 -0.0001615787936134406 -0.0002508311004283796
17.67499999999943 -0.0001018513099982506 -0.0002810165328536347
17.67777777777721 -3.67763675178881e-05 -0.0002971525397730803
17.68055555555499 3.03773463297774e-05 -0.0002983713954388431
17.68333333333276 9.622326484645621e-05 -0.0002845581794623862
17.68611111111054 0.000157428659103614 -0.000256359578674734
17.68888888888831 0.0002108843017929047 -0.0002151538850311532
17.69166666666609 0.0002538633908287709 -0.0001629835638819641
17.69444444444387 0.0002841615598815875 -0.0001024536931940509
17.69722222222164 0.0003002107401866658 -3.660133902218078e-05
17.69999999999942 0.0003011609514422693 3.125755607446054e-05
17.7027777777772 0.0002869257232293067 9.769601606744812e-05
17.70555555555497 0.0002581886995498223 0.0001593500660946859
17.70833333333275 0.0002163709631446959 0.0002130900713651194
17.71111111111053 0.0001635606312333692 0.0002561806018811752
17.7138888888883 0.0001024082162821523 0.0002864206057960413
17.71666666666608 3.599301378577414e-05 0.0003022566605023811
17.71944444444386 -3.233271808168399e-05 0.000302863432293233
17.72222222222163 -9.911386321609506e-05 0.0002881871435107154
17.72499999999941 -0.0001609681590382351 0.0002589497352498098
17.72777777777718 -0.0002147585280325049 0.0002166134269499786
17.73055555555496 -0.0002577531960528136 0.0001633074078844605
17.73333333333274 -0.0002877653728504597 0.0001017203446219428
17.73611111111051 -0.0003032653042154834 3.496415203041508e-05
17.73888888888829 -0.0003034589117007931 -3.358403822446767e-05
17.74166666666607 -0.0002883289432450078 -0.0001004536459095575
17.74444444444384 -0.0002586364784340086 -0.0001622573633270472
17.74722222222162 -0.0002158826667616503 -0.000215863778982951
17.7499999999994 -0.0001622326210611889 -0.0002585570532236738
17.75277777777717 -0.0001004053356150302 -0.000288175451485952
17.75555555555495 -3.353524849349202e-05 -0.0003032216202690921
17.75833333333273 3.498747033501856e-05 -0.0003029389383226156
17.7611111111105 0.0001016897255221351 -0.0002873500163584093
17.76388888888828 0.0001631925409226264 -0.0002572553630994203
17.76666666666605 0.0002163832651079224 -0.0002141922832154011
17.76944444444383 0.0002585741081969327 -0.0001603561178228086
17.77222222222161 0.0002876388834090925 -9.848787492819415e-05
17.77499999999938 0.0003021209490084725 -3.173402525287501e-05
17.77777777777716 0.0003013068298260644 3.651433115836056e-05
17.78055555555494 0.0002852617655393891 0.0001027946642435892
17.78333333333271 0.0002548253938296297 0.0001637496847114008
17.78611111111049 0.0002115678288793802 0.0002162984200153066
17.78888888888827 0.0001577084331603318 0.0002577929253306172
17.79166666666604 9.600149764857199e-05 0.0002861526077924021
17.79444444444382 2.95947433436858e-05 0.0002999693039591507
17.7972222222216 -3.813205240655131e-05 0.000298577764898624
17.79999999999937 -0.0001037399894383624 0.0002820879916874195
17.80277777777715 -0.0001639066416722543 0.0002513778335379999
17.80555555555492 -0.0002155952999413764 0.0002080463090081158
17.8083333333327 -0.0002562091880891778 0.0001543301316321983
17.81111111111048 -0.0002837227715718833 9.298781024656405e-05
17.81388888888825 -0.0002967834749641964 2.715735368846573e-05
17.81666666666603 -0.0002947786644018151 -3.980504604309485e-05
17.81944444444381 -0.0002778645526261292 -0.0001044970176247079
17.82222222222158 -0.0002469556540146953 -0.0001636438390561597
17.82499999999936 -0.000203675452348444 -0.0002142651603806578
17.82777777777714 -0.0001502709394898308 -0.0002538260826110671
17.83055555555491 -8.949553536080776e-05 -0.0002803648877014508
17.83333333333269 -2.446651309162126e-05 -0.000292590942497677
17.83611111111047 4.149565491011683e-05 -0.0002899478582725086
17.83888888888824 0.0001050377098343023 -0.0002726387948723138
17.84166666666602 0.000162944986820902 -0.000241612760197446
17.84444444444379 0.0002123049559431124 -0.0001985127695179843
17.84722222222157 0.0002506545566746491 -0.0001455886904489889
17.84999999999935 0.0002761038289445054 -8.557940684575693e-05
17.85277777777712 0.0002874295978869443 -2.157049536603275e-05
17.8555555555549 0.0002841345405704781 4.316515786383708e-05
17.85833333333268 0.000266468768560319 0.0001053355286918817
17.86111111111045 0.0002354130055092602 0.0001617977297486118
17.86388888888823 0.000192624422617341 0.0002097177417052595
17.86666666666601 0.0001403481137382236 0.0002467134386504065
17.86944444444378 8.129894699966595e-05 0.0002709736492193826
17.87222222222156 1.852003087290197e-05 0.0002813472695516893
17.87499999999934 -4.477479681838324e-05 0.000277398021037259
17.87777777777711 -0.0001053662673385975 0.0002594222417959603
17.88055555555489 -0.0001601942239999795 0.000228429021595603
17.88333333333266 -0.0002065129570876693 0.0001860839351647626
17.88611111111044 -0.0002420294050357657 0.0001346194975877448
17.88888888888822 -0.0002650172294983585 7.671716124951577e-05
17.89166666666599 -0.0002744010609949933 1.536710973915328e-05
17.89444444444377 -0.0002698067874348801 -4.628679260560416e-05
17.89722222222155 -0.0002515755365100529 -0.0001051088213287123
17.89999999999932 -0.0002207408911145013 -0.0001581316152765327
17.9027777777771 -0.0001789707759475827 -0.0002027065769506237
17.90555555555488 -0.0001284772647295453 -0.000236636789820525
17.90833333333265 -7.189918766239188e-05 -0.0002582857505907823
17.91111111111043 -1.216378467601882e-05 -0.0002666565119343953
17.91388888888821 4.766531734764386e-05 -0.000261437398534109
17.91666666666598 0.0001045458768078975 -0.0002430122130658799
17.91944444444376 0.000155612399178561 -0.0002124346966587693
17.92222222222154 0.0001983211190132955 -0.0001713688537684525
17.92499999999931 0.0002305772340401816 -0.0001219984986032675
17.92777777777709 0.0002508380005951466 -6.691093940493433e-05
17.93055555555486 0.0002581865994003052 -8.961008658024724e-06
17.93333333333264 0.0002523732326847412 4.887739308041009e-05
17.93611111111042 0.0002338216352237238 0.0001036644915478014
17.93888888888819 0.0002036009822437816 0.0001526446486027827
17.94166666666597 0.0001633649622053131 0.0001933855016608811
17.94444444444375 0.0001152614597623701 0.0002238991791979962
17.94722222222152 6.181777765424961e-05 0.0002427395301466966
17.9499999999993 5.807540749225308e-06 0.0002490706006219297
17.95277777777708 -4.989368954994689e-05 0.0002427031212102869
17.95555555555485 -0.000102456549583796 0.0002240974504101385
17.95833333333263 -0.0001492420979229579 0.0001943331659405618
17.96111111111041 -0.0001879347514902393 0.000155047214313381
17.96388888888818 -0.0002166572135617407 0.0001083441313768946
17.96666666666596 -0.0002340616735757968 5.668325053534077e-05
17.96944444444373 -0.0002393928438477812 2.74895020330435e-06
17.97222222222151 -0.0002325198992408332 -5.068919827693207e-05
17.97499999999929 -0.000213936022416461 -0.0001009190751330628
17.97777777777706 -0.0001847259430814812 -0.000145424079019386
17.98055555555484 -0.0001465035066397733 -0.0001820095653248266
17.98333333333262 -0.0001013228308161584 -0.0002089112854049151
17.98611111111039 -5.156793047727331e-05 -0.0002248804585145649
17.98888888888817 1.732552491696225e-07 -0.000229241376718177
17.99166666666595 5.124376497297906e-05 -0.0002219189088795355
17.99444444444372 9.905439687448944e-05 -0.0002034348545952445
17.9972222222215 0.0001412153097302544 -0.0001748737189801681
17.99999999999928 0.0001756557366434359 -0.0001378200500499405
18.00277777777705 0.000200725801850164 -9.427092113522378e-05
18.00555555555483 0.0002152754301346189 -4.65283781513646e-05
18.0083333333326 0.0002187065842681953 2.922356068997658e-06
18.01111111111038 0.0002109964907027535 5.15424679213089e-05
18.01388888888816 0.0001926910412766928 9.687015934936068e-05
18.01666666666593 0.0001648691083404155 0.0001366455407104145
18.01944444444371 0.0001290800017522868 0.000168923461194638
18.02222222222149 8.725765203164264e-05 0.0001921686358783044
18.02499999999926 4.161625602151057e-05 0.0002053284189187026
18.02777777777704 -5.466987340625265e-06 0.0002078797899853131
18.03055555555482 -5.15758358054259e-05 0.0001998484994644981
18.03333333333259 -9.437918390343095e-05 0.000181799783526807
18.03611111111037 -0.0001317490718055729 0.0001548015355277358
18.03888888888815 -0.0001618665407811624 0.0001203622287166412
18.04166666666592 -0.0001833100671051154 8.034715471172971e-05
18.0444444444437 -0.0001951222825373888 3.687760877410117e-05
18.04722222222147 -0.0001968518735217111 -7.78153581571864e-06
18.04999999999925 -0.0001885688785381045 -5.133990436673133e-05
18.05277777777703 -0.0001708530025824175 -9.15991870071796e-05
18.0555555555548 -0.0001447559658253043 -0.0001265641536050099
18.05833333333258 -0.0001117402275879907 -0.0001545415076271533
18.06111111111036 -7.359760928457918e-05 -0.0001742216839956039
18.06388888888813 -3.235232173885052e-05 -0.0001847396529582003
18.06666666666591 9.846364532236162e-06 -0.0001857119376686523
18.06944444444369 5.083611698730063e-05 -0.0001772483251368753
18.07222222222146 8.855236871352754e-05 -0.0001599380804638987
18.07499999999924 0.0001211322936769392 -0.0001348117928395348
18.07777777777702 0.0001470066942381536 -0.0001032812204359989
18.08055555555479 0.0001649752761787135 -6.706059709826669e-05
18.08333333333257 0.0001742617193464805 -2.807376211962483e-05
18.08611111111034 0.0001745460550929705 1.164786793881166e-05
18.08888888888812 0.0001659730748380263 5.007107955490152e-05
18.0916666666659 0.0001491367525493327 8.526488825680993e-05
18.09444444444367 0.000125041901599384 0.000115497489941377
18.09722222222145 9.504543950006821e-05 0.0001393212751402695
18.09999999999923 6.07806440645921e-05 0.0001556417454383551
18.102777777777 2.406860172117116e-05 0.0001637670756616718
18.10555555555478 -1.317836600242484e-05 0.0001634361222202144
18.10833333333256 -4.90561845842548e-05 0.0001548238295481125
18.11111111111033 -8.176624719098582e-05 0.0001385241715096784
18.11388888888811 -0.0001097054156020479 0.0001155119208422884
18.11666666666589 -0.0001315443073072366 8.708560774083274e-05
18.11944444444366 -0.0001462900628039607 5.479495477647497e-05
18.12222222222144 -0.0001533306592082249 2.035681407695398e-05
18.12499999999921 -0.0001524588436730286 -1.443585071441996e-05
18.12777777777699 -0.0001438748479924729 -4.78071233666632e-05
18.13055555555477 -0.0001281681561813394 -7.808860290296346e-05
18.13333333333254 -0.0001062796717494568 -0.0001038025809915342
18.13611111111032 -7.944661576391185e-05 -0.000123733795455661
18.1388888888881 -4.913333132510984e-05 -0.0001369862970322243
18.14166666666587 -1.695183372359497e-05 -0.0001430228028949187
18.14444444444365 1.542360254718604e-05 -0.0001416848660227028
18.14722222222143 4.634330778612862e-05 -0.0001331932123039744
18.1499999999992 7.426603675380278e-05 -0.0001181286329356814
18.15277777777698 9.783549757724704e-05 -9.739481424069227e-05
18.15555555555476 0.0001159458067891225 -7.216538975602175e-05
18.15833333333253 0.000127792736773618 -4.381826541321671e-05
18.16111111111031 0.0001329084197670438 -1.38608609610195e-05
18.16388888888808 0.0001311780744948141 1.614969763088557e-05
18.16666666666586 0.0001228382785679802 4.468722528409505e-05
18.16944444444364 0.000108457271138007 7.033380148472334e-05
18.17222222222141 8.889868608658631e-05 9.18498682936733e-05
18.17499999999919 6.527093971522097e-05 0.000108233657288152
18.17777777777697 3.886518778924168e-05 0.0001187671250194016
18.18055555555474 1.108529195044745e-05 0.0001230463336949473
18.18333333333252 -1.662642863963417e-05 0.0001209950609083285
18.1861111111103 -4.286375128645287e-05 0.0001128613134732911
18.18888888888807 -6.632757192465136e-05 9.919730859458746e-05
18.19166666666585 -8.588982638671676e-05 8.082432477252544e-05
18.19444444444363 -0.000100647188443112 5.878457260668656e-05
18.1972222222214 -0.0001099620202037356 3.42828553513969e-05
18.19999999999918 -0.0001134887651430473 8.621251496702569e-06
18.20277777777696 -0.0001111847657458481 -1.686966356526849e-05
18.20555555555473 -0.0001033053137571464 -4.0899443222187e-05
18.20833333333251 -9.0383557680675e-05 -6.228272152168899e-05
18.21111111111028 -7.319665741363743e-05 -7.999724222813089e-05
18.21388888888806 -5.272025129904116e-05 -9.323214956427949e-05
18.21666666666584 -3.007385356324913e-05 -0.0001014242937953227
18.21944444444361 -6.460204377087176e-06 -0.0001042809759180339
18.22222222222139 1.689816674437392e-05 -0.000101788292063205
18.22499999999917 3.882183917270927e-05 -9.420500010194297e-05
18.22777777777694 5.823364493119274e-05 -8.204257828641223e-05
18.23055555555472 7.421111423725134e-05 -6.603284021293721e-05
18.2333333333325 8.602969667706265e-05 -4.708507730608029e-05
18.23611111111027 9.31947695564569e-05 -2.623519012410138e-05
18.23888888888805 9.546107190893749e-05 -4.589620607058345e-06
18.24166666666583 9.283888414296318e-05 1.67329057541594e-05
18.2444444444436 8.558697272377133e-05 3.66587822759398e-05
18.24722222222138 7.41929999526234e-05 5.421314396776669e-05
18.24999999999915 5.934272607411233e-05 6.856705630655936e-05
18.25277777777693 4.187987351587773e-05 7.907601471433862e-05
18.25555555555471 2.275895514371676e-05 8.530800507052561e-05
18.25833333333248 2.993670495617694e-06 8.705995827280129e-05
18.26111111111026 -1.639636620830853e-05 8.43620595436674e-05
18.26388888888804 -3.443778943981271e-05 7.747001220801634e-05
18.26666666666581 -5.02518908450767e-05 6.684597267958739e-05
18.26944444444359 -6.309689016944604e-05 5.312943705010469e-05
18.27222222222137 -7.240206543847437e-05 3.70998422363626e-05
18.27499999999914 -7.779221182694461e-05 1.963302331360982e-05
18.27777777777692 -7.91014374478006e-05 1.653926661863479e-06
18.2805555555547 -7.637587962205971e-05 -1.591189421072517e-05
18.28333333333247 -6.986550629359952e-05 -3.218547983965549e-05
18.28611111111025 -6.000572392622159e-05 -4.637797896284403e-05
18.28888888888802 -4.739001734607568e-05 -5.782834714064127e-05
18.2916666666658 -3.273527396145602e-05 -6.603345944584833e-05
18.29444444444358 -1.684177466988943e-05 -7.066930625858003e-05
18.29722222222135 -5.500522127393358e-07 -7.160243691922188e-05
18.29999999999913 1.530308340444623e-05 -6.889134080255268e-05
18.30277777777691 2.992707527063092e-05 -6.277798132546594e-05
18.30555555555468 4.261656773607409e-05 -5.36701982737547e-05
18.30833333333246 5.278487978752343e-05 -4.211614254059793e-05
18.31111111111024 5.999044687583471e-05 -2.877228318905731e-05
18.31388888888801 6.395508078137838e-05 -1.436681236839443e-05
18.31666666666579 6.457335091344383e-05 3.395431191894943e-07
18.31944444444357 6.191286688304176e-05 1.459322036825758e-05
18.32222222222134 5.620571599457746e-05 2.768598086389972e-05
18.32499999999912 4.783175606974916e-05 3.898962426382726e-05
18.32777777777689 3.729486147167358e-05 4.798558049822412e-05
18.33055555555467 2.519354927845549e-05 5.428801819416931e-05
18.33333333333245 1.218765830662658e-05 5.765948117928307e-05
18.33611111111022 -1.037094075367394e-06 5.801847820367271e-05
18.338888888888 -1.38047987241335e-05 5.543888151025546e-05
18.34166666666578 -2.548345112508753e-05 5.014141472931752e-05
18.34444444444355 -3.551576115711962e-05 4.247790801876778e-05
18.34722222222133 -4.344520073261476e-05 3.290934873685177e-05
18.34999999999911 -4.893610374021701e-05 2.197904258506025e-05
18.35277777777688 -5.178697466634162e-05 1.028241026967147e-05
18.35555555555466 -5.19365369927236e-05 -1.564930165740248e-06
18.35833333333244 -4.946243960350394e-05 -1.295910888868143e-05
18.36111111111021 -4.457291862445652e-05 -2.333834286462563e-05
18.36388888888799 -3.759206404552427e-05 -3.221016671120266e-05
18.36666666666576 -2.893964785553468e-05 -3.917426206610335e-05
18.36944444444354 -1.910671880529751e-05 -4.393985867855058e-05
18.37222222222132 -8.62834738714059e-06 -4.633699166226744e-05
18.37499999999909 1.944993788567895e-06 -4.632123737221825e-05
18.37777777777687 1.207590708268206e-05 -4.397189689161118e-05
18.38055555555465 2.126695348386562e-05 -3.948393300154308e-05
18.38333333333242 2.908462092075972e-05 -3.315427669645085e-05
18.3861111111102 3.517924803132243e-05 -2.536338768799833e-05
18.38888888888798 3.930001860443911e-05 -1.655316744629768e-05
18.39166666666575 4.130442372296229e-05 -7.202473915263063e-06
18.39444444444353 4.116189209128187e-05 2.198431549184031e-06
18.39722222222131 3.895159776852862e-05 1.117316412732489e-05
18.39999999999908 3.48547524679802e-05 1.928294036726519e-05
18.40277777777686 2.914196173723269e-05 2.614758865800345e-05
18.40555555555463 2.215645755361479e-05 3.146286425942847e-05
18.40833333333241 1.429420345914085e-05 3.501331031156509e-05
18.41111111111019 5.98199455316049e-06 3.668016013074669e-05
18.41388888888796 -2.345261081692199e-06 3.644404722397314e-05
18.41666666666574 -1.026689180783916e-05 3.43825632618965e-05
18.41944444444352 -1.739731487350094e-05 3.066296655773566e-05
18.42222222222129 -2.340437970767293e-05 2.553058129958142e-05
18.42499999999907 -2.802435352134354e-05 1.929362949605627e-05
18.42777777777685 -3.107290210559274e-05 1.230539419557292e-05
18.43055555555462 -3.245164630077436e-05 4.944717547011739e-06
18.4333333333324 -3.215011570600492e-05 -2.404112903166103e-06
18.43611111111018 -3.024316292632738e-05 -9.371042250926049e-06
18.43888888888795 -2.688413155901368e-05 -1.561850266446384e-05
18.44166666666573 -2.229427779619773e-05 -2.085736428290278e-05
18.4444444444435 -1.6749119170354e-05 -2.485985194359229e-05
18.44722222222128 -1.056251684770468e-05 -2.746887847825396e-05
18.44999999999906 -4.069384620553978e-06 -2.860344831378746e-05
18.45277777777683 2.392044428827895e-06 -2.825999850803525e-05
18.45555555555461 8.497473887099189e-06 -2.650975679571799e-05
18.45833333333239 1.395246087453324e-05 -2.349239683240228e-05
18.46111111111016 1.850623211514793e-05 -1.940644972734432e-05
18.46388888888794 2.196277287357487e-05 -1.449707975578328e-05
18.46666666666572 2.418872486662454e-05 -9.041944303850797e-06
18.46944444444349 2.511780944069636e-05 -3.335929220414578e-06
18.47222222222127 2.475168031039775e-05 2.324421294928106e-06
18.47499999999905 2.31572960324563e-05 7.655976175253601e-06
18.47777777777682 2.046107667564287e-05 1.240284188967175e-05
18.4805555555546 1.684026333087101e-05 1.634828317817516e-05
18.48333333333238 1.251202602956165e-05 1.932420552694996e-05
18.48611111111015 7.720959822093325e-06 2.12178095211017e-05
18.48888888888793 2.725666624841062e-06 2.197518637568735e-05
18.4916666666657 -2.214859606691247e-06 2.160178882662711e-05
18.49444444444348 -6.854344347955507e-06 2.015987348056456e-05
18.49722222222126 -1.097119324855095e-05 1.776316148472707e-05
18.49999999999903 -1.437873851237353e-05 1.456909668162965e-05
18.50277777777681 -1.693331658504192e-05 1.076918819003595e-05
