16.5 1.953453613070974e-07 -9.35036830351146e-08
16.50277777777778 2.080044267356639e-07 -8.227491845023026e-08
16.50555555555555 2.202350911779902e-07 -6.975159425209908e-08
16.50833333333333 2.319247757302664e-07 -5.59232990326476e-08
16.51111111111111 2.4295621336395e-07 -4.078802765418355e-08
16.51388888888888 2.532079516331826e-07 -2.435285410408297e-08
16.51666666666666 2.625549286162254e-07 -6.63458812792262e-09
16.51944444444444 2.708691235086015e-07 1.233959105994256e-08
16.52222222222221 2.780202827709381e-07 3.253153106491536e-08
16.52499999999999 2.838767221697215e-07 5.38915400293054e-08
16.52777777777776 2.883062044297862e-07 7.635786552083258e-08
16.53055555555554 2.911768915475626e-07 9.985622661162754e-08
16.53333333333332 2.923583700929295e-07 1.242994073911905e-07
16.53611111111109 2.9172274705904e-07 1.49586920332232e-07
16.53888888888887 2.891458130058385e-07 1.756047480377948e-07
16.54166666666665 2.845082683866148e-07 2.022251719492627e-07
16.54444444444442 2.77697008054471e-07 2.293066965635075e-07
16.5472222222222 2.686064580199179e-07 2.566940776038462e-07
16.54999999999998 2.571399575772903e-07 2.842184624001842e-07
16.55277777777775 2.432111789468255e-07 3.116976504474389e-07
16.55555555555553 2.267455755918712e-07 3.389364817376298e-07
16.55833333333331 2.076818493819886e-07 3.657273599772917e-07
16.56111111111108 1.859734257841522e-07 3.918509172201258e-07
16.56388888888886 1.615899252952234e-07 4.170768257448793e-07
16.56666666666663 1.345186183764892e-07 4.411647622052569e-07
16.56944444444441 1.047658502411481e-07 4.638655281518387e-07
16.57222222222219 7.235842097769444e-08 4.849223299889358e-07
16.57499999999996 3.734490568663302e-08 5.040722202718387e-07
16.57777777777774 -2.031014289117419e-10 5.21047700979722e-07
16.58055555555552 -4.018983572372183e-08 5.355784880117526e-07
16.58333333333329 -8.249432078035627e-08 5.473934346596824e-07
16.58611111111107 -1.26969454781775e-07 5.562226102072009e-07
16.58888888888885 -1.734412425908138e-07 5.617995281054092e-07
16.59166666666662 -2.217081917085415e-07 5.638635163798984e-07
16.5944444444444 -2.715408902990801e-07 5.621622210498015e-07
16.59722222222218 -3.226817853131673e-07 5.564542313906387e-07
16.59999999999995 -3.748451784064284e-07 5.465118138680477e-07
16.60277777777773 -4.2771745682153e-07 5.321237395169013e-07
16.6055555555555 -4.809575756681417e-07 5.130981874616232e-07
16.60833333333328 -5.341978070806404e-07 4.892657051849304e-07
16.61111111111106 -5.870447705671624e-07 4.604822040677505e-07
16.61388888888883 -6.39080757447414e-07 4.266319666751541e-07
16.61666666666661 -6.898653606378095e-07 3.876306402609609e-07
16.61944444444439 -7.389374191487568e-07 3.434281890442251e-07
16.62222222222216 -7.858172845305675e-07 2.940117759863114e-07
16.62499999999994 -8.300094141220833e-07 2.394085431085753e-07
16.62777777777772 -8.710052933399404e-07 1.79688257851887e-07
16.63055555555549 -9.082866863895563e-07 1.1496579162504e-07
16.63333333333327 -9.413292116929262e-07 4.540339555748345e-08
16.63611111111105 -9.69606235032045e-07 -2.87872624372852e-08
16.63888888888882 -9.92593069900194e-07 -1.073433357941882e-07
16.6416666666666 -1.009771470869275e-06 -1.899493494657151e-07
16.64444444444437 -1.020634401931253e-06 -2.762360989586657e-07
16.64722222222215 -1.02469105778451e-06 -3.657799347125614e-07
16.64999999999993 -1.021472111939932e-06 -4.581024675491389e-07
16.6527777777777 -1.010535161346699e-06 -5.52670729772488e-07
16.65555555555548 -9.914703330232932e-07 -6.488978249224992e-07
16.65833333333326 -9.639060139574785e-07 -7.461440971581324e-07
16.66111111111103 -9.275146613644137e-07 -8.437188487478081e-07
16.66388888888881 -8.820186462901157e-07 -9.408826311862895e-07
16.66666666666659 -8.271960795942428e-07 -1.036850131983676e-06
16.66944444444436 -7.628865655614377e-07 -1.130793675234997e-06
16.67222222222214 -6.889968248582511e-07 -1.221847349622641e-06
16.67499999999992 -6.05506125300138e-07 -1.309111772582628e-06
16.67777777777769 -5.124714560036538e-07 -1.391659493945968e-06
16.68055555555547 -4.100323780111963e-07 -1.46854103650081e-06
16.68333333333324 -2.984154824523656e-07 -1.53879156461068e-06
16.68611111111102 -1.779383858224729e-07 -1.601438165301404e-06
16.6888888888888 -4.901319103969416e-08 -1.655507719140084e-06
16.69166666666657 8.785065731476218e-08 -1.700035330802724e-06
16.69444444444435 2.320441947506005e-07 -1.734073281523599e-06
16.69722222222213 3.828575056130843e-07 -1.75670045769091e-06
16.6999999999999 5.394791068409791e-07 -1.767032201763941e-06
16.70277777777768 7.00996211968473e-07 -1.76423052351294e-06
16.70555555555546 8.663959368977371e-07 -1.747514601392957e-06
16.70833333333323 1.034567504390053e-06 -1.716171495752969e-06
16.71111111111101 1.204305498690827e-06 -1.669566987633098e-06
16.71388888888879 1.374314215243243e-06 -1.607156449214023e-06
16.71666666666656 1.543213142997357e-06 -1.528495644662448e-06
16.71944444444434 1.709543608455908e-06 -1.433251353258065e-06
16.72222222222211 1.871776601262666e-06 -1.321211700409633e-06
16.72499999999989 2.028321790904362e-06 -1.19229607657936e-06
16.72777777777767 2.177537732967735e-06 -1.046564519349974e-06
16.73055555555544 2.317743251445891e-06 -8.842264299970195e-07
16.73333333333322 2.447229970853432e-06 -7.056484930936533e-07
16.736111111111 2.564275958496917e-06 -5.113616659673372e-07
16.73888888888877 2.66716042320422e-06 -3.020671043915513e-07
16.74166666666655 2.754179402294535e-06 -7.864089177547718e-08
16.74444444444433 2.823662353632923e-06 1.57862558518914e-07
16.7472222222221 2.873989554441489e-06 4.062085542525695e-07
16.74999999999988 2.903610193227538e-06 6.649817497791859e-07
16.75277777777766 2.911061025936401e-06 9.3258745978878e-07
16.75555555555543 2.894985452375917e-06 1.207254766262335e-06
16.75833333333321 2.854152854294459e-06 1.487041512980604e-06
16.76111111111098 2.78747802239578e-06 1.769841269438316e-06
16.76388888888876 2.694040486249622e-06 2.053392331825756e-06
16.76666666666654 2.573103548706855e-06 2.335288812721483e-06
16.76944444444431 2.424132815264357e-06 2.612993853422934e-06
16.77222222222209 2.246813999037285e-06 2.883854973463015e-06
16.77499999999987 2.041069773857389e-06 3.145121550847475e-06
16.77777777777764 1.80707544165079e-06 3.393964404131047e-06
16.78055555555542 1.54527317593393e-06 3.627497423648593e-06
16.7833333333332 1.256384601196354e-06 3.842801174232284e-06
16.78611111111097 9.414214682380171e-07 4.036948365812063e-06
16.78888888888875 6.016941884830098e-07 4.207031061528501e-06
16.79166666666653 2.388179959628278e-07 4.350189465713802e-06
16.7944444444443 -1.452834857435374e-07 4.463642106525809e-06
16.79722222222208 -5.483774827052967e-07 4.544717200450694e-06
16.79999999999986 -9.679243123363961e-07 4.59088495864064e-06
16.80277777777763 -1.401082806018392e-06 4.59979056842862e-06
16.80555555555541 -1.844719069942115e-06 4.56928755772886e-06
16.80833333333318 -2.29541871703788e-06 4.497471225736713e-06
16.81111111111096 -2.749502675351858e-06 4.382711800754769e-06
16.81388888888874 -3.203046647451765e-06 4.223686965492435e-06
16.81666666666651 -3.651904261826762e-06 4.019413372159638e-06
16.81944444444429 -4.091733920633743e-06 3.769276754540718e-06
16.82222222222207 -4.518029308994531e-06 3.473060232329544e-06
16.82499999999984 -4.926153489480207e-06 3.130970394701369e-06
16.82777777777762 -5.31137646173036e-06 2.743660745808189e-06
16.8305555555554 -5.668916021765344e-06 2.312252094861112e-06
16.83333333333317 -5.993981708776201e-06 1.838349478097321e-06
16.83611111111095 -6.281821579480774e-06 1.324055209468251e-06
16.83888888888873 -6.527771502032578e-06 7.719776715261801e-07
16.8416666666665 -6.727306613367714e-06 1.852354781210751e-07
16.84444444444428 -6.87609453652097e-06 -4.325433340631024e-07
16.84722222222205 -6.970049908190545e-06 -1.077227396779976e-06
16.84999999999983 -7.005389722536013e-06 -1.744193659262221e-06
16.85277777777761 -6.978688955311374e-06 -2.428344827434449e-06
16.85555555555538 -6.886935893748731e-06 -3.124132777766423e-06
16.85833333333316 -6.727586562733888e-06 -3.825588076766194e-06
16.86111111111094 -6.498617607442708e-06 -4.526355678665199e-06
16.86388888888871 -6.198576967410833e-06 -5.219736810418812e-06
16.86666666666649 -5.82663165765194e-06 -5.898736985381867e-06
16.86944444444427 -5.38261195956475e-06 -6.556120015247474e-06
16.87222222222204 -4.867051318528641e-06 -7.184467814763355e-06
16.87499999999982 -4.281221246955943e-06 -7.776245715803142e-06
16.8777777777776 -3.627160541545774e-06 -8.323872927515643e-06
16.88055555555537 -2.907698142079945e-06 -8.819797698157139e-06
16.88333333333315 -2.126468986687986e-06 -9.25657665275909e-06
16.88611111111092 -1.287922255408513e-06 -9.626957699903079e-06
16.8888888888887 -3.97321440179322e-07 -9.923965821643346e-06
16.89166666666648 5.392642645630584e-07 -1.014099098394809e-05
16.89444444444425 1.514977691013109e-06 -1.027187733218936e-05
16.89722222222203 2.522200912133282e-06 -1.031101276816112e-05
16.89999999999981 3.55259222176473e-06 -1.025341794311948e-05
16.90277777777758 4.597133068684435e-06 -1.009483364648873e-05
16.90555555555536 5.646185031034412e-06 -9.831805523353355e-06
16.90833333333314 6.68955680843209e-06 -9.461765016780269e-06
16.91111111111091 7.71658109310982e-06 -8.98310540443391e-06
16.91388888888869 8.716201059354461e-06 -8.395251783977824e-06
16.91666666666647 9.677066083697932e-06 -7.698723859254897e-06
16.91944444444424 1.058763617769272e-05 -6.895190390213027e-06
16.92222222222202 1.143629448226001e-05 -5.987514194576924e-06
16.92499999999979 1.221146703872287e-05 -4.979786629261668e-06
16.92777777777757 1.290174891858439e-05 -3.87735053467676e-06
16.93055555555535 1.349603566329186e-05 -2.68681069607063e-06
16.93333333333312 1.398365885862269e-05 -1.416030962719283e-06
16.9361111111109 1.435452454756596e-05 -7.411726847838852e-08
16.93888888888868 1.459925307270839e-05 1.328614084704562e-06
16.94166666666645 1.470931883591361e-05 2.780683385109313e-06
16.94444444444423 1.467718837155931e-05 4.269510068382635e-06
16.94722222222201 1.449645505155532e-05 5.781491068649314e-06
16.94999999999978 1.416196867773477e-05 7.302094984525712e-06
16.95277777777756 1.366995817172756e-05 8.815971895467861e-06
16.95555555555534 1.301814554584546e-05 1.030707846852543e-05
16.95833333333311 1.220584933223145e-05 1.175881779271775e-05
16.96111111111089 1.123407566323878e-05 1.315419316899755e-05
16.96388888888866 1.010559523454049e-05 1.447597487145601e-05
16.96666666666644 8.825004445300935e-06 1.570687868139301e-05
16.96944444444422 7.398769097078206e-06 1.68297547837268e-05
16.97222222222199 5.835249146068645e-06 1.782778540682562e-05
16.97499999999977 4.144703141467945e-06 1.868468938584159e-05
16.97777777777755 2.33927114652455e-06 1.938493163843147e-05
16.98055555555532 4.329351273318015e-07 1.991393536386936e-05
16.9833333333331 -1.558543992680842e-06 2.025829461470229e-05
16.98611111111088 -3.617713179196302e-06 2.040598474770103e-05
16.98888888888865 -5.725538343493523e-06 2.034656814061039e-05
16.99166666666643 -7.861539642057743e-06 2.007139246637731e-05
16.99444444444421 -1.000395075801426e-05 1.957377874967151e-05
16.99722222222198 -1.212990159543843e-05 1.884919639436755e-05
16.99999999999976 -1.421562349746882e-05 1.78954223675914e-05
17.00277777777753 -1.623667577167548e-05 1.671268175801423e-05
17.00555555555531 -1.81681919739012e-05 1.530376699516258e-05
17.00833333333309 -1.998514406957262e-05 1.367413312387643e-05
17.01111111111086 -2.166262226298484e-05 1.183196667478537e-05
17.01388888888864 -2.31761279650865e-05 9.788225858398746e-06
17.01666666666642 -2.450187706363499e-05 7.556650036746411e-06
17.01944444444419 -2.561711037059909e-05 5.15373669260456e-06
17.02222222222197 -2.650040785567183e-05 2.598684420673958e-06
17.02499999999975 -2.71320030365143e-05 -8.669919429268631e-08
17.02777777777752 -2.749409369019511e-05 -2.878125571147068e-06
17.0305555555553 -2.757114488182796e-05 -5.748989350216075e-06
17.03333333333308 -2.735018017906883e-05 -8.670568751533603e-06
17.03611111111085 -2.682105683995115e-05 -1.161226153046572e-05
17.03888888888863 -2.597672072982254e-05 -1.454185550818105e-05
17.0416666666664 -2.481343674447984e-05 -1.742583216083636e-05
17.04444444444418 -2.333099059397284e-05 -2.022970124859434e-05
17.04722222222196 -2.15328579371265e-05 -2.291836396045456e-05
17.04999999999973 -1.942633705213973e-05 -2.545650154982953e-05
17.05277777777751 -1.702264148532374e-05 -2.780898594477228e-05
17.05555555555529 -1.43369494370768e-05 -2.994130834489291e-05
17.05833333333306 -1.138840702245974e-05 -3.182002136937531e-05
17.06111111111084 -8.200082980171838e-06 -3.341318990668076e-05
17.06388888888862 -4.798872897372823e-06 -3.469084544236937e-05
17.06666666666639 -1.215351563866528e-06 -3.56254383156067e-05
17.06944444444417 2.516427334685544e-06 -3.619228208347195e-05
17.07222222222195 6.359184336527868e-06 -3.636998396312327e-05
17.07499999999972 1.027271961088749e-05 -3.614085518048307e-05
17.0777777777775 1.421426941989997e-05 -3.549129498718702e-05
17.08055555555528 1.813891167208466e-05 -3.44121421196959e-05
17.08333333333305 2.200001786006658e-05 -3.289898757037683e-05
17.08611111111083 2.574974792570689e-05 -3.095244272336136e-05
17.0888888888886 2.933958385160199e-05 -2.857835718082483e-05
17.09166666666638 3.272089704973083e-05 -2.578798096881454e-05
17.09444444444416 3.584554391551537e-05 -2.259806626699655e-05
17.09722222222193 3.866648325162516e-05 -1.903090435141112e-05
17.09999999999971 4.113840864987853e-05 -1.511429407270457e-05
17.10277777777749 4.321838836497516e-05 -1.088143890819095e-05
17.10555555555526 4.486650472900732e-05 -6.370770422675531e-06
17.10833333333304 4.604648475425321e-05 -1.625696839489617e-06
17.11111111111082 4.672631326127044e-05 3.305723644201212e-06
17.11388888888859 4.687881966106409e-05 8.37118417758596e-06
17.11666666666637 4.648222942168292e-05 1.351460356140224e-05
17.11944444444415 4.552067126868024e-05 1.867667082450046e-05
17.12222222222192 4.398463131188475e-05 2.379545627705706e-05
17.1249999999997 4.187134556229001e-05 2.880708415919468e-05
17.12777777777747 3.918512270637682e-05 3.364646092709637e-05
17.13055555555525 3.593758954157426e-05 3.824805216889335e-05
17.13333333333303 3.214785214639183e-05 4.254670013371061e-05
17.1361111111108 2.784256665937441e-05 4.647847290745795e-05
17.13888888888858 2.305591446763766e-05 4.998153539481957e-05
17.14166666666636 1.782947765367214e-05 5.299703148325658e-05
17.14444444444413 1.221201170777463e-05 5.546996609023496e-05
17.14722222222191 6.25911377379562e-06 5.735007524261678e-05
17.14999999999969 3.278604614578137e-08 5.859267192240308e-05
17.15277777777746 -6.399104642336254e-06 5.915945514996675e-05
17.15555555555524 -1.296346851864777e-05 5.901926967432618e-05
17.15833333333302 -1.958273181233127e-05 5.814880371220874e-05
17.16111111111079 -2.617566735878838e-05 5.653321242988135e-05
17.16388888888857 -3.265830974080176e-05 5.416665530115864e-05
17.16666666666634 -3.894494633038894e-05 5.105273610419078e-05
17.16944444444412 -4.494917412410944e-05 4.72048351399752e-05
17.1722222222219 -5.058501086644793e-05 4.264632426514967e-05
17.17499999999967 -5.57680476529846e-05 3.741065652470074e-05
17.17777777777745 -6.041662901866629e-05 3.154132354079531e-05
17.18055555555523 -6.445304547368069e-05 2.509167534891599e-05
17.183333333333 -6.780472256957669e-05 1.812459906001308e-05
17.18611111111078 -7.040538988495105e-05 1.071205454848568e-05
17.18888888888856 -7.219621283084531e-05 2.934467303904537e-06
17.19166666666633 -7.312686991125028e-05 -5.120019389125079e-06
17.19444444444411 -7.31565580455255e-05 -1.335642867920194e-05
17.19722222222189 -7.225490878342426e-05 -2.167396438861025e-05
17.19999999999966 -7.040279872565958e-05 -2.996714672186409e-05
17.20277777777744 -6.759303821183485e-05 -3.812705877542325e-05
17.20555555555521 -6.383092335446264e-05 -4.604269110973103e-05
17.20833333333299 -5.9134637780045e-05 -5.360236966361795e-05
17.21111111111077 -5.353549198265889e-05 -6.069525042614154e-05
17.21388888888854 -4.707798998772533e-05 -6.721286257688709e-05
17.21666666666632 -3.981971505506858e-05 -7.305068028378132e-05
17.2194444444441 -3.183102839421446e-05 -7.810970205180628e-05
17.22222222222187 -2.319457730924005e-05 -8.22980154640695e-05
17.22499999999965 -1.4004611793736e-05 -8.553232439025955e-05
17.22777777777743 -4.366111342747551e-06 -8.773941526856978e-05
17.2305555555552 5.606273409413866e-06 -8.885753892766522e-05
17.23333333333298 1.578945670895954e-05 -8.883768461717124e-05
17.23611111111076 2.605332091675799e-05 -8.764472347454925e-05
17.23888888888853 3.626227360473244e-05 -8.525839958074779e-05
17.24166666666631 4.627694232659083e-05 -8.167414805021013e-05
17.24444444444408 5.595598814429036e-05 -7.690372126174279e-05
17.24722222222186 6.515801643094962e-05 -7.097560635491608e-05
17.24999999999964 7.374356110969477e-05 -6.393521948110543e-05
17.25277777777741 8.157711638395673e-05 -5.584486498749679e-05
17.25555555555519 8.852918820834942e-05 -4.6783450699353e-05
17.25833333333297 9.447833627995984e-05 -3.684595372191385e-05
17.26111111111074 9.931317624088772e-05 -2.614263466631554e-05
17.26388888888852 0.0001029343111042178 -1.479800187469262e-05
17.2666666666663 0.0001052561606794268 -2.949531028480641e-06
17.26944444444407 0.0001062086580035576 9.253850585182981e-06
17.27222222222185 0.0001057387824968377 2.165350194773509e-05
17.27499999999963 0.0001038119007706333 3.408301123717431e-05
17.2777777777774 0.0001004128877215947 4.637032292058395e-05
17.28055555555518 9.554700274741442e-05 5.834002448381652e-05
17.28333333333295 8.924049860353397e-05 6.981576484943595e-05
17.28611111111073 8.154094356568913e-05 8.062277339974471e-05
17.28888888888851 7.251724114301064e-05 9.059044573186429e-05
17.29166666666628 6.22593355621649e-05 9.955495988966727e-05
17.29444444444406 5.087759557133235e-05 0.0001073618848957853
17.29722222222184 3.850187373783504e-05 0.0001138687419998331
17.29999999999961 2.528024328068396e-05 0.0001189474782068157
17.30277777777739 1.137741951328431e-05 0.0001224868113970214
17.30555555555517 -3.027121887750021e-06 0.0001243944067181503
17.30833333333294 -1.77413124159098e-05 0.0001245988449511988
17.31111111111072 -3.256292159808771e-05 0.0001230513452294529
17.3138888888885 -4.728222375872935e-05 0.0001197272068300491
17.31666666666627 -6.168486852812496e-05 0.0001146269377509929
17.31944444444405 -7.555491852991818e-05 0.0001077770414103713
17.32222222222182 -8.867801366200461e-05 9.923043703387201e-05
17.3249999999996 -0.000100844617862324 8.906649407939043e-05
17.32777777777738 -0.000111853301268926 7.7390666343015e-05
17.33055555555515 -0.0001215140083469086 6.433371712063052e-05
17.33333333333293 -0.0001296512609027323 5.005053290238817e-05
17.33611111111071 -0.0001361072440106815 3.47185294610977e-05
17.33888888888848 -0.0001407447227763777 1.853566077061234e-05
17.34166666666626 -0.0001434497385928766 1.71804786055543e-06
17.34444444444404 -0.0001441340351319845 -1.55027486288734e-05
17.34722222222181 -0.0001427371667643269 -3.288278189875894e-05
17.34999999999959 -0.0001392282454108279 -5.016906184840469e-05
17.35277777777737 -0.0001336072859792708 -6.710314479083592e-05
17.35555555555514 -0.0001259061154972062 -8.342492197798032e-05
17.35833333333292 -0.0001161888167663862 -9.887655396802592e-05
17.3611111111107 -0.0001045516837731736 -0.0001132064936104096
17.36388888888847 -9.112267311633678e-05 -0.0001261735369410601
17.36666666666625 -7.606034325834471e-05 -0.0001375508386630003
17.36944444444402 -5.955228138242424e-05 -0.000147129827193506
17.3722222222218 -4.181302590502907e-05 -0.0001547239535831811
17.37499999999958 -2.308150114799408e-05 -0.0001601722089787984
17.37777777777735 -3.617989173433223e-06 -0.0001633423467622074
17.38055555555513 1.629932782311209e-05 -0.0001641337480677938
17.38333333333291 3.637821299910931e-05 -0.0001624798730541689
17.38611111111068 5.631655890138862e-05 -0.0001583502450738104
17.38888888888846 7.580685348679315e-05 -0.0001517519207007517
17.39166666666624 9.454086499367644e-05 -0.0001427304053890658
17.39444444444401 0.0001122144767846698 -0.0001313699822657242
17.39722222222179 0.0001285325984758672 -0.0001177934301108544
17.39999999999957 0.0001432140759119058 -0.0001021611158422788
17.40277777777734 0.0001559965199664214 -8.466945665631409e-05
17.40555555555512 0.0001666409728069226 -6.554875725163385e-05
17.40833333333289 0.0001749363302529243 -4.506043810271186e-05
17.41111111111067 0.0001807034402075986 -2.349368140315458e-05
17.41388888888845 0.0001837987999008539 -1.161531868908664e-06
17.41666666666622 0.0001841177788378189 2.160350009291706e-05
17.419444444444 0.0001815972998881301 4.445427547265414e-05
17.42222222222178 0.0001762179178330254 6.70342373911633e-05
17.42499999999955 0.0001680052428365157 8.898292044422229e-05
17.42777777777733 0.0001570306656349173 0.0001099416761830236
17.43055555555511 0.0001434113516189036 0.0001295595259882123
17.43333333333288 0.0001273094822811271 0.0001474990476111059
17.43611111111066 0.0001089307345511005 0.0001634421981233356
17.43888888888844 8.852200115621156e-05 0.0001770959740313691
17.44166666666621 6.636836813180001e-05 0.0001881978089700256
17.44444444444399 4.278937874731593e-05 0.0001965206107485375
17.44722222222176 1.813462618211753e-05 0.0002018773426295964
17.44999999999954 -7.221269937170663e-06 0.0002041250585712781
17.45277777777732 -3.288423580509028e-05 0.0002031683087429456
17.45555555555509 -5.844678570003236e-05 0.0001989618398683785
17.45833333333287 -8.349444497844485e-05 0.0001915125247793713
17.46111111111065 -0.0001076124552845695 0.0001808804668501435
17.46388888888842 -0.000130392655635606 0.0001671792375872726
17.4666666666662 -0.0001514404268412082 0.0001505752193802395
17.46944444444398 -0.000170381582265861 0.0001312860400881147
17.47222222222175 -0.0001868690854377865 0.0001095781014922236
17.47499999999953 -0.0002005894745016441 8.576321946110189e-05
17.47777777777731 -0.000211268875124557 6.019440965916779e-05
17.48055555555508 -0.0002186784872088563 3.326086852433417e-05
17.48333333333286 -0.0002226394366592841 5.382214745900784e-06
17.48611111111063 -0.0002230268914595668 -2.299792871232755e-05
17.48888888888841 -0.0002197733513494366 -5.141891812851018e-05
17.49166666666619 -0.0002128710323576021 -7.941053157270503e-05
17.49444444444396 -0.0002023732811734544 -0.0001065007528823076
17.49722222222174 -0.0001883949696472643 -0.0001322237701410926
17.49999999999952 -0.000171111836358931 -0.0001561280544155329
17.50277777777729 -0.000150758759944504 -0.0001777843793527477
17.50555555555507 -0.0001276269674101751 -0.0001967936394714502
17.50833333333285 -0.0001020601996983244 -0.0002127943246643252
17.51111111111062 -7.444987596498519e-05 -0.0002254695106831457
17.5138888888884 -4.522931701881078e-05 -0.0002345532302394537
17.51666666666618 -1.486710684204143e-05 -0.000239836096791998
17.51944444444395 1.614031134406811e-05 -0.0002411700630827903
17.52222222222173 4.727669169141938e-05 -0.000238472208889935
17.5249999999995 7.801456752059463e-05 -0.0002317274671553411
17.52777777777728 0.0001078242179989001 -0.0002209902144074565
17.53055555555506 0.0001361828688057177 -0.0002063846699809496
17.53333333333283 0.0001625839677263981 -0.0001881040686678091
17.53611111111061 0.0001865463707070407 -0.0001664085927535678
17.53888888888839 0.000207623271297443 -0.0001416220715833099
17.54166666666616 0.000225410706858661 -0.0001141274794384852
17.54444444444394 0.0002395554784320042 -8.436128518847384e-05
17.54722222222172 0.0002497623277852947 -5.280672951057518e-05
17.54999999999949 0.0002558002248671548 -1.998612698015165e-05
17.55277777777727 0.0002575076315857653 1.354768937970873e-05
17.55555555555505 0.0002547966233468096 4.722064484562281e-05
17.55833333333282 0.0002476557679271835 8.044726820953317e-05
17.5611111111106 0.0002361516817461633 0.000112640938439891
17.56388888888837 0.0002204292061173722 0.0001432243543273152
17.56666666666615 0.0002007101702429391 0.0001716400402710545
17.56944444444393 0.0001772907331367255 0.0001973606962566933
17.5722222222217 0.0001505373228957626 0.0002198991984442482
17.57499999999948 0.0001208812182738091 0.0002388180587787295
17.57777777777726 8.881184389546371e-05 0.0002537381576591111
17.58055555555503 5.486887613427303e-05 0.0002643465730093471
17.58333333333281 1.963328115310927e-05 0.0002704033419741437
17.58611111111059 -1.628257057227488e-05 0.0002717470077498619
17.58888888888836 -5.224554833514773e-05 0.0002682988235786677
17.59166666666614 -8.761298098230247e-05 0.000260065508346734
17.59444444444392 -0.0001217442545737747 0.0002471404732063618
17.59722222222169 -0.0001540125785800415 0.0002297034657617619
17.59999999999947 -0.0001838167035002605 0.0002080186071529621
17.60277777777724 -0.0002105923689838667 0.0001824308273279381
17.60555555555502 -0.0002338232619046092 0.0001533607343414425
17.6083333333328 -0.0002530512684174136 0.0001212979841292524
17.61111111111057 -0.000267885812939633 8.679324720122841e-05
17.61388888888835 -0.0002780120900613176 5.044889756398839e-05
17.61666666666613 -0.0002831980125360087 1.290857627428739e-05
17.6194444444439 -0.000283299719466382 -2.5154193231954e-05
17.62222222222168 -0.0002782655132567496 -6.304813900679606e-05
17.62499999999946 -0.0002681381214773884 -0.0001000769061337884
17.62777777777723 -0.000253055209995899 -0.0001355520217650795
17.63055555555501 -0.0002332481060456637 -0.0001688059170146781
17.63333333333279 -0.0002090387237423963 -0.0001992047571208626
17.63611111111056 -0.0001808347192786931 -0.0002261608301055211
17.63888888888834 -0.0001491229379684604 -0.000249144247832033
17.64166666666612 -0.0001144612497795873 -0.0002676937219678426
17.64444444444389 -7.746890329046913e-05 -0.0002814261908220889
17.64722222222167 -3.881555945536982e-05 -0.0002900450911974623
17.64999999999944 7.908045575878008e-07 -0.0002933470920314732
17.65277777777722 4.061690540854355e-05 -0.0002912271333138353
17.655555555555 7.991783952852787e-05 -0.0002836816441676952
17.65833333333277 0.0001179511892429353 -0.0002708098474866436
17.66111111111055 0.0001539912803967293 -0.0002528130945726114
17.66388888888833 0.0001873433149570762 -0.0002299922111087479
17.6666666666661 0.0002173570995428964 -0.0002027428748356526
17.66944444444388 0.0002434400938841285 -0.0001715490846991544
17.67222222222166 0.0002650695118627117 -0.0001369748201990076
17.67499999999943 0.0002818032219521304 -9.965402742908094e-05
17.67777777777721 0.0002932892134418899 -6.027910400827457e-05
17.68055555555499 0.0002992734194535826 -1.95880880823469e-05
17.68333333333276 0.0002996057171138342 2.164921405880689e-05
17.68611111111054 0.0002942439587456967 6.264590191792108e-05
17.68888888888831 0.000283255925067837 0.0001026131760576755
17.69166666666609 0.0002668191313940228 0.0001407757593511282
17.69444444444387 0.000245218459985371 0.0001763872394643126
17.69722222222164 0.0002188416351587009 0.0002087450245220432
17.69999999999942 0.0001881726016880585 0.0002372046067413283
17.7027777777772 0.0001537829104624062 0.0002611928380638017
17.70555555555497 0.000116321257472084 0.0002802199371917036
17.70833333333275 7.650136203872904e-05 0.0002938899688876338
17.71111111111053 3.508840686636425e-05 0.0003019095635670388
17.7138888888883 -7.115704720680745e-06 0.000304094677580834
17.71666666666608 -4.928799099536468e-05 0.0003003752316737774
17.71944444444386 -9.060062746876795e-05 0.0002907975061468941
17.72222222222163 -0.0001302374532683591 0.0002755242155104638
17.72499999999941 -0.0001674104152777922 0.0002548322320010213
17.72777777777718 -0.000201375613559349 0.0002291079753332424
17.73055555555496 -0.0002314486150498288 0.00019884053444129
17.73333333333274 -0.0002570187129085517 0.0001646126348024428
17.73611111111051 -0.0002775618262994592 0.0001270896110995092
17.73888888888829 -0.0002926517593622238 8.700658857975821e-05
17.74166666666607 -0.0003019695684285394 4.515411645007926e-05
17.74444444444384 -0.000305310822560501 2.362532120641207e-06
17.74722222222162 -0.0003025905835638243 -4.0514634682129e-05
17.7499999999994 -0.0002938459770192163 -8.261788485379668e-05
17.75277777777717 -0.0002792362746240767 -0.0001230992493606942
17.75555555555495 -0.0002590404593164354 -0.0001611397043787284
17.75833333333273 -0.000233652297147438 -0.0001959661385806299
17.7611111111105 -0.0002035729926623404 -0.0002268675138411049
17.76388888888828 -0.0001694015563998925 -0.000253209873317554
17.76666666666605 -0.0001318230630132271 -0.0002744498709520607
17.76944444444383 -9.159502526509663e-05 -0.0002901465238456732
17.77222222222161 -4.953215173433445e-05 -0.0002999709230930024
17.77499999999938 -6.489793498548886e-06 -0.0003037136789294751
17.77777777777716 3.665358356347275e-05 -0.0003012899216564186
17.78055555555494 7.901453963416103e-05 -0.0002927417298609873
17.78333333333271 0.000119723036663867 -0.0002782379109242509
17.78611111111049 0.0001579406614302597 -0.0002580711145882561
17.78888888888827 0.000192878307517398 -0.000232652317266835
17.79166666666604 0.0002238129352774249 -0.0002025027715851422
17.79444444444382 0.0002501030446240213 -0.0001682435711137598
17.7972222222216 0.0002712025194733776 -0.0001305830331394022
17.79999999999937 0.0002866725342722848 -9.030215145177274e-05
17.80277777777715 0.0002961912518373212 -4.823841533027102e-05
17.80555555555492 0.0002995610868523062 -5.268329201697967e-06
17.8083333333327 0.0002967133599669736 3.771100115399342e-05
17.81111111111048 0.0002877102224394586 7.980082622829999e-05
17.81388888888825 0.0002727437895197024 0.0001201198491075329
17.81666666666603 0.0002521324810301796 0.0001578230486544248
17.81944444444381 0.0002263146285656926 0.0001921198198930813
17.82222222222158 0.0001958394690136081 0.0002222910333039375
17.82499999999936 0.0001613557024318155 0.0002477046348678759
17.82777777777714 0.0001235978472492986 0.000267829437560877
17.83055555555491 8.337067617609638e-05 0.0002822467917608722
17.83333333333269 4.153206076353835e-05 0.0002906598662066629
17.83611111111047 -1.025409657493164e-06 0.0002929003216595512
17.83888888888824 -4.339363898910877e-05 0.0002889322153238465
17.84166666666602 -8.466864819374808e-05 0.0002788530341117625
17.84444444444379 -0.0001239701825080254 0.0002628918177285747
17.84722222222157 -0.0001604608697629996 0.000241404396901378
17.84999999999935 -0.0001933645044113459 0.0002148658364367004
17.85277777777712 -0.0002219830482907398 0.000183860235731758
17.8555555555549 -0.0002457119649847703 0.000149068099410738
17.85833333333268 -0.0002640535392962583 0.0001112515465419265
17.86111111111045 -0.0002766278761739797 7.123767709703336e-05
17.86388888888823 -0.0002831813235436288 2.990045770045187e-05
17.86666666666601 -0.0002835921197686902 -1.185847568982396e-05
17.86944444444378 -0.0002778731277482804 -5.312967372298976e-05
17.87222222222156 -0.0002661715825337335 -9.301594637056623e-05
17.87499999999934 -0.0002487658463953715 -0.0001306522030916798
17.87777777777711 -0.0002260592329590408 -0.000165224613860286
17.88055555555489 -0.000198571028815989 -0.000195988657388737
17.88333333333266 -0.0001669249053271491 -0.0002222856458546512
17.88611111111044 -0.0001318349737110865 -0.0002435573479477487
17.88888888888822 -9.408979146777522e-05 -0.000259358373496443
17.89166666666599 -5.453467644093932e-05 -0.0002693660323841803
17.89444444444377 -1.405272518668344e-05 -0.0002733874368555957
17.89722222222155 2.645503620866353e-05 -0.0002713636783923568
17.89999999999932 6.608991895514826e-05 -0.0002633709767086939
17.9027777777771 0.0001039757946227362 -0.0002496187675534224
17.90555555555488 0.0001392788121760426 -0.0002304447663275946
17.90833333333265 0.000171226156575076 -0.0002063071143932831
17.91111111111043 0.0001991234169909799 -0.0001777737827141539
17.91388888888821 0.0002223701632910514 -0.0001455094715406707
17.91666666666598 0.0002404733696043043 -0.0001102603036811541
17.91944444444376 0.0002530583725654466 -7.283666107901113e-05
17.92222222222154 0.0002598771081843172 -3.409455866198697e-05
17.92499999999931 0.0002608134339081837 5.084015351440029e-06
17.92777777777709 0.0002558854098988598 4.381133820729566e-05
17.93055555555486 0.0002452444842624086 8.121430123400745e-05
17.93333333333264 0.0002291715992918184 0.0001164543954005758
17.93611111111042 0.0002080703080000464 0.0001487468683210715
17.93888888888819 0.0001824570606127027 0.0001773786056723646
17.94166666666597 0.0001529488875684402 0.0002017243191103905
17.94444444444375 0.0001202487673190589 0.0002212606619133544
17.94722222222152 8.51290223337012e-05 0.0002355779418503725
17.9499999999993 4.841313383360717e-05 0.0002443891570756198
17.95277777777708 1.095640373758023e-05 0.0002475361438644079
17.95555555555485 -2.637407985339497e-05 0.0002449926932478356
17.95833333333263 -6.271970030204181e-05 0.0002368645654608341
17.96111111111041 -9.725031416167677e-05 0.0002233864048672002
17.96388888888818 -0.0001291835237054243 0.0002049156318956696
17.96666666666596 -0.0001578027641281169 0.0001819234607242314
17.96944444444373 -0.0001824737774608585 0.0001549832602312697
17.97222222222151 -0.0002026590837837666 0.0001247565394071574
17.97499999999929 -0.0002179301083408124 9.19768954229868e-05
17.97777777777706 -0.0002279766795202617 5.743231147094049e-05
17.98055555555484 -0.0002326136760114196 2.194623111007301e-05
17.98333333333262 -0.0002317846702679454 -1.364213483709853e-05
17.98611111111039 -0.0002255624880202987 -4.849779452225026e-05
17.98888888888817 -0.0002141466782260207 -8.180977338794947e-05
17.99166666666595 -0.0001978579626935683 -0.0001128102484956044
17.99444444444372 -0.0001771298078273299 -0.0001407925594035789
17.9972222222215 -0.0001524973307094263 -0.0001651276640017243
17.99999999999928 -0.0001245838163312532 -0.0001852786461518347
18.00277777777705 -9.408518060887514e-05 -0.0002008129300863623
18.00555555555483 -6.175276341660611e-05 -0.0002114119131067458
18.0083333333326 -2.837487601102388e-05 -0.0002168777918059252
18.01111111111038 5.2424431162659e-06 -0.0002171374262499881
18.01388888888816 3.829499147822034e-05 -0.0002122431595796427
18.01666666666593 6.999980570303293e-05 -0.0002023705855171221
18.01944444444371 9.961393042472298e-05 -0.0001878133314216144
18.02222222222149 0.0001264520957576407 -0.0001689749979491169
18.02499999999926 0.0001499028743938787 -0.0001463584662032066
18.02777777777704 0.0001694429282439248 -0.0001205528477599951
18.03055555555482 0.0001846490030923859 -9.221841049501902e-05
18.03333333333259 0.0001952073867482212 -6.206986228115786e-05
18.03611111111037 0.000200920610193656 -3.085841413267652e-05
18.03888888888815 0.0002017112406680992 6.469267600949948e-07
18.04166666666592 0.0001976226887041914 3.167836614598069e-05
18.0444444444437 0.0001888170260165807 6.148816030546143e-05
18.04722222222147 0.0001755698859302771 8.93668146634338e-05
18.04999999999925 0.0001582625908290424 0.0001146601939540599
18.05277777777703 0.0001373717200579437 0.0001367851237530082
18.0555555555548 0.0001134563950760545 0.0001552431030226961
18.05833333333258 8.714361482163855e-05 0.0001696317966564858
18.06111111111036 5.911202179383664e-05 0.0001796540345945913
18.06388888888813 3.007451707759553e-05 0.0001851241084234028
18.06666666666591 7.601694867630944e-07 0.0001859712258106035
18.06944444444369 -2.810412049159845e-05 0.000182240055875671
18.07222222222146 -5.581173757834316e-05 0.0001740883727758383
18.07499999999924 -8.169379322741206e-05 0.000161781878491266
18.07777777777702 -0.0001051354554573271 0.0001456863571215911
18.08055555555479 -0.0001255907615911942 0.0001262573801263224
18.08333333333257 -0.0001425955497304345 0.0001040278431296928
18.08611111111034 -0.000155778195182754 7.959366860273543e-05
18.08888888888812 -0.0001648678963098836 5.359805355920885e-05
18.0916666666659 -0.0001697003188107167 2.671467622765254e-05
18.09444444444367 -0.0001702204766177403 -3.69700389300055e-07
18.09722222222145 -0.0001664827995370607 -2.697277766146184e-05
18.09999999999923 -0.0001586484106234858 -5.243397202812533e-05
18.102777777777 -0.0001469797081425747 -7.613092705275328e-05
18.10555555555478 -0.0001318324159572558 -9.749486899190019e-05
18.10833333333256 -0.0001136453304939931 -0.0001160244211311504
18.11111111111033 -9.292805042275527e-05 -0.0001312975350749817
18.11388888888811 -7.024702533517578e-05 -0.0001429812487728805
18.11666666666589 -4.621030073920921e-05 -0.0001508390399270783
18.11944444444366 -2.145136757319841e-05 -0.000154735607968503
18.12222222222144 3.387455591304711e-06 -0.0001546389862783942
18.12499999999921 2.767167090849712e-05 -0.0001506199569416279
18.12777777777699 5.079084640451855e-05 -0.0001428488111639895
18.13055555555477 7.217403852553612e-05 -0.00013158956769127
18.13333333333254 9.130399805498278e-05 -0.0001171918273040062
18.13611111111032 0.000107729800953918 -0.0001000805020002958
18.1388888888881 0.0001210775904814631 -8.07437112406093e-05
18.14166666666587 0.0001310591697299311 -5.971918321789296e-05
18.14444444444365 0.0001374782429940644 -3.757953537059486e-05
18.14722222222143 0.000140234168564698 -1.491683436186485e-05
18.1499999999992 0.0001393231528388205 7.673149120197596e-06
18.15277777777698 0.0001348368842462211 2.960657146543041e-05
18.15555555555476 0.0001269586735544787 5.032662118507834e-05
18.15833333333253 0.000115957232801634 6.931770420968937e-05
18.16111111111031 0.0001021782866671382 8.611834441814104e-05
18.16388888888808 8.603426589461962e-05 0.0001003324725784724
18.16666666666586 6.799238096184739e-05 0.0001116388235170685
18.16944444444364 4.85614142918612e-05 0.000119798215078397
18.17222222222141 2.827759989799334e-05 0.0001246585417751048
18.17499999999919 7.68997969603172e-06 0.0001261573793067681
18.17777777777697 -1.265436466603016e-05 0.0001243221615890197
18.18055555555474 -3.222480689277704e-05 0.000119267957784638
18.18333333333252 -5.052101252288002e-05 0.000111192941265091
18.1861111111103 -6.708575369022945e-05 0.0001003717037071566
18.18888888888807 -8.151637108899772e-05 8.714662399835366e-05
18.19166666666585 -9.347459279100596e-05 7.191755178140198e-05
18.19444444444363 -0.000102694467768784 5.51301079968132e-05
18.1972222222214 -0.0001089882262745082 3.726293858337204e-05
18.19999999999918 -0.000112249938058802 1.881428172581333e-05
18.20277777777696 -0.0001124569011230498 2.882231167915091e-07
18.20555555555473 -0.0001096687565509607 -1.781898265652301e-05
18.20833333333251 -0.0001040243872143037 -3.503215328598546e-05
18.21111111111028 -9.573671807620317e-05 -5.090962809364496e-05
18.21388888888806 -8.508559178721482e-05 -6.505459768248267e-05
18.21666666666584 -7.24089437728404e-05 -7.712502124294893e-05
18.21944444444361 -5.809254469980524e-05 -8.684188176975688e-05
18.22222222222139 -4.255861394171582e-05 -9.399557872487927e-05
18.22499999999917 -2.625363452979624e-05 -9.845031190877289e-05
18.22777777777694 -9.635717425302839e-06 -0.0001001463678999594
18.23055555555472 6.838129598181821e-06 -9.910027974995901e-05
18.2333333333325 2.272447571120042e-05 -9.540288999248412e-05
18.23611111111027 3.760534301679436e-05 -8.921540478032977e-05
18.23888888888805 5.109916605061676e-05 -8.076358149717958e-05
18.24166666666583 6.287054638451196e-05 -7.03302420101129e-05
18.2444444444436 7.263855190217442e-05 -5.824634748659738e-05
18.24722222222138 8.018335479704468e-05 -4.488090723605113e-05
18.24999999999915 8.535105198860888e-05 -3.063002241089284e-05
18.25277777777693 8.805656500017669e-05 -1.590538491133963e-05
18.25555555555471 8.828457182769694e-05 -1.122562045837154e-06
18.25833333333248 8.608847935743934e-05 1.331060176783808e-05
18.26111111111026 8.15874998613144e-05 2.70051436149906e-05
18.26388888888804 7.496194746338413e-05 3.960139600453389e-05
18.26666666666581 6.644691877319291e-05 5.077837711599644e-05
18.26944444444359 5.632456479872547e-05 6.026191193905443e-05
18.27222222222137 4.491519763102707e-05 6.783127888729432e-05
18.27499999999914 3.256750428433247e-05 7.332422171459412e-05
18.27777777777692 1.96481607566106e-05 7.664021567423671e-05
18.2805555555547 6.531151367719169e-06 7.774192837348841e-05
18.28333333333247 -6.412898483653203e-06 7.665486817683677e-05
18.28611111111025 -1.882707378837073e-05 7.346526477972548e-05
18.28888888888802 -3.037791762453939e-05 6.831627622958211e-05
18.2916666666658 -4.076430947957293e-05 6.140266281173542e-05
18.29444444444358 -4.972523825222494e-05 5.296410956355042e-05
18.29722222222135 -5.704626994863272e-05 4.327741460803327e-05
18.29999999999913 -6.256455120927338e-05 3.264778907122356e-05
18.30277777777691 -6.617223481665347e-05 2.139953534365249e-05
18.30555555555468 -6.781826087070277e-05 9.866383370862842e-06
18.30833333333246 -6.750847595652176e-05 -1.618230734779399e-06
18.31111111111024 -6.530412093518286e-05 -1.273066318605075e-05
18.31388888888801 -6.131876455762603e-05 -2.316606933659039e-05
18.31666666666579 -5.571380360337015e-05 -3.264666944369126e-05
18.31944444444357 -4.869268945730546e-05 -4.09290503164707e-05
18.32222222222134 -4.049407488105593e-05 -4.78103121343791e-05
18.32499999999912 -3.138410230800987e-05 -5.313290704705306e-05
18.32777777777689 -2.164807558706206e-05 -5.678805729481963e-05
18.33055555555467 -1.158177023418153e-05 -5.87176842436676e-05
18.33333333333245 -1.482642660304846e-06 -5.891482458265513e-05
18.33611111111022 8.35880349268885e-06 -5.742255463980873e-05
18.338888888888 1.766724566065743e-05 -5.43314870189282e-05
18.34166666666578 2.619013406539832e-05 -4.977594428977322e-05
18.34444444444355 3.370443907174415e-05 -4.392895112655831e-05
18.34722222222133 4.002237561384383e-05 -3.69962180662472e-05
18.34999999999911 4.499595999172315e-05 -2.920931609354151e-05
18.35277777777688 4.852029183559448e-05 -2.081826088401469e-05
18.35555555555466 5.053549396528763e-05 -1.208373828351838e-05
18.35833333333244 5.102728399923529e-05 -3.269208219181367e-06
18.36111111111021 5.002619264235552e-05 5.366877311731695e-06
18.36388888888799 4.76054833767703e-05 1.357851505984041e-05
18.36666666666576 4.387786562754239e-05 2.113903816159645e-05
18.36944444444354 3.899112730382364e-05 2.784725975338912e-05
18.37222222222132 3.312284197708444e-05 3.353270812659353e-05
18.37499999999909 2.647433005582301e-05 3.805981976607749e-05
18.37777777777687 1.92640715295493e-05 4.133099074811132e-05
18.38055555555465 1.172077974942956e-05 4.328842336954083e-05
18.38333333333242 4.076351057552279e-06 4.391474239278549e-05
18.3861111111102 -3.441096160280208e-06 4.323239276603498e-05
18.38888888888798 -1.061388707012251e-05 4.130186698052662e-05
18.39166666666575 -1.724096840061908e-05 3.821884428125619e-05
18.39444444444353 -2.3143425838156e-05 3.411035476632504e-05
18.39722222222131 -2.816919178855876e-05 2.913010812401453e-05
18.39999999999908 -3.219682247919426e-05 2.345314863840095e-05
18.40277777777686 -3.513825441009402e-05 1.727001457827969e-05
18.40555555555463 -3.694048322779003e-05 1.078059078296356e-05
18.40833333333241 -3.75861421392598e-05 4.187847966751272e-06
18.41111111111019 -3.709299094124467e-05 -2.308339031425217e-06
18.41388888888796 -3.551235957529504e-05 -8.517108957823419e-06
18.41666666666574 -3.29266208476143e-05 -1.426209533727923e-05
18.41944444444352 -2.944579467777015e-05 -1.938631627522764e-05
18.42222222222129 -2.52034101756379e-05 -2.375633992251376e-05
18.42499999999907 -2.035177133786574e-05 -2.726561814504779e-05
18.42777777777685 -1.505678670376667e-05 -2.983690911822913e-05
18.43055555555462 -9.492532576499218e-06 -3.142373950589569e-05
18.4333333333324 -3.83572323400094e-06 -3.201088761707209e-05
18.43611111111018 1.739740069423071e-06 -3.161389949291083e-05
18.43888888888795 7.067976398601415e-06 -3.027767931647063e-05
18.44166666666573 1.199593563687122e-05 -2.80742229719682e-05
18.4444444444435 1.638767536128858e-05 -2.509958820166307e-05
18.44722222222128 2.012798736761314e-05 -2.147021591741299e-05
18.44999999999906 2.31252803389798e-05 -1.731873424569781e-05
18.45277777777683 2.531365069244469e-05 -1.278938938513234e-05
18.45555555555461 2.665410064288149e-05 -8.033255053164533e-06
18.45833333333239 2.71348901152032e-05 -3.203375067377066e-06
18.46111111111016 2.677103643327611e-05 1.550008518646991e-06
18.46388888888794 2.560300186919917e-05 6.083996139673416e-06
18.46666666666572 2.369463335550855e-05 1.026720593030167e-05
18.46944444444349 2.113044023182981e-05 1.398346417994552e-05
18.47222222222127 1.801231420331572e-05 1.71349102590436e-05
18.47499999999905 1.445581023500912e-05 1.964443639253294e-05
18.47777777777682 1.058611753025125e-05 2.145740574492733e-05
18.4805555555546 6.53385581673831e-06 2.254261653164864e-05
18.48333333333238 2.430833810341729e-06 2.289250448506522e-05
18.48611111111015 -1.594095994625829e-06 2.252260019198607e-05
18.48888888888793 -5.418958949416701e-06 2.147028082491015e-05
18.4916666666657 -8.932239760412309e-06 1.979287691191085e-05
18.49444444444348 -1.203602148441032e-05 1.756521340660377e-05
18.49722222222126 -1.464859659812803e-05 1.487667990295056e-05
18.49999999999903 -1.67064839596889e-05 1.182793697271607e-05
18.50277777777681 -1.816580627619041e-05 8.527373990718746e-06
