16.5 1.696052186003248e-07 1.346730067566164e-07
16.50277777777778 2.136474347087204e-07 6.625539517659895e-08
16.50555555555555 2.304558170595433e-07 -1.609026632176803e-08
16.50833333333333 2.15832339493492e-07 -1.016509626171602e-07
16.51111111111111 1.697479919667304e-07 -1.785413230468803e-07
16.51388888888888 9.662628220120769e-08 -2.353097742578057e-07
16.51666666666666 5.013865580193382e-09 -2.625908784635181e-07
16.51944444444444 -9.33560529596487e-08 -2.545721802429321e-07
16.52222222222221 -1.850151375229163e-07 -2.100547000969898e-07
16.52499999999999 -2.565543132200267e-07 -1.329292136618429e-07
16.52777777777776 -2.965289907146564e-07 -3.196167713613395e-08
16.53055555555554 -2.972117198414238e-07 8.012765910293884e-08
16.53333333333332 -2.559330414047764e-07 1.882074322615782e-07
16.53611111111109 -1.757926883127865e-07 2.767224938849707e-07
16.53888888888887 -6.559845780414229e-08 3.318722209615365e-07
16.54166666666665 6.100943885794525e-08 3.436827364307051e-07
16.54444444444442 1.871775983772218e-07 3.076714742009874e-07
16.5472222222222 2.950207668316654e-07 2.258407091402066e-07
16.54999999999998 3.680919293063561e-07 1.068149040700791e-07
16.55277777777775 3.938087789038861e-07 -3.495351938487418e-08
16.55555555555553 3.654887015734205e-07 -1.808576891518491e-07
16.55833333333331 2.836774845692685e-07 -3.10508191755282e-07
16.56111111111108 1.565370511521255e-07 -4.045113200402978e-07
16.56388888888886 -8.23719293509681e-10 -4.472848130854275e-07
16.56666666666663 -1.680480394830021e-07 -4.295130528021933e-07
16.56944444444441 -3.22084700048776e-07 -3.498693435824651e-07
16.57222222222219 -4.402876080663362e-07 -2.15713303696151e-07
16.57499999999996 -5.03655442208358e-07 -4.259860049846605e-08
16.57777777777774 -4.997595449382683e-07 1.474148743836226e-07
16.58055555555552 -4.24923711051144e-07 3.284804096182581e-07
16.58333333333329 -2.852982768491927e-07 4.743941172658212e-07
16.58611111111107 -9.660566660544588e-08 5.622918990462253e-07
16.58888888888885 1.17490350931941e-07 5.761046709138847e-07
16.59166666666662 3.282464328197409e-07 5.092650260091407e-07
16.5944444444444 5.05602688863306e-07 3.662331755784256e-07
16.59722222222218 6.223680715099732e-07 1.625510066729712e-07
16.59999999999995 6.582590196895515e-07 -7.667550762297636e-08
16.60277777777773 6.032075312992335e-07 -3.197476680309217e-07
16.6055555555555 4.594224657286345e-07 -5.324668417402166e-07
16.60833333333328 2.418333507952737e-07 -6.828358937570596e-07
16.61111111111106 -2.324661927902338e-08 -7.45737901414057e-07
16.61388888888883 -3.011581129008702e-07 -7.069249186177107e-07
16.61666666666661 -5.533061921249094e-07 -5.657066261175399e-07
16.61944444444439 -7.424005102848782e-07 -3.358763355420774e-07
16.62222222222216 -8.378302262922642e-07 -4.463452695697809e-08
16.62499999999994 -8.204168789094126e-07 2.704592813071735e-07
16.62777777777772 -6.858308179127781e-07 5.661927059201058e-07
16.63055555555549 -4.461036462201036e-07 7.994957002671252e-07
16.63333333333327 -1.289059100887736e-07 9.335659695269319e-07
16.63611111111105 2.25442344874364e-07 9.434726846227181e-07
16.63888888888882 5.689394216652495e-07 8.204093664924401e-07
16.6416666666666 8.522601324727195e-07 5.739092657742426e-07
16.64444444444437 1.031682645794895e-06 2.315855849121749e-07
16.64722222222215 1.075632017624344e-06 -1.637146517671674e-07
16.64999999999993 9.698860226818886e-07 -5.590923441185198e-07
16.6527777777777 7.206225446478212e-07 -8.985151061671428e-07
16.65555555555548 3.547465125520454e-07 -1.130591314439763e-06
16.65833333333326 -8.271129844430503e-08 -1.216143354451677e-06
16.66111111111103 -5.339262657777171e-07 -1.134490055263127e-06
16.66388888888881 -9.35744518822462e-07 -8.874678662155616e-07
16.66666666666659 -1.228342739831292e-06 -5.004854281539125e-07
16.66944444444436 -1.363920328634156e-06 -2.028755786418121e-08
16.67222222222214 -1.31418832529808e-06 4.904453242664778e-07
16.67499999999992 -1.075518758126975e-06 9.610778854012962e-07
16.67777777777769 -6.708853038225131e-07 1.322594438754158e-06
16.68055555555547 -1.481329592080677e-07 1.517496607344033e-06
16.68333333333324 4.253891450688738e-07 1.508633605201023e-06
16.68611111111102 9.712773142589096e-07 1.285646391990827e-06
16.6888888888888 1.410579456525132e-06 8.679710236278412e-07
16.69166666666657 1.674979945571155e-06 3.037763089883962e-07
16.69444444444435 1.717109531396255e-06 -3.352454491855358e-07
16.69722222222213 1.518462522947862e-06 -9.627294189223356e-07
16.6999999999999 1.093657964640193e-06 -1.489077823744525e-06
16.70277777777768 4.902307992184196e-07 -1.83400621394437e-06
16.70555555555546 -2.162700212450296e-07 -1.938472718266927e-06
16.70833333333323 -9.314432104354933e-07 -1.774257047247796e-06
16.71111111111101 -1.554391753694726e-06 -1.349693274939552e-06
16.71388888888879 -1.991694334420077e-06 -7.105245194283196e-07
16.71666666666656 -2.171092711958982e-06 6.45149327709912e-08
16.71944444444434 -2.052930499995836e-06 8.730550687186738e-07
16.72222222222211 -1.637589757338303e-06 1.602325743722046e-06
16.72499999999989 -9.676447386179329e-07 2.144603199081136e-06
16.72777777777767 -1.241341051325861e-07 2.412790624070691e-06
16.73055555555544 7.828419302689343e-07 2.35392197647693e-06
16.73333333333322 1.628172839244885e-06 1.958552407160421e-06
16.736111111111 2.288691788572982e-06 1.264472950151477e-06
16.73888888888877 2.660777455461446e-06 3.539104281743067e-07
16.74166666666655 2.67613313806716e-06 -6.557438503116413e-07
16.74444444444433 2.313397814086519e-06 -1.626708403029158e-06
16.7472222222221 1.603710393225183e-06 -2.419283845117866e-06
16.74999999999988 6.291083807410804e-07 -2.911593296982871e-06
16.75277777777766 -4.863970966375437e-07 -3.017849156479453e-06
16.75555555555543 -1.592192801169637e-06 -2.702466822004463e-06
16.75833333333321 -2.53103858706528e-06 -1.987793914818999e-06
16.76111111111098 -3.161048773982229e-06 -9.54013885041497e-07
16.76388888888876 -3.376657656063928e-06 2.691789064874352e-07
16.76666666666654 -3.125531046351698e-06 1.518384466952156e-06
16.76944444444431 -2.418802213924773e-06 2.617929073519783e-06
16.77222222222209 -1.332823074909129e-06 3.40417028146758e-06
16.77499999999987 -1.73501668792271e-09 3.749366930706645e-06
16.77777777777764 1.398564830167512e-06 3.58169407461672e-06
16.78055555555542 2.673229934438378e-06 2.898352715675008e-06
16.7833333333332 3.635150732935107e-06 1.769548609009001e-06
16.78611111111097 4.131924936416107e-06 3.32299276127483e-07
16.78888888888875 4.06928842070926e-06 -1.225576598259523e-06
16.79166666666653 3.427489556849294e-06 -2.689516268865476e-06
16.7944444444443 2.267913469493729e-06 -3.847307713358639e-06
16.79722222222208 7.285129554286985e-07 -4.519340789250478e-06
16.79999999999986 -9.918768423669881e-07 -4.58576956545582e-06
16.80277777777763 -2.658675576748093e-06 -4.006563425222226e-06
16.80555555555541 -4.033051080848223e-06 -2.831232277912369e-06
16.80833333333318 -4.905610726351327e-06 -1.196318483667421e-06
16.81111111111096 -5.127608690230096e-06 6.896062718094489e-07
16.81388888888874 -4.635104282035464e-06 2.571934622590395e-06
16.81666666666651 -3.462280421508376e-06 4.183862196187151e-06
16.81944444444429 -1.74148468266177e-06 5.283650710412283e-06
16.82222222222207 3.106759703278682e-07 5.690185994832102e-06
16.82499999999984 2.419903126880244e-06 5.311688307019688e-06
16.82777777777762 4.290287069165944e-06 4.163151579087598e-06
16.8305555555554 5.645238069111501e-06 2.369473729559301e-06
16.83333333333317 6.267686779240584e-06 1.531272872389083e-07
16.83611111111095 6.033800735898769e-06 -2.19263613798957e-06
16.83888888888873 4.935104565949404e-06 -4.3419457886101e-06
16.8416666666665 3.085292054030704e-06 -5.980964754448124e-06
16.84444444444428 7.100162217890755e-07 -6.853002756150936e-06
16.84722222222205 -1.879716847979676e-06 -6.79769660682659e-06
16.84999999999983 -4.327560643029899e-06 -5.778400779326611e-06
16.85277777777761 -6.280204975447627e-06 -3.893325519690778e-06
16.85555555555538 -7.43764134072759e-06 -1.368058077867703e-06
16.85833333333316 -7.59826178969835e-06 1.4703614750745e-06
16.86111111111094 -6.692133916803797e-06 4.235005333776256e-06
16.86388888888871 -4.797159613154619e-06 6.531100093925637e-06
16.86666666666649 -2.135009137028666e-06 8.011645928363776e-06
16.86944444444427 9.535476388819668e-07 8.428877034454866e-06
16.87222222222204 4.051377625835521e-06 7.67405405580657e-06
16.87499999999982 6.720563768683077e-06 5.799385780321743e-06
16.8777777777776 8.563530412285983e-06 3.018128722474833e-06
16.88055555555537 9.281288134154817e-06 -3.181673972457573e-07
16.88333333333315 8.720388617107007e-06 -3.763097666335682e-06
16.88611111111092 6.901395504650268e-06 -6.834310380725536e-06
16.8888888888887 4.023973117076441e-06 -9.080231401732976e-06
16.89166666666648 4.467942072754051e-07 -1.014548564731607e-05
16.89444444444425 -3.356034020941562e-06 -9.825663182813454e-06
16.89722222222203 -6.856909762066337e-06 -8.103164212900221e-06
16.89999999999981 -9.547081768619694e-06 -5.158170287390401e-06
16.90277777777758 -1.100959795254343e-05 -1.352054630857952e-06
16.90555555555536 -1.098252559138595e-05 2.815659228008847e-06
16.90833333333314 -9.403027614112057e-06 6.771871175255267e-06
16.91111111111091 -6.425176828490189e-06 9.947809266182299e-06
16.91388888888869 -2.407803336408458e-06 1.185980170646436e-05
16.91666666666647 2.127236344429767e-06 1.21815771796699e-05
16.91944444444424 6.561759341768507e-06 1.079745362060831e-05
16.92222222222202 1.02645640167393e-05 7.828019114788337e-06
16.92499999999979 1.268025403226506e-05 3.62344584449857e-06
16.92777777777757 1.341121547417193e-05 -1.276037551282513e-06
16.93055555555535 1.228081355707815e-05 -6.208345086869033e-06
16.93333333333312 9.368021255032111e-06 -1.047797864699977e-05
16.9361111111109 5.007323434963183e-06 -1.345305096897462e-05
16.93888888888868 -2.475953995155241e-07 -1.465749303889309e-05
16.94166666666645 -5.692792850026147e-06 -1.384515692476893e-05
16.94444444444423 -1.056726474803177e-05 -1.104452309804555e-05
16.94722222222201 -1.415821684842406e-05 -6.566410260685553e-06
16.94999999999978 -1.590399755228666e-05 -9.720132967384481e-07
16.95277777777756 -1.547999454110171e-05 4.995886896830399e-06
16.95555555555534 -1.285459221050189e-05 1.051034914314746e-05
16.95833333333311 -8.305990346283929e-06 1.477372932508609e-05
16.96111111111089 -2.395851567107287e-06 1.713175849710313e-05
16.96388888888866 4.098297556583426e-06 1.717209540682487e-05
16.96666666666644 1.028405315122002e-05 1.479273443804293e-05
16.96944444444422 1.527558475079624e-05 1.022931770713451e-05
16.97222222222199 1.831918608945532e-05 4.035775777768885e-06
16.97499999999977 1.890530314866657e-05 -2.980888195369489e-06
16.97777777777755 1.68506083533618e-05 -9.864317626943955e-06
16.98055555555532 1.233726362856065e-05 -1.563790844902984e-05
16.9833333333331 5.902060709431696e-06 -1.944204823199911e-05
16.98611111111088 -1.625062917525613e-06 -2.066037832868558e-05
16.98888888888865 -9.226476037110987e-06 -1.901674957399221e-05
16.99166666666643 -1.583311419049335e-05 -1.462795597866604e-05
16.99444444444421 -2.047349133501714e-05 -8.00299930431361e-06
16.99722222222198 -2.241487328530588e-05 1.315416812787873e-08
16.99999999999976 -2.127631158285727e-05 8.345577185878259e-06
17.00277777777753 -1.709641627858097e-05 1.583211679115103e-05
17.00555555555531 -1.034448111063271e-05 2.138411079270116e-05
17.00833333333309 -1.871151508737117e-06 2.414304645653525e-05
17.01111111111086 7.196758432110165e-06 2.361083028552468e-05
17.01388888888864 1.560460123726089e-05 1.973420110202503e-05
17.01666666666642 2.214207671527185e-05 1.292955444531474e-05
17.01944444444419 2.581582331469612e-05 4.042352312768741e-06
17.02222222222197 2.599802007153291e-05 -5.75566934381904e-06
17.02499999999975 2.252905520543994e-05 -1.511935107979017e-05
17.02777777777752 1.575797832180226e-05 -2.27133201857e-05
17.0305555555553 6.512638482002439e-06 -2.740081109468088e-05
17.03333333333308 -3.998944714088597e-06 -2.841160958967765e-05
17.03611111111085 -1.434463802874868e-05 -2.54645845771731e-05
17.03888888888863 -2.306178482016467e-05 -1.882577123000357e-05
17.0416666666664 -2.886237440563265e-05 -9.291373054561031e-06
17.04444444444418 -3.082122577767114e-05 1.90472472164578e-06
17.04722222222196 -2.851995831757566e-05 1.32486737120393e-05
17.04999999999973 -2.212476488891841e-05 2.314974775305107e-05
17.05277777777751 -1.23845523326724e-05 3.016177856051771e-05
17.05555555555529 -5.467812308606079e-07 3.319233488097559e-05
17.05833333333306 1.180012344396049e-05 3.166964889549624e-05
17.06111111111084 2.293821332982699e-05 2.564217209709357e-05
17.06388888888862 3.125740702253904e-05 1.57942535378797e-05
17.06666666666639 3.548624923141393e-05 3.372691816467088e-06
17.06944444444417 3.488322084374069e-05 -9.968680580055313e-06
17.07222222222195 2.936017875188009e-05 -2.23873817710208e-05
17.07499999999972 1.951807841229082e-05 -3.210505873647064e-05
17.0777777777775 6.586818466834846e-06 -3.766020841012426e-05
17.08055555555528 -7.725698623140139e-06 -3.812517833005176e-05
17.08333333333305 -2.145719386250498e-05 -3.325557097007863e-05
17.08611111111083 -3.265833027355142e-05 -2.354860277222506e-05
17.0888888888886 -3.966754307006637e-05 -1.019900517327135e-05
17.09166666666638 -4.135488224167011e-05 5.044876704600723e-06
17.09444444444416 -3.729940898613818e-05 2.010795133501926e-05
17.09722222222193 -2.787284322597385e-05 3.286908666180202e-05
17.09999999999971 -1.421445266576088e-05 4.145792912065721e-05
17.10277777777749 1.902992410428818e-06 4.452654742358048e-05
17.10555555555526 1.830101102388086e-05 4.145676009868915e-05
17.10833333333304 3.268802349242064e-05 3.247175339578318e-05
17.11111111111082 4.297773916357315e-05 1.863303776065728e-05
17.11388888888859 4.758933048550738e-05 1.719325824500193e-06
17.11666666666637 4.568650334725837e-05 -1.599954916029762e-05
17.11944444444415 3.731976299737608e-05 -3.206532138709477e-05
17.12222222222192 2.344864017004327e-05 -4.417049700027837e-05
17.1249999999997 5.836796340751437e-06 -5.048751811515614e-05
17.12777777777747 -1.316939025433736e-05 -4.99412187953137e-05
17.13055555555525 -3.095139218276669e-05 -4.23843739923291e-05
17.13333333333303 -4.497743969845658e-05 -2.864849050239579e-05
17.1361111111108 -5.316082508208073e-05 -1.045866332680359e-05
17.13888888888858 -5.416717423966633e-05 9.779893008221155e-06
17.14166666666636 -4.76258286975412e-05 2.929771425064667e-05
17.14444444444413 -3.42125545156812e-05 4.533819009967406e-05
17.14722222222191 -1.558787060689075e-05 5.554481006817788e-05
17.14999999999969 5.8048835793174e-06 5.830442182683707e-05
17.15277777777746 2.70577522294131e-05 5.299686517291553e-05
17.15555555555524 4.519154077801297e-05 4.011296986055757e-05
17.15833333333302 5.757141610179994e-05 2.122024520188404e-05
17.16111111111079 6.228701640660034e-05 -1.223624323038347e-06
17.16388888888857 5.844257537159137e-05 -2.418795414202175e-05
17.16666666666634 4.631355253586985e-05 -4.447634832029538e-05
17.16944444444412 2.734370741706984e-05 -5.916964069285386e-05
17.1722222222219 3.978196064906846e-06 -6.604336646292426e-05
17.17499999999967 -2.064881640958525e-05 -6.39003813878911e-05
17.17777777777745 -4.313253441466151e-05 -5.276939101081534e-05
17.18055555555523 -6.02663387619229e-05 -3.393752576250806e-05
17.183333333333 -6.949672711306297e-05 -9.807467277332512e-06
17.18611111111078 -6.930014463775204e-05 1.640600471438265e-05
17.18888888888856 -5.942654641142838e-05 4.110218761921008e-05
17.19166666666633 -4.097163636263754e-05 6.078715913192305e-05
17.19444444444411 -1.626267538148885e-05 7.256584293982442e-05
17.19722222222189 1.143151603693578e-05 7.456442192303904e-05
17.19999999999966 3.833075687423029e-05 6.622187726502557e-05
17.20277777777744 6.065761271627615e-05 4.840604760908908e-05
17.20555555555521 7.516574631109375e-05 2.333295442942636e-05
17.20833333333299 7.960888103285765e-05 -5.704864558303989e-06
17.21111111111077 7.308300700593064e-05 -3.476832485306796e-05
17.21388888888854 5.619035159289017e-05 -5.980426761470505e-05
17.21666666666632 3.09971938464375e-05 -7.720871434389042e-05
17.2194444444441 7.857284723790687e-07 -8.434288680157283e-05
17.22222222222187 -3.037094617049312e-05 -7.992845172144612e-05
17.22499999999965 -5.81560631478051e-05 -6.426336426178094e-05
17.22777777777743 -7.860538479543179e-05 -3.922322527648519e-05
17.2305555555552 -8.867026635613001e-05 -8.04216327586057e-06
17.23333333333298 -8.666792442349899e-05 2.5102032336581e-05
17.23611111111076 -7.255291623240615e-05 5.564573146158865e-05
17.23888888888853 -4.796711375945822e-05 7.926602792900704e-05
17.24166666666631 -1.605533314860028e-05 9.249025964021139e-05
17.24444444444408 1.89337622291204e-05 9.320283043426808e-05
17.24722222222186 5.221131176915081e-05 8.097581568597156e-05
17.24999999999964 7.910196783973232e-05 5.717257890910961e-05
17.25277777777741 9.569865820189504e-05 2.480406582297008e-05
17.25555555555519 9.942696625303539e-05 -1.184849382351638e-05
17.25833333333297 8.943800374621023e-05 -4.779773862641908e-05
17.26111111111074 6.677057209397453e-05 -7.802714287088445e-05
17.26388888888852 3.425416295672497e-05 -9.818913169041383e-05
17.2666666666663 -3.840150062003115e-06 -0.0001052274315079608
17.26944444444407 -4.235848193574705e-05 -9.783492113590393e-05
17.27222222222185 -7.595979066681773e-05 -7.667903541625541e-05
17.27499999999963 -9.985473755414307e-05 -4.435756738819622e-05
17.2777777777774 -0.0001104857602938254 -5.084450869480509e-06
17.28055555555518 -0.0001060521026984769 3.585721271959704e-05
17.28333333333295 -8.680286749112085e-05 7.282423915042298e-05
17.28611111111073 -5.505168855224839e-05 0.0001005896051080614
17.28888888888851 -1.490435284478119e-05 0.0001150792743597633
17.29166666666628 2.826946519308477e-05 0.0001139660135346169
17.29444444444406 6.855278037195831e-05 9.703411958053702e-05
17.29722222222184 0.0001002907804991704 6.625891662875249e-05
17.29999999999961 0.0001188826562692151 2.558334048686994e-05
17.30277777777739 0.0001214451370267448 -1.958426239473717e-05
17.30555555555517 0.0001072524435032285 -6.30875998296866e-05
17.30833333333294 7.788635551069329e-05 -9.886021421519216e-05
17.31111111111072 3.706897433051006e-05 -0.0001217697358454275
17.3138888888885 -9.805669709503196e-06 -0.0001283513209142938
17.31666666666627 -5.638272962671113e-05 -0.0001173258098772102
17.31944444444405 -9.620686774058163e-05 -8.982580346861198e-05
17.32222222222182 -0.0001236154779994718 -4.929181818450224e-05
17.3249999999996 -0.0001345413828587607 -1.045761848912744e-06
17.32777777777738 -0.0001271115116443566 4.84059898076633e-05
17.33055555555515 -0.0001019540083952302 9.224891086205413e-05
17.33333333333293 -6.216489434540734e-05 0.0001242981544855182
17.33611111111071 -1.293170262411642e-05 0.0001398689716390513
17.33888888888848 3.914087853062811e-05 0.0001364574634728832
17.34166666666626 8.691597608290901e-05 0.0001141332216857606
17.34444444444404 0.0001237016763364509 7.558340141876464e-05
17.34722222222181 0.0001441866743024765 2.579494281637732e-05
17.34999999999959 0.0001452038025408473 -2.858836851947696e-05
17.35277777777737 0.0001262120711239475 -8.0151431741237e-05
17.35555555555514 8.942472773374814e-05 -0.000121718057807266
17.35833333333292 3.95585241559025e-05 -0.0001473483533425863
17.3611111111107 -1.676856461303818e-05 -0.0001531847904205498
17.36388888888847 -7.191463088725702e-05 -0.0001380267685792629
17.36666666666625 -0.0001182499767207335 -0.0001035487906207404
17.36944444444402 -0.0001492116913804585 -5.412514594183723e-05
17.3722222222218 -0.0001602310093535696 3.722175342635035e-06
17.37499999999958 -0.0001494026628935013 6.218308889660873e-05
17.37777777777735 -0.0001177987281086499 0.0001132133903185868
17.38055555555513 -6.937688517541644e-05 0.0001496409140095862
17.38333333333291 -1.048824956416612e-05 0.0001661718392200892
17.38611111111068 5.095453933791507e-05 0.0001601561420685771
17.38888888888846 0.0001065401602095917 0.0001320019648885951
17.39166666666624 0.0001485096545673992 8.517526798637849e-05
17.39444444444401 0.0001708381940622924 2.577736390883264e-05
17.39722222222179 0.0001700968818194292 -3.824881492996084e-05
17.39999999999957 0.0001459716686456964 -9.818063496551463e-05
17.40277777777734 0.0001013617259069317 -0.0001457039177691445
17.40555555555512 4.203639907397923e-05 -0.0001740654892509262
17.40833333333289 -2.410949865981929e-05 -0.000179030429812199
17.41111111111067 -8.810613449462536e-05 -0.0001595086061413274
17.41388888888845 -0.0001411250925710714 -0.0001177584657172602
17.41666666666622 -0.0001756968024381502 -5.913291226927927e-05
17.419444444444 -0.0001867611065719483 8.605289447744872e-06
17.42222222222178 -0.0001724034007599807 7.631127671855056e-05
17.42499999999955 -0.0001341697756037259 0.0001346929584862743
17.42777777777733 -7.691095031457894e-05 0.000175586183492285
17.43055555555511 -8.16897273628141e-06 0.0001930951952584138
17.43333333333288 6.281608446459802e-05 0.000184439184712491
17.43611111111066 0.0001263486240831677 0.0001503837831999195
17.43888888888844 0.0001736020608573508 9.519166545922138e-05
17.44166666666621 0.0001978443834357535 2.609167554073352e-05
17.44444444444399 0.0001953946298271468 -4.766780902529252e-05
17.44722222222176 0.0001661746728137984 -0.0001160573317338447
17.44999999999954 0.0001137744135342043 -0.0001696306844329205
17.45277777777732 4.501424664412205e-05 -0.0002008294107968646
17.45555555555509 -3.094240672144303e-05 -0.0002050473309964326
17.45833333333287 -0.0001038110590753937 -0.0001813053598305163
17.46111111111065 -0.0001635795383533334 -0.0001324383571795182
17.46388888888842 -0.0002018838677595284 -6.476145506719805e-05
17.4666666666662 -0.0002131775060770954 1.27456061450417e-05
17.46944444444398 -0.0001955306100564748 8.963084529546305e-05
17.47222222222175 -0.0001509445880182966 0.0001553806511988591
17.47499999999953 -8.513224020729141e-05 0.0002008580811679403
17.47777777777731 -6.786493287180051e-06 0.0002195719655590723
17.48055555555508 7.356876944095492e-05 0.0002086005807899168
17.48333333333286 0.0001449937264327251 0.0001690387715486788
17.48611111111063 0.000197623015269546 0.0001059010994982936
17.48888888888841 0.0002240282948746288 2.748734618757684e-05
17.49166666666619 0.0002202647488461317 -5.570950868030857e-05
17.49444444444396 0.0001864543073189608 -0.0001324090124561577
17.49722222222174 0.0001268200561770294 -0.0001920741089526989
17.49999999999952 4.916045777081139e-05 -0.0002263591820745725
17.50277777777729 -3.617140693977448e-05 -0.0002302761788849283
17.50555555555507 -0.0001176498298524071 -0.0002029159847878838
17.50833333333285 -0.0001841349642102433 -0.0001476212177402034
17.51111111111062 -0.0002263968140433718 -7.158049224411457e-05
17.5138888888884 -0.0002383960734255738 1.510698874755263e-05
17.51666666666618 -0.0002181441023754936 0.0001007746733513114
17.51944444444395 -0.000168019923467414 0.0001737607961988112
17.52222222222173 -9.449502316565061e-05 0.000223997255757863
17.5249999999995 -7.297140488546798e-06 0.0002443985342025306
17.52777777777728 8.187880796486928e-05 0.000231859003830302
17.53055555555506 0.0001609415523804571 0.0001877184659980723
17.53333333333283 0.0002190447196386599 0.000117626944232447
17.53611111111061 0.0002480754533264434 3.082105811082674e-05
17.53888888888839 0.0002437859724478682 -6.109528280847053e-05
17.54166666666616 0.0002064103576591631 -0.0001457046072727949
17.54444444444394 0.0001406775457477079 -0.0002114556260964436
17.54722222222172 5.521299162799809e-05 -0.0002492414424164221
17.54999999999949 -3.859529239647475e-05 -0.0002536604102310495
17.55277777777727 -0.0001281169405737674 -0.000223785097248358
17.55555555555505 -0.0002011823522676501 -0.0001633302473659656
17.55833333333282 -0.0002477386988129941 -8.019151738447243e-05
17.5611111111106 -0.0002612332161129465 1.4587823807788e-05
17.56388888888837 -0.0002395333776756425 0.0001082867099939291
17.56666666666615 -0.0001852549619483211 0.0001882165639276334
17.56944444444393 -0.0001054485036687056 0.0002434417005303639
17.5722222222217 -1.068146100013848e-05 0.0002662762652809079
17.57499999999948 8.636413621590467e-05 0.0002533526595595191
17.57777777777726 0.0001725920259578675 0.000206113048699278
17.58055555555503 0.0002362616161073659 0.0001306527955474354
17.58333333333281 0.0002685878808232138 3.693214527370182e-05
17.58611111111059 0.0002649530209925077 -6.254162607726459e-05
17.58888888888836 0.0002255627966083352 -0.0001543867897223209
17.59166666666614 0.0001554546213814668 -0.0002261503123132826
17.59444444444392 6.385180221274438e-05 -0.0002679981797933954
17.59722222222169 -3.705307134485223e-05 -0.0002740631796643826
17.59999999999947 -0.0001337246614856195 -0.0002432653619365435
17.60277777777724 -0.0002131038420607072 -0.0001794906825792308
17.60555555555502 -0.0002643741687436192 -9.109956940940143e-05
17.6083333333328 -0.000280436570789901 1.017227433188424e-05
17.61111111111057 -0.0002588910665573269 0.0001107758646586488
17.61388888888835 -0.000202389869039746 0.0001971652971386152
17.61666666666613 -0.0001183105390981508 0.0002576244592116194
17.6194444444439 -1.778953208814059e-05 0.000283857353321992
17.62222222222168 8.575682029125002e-05 0.000272125947814237
17.62499999999946 0.0001784269157256944 0.0002237795233602703
17.62777777777723 0.0002477034719085948 0.0001451009300972848
17.63055555555501 0.0002841462081758376 4.648708393036858e-05
17.63333333333279 0.0002826784357533388 -5.892898474840023e-05
17.63611111111056 0.0002432921577377418 -0.0001570313432214597
17.63888888888834 0.0001710739861585982 -0.000234614999767582
17.64166666666612 7.554539832419879e-05 -0.0002811657861016163
17.64444444444389 -3.059670086309653e-05 -0.0002902860205968468
17.64722222222167 -0.0001331719568102439 -0.0002605725091081331
17.64999999999944 -0.000218415004818049 -0.0001958265238559414
17.65277777777722 -0.0002748256598281965 -0.0001045649696751135
17.655555555555 -0.0002947217627033087 1.104038789595023e-06
17.65833333333277 -0.0002752848009997028 0.000107092179350856
17.66111111111055 -0.0002189560316415835 0.0001992135322546492
17.66388888888833 -0.0001331277976078854 0.0002650866355248242
17.6666666666661 -2.91693749737103e-05 0.0002958004894890622
17.66944444444388 7.90837265353257e-05 0.0002871200654233639
17.67222222222166 0.0001771756371491387 0.0002400682009106651
17.67499999999943 0.0002519642827945131 0.0001608041705966742
17.67777777777721 0.0002933845193470102 5.98135177775618e-05
17.68055555555499 0.0002958033654569178 -4.948375259135959e-05
17.68333333333276 0.0002587847504428672 -0.0001525212350293619
17.68611111111054 0.0001871601052180754 -0.0002355315505409158
17.68888888888831 9.039407205262212e-05 -0.0002873887519100652
17.69166666666609 -1.867088378070345e-05 -0.0003011007495799289
17.69444444444387 -0.000125523806913508 -0.0002747513880972726
17.69722222222164 -0.0002159203482789326 -0.0002117653176059451
17.69999999999942 -0.0002777849674191132 -0.0001204593929974877
17.7027777777772 -0.0003028257628103002 -1.29398448395474e-05
17.70555555555497 -0.0002876457387790981 9.650791212038563e-05
17.70833333333275 -0.0002342015816620374 0.0001933219887999166
17.71111111111053 -0.0001495482415532864 0.000264605185735237
17.7138888888883 -4.490310601640014e-05 0.0003008453377680021
17.71666666666608 6.584548795043737e-05 0.0002971850561115135
17.71944444444386 0.0001679864084701573 0.0002540713085893109
17.72222222222163 0.0002479439478457929 0.0001771981554450475
17.72499999999941 0.0002950848913486573 7.675037790041366e-05
17.72777777777718 0.0003031335275435454 -3.3950943679204e-05
17.73055555555496 0.0002710061651121568 -0.0001402201056075201
17.73333333333274 0.0002029543063269417 -0.0002279593995980881
17.73611111111051 0.0001079979209508623 -0.0002855324600433494
17.73888888888829 -1.27508666414714e-06 -0.0003053089793440265
17.74166666666607 -0.000110382764991468 -0.000284675534042081
17.74444444444384 -0.0002048730787656047 -0.0002263786684466827
17.74722222222162 -0.0002722417192856558 -0.000138155503565049
17.7499999999994 -0.000303588789543553 -3.170204995853195e-05
17.75277777777717 -0.0002947946113188692 7.888256712643129e-05
17.75555555555495 -0.0002470593045587238 0.0001789683321738613
17.75833333333273 -0.0001667357182524377 0.0002553337496127784
17.7611111111105 -6.447937631505516e-05 0.0002979148237465984
17.76388888888828 4.617021377851627e-05 0.0003011319289212682
17.76666666666605 0.000150587319123736 0.0002646195588517941
17.76944444444383 0.0002349974348048926 0.0001932637047874271
17.77222222222161 0.0002882972210780282 9.654377802524427e-05
17.77499999999938 0.0003035160936307533 -1.273173576767491e-05
17.77777777777716 0.0002787269351999558 -0.0001201265902030643
17.78055555555494 0.000217287074453632 -0.0002114884042943807
17.78333333333271 0.000127379847524835 -0.000274816875442646
17.78611111111049 2.091981578598727e-05 -0.000301841537938921
17.78888888888827 -8.803126610549437e-05 -0.0002891014327675801
17.79166666666604 -0.0001851264635930163 -0.0002383858111857849
17.79444444444382 -0.0002576264806884565 -0.0001564801220583507
17.7972222222216 -0.0002960730917134568 -5.425365864003055e-05
17.79999999999937 -0.0002955231104968445 5.478787845119588e-05
17.80277777777715 -0.0002561819119311989 0.0001562914916999982
17.80555555555492 -0.0001833556109050267 0.0002369500369241518
17.8083333333327 -8.673137920781038e-05 0.0002862492016611371
17.81111111111048 2.091597292580526e-05 0.0002978386577317475
17.81388888888825 0.0001254178227318332 0.0002703485206402852
17.81666666666603 0.0002130807487187137 0.0002075463736192064
17.81944444444381 0.0002724836501009101 0.000117817641829491
17.82222222222158 0.0002959667605330271 1.304138683001341e-05
17.82499999999936 0.0002806183086902243 -9.298716938443876e-05
17.82777777777714 0.0002286318954780536 -0.0001863772835915071
17.83055555555491 0.0001469912785489124 -0.0002549656548163315
17.83333333333269 4.652803923279466e-05 -0.0002899020721893739
17.83611111111047 -5.952018735881062e-05 -0.0002867908596695618
17.83888888888824 -0.0001572584002686269 -0.0002462409967930097
17.84166666666602 -0.0002339582673253051 -0.0001737565071311966
17.84444444444379 -0.0002797176220210307 -7.898585892808343e-05
17.84722222222157 -0.0002887388287280795 2.556682133455719e-05
17.84999999999935 -0.000260061009941246 0.0001261959997077066
17.85277777777712 -0.0001976540073101908 0.0002097950271241184
17.8555555555549 -0.0001098663646368325 0.0002655655284860842
17.85833333333268 -8.304386755788964e-06 0.0002864126662413193
17.86111111111045 9.37066966705608e-05 0.0002698459625671641
17.86388888888823 0.0001828748734637762 0.0002182715740315851
17.86666666666601 0.0002476759203514256 0.0001386425343055281
17.86944444444378 0.0002798437222940954 4.151780879464538e-05
17.87222222222156 0.0002754235176703976 -6.034205450420416e-05
17.87499999999934 0.0002352540625675088 -0.0001536553629099804
17.87777777777711 0.000164820541306755 -0.0002263540125437558
17.88055555555489 7.350280889482313e-05 -0.0002691455821570385
17.88333333333266 -2.667766930226106e-05 -0.0002767004415104831
17.88611111111044 -0.0001226442891621565 -0.0002483123443742838
17.88888888888822 -0.0002019753303003947 -0.0001879511125564738
17.89166666666599 -0.000254513522950849 -0.0001037061086535449
17.89444444444377 -0.0002736663982691329 -6.698669572769769e-06
17.89722222222155 -0.0002572310049898102 9.038984989125915e-05
17.89999999999932 -0.000207640204404746 0.0001749791252542565
17.9027777777771 -0.0001316041367402677 0.0002362220272861274
17.90555555555488 -3.919947899749927e-05 0.0002663959059281385
17.90833333333265 5.746955230698629e-05 0.0002618745361855372
17.91111111111043 0.0001458600787319637 0.0002235586957534156
17.91388888888821 0.0002146203397816764 0.0001567150458064953
17.91666666666598 0.0002550483302337534 7.025044698564526e-05
17.91944444444376 0.0002621918039823535 -2.447809320781007e-05
17.92222222222154 0.0002354508104201239 -0.0001151584393829035
17.92499999999931 0.0001786100737171926 -0.0001901261057451374
17.92777777777709 9.930334422397866e-05 -0.000239865842046248
17.93055555555486 7.985511209021269e-06 -0.0002582186116390402
17.93333333333264 -8.344879260567023e-05 -0.0002431410025946658
17.93611111111042 -0.0001632171864799995 -0.000196923929333419
17.93888888888819 -0.000221169316696007 -0.0001258486474695738
17.94166666666597 -0.0002500782216252331 -3.933123692098695e-05
17.94444444444375 -0.0002465390701244929 5.132770649697126e-05
17.94722222222152 -0.0002113638960059888 0.0001344218010410469
17.9499999999993 -0.0001494275331930479 0.0001993522107917625
17.95277777777708 -6.899147010710266e-05 0.0002379797519844545
17.95555555555485 1.940054144903839e-05 0.0002456432999786997
17.95833333333263 0.0001043071980461788 0.000221717368766371
17.96111111111041 0.0001748725106744299 0.0001696429028708803
17.96388888888818 0.0002222144191012013 9.643417929171764e-05
17.96666666666596 0.0002405414977841102 1.173225349760118e-05
17.96944444444373 0.0002278575737922076 -7.346711154167605e-05
17.97222222222151 0.0001861691147957506 -0.0001482429056012193
17.97499999999929 0.000121175481722794 -0.0002031496592227958
17.97777777777706 4.14890065304483e-05 -0.0002314098077936535
17.98055555555484 -4.250830011073706e-05 -0.0002297472605912374
17.98333333333262 -0.0001200193958970688 -0.000198760121308668
17.98611111111039 -0.0001812212234102743 -0.0001427912471446106
17.98888888888817 -0.0002185092896272209 -6.93204815594483e-05
17.99166666666595 -0.0002274402076929704 1.20365066139622e-05
17.99444444444372 -0.0002072557448124377 9.078859976119709e-05
17.9972222222215 -0.0001609273963146095 0.0001569234029951145
17.99999999999928 -9.47229516835487e-05 0.0002021802820155129
18.00277777777705 -1.735779446451781e-05 0.0002210804402732237
18.00555555555483 6.115407021949265e-05 0.0002115858702480648
18.0083333333326 0.0001307976030452243 0.0001753085771001498
18.01111111111038 0.0001828346496745711 0.0001172503132902986
18.01388888888816 0.0002108991215799669 4.511347556401533e-05
18.01666666666593 0.0002117723850029176 -3.172197394837302e-05
18.01944444444371 0.0001857449375181481 -0.0001034195377127842
18.02222222222149 0.0001365248816423694 -0.0001609460752734921
18.02499999999926 7.071226575324994e-05 -0.0001972091474880004
18.02777777777704 -3.086514692692498e-06 -0.0002079287581407926
18.03055555555482 -7.538537153027455e-05 -0.0001921367620641147
18.03333333333259 -0.0001370386220414526 -0.0001522465359660161
18.03611111111037 -0.000180397542937821 -9.369130069207002e-05
18.03888888888815 -0.0002002572178137959 -2.418449585115837e-05
18.04166666666592 -0.0001944767940427064 4.729717276141672e-05
18.0444444444437 -0.0001641999209327347 0.0001116738516268688
18.04722222222147 -0.0001136543384603148 0.0001609158281767435
18.04999999999925 -4.956350866603285e-05 0.0001890435567328747
18.05277777777703 1.974807695914856e-05 0.000192850130952041
18.0555555555548 8.543683416939849e-05 0.0001722594612405365
18.05833333333258 0.0001392685892687621 0.0001302812959874835
18.06111111111036 0.0001746496684564331 7.257614328915278e-05
18.06388888888813 0.0001874316504832802 6.692420647559058e-06
18.06666666666591 0.0001763920056351304 -5.892143103458379e-05
18.06944444444369 0.0001433358022919942 -0.0001160005488585477
18.07222222222146 9.281274077713006e-05 -0.0001575039895897572
18.07499999999924 3.149261766461683e-05 -0.0001784809992483126
18.07777777777702 -3.271526340674566e-05 -0.0001766569845372852
18.08055555555479 -9.16824873275762e-05 -0.0001526705176216012
18.08333333333257 -0.0001380900922541517 -0.0001099382070546025
18.08611111111034 -0.0001663352525574666 -5.417178170119648e-05
18.08888888888812 -0.0001732040395125133 7.38480030400844e-06
18.0916666666659 -0.0001582300306077655 6.68964090536464e-05
18.09444444444367 -0.0001236998342604709 0.0001169337348342237
18.09722222222145 -7.43119520608647e-05 0.000151399428854192
18.09999999999923 -1.653899369648661e-05 0.0001662681608231472
18.102777777777 4.222038148014954e-05 0.0001600512169502585
18.10555555555478 9.458873458780523e-05 0.0001339328438656943
18.10833333333256 0.0001341351140966585 9.156799991363727e-05
18.11111111111033 0.0001561624486595125 3.857401846846294e-05
18.11388888888811 0.000158261020744754 -1.82134945005539e-05
18.11666666666589 0.0001405634619081124 -7.162207087858829e-05
18.11944444444366 0.000105675628363096 -0.0001150475167668018
18.12222222222144 5.829899602791678e-05 -0.0001432686916068176
18.12499999999921 4.598607010740032e-06 -0.0001530717008905525
18.12777777777699 -4.859866056393548e-05 -0.0001436094116722296
18.13055555555477 -9.467133071461824e-05 -0.0001164570534703
18.13333333333254 -0.0001280260296291219 -7.536365294410496e-05
18.13611111111032 -0.0001447736672832525 -2.573717458386002e-05
18.1388888888881 -0.0001431777902149885 2.60662657635599e-05
18.14166666666587 -0.0001238241775084875 7.355582831331416e-05
18.14444444444365 -8.949680536966355e-05 0.0001109180355218634
18.14722222222143 -4.478237384764904e-05 0.0001337261117844262
18.1499999999992 4.540997642831107e-06 0.0001394603795878168
18.15277777777698 5.224963837955924e-05 0.0001277791442934713
18.15555555555476 9.245860572316724e-05 0.0001005120879215379
18.15833333333253 0.0001203457142775829 6.138349135502719e-05
18.16111111111031 0.0001327265284728816 1.550613269293096e-05
18.16388888888808 0.0001284122508475039 -3.128568033483951e-05
18.16666666666586 0.0001083111415487798 -7.317709615403131e-05
18.16944444444364 7.526700790953231e-05 -0.000105093771529725
18.17222222222141 3.366119369590624e-05 -0.0001233138221468024
18.17499999999919 -1.116672702322513e-05 -0.0001258972769716085
18.17777777777697 -5.36031693185497e-05 -0.0001128841576408049
18.18055555555474 -8.846215332683974e-05 -8.624228291374055e-05
18.18333333333252 -0.0001116168350645641 -4.957746487759189e-05
18.1861111111103 -0.0001204843813875663 -7.64794710486657e-06
18.18888888888807 -0.0001143077631773088 3.425183363310482e-05
18.19166666666585 -9.420467189264602e-05 7.095853398481343e-05
18.19444444444363 -6.298340040301775e-05 9.807432789332402e-05
18.1972222222214 -2.475440800750873e-05 0.0001124907967014607
18.19999999999918 1.560915384823207e-05 0.0001127403215677753
18.20277777777696 5.309137582085911e-05 9.913598487034238e-05
18.20555555555473 8.315530670979442e-05 7.368817593309916e-05
18.20833333333251 0.0001022896322810677 3.981401797066086e-05
18.21111111111028 0.000108414812668184 1.880907961125297e-06
18.21388888888806 0.0001011022836887795 -3.535515298119618e-05
18.21666666666584 8.158465118783981e-05 -6.734440385497668e-05
18.21944444444361 5.256119171337298e-05 -9.029716111086412e-05
18.22222222222139 1.782809773686086e-05 -0.0001016295398570215
18.22499999999917 -1.821629826572885e-05 -0.0001002491083174947
18.22777777777694 -5.112706563771428e-05 -8.664966943463296e-05
18.23055555555472 -7.695902096868609e-05 -6.280871400102855e-05
18.2333333333325 -9.273698866097136e-05 -3.190555044756055e-05
18.23611111111027 -9.679431222379601e-05 2.100332033547707e-06
18.23888888888805 -8.894170800841924e-05 3.497504029826363e-05
18.24166666666583 -7.045046495603742e-05 6.273579943992317e-05
18.2444444444436 -4.385724293534321e-05 8.213122707036967e-05
18.24722222222138 -1.261940859355904e-05 9.101877140232438e-05
18.24999999999915 1.933264965617009e-05 8.859598752610527e-05
18.25277777777693 4.808849446637564e-05 7.546149089943543e-05
18.25555555555471 7.023428956530943e-05 5.350299372561129e-05
18.25833333333248 8.32553072667359e-05 2.563107897494026e-05
18.26111111111026 8.581723801181876e-05 -4.604299654572283e-06
18.26388888888804 7.789545348639549e-05 -3.346434608893282e-05
18.26666666666581 6.07408731381505e-05 -5.748202264535196e-05
18.26944444444359 3.669138452203831e-05 -7.387622711110861e-05
18.27222222222137 8.856360657579679e-06 -8.087040404018639e-05
18.27499999999914 -1.92835202507124e-05 -7.787958443713816e-05
18.27777777777692 -4.430988758309507e-05 -6.554698118208504e-05
18.2805555555547 -6.327993449151396e-05 -4.563017922566562e-05
18.28333333333247 -7.406964476871751e-05 -2.07552838093306e-05
18.28611111111025 -7.560736349065894e-05 5.927092253314464e-06
18.28888888888802 -6.79726471158473e-05 3.113921516583812e-05
18.2916666666658 -5.235248899079617e-05 5.187709344389528e-05
18.29444444444358 -3.086459975911352e-05 6.576604521187235e-05
18.29722222222135 -6.273273281465315e-06 7.132921962662947e-05
18.29999999999913 1.836438708937164e-05 6.813919933554119e-05
18.30277777777691 4.007684339102986e-05 5.683793977059184e-05
18.30555555555468 5.633449964885669e-05 3.902673670268243e-05
18.30833333333246 6.534162661317047e-05 1.704361546821197e-05
18.31111111111024 6.623054353146331e-05 -6.341379960276722e-06
18.31388888888801 5.913766766213778e-05 -2.827355511540476e-05
18.31666666666579 4.515599442098434e-05 -4.616025460905277e-05
18.31944444444357 2.61736922540399e-05 -5.797502048455515e-05
18.32222222222134 4.621948079311525e-06 -6.248386706031782e-05
18.32499999999912 -1.683459230451859e-05 -5.936888234497138e-05
18.32777777777689 -3.562560613003908e-05 -4.923757524300106e-05
18.33055555555467 -4.958100611612893e-05 -3.352055603967227e-05
18.33333333333245 -5.717885479931381e-05 -1.427351914217969e-05
18.33611111111022 -5.770734252738428e-05 6.089498798616541e-06
18.338888888888 -5.132417485751497e-05 2.509723343552453e-05
18.34166666666578 -3.900962409049835e-05 4.051934082163918e-05
18.34444444444355 -2.242242014589853e-05 5.062585342511538e-05
18.34722222222133 -3.67902952116134e-06 5.437807869687324e-05
18.34999999999911 1.491461919711148e-05 5.153032792865116e-05
18.35277777777688 3.11451838239979e-05 4.263327609527014e-05
18.35555555555466 4.315345479174182e-05 2.89418765935674e-05
18.35833333333244 4.964476110645198e-05 1.224210477827609e-05
18.36111111111021 5.002478777522183e-05 -5.379956357932859e-06
18.36388888888799 4.44471074640982e-05 -2.179708138355161e-05
18.36666666666576 3.376977911146211e-05 -3.509598331987801e-05
18.36944444444354 1.942934233875815e-05 -4.379815681600137e-05
18.37222222222132 3.25012482188463e-06 -4.702129159842792e-05
18.37499999999909 -1.278611903672997e-05 -4.456405718187615e-05
18.37777777777687 -2.678136636307935e-05 -3.690682408231001e-05
18.38055555555465 -3.714414669662035e-05 -2.51311886295733e-05
18.38333333333242 -4.276811971692133e-05 -1.077075546320697e-05
18.3861111111102 -4.314670929951476e-05 4.386616427746502e-06
18.38888888888798 -3.841242401875357e-05 1.851984059914966e-05
18.39166666666575 -2.92988764127373e-05 2.999178038291825e-05
18.39444444444353 -1.703278793400817e-05 3.753689647541317e-05
18.39722222222131 -3.171330962578933e-06 4.039813393293275e-05
18.39999999999908 1.059390274254866e-05 3.839862996895978e-05
18.40277777777686 2.264183391155175e-05 3.194209892358657e-05
18.40555555555463 3.161110021024184e-05 2.194444764012991e-05
18.40833333333241 3.655168398982598e-05 9.707242090993933e-06
18.41111111111019 3.702238339972875e-05 -3.24985129732872e-06
18.41388888888796 3.312458557132968e-05 -1.537630184186506e-05
18.41666666666574 2.547070443622205e-05 -2.527474904672266e-05
18.41944444444352 1.509344301127933e-05 -3.186019555799707e-05
18.42222222222129 3.308809507710712e-06 -3.447647532212584e-05
18.42499999999907 -8.449204572740261e-06 -3.295784385405571e-05
18.42777777777685 -1.880170848288607e-05 -2.763048551322904e-05
18.43055555555462 -2.658505161520063e-05 -1.92560278839486e-05
18.4333333333324 -3.097963325871398e-05 -8.925918547480477e-06
18.43611111111018 -3.159340109378899e-05 2.079024767528528e-06
18.43888888888795 -2.849193874301115e-05 1.244602674859411e-05
18.44166666666573 -2.217364959677987e-05 2.09855600554993e-05
18.4444444444435 -1.349506692422363e-05 2.676618015987291e-05
18.44722222222128 -3.556992543915097e-06 2.921393248184265e-05
18.44999999999906 6.43364681139457e-06 2.816603158657152e-05
18.45277777777683 1.530906854004976e-05 2.387429187765995e-05
18.45555555555461 2.207571264378721e-05 1.695986966633242e-05
18.45833333333239 2.602369644078897e-05 8.326529705952698e-06
18.46111111111016 2.679883238416789e-05 -9.557724441252728e-07
18.46388888888794 2.443025655550478e-05 -9.782191900284563e-06
18.46666666666572 1.931219474950662e-05 -1.714322902560452e-05
18.46944444444349 1.214382216410307e-05 -2.223871304975605e-05
18.47222222222127 3.835916503659874e-06 -2.456286540942235e-05
18.47499999999905 -4.603465168234531e-06 -2.395166881817879e-05
18.47777777777682 -1.219010156662164e-05 -2.058853004617333e-05
18.4805555555546 -1.807711580398413e-05 -1.496925903764883e-05
18.48333333333238 -2.1647956611388e-05 -7.832093536449505e-06
18.48611111111015 -2.257885681716959e-05 -6.234001834734337e-08
18.48888888888793 -2.086474406744548e-05 7.416234205846397e-06
18.4916666666657 -1.680708578572701e-05 1.375008185352936e-05
18.49444444444348 -1.096664501145881e-05 1.825199255931707e-05
18.49722222222126 -4.088082077969507e-06 2.047399746393766e-05
18.49999999999903 2.993679573682137e-06 2.024955757383366e-05
18.50277777777681 9.453702632105521e-06 1.77014160841834e-05
