16.5 2.042043040239012e-07 -7.213425776595858e-08
16.50277777777778 2.03213367549148e-07 -9.348438905485307e-08
16.50555555555555 2.001744249407513e-07 -1.153212031090842e-07
16.50833333333333 1.949883398608029e-07 -1.374629560665611e-07
16.51111111111111 1.875708368995972e-07 -1.597140130259469e-07
16.51388888888888 1.778541724211196e-07 -1.818659441063267e-07
16.51666666666666 1.65788737012366e-07 -2.036988045623805e-07
16.51944444444444 1.513445704273195e-07 -2.249825961713811e-07
16.52222222222221 1.345127698159135e-07 -2.454789052075779e-07
16.52499999999999 1.153067721099513e-07 -2.649427103774309e-07
16.52777777777776 9.376349171058911e-08 -2.831243521173082e-07
16.53055555555554 6.994429508849159e-08 -2.997716526774801e-07
16.53333333333332 4.393579457593462e-08 -3.146321744452986e-07
16.53611111111109 1.585044449855793e-08 -3.274556020216363e-07
16.53888888888887 -1.417307613247297e-08 -3.37996231673029e-07
16.54166666666665 -4.596970887517136e-08 -3.460155499629906e-07
16.54444444444442 -7.934810209400282e-08 -3.512848816350529e-07
16.5472222222222 -1.140909495527072e-07 -3.535880852023396e-07
16.54999999999998 -1.499555908895631e-07 -3.527242732120056e-07
16.55277777777775 -1.866748814777957e-07 -3.485105328170291e-07
16.55555555555553 -2.239583369921664e-07 -3.40784621124362e-07
16.55833333333331 -2.614935556654668e-07 -3.294076088133272e-07
16.56111111111108 -2.989479187558742e-07 -3.142664447497993e-07
16.56388888888886 -3.359705671595802e-07 -2.952764137766684e-07
16.56666666666663 -3.721946494292958e-07 -2.723834595524185e-07
16.56944444444441 -4.072398337033248e-07 -2.455663442526751e-07
16.57222222222219 -4.407150732486685e-07 -2.148386171518154e-07
16.57499999999996 -4.72221612487574e-07 -1.80250364577052e-07
16.57777777777774 -5.013562175462231e-07 -1.418897144763789e-07
16.58055555555552 -5.27714612552534e-07 -9.988406987595033e-08
16.58333333333329 -5.508951001549907e-07 -5.440104681675746e-08
16.58611111111107 -5.705023420554197e-07 -5.649093960446052e-09
16.58888888888885 -5.861512727795485e-07 4.612222706918256e-08
16.59166666666662 -5.974711174742318e-07 1.006223193882353e-07
16.5944444444444 -6.041094822513182e-07 1.575200029650433e-07
16.59722222222218 -6.057364835186443e-07 2.164443548349241e-07
16.59999999999995 -6.020488808790426e-07 2.769859482070937e-07
16.60277777777773 -5.927741765626401e-07 3.386984981186251e-07
16.6055555555555 -5.776746430101365e-07 4.011009179646571e-07
16.60833333333328 -5.565512391697804e-07 4.636797877182638e-07
16.61111111111106 -5.292473753281571e-07 5.258922309956694e-07
16.61388888888883 -4.9565248588481e-07 5.871691943255186e-07
16.61666666666661 -4.557053694181185e-07 6.469191180978914e-07
16.61944444444439 -4.093972556918214e-07 7.045319847107205e-07
16.62222222222216 -3.567745599253609e-07 7.593837254482644e-07
16.62499999999994 -2.979412857105185e-07 8.108409636382575e-07
16.62777777777772 -2.330610393994191e-07 8.582660676911934e-07
16.63055555555549 -1.623586206268626e-07 9.010224837508966e-07
16.63333333333327 -8.61211558482369e-08 9.384803139277557e-07
16.63611111111105 -4.698744384610001e-09 9.700221024764636e-07
16.63888888888882 8.149541056078573e-08 9.950487888595436e-07
16.6416666666666 1.719854101033193e-07 1.01298578344197e-06
16.64444444444437 2.662336276042359e-07 1.023289118629802e-06
16.64722222222215 3.636422528174083e-07 1.02545162563026e-06
16.64999999999993 4.635554244402782e-07 1.019009084708094e-06
16.6527777777777 5.652619586594663e-07 1.003546294875187e-06
16.65555555555548 6.679986764557512e-07 9.787030074071677e-07
16.65833333333326 7.709543273798282e-07 9.441796664627107e-07
16.66111111111103 8.732741022986847e-07 8.997428994066561e-07
16.66388888888881 9.740647222495612e-07 8.452306992415552e-07
16.66666666666659 1.072400085093541e-06 7.805572418356107e-07
16.66944444444436 1.167327446159731e-06 7.057172814291838e-07
16.67222222222214 1.257874103563391e-06 6.207900692095674e-07
16.67499999999992 1.343054553427494e-06 5.259427415680266e-07
16.67777777777769 1.421878074858914e-06 4.214331270130061e-07
16.68055555555547 1.493356699310459e-06 3.076119235806064e-07
16.68333333333324 1.556513513916543e-06 1.84924201984048e-07
16.68611111111102 1.610391243597536e-06 5.391019363177461e-08
16.6888888888888 1.654061052218372e-06 -8.479467296094152e-08
16.69166666666657 1.686631498920597e-06 -2.304605189984189e-07
16.69444444444435 1.707257581961626e-06 -3.822645717902945e-07
16.69722222222213 1.715149799043919e-06 -5.392935513199921e-07
16.6999999999999 1.709583150234315e-06 -7.005469015159359e-07
16.70277777777768 1.689906007210858e-06 -8.649408743269957e-07
16.70555555555546 1.655548770755413e-06 -1.031313467964389e-06
16.70833333333323 1.606032237179489e-06 -1.19843021370253e-06
16.71111111111101 1.540975593753995e-06 -1.364990798439953e-06
16.71388888888879 1.460103963231335e-06 -1.529636502907154e-06
16.71666666666656 1.363255418233519e-06 -1.690958427971785e-06
16.71944444444434 1.250387387628862e-06 -1.847506474058262e-06
16.72222222222211 1.121582379072459e-06 -1.997799031256121e-06
16.72499999999989 9.770529446067531e-07 -2.140333330376202e-06
16.72777777777767 8.171458196564416e-07 -2.273596398017578e-06
16.73055555555544 6.42345169847468e-07 -2.396076551761624e-06
16.73333333333322 4.532748848760842e-07 -2.506275364916873e-06
16.736111111111 2.506998640746545e-07 -2.602720023917118e-06
16.73888888888877 3.552624440500584e-08 -2.683975995537383e-06
16.74166666666655 -1.91199471740542e-07 -2.74865991564778e-06
16.74444444444433 -4.282924242975322e-07 -2.795452606286735e-06
16.7472222222221 -6.744325664793774e-07 -2.823112123501083e-06
16.74999999999988 -9.281690182952253e-07 -2.830486734685595e-06
16.75277777777766 -1.187925613375191e-06 -2.816527721143244e-06
16.75555555555543 -1.452007640792931e-06 -2.780301899292641e-06
16.75833333333321 -1.718609774268893e-06 -2.721003752439947e-06
16.76111111111098 -1.98582517153479e-06 -2.637967064321566e-06
16.76388888888876 -2.251655716920066e-06 -2.530675945753248e-06
16.76666666666654 -2.514023370356115e-06 -2.39877514671409e-06
16.76944444444431 -2.770782576141845e-06 -2.242079548057181e-06
16.77222222222209 -3.019733674990807e-06 -2.060582729803345e-06
16.77499999999987 -3.25863725320461e-06 -1.854464516615671e-06
16.77777777777764 -3.485229353348909e-06 -1.624097405601387e-06
16.78055555555542 -3.697237461643814e-06 -1.370051786997746e-06
16.7833333333332 -3.892397178471913e-06 -1.093099874589798e-06
16.78611111111097 -4.068469470081244e-06 -7.942182698156435e-07
16.78888888888875 -4.223258391739872e-06 -4.745890914450086e-07
16.79166666666653 -4.354629165404275e-06 -1.35599611406204e-07
16.7944444444443 -4.460526488447994e-06 2.21159653268321e-07
16.79722222222208 -4.538992944222936e-06 5.938984323139734e-07
16.79999999999986 -4.588187380282422e-06 9.806318072048679e-07
16.80277777777763 -4.606403116014899e-06 1.37918694726041e-06
16.80555555555541 -4.592085838299881e-06 1.787211483263679e-06
16.80833333333318 -4.543851041630977e-06 2.20218351286322e-06
16.81111111111096 -4.460500868019713e-06 2.621423219672384e-06
16.81388888888874 -4.341040201909851e-06 3.042106075340761e-06
16.81666666666651 -4.18469187634652e-06 3.461277581166182e-06
16.81944444444429 -3.99091084876384e-06 3.875869493004748e-06
16.82222222222207 -3.75939720798714e-06 4.282717460550141e-06
16.82499999999984 -3.490107878430199e-06 4.678579999458587e-06
16.82777777777762 -3.183266892932027e-06 5.060158702518622e-06
16.8305555555554 -2.839374112303505e-06 5.424119584079805e-06
16.83333333333317 -2.4592122773078e-06 5.767115440486946e-06
16.83611111111095 -2.043852287573063e-06 6.08580909828206e-06
16.83888888888873 -1.594656611664053e-06 6.376897411669703e-06
16.8416666666665 -1.113280743297858e-06 6.637135861139042e-06
16.84444444444428 -6.016726303054645e-07 6.863363596441418e-06
16.84722222222205 -6.20700154637267e-08 7.052528759262221e-06
16.84999999999983 5.030043584387489e-07 7.201713914132896e-06
16.85277777777761 1.090749712930248e-06 7.308161410344955e-06
16.85555555555538 1.698096386670238e-06 7.369298493024737e-06
16.85833333333316 2.321717180686481e-06 7.382761978086417e-06
16.86111111111094 2.958040884506735e-06 7.3464223036207e-06
16.86388888888871 3.603267955762687e-06 7.258406769390307e-06
16.86666666666649 4.253388309846773e-06 7.117121776555644e-06
16.86944444444427 4.904201160011813e-06 6.921273881570993e-06
16.87222222222204 5.551336832219612e-06 6.66988948137852e-06
16.87499999999982 6.190280463020186e-06 6.362332951605433e-06
16.8777777777776 6.816397473039684e-06 5.998323065416924e-06
16.88055555555537 7.424960693259905e-06 5.577947528026642e-06
16.88333333333315 8.011179006443227e-06 5.101675470516899e-06
16.88611111111092 8.570227351753501e-06 4.570367756642338e-06
16.8888888888887 9.097277927135852e-06 3.985284967529713e-06
16.89166666666648 9.587532411277785e-06 3.348092941698199e-06
16.89444444444425 1.00362550152646e-05 2.660865761437286e-06
16.89722222222203 1.043880616330513e-05 1.926086091349586e-06
16.89999999999981 1.079067659238015e-05 1.146642790535392e-06
16.90277777777758 1.108752165232759e-05 3.258257366138139e-07
16.90555555555536 1.132519558090716e-05 -5.326821828441141e-07
16.90833333333314 1.149978552277289e-05 -1.424815937667073e-06
16.91111111111091 1.160764505717737e-05 -2.346142088684176e-06
16.91388888888869 1.164542699661746e-05 -3.29187537581968e-06
16.91666666666647 1.161011521761102e-05 -4.256898129285524e-06
16.91944444444424 1.149905528537353e-05 -5.235782452737788e-06
16.92222222222202 1.130998363640513e-05 -6.222815107286977e-06
16.92499999999979 1.104105508685463e-05 -7.212025005491165e-06
16.92777777777757 1.069086844010533e-05 -8.197213204700217e-06
16.93055555555535 1.025848997418469e-05 -9.171985269881191e-06
16.93333333333312 9.743474598482316e-06 -1.012978585708732e-05
16.9361111111109 9.145884479648439e-06 -1.106393535054712e-05
16.93888888888868 8.466304948615848e-06 -1.196766836873848e-05
16.94166666666645 7.705857514133281e-06 -1.283417393822687e-05
16.94444444444423 6.86620982324201e-06 -1.365663711831985e-05
16.94722222222201 5.94958242539432e-06 -1.442828184511498e-05
16.94999999999978 4.958752214597765e-06 -1.514241475017767e-05
16.95277777777756 3.897052442724275e-06 -1.579246969720434e-05
16.95555555555534 2.768369217081498e-06 -1.637205276949327e-05
16.95833333333311 1.577134416135198e-06 -1.687498743220013e-05
16.96111111111089 3.283149790707835e-07 -1.729535958600437e-05
16.96388888888866 -9.726014527980732e-07 -1.762756222333106e-05
16.96666666666644 -2.319624541666206e-06 -1.78663393944389e-05
16.96944444444422 -3.706282881465425e-06 -1.800682918880531e-05
16.97222222222199 -5.125649200427682e-06 -1.804460543715696e-05
16.97499999999977 -6.570369065982184e-06 -1.797571784138424e-05
16.97777777777755 -8.032692996039111e-06 -1.779673024336234e-05
16.98055555555532 -9.504511857196232e-06 -1.750475674944559e-05
16.9833333333331 -1.09773954069708e-05 -1.709749543506924e-05
16.98611111111088 -1.244263381448477e-05 -1.657325936347398e-05
16.98888888888865 -1.389128197173937e-05 -1.593100466401742e-05
16.99166666666643 -1.531420638642292e-05 -1.517035542883017e-05
16.99444444444421 -1.670213442664213e-05 -1.429162520164315e-05
16.99722222222198 -1.8045705668872e-05 -1.329583484933907e-05
16.99999999999976 -1.933552508220985e-05 -1.218472662522684e-05
17.00277777777753 -2.056221776553806e-05 -1.096077425284209e-05
17.00555555555531 -2.171648493890584e-05 -9.627188880510807e-06
17.00833333333309 -2.278916087707909e-05 -8.187920779396697e-06
17.01111111111086 -2.377127046130389e-05 -6.647656681684103e-06
17.01388888888864 -2.465408701549185e-05 -5.011812680223271e-06
17.01666666666642 -2.542919008495817e-05 -3.28652263683166e-06
17.01944444444419 -2.608852280988976e-05 -1.478622072747333e-06
17.02222222222197 -2.662444854171345e-05 4.043724580863145e-07
17.02499999999975 -2.702980634880114e-05 2.354288484876447e-06
17.02777777777752 -2.729796505817872e-05 4.362327169180596e-06
17.0305555555553 -2.742287548253217e-05 6.419097203905068e-06
17.03333333333308 -2.739912048642635e-05 8.514652950819063e-06
17.03611111111085 -2.722196255262575e-05 1.063853667791142e-05
17.03888888888863 -2.688738851844562e-05 1.27798247309643e-05
17.0416666666664 -2.639215116334147e-05 1.492717744723613e-05
17.04444444444418 -2.573380734220837e-05 1.706889259376633e-05
17.04722222222196 -2.491075237430773e-05 1.919296208797007e-05
17.04999999999973 -2.392225041504813e-05 2.128713173491298e-05
17.05277777777751 -2.276846055709506e-05 2.333896369324082e-05
17.05555555555529 -2.14504584282939e-05 2.533590136113743e-05
17.05833333333306 -1.997025307665022e-05 2.726533635426592e-05
17.06111111111084 -1.833079895678573e-05 2.911467723035101e-05
17.06388888888862 -1.653600285811469e-05 3.087141959916844e-05
17.06666666666639 -1.459072564183124e-05 3.25232172431895e-05
17.06944444444417 -1.250077868202214e-05 3.405795386225453e-05
17.07222222222195 -1.027291493525253e-05 3.546381504628134e-05
17.07499999999972 -7.914814592941153e-06 3.672936007256223e-05
17.0777777777775 -5.435065301277144e-06 3.784359311930996e-05
17.08055555555528 -2.843136964617768e-06 3.879603348429142e-05
17.08333333333305 -1.4935117934129e-07 3.957678439722317e-05
17.08611111111083 2.635154623196514e-06 4.017660001658002e-05
17.0888888888886 5.498468214995607e-06 4.058695020605354e-05
17.09166666666638 8.427948650084208e-06 4.080008269279082e-05
17.09444444444416 1.141027721237291e-05 4.080908221883349e-05
17.09722222222193 1.443151303133065e-05 4.060792630887843e-05
17.09999999999971 1.747715313541211e-05 4.019153729134964e-05
17.10277777777749 2.053219668473831e-05 3.955583022612131e-05
17.10555555555526 2.358121309810356e-05 3.869775641039547e-05
17.10833333333304 2.660841376346941e-05 3.761534215489222e-05
17.11111111111082 2.959772699750295e-05 3.630772254470795e-05
17.11388888888859 3.25328758970664e-05 3.477516992360657e-05
17.11666666666637 3.539745870532919e-05 3.301911686639038e-05
17.11944444444415 3.817503129636027e-05 3.104217343163831e-05
17.12222222222192 4.084919136576515e-05 2.88481385160094e-05
17.1249999999997 4.340366390039125e-05 2.644200516174032e-05
17.12777777777747 4.582238748823647e-05 2.382995970014093e-05
17.13055555555525 4.808960101979119e-05 2.101937464651014e-05
17.13333333333303 5.018993032493107e-05 1.801879529471171e-05
17.1361111111108 5.210847428447753e-05 1.483791999354877e-05
17.13888888888858 5.383088995342865e-05 1.14875741209569e-05
17.14166666666636 5.534347623292877e-05 7.97967780648645e-06
17.14444444444413 5.663325563104359e-05 4.327207486533365e-06
17.14722222222191 5.768805365765785e-05 5.441514112019332e-07
17.14999999999969 5.849657540677719e-05 -3.354540745081927e-06
17.15277777777746 5.904847889000072e-05 -7.353013983506135e-06
17.15555555555524 5.933444469772808e-05 -1.143456957375565e-05
17.15833333333302 5.934624158010534e-05 -1.558173189059704e-05
17.16111111111079 5.907678755725487e-05 -1.977632021471654e-05
17.16388888888857 5.852020618824733e-05 -2.399952518958871e-05
17.16666666666634 5.767187765035684e-05 -2.82319895983845e-05
17.16944444444412 5.652848430412983e-05 -3.245389309943408e-05
17.1722222222219 5.508805044578711e-05 -3.664504053442107e-05
17.17499999999967 5.334997597622672e-05 -4.078495340160054e-05
17.17777777777745 5.131506374524128e-05 -4.485296406600241e-05
17.18055555555523 4.898554036034059e-05 -4.882831226095361e-05
17.183333333333 4.636507028175703e-05 -5.26902434193582e-05
17.18611111111078 4.345876305843479e-05 -5.641810836010476e-05
17.18888888888856 4.027317359391425e-05 -5.999146384402405e-05
17.19166666666633 3.681629536621361e-05 -6.339017350559672e-05
17.19444444444411 3.309754656104956e-05 -6.659450866077552e-05
17.19722222222189 2.912774911393254e-05 -6.95852484882788e-05
17.19999999999966 2.491910069272302e-05 -7.234377908100596e-05
17.20277777777744 2.048513968824462e-05 -7.485219086656213e-05
17.20555555555521 1.584070331667124e-05 -7.70933739003722e-05
17.20833333333299 1.10018789728372e-05 -7.905111054247955e-05
17.21111111111077 5.985949008600377e-06 -8.071016503875956e-05
17.21388888888854 8.113291446485923e-07 -8.205636953998709e-05
17.21666666666632 -4.502499242723464e-06 -8.307670610682255e-05
17.2194444444441 -9.935062686008181e-06 -8.375938426636341e-05
17.22222222222187 -1.546497473765869e-05 -8.409391370510777e-05
17.22499999999965 -2.107002029398819e-05 -8.407117170531623e-05
17.22777777777743 -2.672724477011004e-05 -8.3683464955309e-05
17.2305555555552 -3.24130477384131e-05 -8.292458539016034e-05
17.23333333333298 -3.810328061862476e-05 -8.178985974680741e-05
17.23611111111076 -4.377334798585594e-05 -8.027619254692478e-05
17.23888888888853 -4.939831204278145e-05 -7.838210225159136e-05
17.24166666666631 -5.495299978462226e-05 -7.610775036418804e-05
17.24444444444408 -6.041211237026749e-05 -7.345496329091702e-05
17.24722222222186 -6.575033619990246e-05 -7.04272468030925e-05
17.24999999999964 -7.094245518895552e-05 -6.702979298043109e-05
17.25277777777741 -7.596346372069905e-05 -6.326947955015439e-05
17.25555555555519 -8.078867975385073e-05 -5.915486157365171e-05
17.25833333333297 -8.539385755947769e-05 -5.469615546835287e-05
17.26111111111074 -8.975529956076055e-05 -4.990521538985883e-05
17.26388888888852 -9.384996675211838e-05 -4.479550203546748e-05
17.2666666666663 -9.765558717888607e-05 -3.938204396686738e-05
17.26944444444407 -0.0001011507619665795 -3.368139158570981e-05
17.27222222222185 -0.0001043150683987471 -2.771156393058379e-05
17.27499999999963 -0.0001071291595549908 -2.149198849912413e-05
17.2777777777774 -0.0001095748600357997 -1.504343433141906e-05
17.28055555555518 -0.0001116352573178518 -8.387938624223748e-06
17.28333333333295 -0.0001132947883031492 -1.548727175359163e-06
17.28611111111073 -0.0001145393206466882 5.449871011741704e-06
17.28888888888851 -0.0001153562284710712 1.258251460644582e-05
17.29166666666628 -0.0001157344621017911 1.982294592850893e-05
17.29444444444406 -0.0001156646114840539 2.714409161749157e-05
17.29722222222184 -0.0001151389629708725 3.451816756348464e-05
17.29999999999961 -0.0001141515492020859 4.191678764952343e-05
17.30277777777739 -0.0001126981918258507 4.931107583671762e-05
17.30555555555517 -0.0001107765368462038 5.667178110881605e-05
17.30833333333294 -0.0001083860824143699 6.396939477810623e-05
17.31111111111072 -0.0001055281989155681 7.117426964442619e-05
17.3138888888885 -0.000102206141238211 7.825674048981827e-05
17.31666666666627 -9.84250531473915e-05 8.518724538588644e-05
17.31944444444405 -9.419196372138622e-05 9.193644728585356e-05
17.32222222222182 -8.951577584387489e-05 9.847535537402778e-05
17.3249999999996 -8.440724678258282e-05 0.0001047754456443704
17.32777777777738 -7.887896091828078e-05 0.0001108087801856213
17.33055555555515 -7.294529472513693e-05 0.0001165481246548085
17.33333333333293 -6.662237413640174e-05 0.0001219670634307095
17.33611111111071 -5.992802446414076e-05 0.000127040111948745
17.33888888888848 -5.288171307414478e-05 0.000131742825732358
17.34166666666626 -4.550448504928029e-05 0.0001360519056508052
17.34444444444404 -3.781889210422702e-05 0.0001399452989510081
17.34722222222181 -2.984891504583983e-05 0.0001434022956297941
17.34999999999959 -2.161988009838954e-05 0.0001464036197348209
17.35277777777737 -1.315836944220808e-05 0.0001489315152047709
17.35555555555514 -4.492126335843573e-06 0.000150969825884548
17.35833333333292 4.350044782683119e-06 0.0001525040693770283
17.3611111111107 1.333838280111566e-05 0.0001535215044207824
17.36388888888847 2.244227861078627e-05 0.000154011191511655
17.36666666666625 3.16303875053139e-05 0.0001539640465165022
17.36944444444402 4.08707448356615e-05 0.0001533728870577216
17.3722222222218 5.013088444278584e-05 0.0001522324714794091
17.37499999999958 5.937795937920479e-05 0.0001505395302382542
17.37777777777735 6.857886442401453e-05 0.0001482927895946291
17.38055555555513 7.770035988731897e-05 0.0001454929875136544
17.38333333333291 8.670919619938104e-05 0.0001421428817182368
17.38611111111068 9.557223877646354e-05 0.000138247249870238
17.38888888888846 0.0001042565926567289 0.0001338128818893915
17.39166666666624 0.0001127297264029816 0.0001288485644521836
17.39444444444401 0.000120959594774577 0.0001233650577453924
17.39722222222179 0.0001289147596767352 0.0001173750645824268
17.39999999999957 0.0001365645089070632 0.0001108931920201294
17.40277777777734 0.0001438789722290845 0.0001039359056457964
17.40555555555512 0.0001508292343168798 9.65214767326677e-05
17.40833333333289 0.0001573874441296771 8.866992249176883e-05
17.41111111111067 0.000163526920292922 8.040293967415882e-05
17.41388888888845 0.0001692222520808767 7.174383180422441e-05
17.41666666666622 0.0001744493956159379 6.271743034970927e-05
17.419444444444 0.0001791857649224147 5.335001015583066e-05
17.42222222222178 0.0001834103174949743 4.366919949362982e-05
17.42499999999955 0.0001871036340668243 3.370388509248271e-05
17.42777777777733 0.0001902479922883574 2.348411254288942e-05
17.43055555555511 0.0001928274340532095 1.304098247473096e-05
17.43333333333288 0.0001948278262364078 2.406542928766339e-06
17.43611111111066 0.0001962369146374716 -8.38632164871517e-06
17.43888888888844 0.0001970443709498401 -1.930400434628676e-05
17.44166666666621 0.000197241832607554 -3.031229221306136e-05
17.44444444444399 0.0001968229353894682 -4.137648471333308e-05
17.44722222222176 0.0001957833386913741 -5.246151374875975e-05
17.44999999999954 0.0001941207434056043 -6.353206478534059e-05
17.45277777777732 0.000191834902378581 -7.45526986188558e-05
17.45555555555509 0.0001889276234450687 -8.548797331715222e-05
17.45833333333287 0.0001854027650682476 -9.630256587794558e-05
17.46111111111065 0.0001812662246433978 -0.000106961393146446
17.46388888888842 0.0001765259195500825 -0.0001174297315459985
17.4666666666662 0.0001711917610681416 -0.0001276733351786617
17.46944444444398 0.0001652756212957451 -0.0001376585518692605
17.47222222222175 0.000158791293237847 -0.0001473524367319622
17.47499999999953 0.0001517544442548243 -0.0001567228628569816
17.47777777777731 0.0001441825630880139 -0.0001657386287260222
17.48055555555508 0.0001360949006995185 -0.0001743695619841237
17.48333333333286 0.0001275124051853684 -0.0001825866192122983
17.48611111111063 0.0001184576510435469 -0.0001903619813629285
17.48888888888841 0.0001089547630937168 -0.0001976691445422411
17.49166666666619 9.902933536664173e-05 -0.0002044830058427645
17.49444444444396 8.870834529421953e-05 -0.0002107799439523835
17.49722222222174 7.802006354607526e-05 -0.0002165378942887007
17.49999999999952 6.699395987472651e-05 -0.0002217364184296497
17.50277777777729 5.566060533634001e-05 -0.0002263567676378122
17.50555555555507 4.405157127011132e-05 -0.0002303819402977832
17.50833333333285 3.219932542356944e-05 -0.0002337967331124949
17.51111111111062 2.013712561758185e-05 -0.0002365877859289454
17.5138888888884 7.898911352471351e-06 -0.0002387436200889902
17.51666666666618 -4.480806245295208e-06 -0.000240254670226544
17.51944444444395 -1.696705572914102e-05 -0.0002411133094574514
17.52222222222173 -2.95245174886616e-05 -0.0002413138679338427
17.5249999999995 -4.21176363541416e-05 -0.0002408526447593952
17.52777777777728 -5.471073425156552e-05 -0.0002397279132862557
17.53055555555506 -6.726812250898673e-05 -0.0002379399198398974
17.53333333333283 -7.975421343515893e-05 -0.0002354908759387111
17.53611111111061 -9.2133630780332e-05 -0.0002323849441022909
17.53888888888839 -0.0001043713187145751 -0.0002286282173608069
17.54166666666616 -0.0001164326489604925 -0.0002242286926009822
17.54444444444394 -0.0001282835257286641 -0.0002191962379058104
17.54722222222172 -0.0001398904881209691 -0.0002135425540626717
17.54999999999949 -0.0001512208096777024 -0.0002072811304344268
17.55277777777727 -0.0001622425947576888 -0.0002004271954070397
17.55555555555505 -0.000172924871461923 -0.0001929976616398494
17.55833333333282 -0.0001832376808203549 -0.0001850110663651159
17.5611111111106 -0.0001931521619835879 -0.0001764875069947624
17.56388888888837 -0.0002026406331785393 -0.0001674485723050871
17.56666666666615 -0.0002116766682043903 -0.0001579172694833826
17.56944444444393 -0.0002202351682639833 -0.0001479179473316857
17.5722222222217 -0.000228292428948932 -0.0001374762159271296
17.57499999999948 -0.0002358262022095329 -0.0001266188630561397
17.57777777777726 -0.0002428157531685232 -0.0001153737677358026
17.58055555555503 -0.0002492419116537576 -0.0001037698111456543
17.58333333333281 -0.0002550871183436409 -9.183678530284075e-05
17.58611111111059 -0.0002603354654449734 -7.960529980468419e-05
17.58888888888836 -0.0002649727318383869 -6.710668697409852e-05
17.59166666666614 -0.0002689864126487711 -5.437290573985782e-05
17.59444444444392 -0.0002723657432181032 -4.143644458250192e-05
17.59722222222169 -0.000275101717477274 -2.833022387649721e-05
17.59999999999947 -0.0002771871007335552 -1.508749795317285e-05
17.60277777777724 -0.000278616436908574 -1.741757205701932e-06
17.60555555555502 -0.0002793860502804935 1.167336944174773e-05
17.6083333333328 -0.0002794940418022492 2.512421140105391e-05
17.61111111111057 -0.0002789402800843592 3.85771523122276e-05
17.61388888888835 -0.0002777263871483174 5.199872466923454e-05
17.61666666666613 -0.0002758557190715144 6.535570289815694e-05
17.6194444444439 -0.0002733333416610492 7.861519460820134e-05
17.62222222222168 -0.0002701660013072827 9.174472975542454e-05
17.62499999999946 -0.0002663620911818062 0.0001047123474667099
17.62777777777723 -0.0002619316129570084 0.0001174866802850821
17.63055555555501 -0.0002568861342379052 0.0001300370356066321
17.63333333333279 -0.0002512387419045609 0.0001423334741009476
17.63611111111056 -0.0002450039915770151 0.0001543468849117208
17.63888888888834 -0.0002381978534209215 0.0001660490574553194
17.64166666666612 -0.0002308376545220631 0.0001774127496457183
17.64444444444389 -0.0002229420180649317 0.0001884117523903285
17.64722222222167 -0.0002145307995520513 0.0001990209502216668
17.64999999999944 -0.0002056250203183515 0.0002092163779302363
17.65277777777722 -0.0001962467985791476 0.000218975273103144
17.655555555555 -0.0001864192782765232 0.0002282761244621403
17.65833333333277 -0.0001761665559735692 0.0002370987159306714
17.66111111111055 -0.0001655136060512002 0.0002454241663682132
17.66388888888833 -0.0001544862044725297 0.0002532349649188848
17.6666666666661 -0.0001431108513676784 0.0002605150019464215
17.66944444444388 -0.0001314146926915408 0.0002672495955398601
17.67222222222166 -0.0001194254412152527 0.0002734255135831858
17.67499999999943 -0.0001071712970943831 0.0002790309914051576
17.67777777777721 -9.468086827202765e-05 0.0002840557450301927
17.68055555555499 -8.1983090940156e-05 0.0002884909800774712
17.68333333333276 -6.910715031943735e-05 0.000292329396351762
17.68611111111054 -5.608240196967063e-05 0.0002955651881984097
17.68888888888831 -4.293829386481303e-05 0.0002981940406960853
17.69166666666609 -2.970428945131746e-05 0.000300213121776747
17.69444444444387 -1.640979188926925e-05 0.0003016210703740517
17.69722222222164 -3.084069695293129e-06 0.0003024179807084178
17.69999999999942 1.024381604274718e-05 0.0003026053828309128
17.7027777777772 2.354508267516155e-05 0.0003021862195533271
17.70555555555497 3.679129505672394e-05 0.0003011648199037501
17.70833333333275 4.995443251684865e-05 0.000299546869251666
17.71111111111053 6.300695355882789e-05 0.0002973393762569887
17.7138888888883 7.592185816482775e-05 0.0002945506368003015
17.71666666666608 8.867274755873361e-05 0.0002911901950612687
17.71944444444386 0.0001012338813172924 0.0002872688019128143
17.72222222222163 0.0001135802317056934 0.0002827983708088954
17.72499999999941 0.000125687535147463 0.0002777919313418956
17.72777777777718 0.0001375323407429927 0.0002722635806483402
17.73055555555496 0.0001490920557414669 0.0002662284328545037
17.73333333333274 0.0001603449879220868 0.000259702566737483
17.73611111111051 0.0001712703848106587 0.0002527029717967807
17.73888888888829 0.0001818484696975788 0.0002452474929183599
17.74166666666607 0.0001920604744242718 0.000237354773815968
17.74444444444384 0.000201888668901776 0.0002290441994455651
17.74722222222162 0.0002113163873676308 0.0002203358375635147
17.7499999999994 0.000220328051361951 0.0002112503796236552
17.75277777777717 0.0002289091894372448 0.0002018090811888373
17.75555555555495 0.0002370464536261764 0.0001920337020248966
17.75833333333273 0.0002447276326712297 0.0001819464460757971
17.7611111111105 0.000251941662080126 0.0001715699014578281
17.76388888888828 0.0002586786310275877 0.0001609269806648059
17.76666666666605 0.0002649297861671039 0.0001500408611320416
17.76944444444383 0.0002706875324096112 0.0001389349263181768
17.77222222222161 0.0002759454307370368 0.0001276327074540549
17.77499999999938 0.0002806981931241846 0.0001161578261046067
17.77777777777716 0.0002849416746499469 0.0001045339376827407
17.78055555555494 0.0002886728628859497 9.278467604530032e-05
17.78333333333271 0.0002918898646554306 8.09335992956165e-05
17.78611111111049 0.000294591890258329 6.900413691857421e-05
17.78888888888827 0.0002967792352695035 5.701953834654115e-05
17.79166666666604 0.0002984532600126834 4.500282307769921e-05
17.79444444444382 0.0002996163668256493 3.297673242627192e-05
17.7972222222216 0.0003002719752277662 2.096368301157345e-05
17.79999999999937 0.0003004244951099532 8.985722054621771e-06
17.80277777777715 0.0003000792980658364 -2.93551543175866e-06
17.80555555555492 0.0002992426869871681 -1.477884749945652e-05
17.8083333333327 0.0002979218640466844 -2.652358410690838e-05
17.81111111111048 0.0002961248971942975 -3.814956388412301e-05
17.81388888888825 0.0002938606852914912 -4.963718879226899e-05
17.81666666666603 0.000291138922012536 -6.096745661735711e-05
17.81944444444381 0.0002879700586344533 -7.212199129701684e-05
17.82222222222158 0.0002843652658488381 -8.308307101680732e-05
17.82499999999936 0.0002803363947115628 -9.383365410349937e-05
17.82777777777714 0.0002758959368643994 -0.0001043574026629256
17.83055555555491 0.0002710569841421006 -0.0001146387039928213
17.83333333333269 0.0002658331876937303 -0.0001246626897477003
17.83611111111047 0.0002602387167304294 -0.0001344152528834937
17.83888888888824 0.000254288217021894 -0.0001438830623822304
17.84166666666602 0.0002479967692501085 -0.0001530535757890056
17.84444444444379 0.0002413798473375668 -0.0001619150495753876
17.84722222222157 0.000234453276849181 -0.00017045654737527
17.84999999999935 0.0002272331935820487 -0.00017866794611343
17.85277777777712 0.0002197360024357298 -0.0001865399400808081
17.8555555555549 0.0002119783366652259 -0.0001940640429941899
17.85833333333268 0.0002039770176105708 -0.0002012325880903686
17.86111111111045 0.0001957490149828618 -0.0002080387263178352
17.86388888888823 0.000187311407807898 -0.0002144764226660852
17.86666666666601 0.0001786813460915375 -0.0002205404507102981
17.86944444444378 0.000169876013293179 -0.0002262263854242894
17.87222222222156 0.0001609125896779242 -0.0002315305943301407
17.87499999999934 0.0001518082166094641 -0.0002364502270571317
17.87777777777711 0.0001425799618531686 -0.0002409832033757944
17.88055555555489 0.0001332447859392263 -0.0002451281997855201
17.88333333333266 0.0001238195096498663 -0.0002488846347237285
17.88611111111044 0.0001143207826689861 -0.0002522526524790057
17.88888888888822 0.0001047650534427649 -0.0002552331058822591
17.89166666666599 9.516854029087169e-05 -0.0002578275378539266
17.89444444444377 8.554720380542134e-05 -0.0002600381618853635
17.89722222222155 7.591672055947394e-05 -0.0002618678415363881
17.89999999999932 6.629245816123746e-05 -0.0002633200690242391
17.9027777777771 5.668945166832999e-05 -0.0002643989429855253
17.90555555555488 4.712238138480166e-05 -0.0002651091454883711
17.90833333333265 3.760555204570164e-05 -0.0002654559183745837
17.91111111111043 2.815287341065321e-05 -0.0002654450390069224
17.91388888888821 1.877784225783975e-05 -0.0002650827955003377
17.91666666666598 9.493525789157744e-06 -0.0002643759615108743
17.91944444444376 3.125464394118286e-07 -0.0002633317706569686
17.92222222222154 -8.752931913442365e-06 -0.0002619578906456486
17.92499999999931 -1.769121635103597e-05 -0.0002602623971746456
17.92777777777709 -2.649109593888255e-05 -0.0002582537476796387
17.93055555555486 -3.514185139064507e-05 -0.0002559407549940039
17.93333333333264 -4.363326339045298e-05 -0.0002533325609865081
17.93611111111042 -5.195561959604902e-05 -0.0002504386102400167
17.93888888888819 -6.00997203447458e-05 -0.0002472686238328329
17.94166666666597 -6.805688309501072e-05 -0.00024383257328004
17.94444444444375 -7.581894562486392e-05 -0.0002401406546930836
17.94722222222152 -8.337826802451654e-05 -0.0002362032632102722
17.9499999999993 -9.072773351684691e-05 -0.0002320309677491751
17.95277777777708 -9.786074813695224e-05 -0.0002276344861311609
17.95555555555485 -0.0001047712393113953 -0.0002230246606232048
17.95833333333263 -0.0001114536533741168 -0.0002182124339410793
17.96111111111041 -0.0001179029520606726 -0.0002132088257540392
17.96388888888818 -0.0001241146080204659 -0.0002080249097297667
17.96666666666596 -0.0001300845993877831 -0.0002026717911562313
17.96944444444373 -0.0001358094034586091 -0.0001971605851709848
17.97222222222151 -0.0001412859895135468 -0.0001915023956301939
17.97499999999929 -0.000146511810834458 -0.000185708294642693
17.97777777777706 -0.0001514847959545827 -0.0001797893027979631
17.98055555555484 -0.0001562033391943832 -0.0001737563701048307
17.98333333333262 -0.0001606662905219517 -0.0001676203576659159
17.98611111111039 -0.0001648729447875942 -0.0001613920201016666
17.98888888888817 -0.000168823030377118 -0.0001550819887392253
17.99166666666595 -0.0001725166973267348 -0.0001487007555810167
17.99444444444372 -0.0001759545049480204 -0.0001422586580593751
17.9972222222215 -0.0001791374090054137 -0.0001357658645867716
17.99999999999928 -0.0001820667484892898 -0.0001292323609087675
18.00277777777705 -0.000184744232030949 -0.0001226679372589666
18.00555555555483 -0.0001871719239996194 -0.0001160821763205802
18.0083333333326 -0.0001893522303238084 -0.0001094844419936215
18.01111111111038 -0.0001912878840795508 -0.0001028838689623628
18.01388888888816 -0.0001929819308839107 -9.62893530614064e-05
18.01666666666593 -0.0001944377141334518 -8.970954243313974e-05
18.01944444444371 -0.0001956588601260212 -8.315282946799094e-05
18.02222222222149 -0.0001966492631025401 -7.662734351803876e-05
18.02499999999926 -0.0001974130702441283 -7.014094437408864e-05
18.02777777777704 -0.0001979546666596123 -6.370121649232612e-05
18.03055555555482 -0.0001982786603964115 -5.731546395733243e-05
18.03333333333259 -0.0001983898675067677 -5.099070616611112e-05
18.03611111111037 -0.0001982932971997931 -4.473367421763342e-05
18.03888888888815 -0.0001979941371087801 -3.855080798953947e-05
18.04166666666592 -0.0001974977387014689 -3.244825388459106e-05
18.0444444444437 -0.0001968096028597338 -2.643186322774307e-05
18.04722222222147 -0.0001959353656538842 -2.050719129324479e-05
18.04999999999925 -0.0001948807843350896 -1.467949694110118e-05
18.05277777777703 -0.0001936517235681371 -8.95374284272218e-06
18.0555555555548 -0.0001922541419253872 -3.334596272753526e-06
18.05833333333258 -0.000190694078661286 2.173569555528305e-06
18.06111111111036 -0.0001889776407853786 7.56667363258371e-06
18.06388888888813 -0.0001871109904505219 1.284092479672215e-05
18.06666666666591 -0.0001851003326712597 1.799281890466503e-05
18.06944444444369 -0.0001829519033864998 2.301913554916472e-05
18.07222222222146 -0.0001806719578789074 2.791693434916161e-05
18.07499999999924 -0.0001782667595618736 3.268355083761615e-05
18.07777777777702 -0.0001757425691446622 3.731659196675143e-05
18.08055555555479 -0.0001731056341835889 4.181393125880818e-05
18.08333333333257 -0.0001703621790272051 4.617370362276895e-05
18.08611111111034 -0.0001675183951614933 5.039429986175069e-05
18.08888888888812 -0.0001645804319600304 5.44743608942057e-05
18.0916666666659 -0.0001615543878431541 5.841277171159524e-05
18.09444444444367 -0.000158446301849157 6.220865509456345e-05
18.09722222222145 -0.0001552621456189177 6.586136511097989e-05
18.09999999999923 -0.000152007815794563 6.937048041761405e-05
18.102777777777 -0.0001486891268332167 7.273579738453194e-05
18.10555555555478 -0.00014531180423276 7.595732306693509e-05
18.10833333333256 -0.0001418814781694701 7.903526804125898e-05
18.11111111111033 -0.0001384036775431798 8.197003912810892e-05
18.11388888888811 -0.0001348838244274628 8.47622320194233e-05
18.11666666666589 -0.0001313272289195594 8.741262382997399e-05
18.11944444444366 -0.0001277390843858431 8.992216559007667e-05
18.12222222222144 -0.0001241244630954158 9.229197469914284e-05
18.12499999999921 -0.0001204883122379049 9.452332735376552e-05
18.12777777777699 -0.0001168354503156621 9.66176509701462e-05
18.13055555555477 -0.0001131705639050216 9.857651661364554e-05
18.13333333333254 -0.000109498204777266 0.0001004016314520447
18.13611111111032 -0.0001058227873716649 0.0001020948312457266
18.1388888888881 -0.0001021485866105831 0.0001036580728894957
18.14166666666587 -9.847973604845299e-05 0.0001050934270177645
18.14444444444365 -9.482022634441804e-05 0.0001064030706859446
18.14722222222143 -9.117390404848577e-05 0.000107589280139654
18.1499999999992 -8.754447069168725e-05 0.0001086544236820685
18.15277777777698 -8.393548216868934e-05 0.0001096009546503866
18.15555555555476 -8.035034840358262e-05 0.0001104314045099579
18.15833333333253 -7.679233328683351e-05 0.0001111483760757583
18.16111111111031 -7.326455487309576e-05 0.0001117545368689817
18.16388888888808 -6.976998582866499e-05 0.0001122526126163837
18.16666666666586 -6.63114541176387e-05 0.0001126453808992648
18.16944444444364 -6.289164391547779e-05 0.0001129356649584372
18.17222222222141 -5.951309673881502e-05 0.0001131263276609074
18.17499999999919 -5.617821278035914e-05 0.0001132202656333301
18.17777777777697 -5.288925243842105e-05 0.0001132204035665487
18.18055555555474 -4.96483380285827e-05 0.0001131296886957379
18.18333333333252 -4.645745566859938e-05 0.0001129510854587909
18.1861111111103 -4.331845732364202e-05 0.0001126875703365867
18.18888888888807 -4.023306300310123e-05 0.0001123421268768671
18.19166666666585 -3.720286309664559e-05 0.0001119177409041447
18.19444444444363 -3.422932084081347e-05 0.0001114173959165746
18.1972222222214 -3.131377490435674e-05 0.000110844068671133
18.19999999999918 -2.845744208381746e-05 0.0001102007249572766
18.20277777777696 -2.566142009850604e-05 0.0001094903155593793
18.20555555555473 -2.292669047580991e-05 0.0001087157724075664
18.20833333333251 -2.025412151730398e-05 0.000107880004916233
18.21111111111028 -1.764447133680299e-05 0.0001069858965092146
18.21388888888806 -1.50983909614111e-05 0.0001060363013301889
18.21666666666584 -1.261642748696961e-05 0.0001050340411366226
18.21944444444361 -1.01990272794472e-05 0.0001039819023751941
18.22222222222139 -7.846539215132579e-06 0.0001028826334364084
18.22499999999917 -5.559217950424006e-06 0.0001017389420858034
18.22777777777694 -3.337227215300128e-06 0.000100553493068952
18.23055555555472 -1.18064312218859e-06 9.9328905887157e-05
18.2333333333325 9.105425159903353e-07 9.806775274061059e-05
18.23611111111027 2.936418865337396e-06 9.677255663552627e-05
18.23888888888805 4.897152754486858e-06 9.544578965160954e-05
18.24166666666583 6.792985367795882e-06 9.408987136605635e-05
18.2444444444436 8.624228954152408e-06 9.270716743014368e-05
18.24722222222138 1.039126355674566e-05 9.1299988294271e-05
18.24999999999915 1.209453376859637e-05 8.9870588077381e-05
18.25277777777693 1.373454551919868e-05 8.842116357631398e-05
18.25555555555471 1.531186289633275e-05 8.695385341082042e-05
18.25833333333248 1.682710500746443e-05 8.547073729976827e-05
18.26111111111026 1.828094288485128e-05 8.3973835463953e-05
18.26388888888804 1.96740964377601e-05 8.24651081510768e-05
18.26666666666581 2.100733145543771e-05 8.094645527820859e-05
18.26944444444359 2.228145666402702e-05 7.941971618713619e-05
18.27222222222137 2.349732083996985e-05 7.78866695080977e-05
18.27499999999914 2.465580998334319e-05 7.634903312699016e-05
18.27777777777692 2.575784455247665e-05 7.480846425185845e-05
18.2805555555547 2.680437676307416e-05 7.32665595736543e-05
18.28333333333247 2.779638795314221e-05 7.172485551695642e-05
18.28611111111025 2.873488601550466e-05 7.018482857615227e-05
18.28888888888802 2.962090289987866e-05 6.864789573232255e-05
18.2916666666658 3.045549218520655e-05 6.711541494675348e-05
18.29444444444358 3.12397267237311e-05 6.55886857264796e-05
18.29722222222135 3.19746963576396e-05 6.406894975762157e-05
18.29999999999913 3.266150570907714e-05 6.255739160221449e-05
18.30277777777691 3.330127204371138e-05 6.105513945463793e-05
18.30555555555468 3.389512320881532e-05 5.95632659531591e-05
18.30833333333246 3.4444195645533e-05 5.808278904301606e-05
18.31111111111024 3.49496324757994e-05 5.661467288680739e-05
18.31388888888801 3.541258166344482e-05 5.515982881872585e-05
18.31666666666579 3.583419424966193e-05 5.371911633858139e-05
18.31944444444357 3.621562266206144e-05 5.229334414237591e-05
18.32222222222134 3.655801909721185e-05 5.088327118559906e-05
18.32499999999912 3.686253397570054e-05 4.948960777618606e-05
18.32777777777689 3.713031446937088e-05 4.811301669349467e-05
18.33055555555467 3.736250309948364e-05 4.675411433058591e-05
18.33333333333245 3.75602364053736e-05 4.541347185621938e-05
18.33611111111022 3.772464368212622e-05 4.409161639413802e-05
18.338888888888 3.785684578654736e-05 4.278903221639342e-05
18.34166666666578 3.795795401008576e-05 4.150616194820185e-05
18.34444444444355 3.802906901742027e-05 4.024340778175662e-05
18.34722222222133 3.807127984962727e-05 3.900113269627283e-05
18.34999999999911 3.808566299035444e-05 3.777966168210509e-05
18.35277777777688 3.80732814936715e-05 3.657928296658923e-05
18.35555555555466 3.803518417220268e-05 3.540024923933181e-05
18.35833333333244 3.797240484391507e-05 3.424277887509704e-05
18.36111111111021 3.78859616361553e-05 3.310705715210903e-05
18.36388888888799 3.777685634528679e-05 3.199323746409281e-05
18.36666666666576 3.764607385033806e-05 3.090144252427369e-05
18.36944444444354 3.749458157914528e-05 2.98317655595596e-05
18.37222222222132 3.732332902518266e-05 2.878427149365043e-05
18.37499999999909 3.713324731363194e-05 2.775899811728807e-05
18.37777777777687 3.692524881488549e-05 2.675595724459983e-05
18.38055555555465 3.670022680392408e-05 2.577513585407028e-05
18.38333333333242 3.645905516386562e-05 2.481649721309035e-05
18.3861111111102 3.620258813201092e-05 2.387998198502233e-05
18.38888888888798 3.593166008679589e-05 2.296550931770049e-05
18.39166666666575 3.564708537394283e-05 2.207297791257187e-05
18.39444444444353 3.534965817023719e-05 2.120226707355048e-05
18.39722222222131 3.504015238323874e-05 2.035323773498436e-05
18.39999999999908 3.471932158540658e-05 1.952573346793399e-05
18.40277777777686 3.438789898101065e-05 1.871958146418588e-05
18.40555555555463 3.404659740424776e-05 1.793459349763538e-05
18.40833333333241 3.369610934707405e-05 1.717056686237508e-05
18.41111111111019 3.333710701521988e-05 1.64272852871994e-05
18.41388888888796 3.297024241087196e-05 1.570451982624189e-05
18.41666666666574 3.259614744059315e-05 1.500202972545056e-05
18.41944444444352 3.22154340470671e-05 1.431956326455603e-05
18.42222222222129 3.182869436320107e-05 1.365685857470163e-05
18.42499999999907 3.143650088729992e-05 1.301364443125461e-05
18.42777777777685 3.103940667793287e-05 1.238964102200245e-05
18.43055555555462 3.063794556717299e-05 1.178456069071873e-05
18.4333333333324 3.023263239100945e-05 1.119810865596329e-05
18.43611111111018 2.982396323563571e-05 1.062998370537196e-05
18.43888888888795 2.941241569844915e-05 1.007987886553414e-05
18.44166666666573 2.899844916260589e-05 9.547482047508945e-06
18.4444444444435 2.858250508399701e-05 9.032476668297221e-06
18.44722222222128 2.816500728956229e-05 8.534542248418e-06
18.44999999999906 2.774636228589777e-05 8.053354985918711e-06
18.45277777777683 2.732695957713531e-05 7.588588307007681e-06
18.45555555555461 2.690717199113617e-05 7.139913393695044e-06
18.45833333333239 2.648735601303135e-05 6.706999688786135e-06
18.46111111111016 2.606785212523972e-05 6.289515378493791e-06
18.46388888888794 2.564898515306897e-05 5.88712785315768e-06
18.46666666666572 2.523106461509004e-05 5.49950414640733e-06
18.46944444444349 2.481438507747538e-05 5.126311353158172e-06
18.47222222222127 2.439922651155273e-05 4.767217026986434e-06
18.47499999999905 2.398585465384396e-05 4.421889557139434e-06
18.47777777777682 2.35745213679018e-05 4.089998525803503e-06
18.4805555555546 2.316546500728243e-05 3.771215046010641e-06
18.48333333333238 2.27589107790389e-05 3.465212080663844e-06
18.48611111111015 2.235507110713425e-05 3.171664743175873e-06
18.48888888888793 2.195414599522489e-05 2.890250580195199e-06
18.4916666666657 2.155632338827327e-05 2.620649836915837e-06
18.49444444444348 2.116177953250467e-05 2.362545705459729e-06
18.49722222222126 2.07706793332338e-05 2.115624556842619e-06
18.49999999999903 2.038317671011757e-05 1.879576157011674e-06
18.50277777777681 1.99994149494283e-05 1.654093867423925e-06
