16.5 -1.44059614728933e-07 1.617083063094874e-07
16.50277777777778 -1.087978758714367e-07 1.95443152741373e-07
16.50555555555555 -6.565116375061437e-08 2.214919975644202e-07
16.50833333333333 -1.62940714418337e-08 2.38014747879365e-07
16.51111111111111 3.716995066025243e-08 2.435359923707008e-07
16.51388888888888 9.22879717844023e-08 2.370448449918459e-07
16.51666666666666 1.463601825419047e-07 2.180775212317829e-07
16.51944444444444 1.965619675829786e-07 1.867772482872384e-07
16.52222222222221 2.400804409395834e-07 1.439269259857763e-07
16.52499999999999 2.742593585899876e-07 9.095106212883943e-08
16.52777777777776 2.967454901833546e-07 2.988486565885531e-08
16.53055555555554 3.056290032572531e-07 -3.669006040321783e-08
16.53333333333332 2.995702360077838e-07 -1.057422949412211e-07
16.53611111111109 2.779054408782387e-07 -1.739165714255715e-07
16.53888888888887 2.407246851539527e-07 -2.376845696921765e-07
16.54166666666665 1.889160908364269e-07 -2.935143703012543e-07
16.54444444444442 1.241719579739538e-07 -3.380510526890695e-07
16.5472222222222 4.895399624530666e-08 -3.682998574782643e-07
16.54999999999998 -3.358317781990673e-08 -3.818026483924543e-07
16.55277777777775 -1.197090201832894e-07 -3.767981599555861e-07
16.55555555555553 -2.052710874721472e-07 -3.523567444383232e-07
16.55833333333331 -2.858805549820109e-07 -3.084810540079568e-07
16.56111111111108 -3.571216860124405e-07 -2.461653058490967e-07
16.56388888888886 -4.147759986854481e-07 -1.674074473995392e-07
16.56666666666663 -4.550505310010586e-07 -7.517060820024653e-08
16.56944444444441 -4.747987226387346e-07 2.670738783484798e-08
16.57222222222219 -4.717220879739796e-07 1.336550744481952e-07
16.57499999999996 -4.445411006763689e-07 2.405548898691668e-07
16.57777777777774 -3.931245704213315e-07 3.419704959166621e-07
16.58055555555552 -3.185682605747802e-07 4.324046751259909e-07
16.58333333333329 -2.232155340919955e-07 5.065764607732593e-07
16.58611111111107 -1.106153531862645e-07 5.597044561130194e-07
16.58888888888885 1.458410391124958e-08 5.877821691103021e-07
16.59166666666662 1.468047360233588e-07 5.878307212591797e-07
16.5944444444444 2.797659166258402e-07 5.581145489723113e-07
16.59722222222218 4.067619010311084e-07 4.983067349283955e-07
16.59999999999995 5.209780742412049e-07 4.095923786300426e-07
16.60277777777773 6.158321846813411e-07 2.947008947016195e-07
16.6055555555555 6.853245741450634e-07 1.578612290648546e-07
16.60833333333328 7.243799745735644e-07 4.677584491424619e-09
16.61111111111106 7.291628146820833e-07 -1.580728079027114e-07
16.61388888888883 6.973482457252565e-07 -3.227142291758721e-07
16.61666666666661 6.283322962911383e-07 -4.810096199813085e-07
16.61944444444439 5.233666952424876e-07 -6.245468219111989e-07
16.62222222222216 3.85606905600686e-07 -7.45157059577834e-07
16.62499999999994 2.200656874698648e-07 -8.353461385815286e-07
16.62777777777772 3.346890599677597e-08 -8.887170097209914e-07
16.63055555555549 -1.659848693600646e-07 -9.003615168697596e-07
16.63333333333327 -3.689543893217113e-07 -8.671994071231934e-07
16.63611111111105 -5.653637892057156e-07 -7.882440886848475e-07
16.63888888888882 -7.448724110508959e-07 -6.647771697407638e-07
16.6416666666666 -8.973859640119634e-07 -5.004174360853815e-07
16.64444444444437 -1.01358527445154e-06 -3.010745027206123e-07
16.64722222222215 -1.085446575673923e-06 -7.478272460680553e-08
16.64999999999993 -1.106726192634951e-06 1.685831568733378e-07
16.6527777777777 -1.073382716389247e-06 4.177029949881783e-07
16.65555555555548 -9.839114020085655e-07 6.603030830247648e-07
16.65833333333326 -8.395685590338109e-07 8.837253261897667e-07
16.66111111111103 -6.444680595601855e-07 1.075549098360925e-06
16.66388888888881 -4.055376173694279e-07 1.224237010945924e-06
16.66666666666659 -1.323289744617834e-07 1.319772932291212e-06
16.66944444444436 1.633167107192684e-07 1.354259170124181e-06
16.67222222222214 4.677394766721125e-07 1.322439923931187e-06
16.67499999999992 7.660508976518151e-07 1.222120011740772e-06
16.67777777777769 1.042820802179701e-06 1.054451475815619e-06
16.68055555555547 1.282830753912729e-06 8.240658855456211e-07
16.68333333333324 1.471859572484305e-06 5.390368061371897e-07
16.68611111111102 1.597462562702817e-06 2.106647269857502e-07
16.6888888888888 1.649704277546561e-06 -1.469145931242936e-07
16.69166666666657 1.621804758142807e-06 -5.172883049456205e-07
16.69444444444435 1.510661376342239e-06 -8.824720165757382e-07
16.69722222222213 1.317212655735919e-06 -1.223734933400552e-06
16.6999999999999 1.046616661488351e-06 -1.522509137142907e-06
16.70277777777768 7.082245174257439e-07 -1.761341267956316e-06
16.70555555555546 3.153390174720176e-07 -1.924840384451209e-06
16.70833333333323 -1.152412569491585e-07 -2.000573411967585e-06
16.71111111111101 -5.638809019454141e-07 -1.979859588150747e-06
16.71388888888879 -1.008947307222625e-06 -1.858417807092391e-06
16.71666666666656 -1.427798017987432e-06 -1.636825757465655e-06
16.71944444444434 -1.797873578571949e-06 -1.320757126159618e-06
16.72222222222211 -2.097845891646544e-06 -9.209726473872341e-07
16.72499999999989 -2.308766568143274e-06 -4.530520450322891e-07
16.72777777777767 -2.415156729424384e-06 6.313354082116231e-08
16.73055555555544 -2.405979547445557e-06 6.041958096527328e-07
16.73333333333322 -2.275439632571471e-06 1.144224105921406e-06
16.736111111111 -2.023559218459391e-06 1.655961966391196e-06
16.73888888888877 -1.656489810533071e-06 2.112115235081296e-06
16.74166666666655 -1.186529264928277e-06 2.486732167594951e-06
16.74444444444433 -6.31827705611886e-07 2.756589092543025e-06
16.7472222222221 -1.578069201176882e-08 2.902511381260439e-06
16.74999999999988 6.338760695077372e-07 2.910559054590659e-06
16.75277777777766 1.286240188811071e-06 2.773009528214506e-06
16.75555555555543 1.908638667598326e-06 2.48907679204154e-06
16.75833333333321 2.468187273643825e-06 2.065316576030782e-06
16.76111111111098 2.933442462450022e-06 1.515680429325942e-06
16.76388888888876 3.276066679631338e-06 8.611976083119467e-07
16.76666666666654 3.47242307222433e-06 1.292815480804365e-07
16.76944444444431 3.505014876069949e-06 -6.473233369776562e-07
16.77222222222209 3.363688277288799e-06 -1.43191963024019e-06
16.77499999999987 3.046525408840407e-06 -2.18550642292565e-06
16.77777777777764 2.560366157758123e-06 -2.868630538520588e-06
16.78055555555542 1.92091322179682e-06 -3.443355796481722e-06
16.7833333333332 1.152393749838316e-06 -3.875256349731967e-06
16.78611111111097 2.867721199783674e-07 -4.135334114711315e-06
16.78888888888875 -6.374690157982851e-07 -4.20175909626159e-06
16.79166666666653 -1.576939448367212e-06 -4.061335297532863e-06
16.7944444444443 -2.485281962162816e-06 -3.710603955547952e-06
16.79722222222208 -3.315360892552803e-06 -3.156509852311897e-06
16.79999999999986 -4.021600139777226e-06 -2.416574950964393e-06
16.80277777777763 -4.56235955732828e-06 -1.518545874308894e-06
16.80555555555541 -4.902231141153786e-06 -4.9950682770701e-07
16.80833333333318 -5.014134628004283e-06 5.95523673002056e-07
16.81111111111096 -4.881096340301341e-06 1.715466760662825e-06
16.81388888888874 -4.497605472768656e-06 2.805456187421954e-06
16.81666666666651 -3.870458274715599e-06 3.80941482875385e-06
16.81944444444429 -3.01902219946502e-06 4.672819137172247e-06
16.82222222222207 -1.974878226351025e-06 5.345520760918171e-06
16.82499999999984 -7.808290960406202e-07 5.784485261213036e-06
16.82777777777762 5.107072065003221e-07 5.956305260439622e-06
16.8305555555554 1.839867248528904e-06 5.839349888455742e-06
16.83333333333317 3.141992683342407e-06 5.425424177572399e-06
16.83611111111095 4.350650615585665e-06 4.720830835271946e-06
16.83888888888873 5.400888811230068e-06 3.746751974285662e-06
16.8416666666665 6.232572399049095e-06 2.53889892339714e-06
16.84444444444428 6.793637267650589e-06 1.146412877895657e-06
16.84722222222205 7.043091753694162e-06 -3.699636956319924e-07
16.84999999999983 6.953602997451955e-06 -1.940387084952619e-06
16.85277777777761 6.513517661995599e-06 -3.488989223655467e-06
16.85555555555538 5.728188294298197e-06 -4.93740321249787e-06
16.85833333333316 4.620505737110598e-06 -6.20858050004196e-06
16.86111111111094 3.230573547710731e-06 -7.230720648066884e-06
16.86388888888871 1.614500831585212e-06 -7.941120566756803e-06
16.86666666666649 -1.576665766744438e-07 -8.289745216064455e-06
16.86944444444427 -2.004812129801673e-06 -8.242326703411974e-06
16.87222222222204 -3.838304023945423e-06 -7.782813664628383e-06
16.87499999999982 -5.566092513951501e-06 -6.915017492679737e-06
16.8777777777776 -7.097167348614425e-06 -5.663335566019002e-06
16.88055555555537 -8.346167086272204e-06 -4.072472822487548e-06
16.88333333333315 -9.237914903645889e-06 -2.206130076116931e-06
16.88611111111092 -9.711649010024075e-06 -1.446782561347225e-07
16.8888888888887 -9.724720734618431e-06 2.018110153003016e-06
16.89166666666648 -9.255550028815908e-06 4.179150361932092e-06
16.89444444444425 -8.305656194274534e-06 6.230786187498501e-06
16.89722222222203 -6.900620194139467e-06 8.06597313921774e-06
16.89999999999981 -5.089882436203457e-06 9.583662546023584e-06
16.90277777777758 -2.94533441819503e-06 1.069412474055118e-05
16.90555555555536 -5.587216378762401e-07 1.132394080632213e-05
16.90833333333314 1.962064101493009e-06 1.142039719045005e-05
16.91111111111091 4.497665422089692e-06 1.09550359298657e-05
16.91388888888869 6.922720493154114e-06 9.926144991744716e-06
16.91666666666647 9.111864162211468e-06 8.360017257082893e-06
16.91944444444424 1.094599105878247e-05 6.310861279534507e-06
16.92222222222202 1.231847739939231e-05 3.859309818593422e-06
16.92499999999979 1.314104722264167e-05 1.109540446802202e-06
16.92777777777757 1.334897318322535e-05 -1.814906961935561e-06
16.93055555555535 1.290532226797372e-05 -4.776461818240258e-06
16.93333333333312 1.180399251325583e-05 -7.629785023755042e-06
16.9361111111109 1.007133684893117e-05 -1.022868722913755e-05
16.93888888888868 7.766232641090299e-06 -1.243338394128985e-05
16.94166666666645 4.978527715737194e-06 -1.411773786725135e-05
16.94444444444423 1.825872374619437e-06 -1.517612482782934e-05
16.94722222222201 -1.550971546705311e-06 -1.552956326816521e-05
16.94999999999978 -4.994173184983956e-06 -1.513076938528123e-05
16.95277777777756 -8.335980288368101e-06 -1.396783982978037e-05
16.95555555555534 -1.140665983510987e-05 -1.206632054170814e-05
16.95833333333311 -1.4042866775244e-05 -9.489491373947223e-06
16.96111111111089 -1.609603954706746e-05 -6.336778742698538e-06
16.96388888888866 -1.744040324489162e-05 -2.740298921462243e-06
16.96666666666644 -1.79801639106211e-05 1.140371482797576e-06
16.96944444444422 -1.765550108299618e-05 5.125008462488125e-06
16.97222222222199 -1.644701011815634e-05 9.020860451297432e-06
16.97499999999977 -1.437830948660237e-05 1.263172188910743e-05
16.97777777777755 -1.151660881392569e-05 1.576754532419782e-05
16.98055555555532 -7.971127475558994e-06 1.825413326535207e-05
16.9833333333331 -3.88935687383192e-06 1.994242871821718e-05
16.98611111111088 5.487327220097053e-07 2.071692435112253e-05
16.98888888888865 5.138332958019586e-06 2.050273539886436e-05
16.99166666666643 9.658977289048451e-06 1.927093040858795e-05
16.99444444444421 1.388486232513272e-05 1.70417852210963e-05
16.99722222222198 1.759584031306023e-05 1.388571644193208e-05
16.99999999999976 2.05885605553328e-05 9.92175727357169e-06
17.00277777777753 2.268720988162424e-05 5.313556195835934e-06
17.00555555555531 2.375330111240744e-05 2.630021027642369e-07
17.00833333333309 2.36939848645477e-05 -4.998297851234226e-06
17.01111111111086 2.246841376506644e-05 -1.021934545769793e-05
17.01388888888864 2.009176749806032e-05 -1.514143823132325e-05
17.01666666666642 1.663664909052827e-05 -1.951068544305829e-05
17.01944444444419 1.223168317313733e-05 -2.309076162425448e-05
17.02222222222197 7.057280275768889e-06 -2.567527161189245e-05
17.02499999999975 1.338671324533907e-06 -2.709909711795917e-05
17.02777777777752 -4.663543382067625e-06 -2.724812209624895e-05
17.0305555555553 -1.066495335840459e-05 -2.606679263942345e-05
17.03333333333308 -1.637050879804641e-05 -2.356305498010997e-05
17.03611111111085 -2.148870796974801e-05 -1.981032906477611e-05
17.03888888888863 -2.574613346145419e-05 -1.494631035677357e-05
17.0416666666664 -2.890162778761914e-05 -9.168543002891033e-06
17.04444444444418 -3.07593910051317e-05 -2.726866277772339e-06
17.04722222222196 -3.118031066211397e-05 4.087004352627536e-06
17.04999999999973 -3.009089752046165e-05 1.095234809677288e-05
17.05277777777751 -2.748929715090708e-05 1.753421126151782e-05
17.05555555555529 -2.344797405299456e-05 2.349941653265765e-05
17.05833333333306 -1.811281612542871e-05 2.853305918514735e-05
17.06111111111084 -1.169857640863891e-05 3.235468946896035e-05
17.06388888888862 -4.48074821266789e-06 3.473336773257342e-05
17.06666666666639 3.215849579499404e-06 3.550080627373024e-05
17.06944444444417 1.103132705811034e-05 3.456187946679636e-05
17.07222222222195 1.858721093177407e-05 3.190188942181206e-05
17.07499999999972 2.550442654879293e-05 2.759011431288006e-05
17.0777777777775 3.142193584866635e-05 2.177933475869561e-05
17.08055555555528 3.601513139962155e-05 1.470122281246805e-05
17.08333333333305 3.901306797499657e-05 6.65767948893268e-06
17.08611111111083 4.021363948697765e-05 -1.991589313037125e-06
17.0888888888886 3.949588073425965e-05 -1.084477223205375e-05
17.09166666666638 3.682868827219352e-05 -1.947626212435591e-05
17.09444444444416 3.22754084944261e-05 -2.745675917009571e-05
17.09722222222193 2.599392734972562e-05 -3.4374234368462e-05
17.09999999999971 1.823210679596608e-05 -3.985474668519524e-05
17.10277777777749 9.318638418914088e-06 -4.358208099203214e-05
17.10555555555526 -3.503861258254868e-07 -4.531519824451067e-05
17.10833333333304 -1.032866634118791e-05 -4.490256451529257e-05
17.11111111111082 -2.013992109588299e-05 -4.229254943904205e-05
17.11388888888859 -2.930025531003102e-05 -3.753925273785608e-05
17.11666666666637 -3.734163177562893e-05 -3.080332283642742e-05
17.11944444444415 -4.383532683836735e-05 -2.234756512042216e-05
17.12222222222192 -4.841421351577152e-05 -1.252738842397144e-05
17.1249999999997 -5.079273666586644e-05 -1.776394928943307e-06
17.12777777777747 -5.07835227742324e-05 9.412331755279914e-06
17.13055555555525 -4.830969970373101e-05 2.050845560514945e-05
17.13333333333303 -4.341218446346526e-05 3.09691512638662e-05
17.1361111111108 -3.625142217883976e-05 4.026526234861179e-05
17.13888888888858 -2.710331711645777e-05 4.790761185497929e-05
17.14166666666636 -1.634937505117695e-05 5.347217552032118e-05
17.14444444444413 -4.461362279308799e-06 5.662284534192362e-05
17.14722222222191 8.018933768455677e-06 5.713059020160955e-05
17.14999999999969 2.050399813327139e-05 5.488796168999163e-05
17.15277777777746 3.238786662809121e-05 4.991809059995656e-05
17.15555555555524 4.3075140016819e-05 4.237756507229088e-05
17.15833333333302 5.201036227840664e-05 3.25528642989149e-05
17.16111111111079 5.870633223859949e-05 2.085032911997325e-05
17.16388888888857 6.276992779176686e-05 7.779968294090816e-06
17.16666666666634 6.392410225697975e-05 -6.066288736964027e-06
17.16944444444412 6.202486119288864e-05 -2.00409907198882e-05
17.1722222222219 5.707223985889618e-05 -3.347105817233109e-05
17.17499999999967 4.921456779861123e-05 -4.568980933458351e-05
17.17777777777745 3.874561613407743e-05 -5.606961193975751e-05
17.18055555555523 2.609456104383603e-05 -6.405358012302875e-05
17.183333333333 1.180904768266095e-05 -6.918473738225888e-05
17.18611111111078 -3.468014471674762e-06 -7.113114587243729e-05
17.18888888888856 -1.902696841272648e-05 -6.970565772227895e-05
17.19166666666633 -3.412399459995717e-05 -6.487916995541815e-05
17.19444444444411 -4.801628586425333e-05 -5.678655178766583e-05
17.19722222222189 -5.999816577877289e-05 -4.572474908408563e-05
17.19999999999966 -6.943641217396452e-05 -3.214294036740847e-05
17.20277777777744 -7.580303849587617e-05 -1.662500467259666e-05
17.20555555555521 -7.870386230105383e-05 1.350548264457999e-07
17.20833333333299 -7.790135088595011e-05 1.736372509216718e-05
17.21111111111077 -7.333047319667506e-05 3.42433063074974e-05
17.21388888888854 -6.51065950777226e-05 4.995034849177073e-05
17.21666666666632 -5.352481826096618e-05 6.369541135058815e-05
17.2194444444441 -3.905056585530633e-05 7.476224468029046e-05
17.22222222222187 -2.230163971217138e-05 8.254446457532472e-05
17.22499999999965 -4.02239765859634e-06 8.657787237031154e-05
17.22777777777743 1.49488995488435e-05 8.656672757016054e-05
17.2305555555552 3.371816087088332e-05 8.240253729896837e-05
17.23333333333298 5.137724552368523e-05 7.417425290289789e-05
17.23611111111076 6.704751476139895e-05 6.216915511764473e-05
17.23888888888853 7.992308235969518e-05 4.686414505973953e-05
17.24166666666631 8.931165330730199e-05 2.890761896702243e-05
17.24444444444408 9.467090449511432e-05 9.092568129232632e-06
17.24722222222186 9.563852709711043e-05 -1.167801084770767e-05
17.24999999999964 9.205431221682364e-05 -3.24319086321475e-05
17.25277777777741 8.397300874965362e-05 -5.217287287972517e-05
17.25555555555519 7.166710034037193e-05 -6.992807128021772e-05
17.25833333333297 5.561911803709899e-05 -8.479560154089269e-05
17.26111111111074 3.650360500788066e-05 -9.598974499277876e-05
17.26388888888852 1.515935575581229e-05 -0.0001028817145806388
17.2666666666663 -7.446959957491214e-06 -0.0001050338130396722
17.26944444444407 -3.026423307646687e-05 -0.0001022251876098197
17.27222222222185 -5.220547582993025e-05 -9.446773292444721e-05
17.27499999999963 -7.219927718903365e-05 -8.201113808493481e-05
17.2777777777774 -8.924173075481208e-05 -6.533657750628232e-05
17.28055555555518 -0.0001024463333991708 -4.513908465900344e-05
17.28333333333295 -0.0001110893936846483 -2.229919781732778e-05
17.28611111111073 -0.0001146486504347043 2.154999246045359e-06
17.28888888888851 -0.000112833078649152 2.70938274048846e-05
17.29166666666628 -0.0001056022413260301 5.133791513291515e-05
17.29444444444406 -9.31740153806122e-05 7.37136820227382e-05
17.29722222222184 -7.602005679373585e-05 9.310980426907748e-05
17.29999999999961 -5.484894968612298e-05 0.0001085319583828681
17.30277777777739 -3.057757890062509e-05 0.0001191531632377706
17.30555555555517 -4.291847254524533e-06 0.0001243571949540023
17.30833333333294 2.280160168713595e-05 0.0001237728293686178
17.31111111111072 4.943052380568911e-05 0.0001172970619498903
17.3138888888885 7.431656877809676e-05 0.000105105948185373
17.31666666666627 9.623635611811229e-05 8.765227677938517e-05
17.31944444444405 0.0001140812256033937 6.564990734237984e-05
17.32222222222182 0.0001269127579353718 4.00452445892097e-05
17.3249999999996 0.0001340113052958142 1.197695171169751e-05
17.32777777777738 0.0001349150517909584 -1.727440424489404e-05
17.33055555555515 0.0001294475297589462 -4.634456195063884e-05
17.33333333333293 0.0001177320323562408 -7.384899359334875e-05
17.33611111111071 0.0001001919629353049 -9.84486095549084e-05
17.33888888888848 7.753682006493325e-05 -0.0001189146300663665
17.34166666666626 5.073420286092864e-05 -0.000134189492326642
17.34444444444404 2.096890189738085e-05 -0.0001434407907524781
17.34722222222181 -1.040921669873955e-05 -0.0001461055246355432
17.34999999999959 -4.194625411411978e-05 -0.0001419223409217889
17.35277777777737 -7.215149566455894e-05 -0.0001309499926725224
17.35555555555514 -9.956769920801586e-05 -0.0001135708624650267
17.35833333333292 -0.0001228411464750968 -9.047909592192341e-05
17.3611111111107 -0.0001407880979033313 -6.265362131697892e-05
17.36388888888847 -0.0001524544017079174 -3.13170621221849e-05
17.36666666666625 -0.000157165276533258 2.11775487167484e-06
17.36944444444402 -0.0001545627039575327 3.611136681404443e-05
17.3722222222218 -0.0001446284148890641 6.906846280627477e-05
17.37499999999958 -0.0001276911083551925 9.941264040058098e-05
17.37777777777735 -0.0001044172726471969 0.0001256616300402205
17.38055555555513 -7.578575330703399e-05 0.0001464994025173915
17.38333333333291 -4.304699343942954e-05 0.0001608416609107638
17.38611111111068 -7.668621790999789e-06 0.0001678914743554776
17.38888888888846 2.873025368258326e-05 0.0001671822269120428
17.39166666666624 6.445310839749255e-05 0.0001586056133753805
17.39444444444401 9.780503212950869e-05 0.0001424230905811964
17.39722222222179 0.0001271730463041858 0.0001192599569929181
17.39999999999957 0.0001511039027950594 9.008204976321235e-05
17.40277777777734 0.0001683756170744791 5.615587864950494e-05
17.40555555555512 0.0001780592266063241 1.899382045900393e-05
17.40833333333289 0.0001795676752331521 -1.971326293970052e-05
17.41111111111067 0.000172689288973114 -5.817298206809115e-05
17.41388888888845 0.0001576040033981724 -9.457444746941691e-05
17.41666666666622 0.0001348812962581331 -0.0001271735177627889
17.419444444444 0.000105459634685826 -0.000154376252663388
17.42222222222178 7.060812407530931e-05 -0.000174816579198277
17.42499999999955 3.187190382798164e-05 -0.0001874243940839059
17.42777777777733 -8.996367770307733e-06 -0.0001914807235170668
17.43055555555511 -5.01159003113219e-05 -0.0001866571270630638
17.43333333333288 -8.95644283402329e-05 -0.0001730372402142359
17.43611111111066 -0.0001254681390190705 -0.0001511191686991469
17.43888888888844 -0.0001560906572774038 -0.000121798339141089
17.44166666666621 -0.0001799168597753398 -8.633133358275586e-05
17.44444444444399 -0.0001957274746696282 -4.628214603936934e-05
17.44722222222176 -0.0002026608049471771 -3.453153937320487e-06
17.44999999999954 -0.0002002584733847214 4.019614550991166e-05
17.45277777777732 -0.0001884928026512366 8.263896169867823e-05
17.45555555555509 -0.0001677742825667985 0.0001218754716572283
17.45833333333287 -0.0001389384996732743 0.0001560271219953999
17.46111111111065 -0.0001032128691179578 0.0001834265178995082
17.46388888888842 -6.216446994600839e-05 0.0002026985959504882
17.4666666666662 -1.7631196401484e-05 0.00021282913448752
17.46944444444398 2.836074425838887e-05 0.0002132172040022726
17.47222222222175 7.368927271061234e-05 0.000203708876847269
17.47499999999953 0.0001162345861626164 0.0001846103682699976
17.47777777777731 0.0001539784614862148 0.0001566797304980756
17.48055555555508 0.0001851000497474709 0.000121097224272197
17.48333333333286 0.0002080636085963405 7.941550081314831e-05
17.48611111111063 0.0002216939455234239 3.349169385731122e-05
17.48888888888841 0.0002252358753794919 -1.459560025841126e-05
17.49166666666619 0.0002183947068853686 -6.264072913133103e-05
17.49444444444396 0.000201355633335396 -0.0001084124726288907
17.49722222222174 0.0001747808731210801 -0.0001497579258996031
17.49999999999952 0.0001397844412162984 -0.0001847039250031044
17.50277777777729 9.788548498090753e-05 -0.0002115512256449931
17.50555555555507 5.094213687504055e-05 -0.000228956934896809
17.50833333333285 1.068774329802975e-06 -0.0002360012006182173
17.51111111111062 -4.945961209991402e-05 -0.000232234861831347
17.5138888888884 -9.83115967001376e-05 -0.000217705624383064
17.51666666666618 -0.0001432072510768663 -0.0001929613107057493
17.51944444444395 -0.000182024815021072 -0.0001590297949888164
17.52222222222173 -0.0002129010992414929 -0.0001173763261134644
17.5249999999995 -0.0002343208589115678 -6.984000901059687e-05
17.52777777777728 -0.0002451908488389776 -1.855221001793484e-05
17.53055555555506 -0.0002448949490631864 3.415947427347433e-05
17.53333333333283 -0.0002333276036369932 8.587733456541658e-05
17.53611111111061 -0.0002109038064943862 0.0001342048902699523
17.53888888888839 -0.0001785449510730722 0.0001768783038987937
17.54166666666616 -0.0001376409844937567 0.000211872668641079
17.54444444444394 -8.999041997388348e-05 0.0002374981641999818
17.54722222222172 -3.772081029784873e-05 0.0002524815073085666
17.54999999999949 1.680677931206145e-05 0.000256028772763745
17.55277777777727 7.110498354769532e-05 0.000247866499404662
17.55555555555505 0.0001226741384108941 0.0002282589852201161
17.55833333333282 0.0001691178196434726 0.0001980007712838954
17.5611111111106 0.0002082545536635075 0.0001583844647766118
17.56388888888837 0.0002382204742708748 0.0001111452033160709
17.56666666666615 0.0002575580817564155 5.838416210886705e-05
17.56944444444393 0.0002652868736523271 2.474500122981565e-06
17.5722222222217 0.0002609524309879814 -5.404601578755607e-05
17.57499999999948 0.0002446515236652338 -0.0001085908195865585
17.57777777777726 0.0002170318985642561 -0.0001586434722071683
17.58055555555503 0.000179266583447377 -0.0002018742090736924
17.58333333333281 0.0001330037242921789 -0.0002362486876239375
17.58611111111059 8.029411801341828e-05 -0.0002601238415407012
17.58888888888836 2.349965284632588e-05 -0.0002723263159715555
17.59166666666614 -3.481322465865266e-05 -0.0002722097398277964
17.59444444444392 -9.199017720509343e-05 -0.0002596880519318593
17.59722222222169 -0.0001454104415815273 -0.0002352431933614735
17.59999999999947 -0.0001926075007866113 -0.0001999066583390773
17.60277777777724 -0.0002313833796136739 -0.0001552156057629113
17.60555555555502 -0.0002599112457509574 -0.000103145416658441
17.6083333333328 -0.0002768215128736172 -4.602168414828038e-05
17.61111111111057 -0.0002812673823006413 1.358440973345933e-05
17.61388888888835 -0.0002729666920143119 7.297258756853684e-05
17.61666666666613 -0.0002522180235842329 0.000129436525853554
17.6194444444439 -0.0002198901990184603 0.0001803878179437379
17.62222222222168 -0.0001773855261802059 0.0002234751413514131
17.62499999999946 -0.0001265783662653904 0.000256693117407379
17.62777777777723 -6.973174339708287e-05 0.0002784758048259714
17.63055555555501 -9.395741144364456e-06 0.0002877704582499803
17.63333333333279 5.170771429398566e-05 0.0002840880771273643
17.63611111111056 0.0001108084395968809 0.0002675283283779991
17.63888888888834 0.0001652142995591891 0.0002387775996137437
17.64166666666612 0.0002124344387799632 0.0001990801740564432
17.64444444444389 0.0002502937695780903 0.0001501837566717808
17.64722222222167 0.0002770334312914245 9.426176600550809e-05
17.64999999999944 0.0002913925665645487 3.38158827490133e-05
17.65277777777722 0.0002926676070787067 -2.843673592353265e-05
17.655555555555 0.0002807462856497578 -8.96864505176727e-05
17.65833333333277 0.0002561147466421844 -0.0001471587343380323
17.66111111111055 0.0002198373590165258 -0.0001982405377470598
17.66388888888833 0.000173510089191196 -0.000240599633787461
17.6666666666661 0.0001191895063939538 -0.0002722914680703223
17.66944444444388 5.930061511115586e-05 -0.0002918485991380967
17.67222222222166 -3.472314271838927e-06 -0.0002983486056969
17.67499999999943 -6.63069597176109e-05 -0.0002914573179359969
17.67777777777721 -0.0001263706909517121 -0.0002714453565080636
17.68055555555499 -0.0001809490204849357 -0.0002391771827990791
17.68333333333276 -0.0002275689019775443 -0.000196073121690337
17.68611111111054 -0.0002641112460121286 -0.0001440460551885053
17.68888888888831 -0.0002889075121134591 -8.541564511897738e-05
17.69166666666609 -0.0003008159606014132 -2.280397215830172e-05
17.69444444444387 -0.0002992740751944675 4.098267048319268e-05
17.69722222222164 -0.0002843247545117178 0.0001030804565060408
17.69999999999942 -0.0002566150677072088 0.000160697419117376
17.7027777777772 -0.0002173676213615042 0.000211239672859417
17.70555555555497 -0.0001683258339328918 0.0002524287261196826
17.70833333333275 -0.0001116756032026584 0.0002824045535324766
17.71111111111053 -4.994692677367512e-05 0.0002998097486332366
17.7138888888883 1.410005336170549e-05 0.0003038509415517095
17.71666666666608 7.759940536375762e-05 0.0002943347042851485
17.71944444444386 0.0001377085157812052 0.0002716763294074861
17.72222222222163 0.0001917360956931877 0.0002368811034566017
17.72499999999941 0.000237263286019642 0.000191498947039577
17.72777777777718 0.0002722523845548675 0.0001375545026594568
17.73055555555496 0.0002951382875841132 7.7455863220927e-05
17.73333333333274 0.000304898531629857 1.388609850634764e-05
17.73611111111051 0.0003010987991754293 -5.031749003309031e-05
17.73888888888829 0.0002839118710056637 -0.0001122909088758107
17.74166666666607 0.0002541092156311772 -0.0001692720326002307
17.74444444444384 0.0002130256477908225 -0.0002187243775025802
17.74722222222162 0.0001624987065362801 -0.0002584505122048668
17.7499999999994 0.0001047855434655747 -0.0002866900120142262
17.75277777777717 4.246112160118295e-05 -0.0003021975767796107
17.75555555555495 -2.169764029980533e-05 -0.0003042978414244078
17.75833333333273 -8.483652186548142e-05 -0.0002929144721420316
17.7611111111105 -0.0001441518166202362 -0.0002685723104548029
17.76388888888828 -0.0001970155476599278 -0.0002323725483710509
17.76666666666605 -0.0002410924594806223 -0.0001859421350565184
17.76944444444383 -0.0002744435531416747 -0.0001313597734925509
17.77222222222161 -0.000295611558279111 -7.106191222094184e-05
17.77499999999938 -0.0003036845674463177 -7.733025505779087e-06
17.77777777777716 -0.0002983350571640016 5.581483446833128e-05
17.78055555555494 -0.0002798326398061694 0.0001167677677045866
17.78333333333271 -0.0002490300797038729 0.0001724353791604025
17.78611111111049 -0.0002073233114039767 0.0002203701369658384
17.78888888888827 -0.000156587363265192 0.0002584754145098887
17.79166666666604 -9.909116303528242e-05 0.0002850974287949229
17.79444444444382 -3.73951356732392e-05 0.0002990970343873306
17.7972222222216 2.576374387103893e-05 0.0002998982571045412
17.79999999999937 8.759424190603623e-05 0.0002875115115048787
17.80277777777715 0.0001453749990414951 0.0002625305925644104
17.80555555555492 0.0001965749508218859 0.0002261037123934182
17.8083333333327 0.0002389646797303918 0.0001798800139878766
17.81111111111048 0.0002707137797476125 0.0001259340836217233
17.81388888888825 0.0002904699701594705 6.667195292430327e-05
17.81666666666603 0.0002974165378799105 4.722888156476209e-06
17.81944444444381 0.0002913056779932909 -5.717812752658607e-05
17.82222222222158 0.0002724663948614248 -0.000116311928803895
17.82499999999936 0.0002417867711399094 -0.0001700952854844289
17.82777777777714 0.0002006715575279833 -0.0002161942678891603
17.83055555555491 0.0001509771305746783 -0.0002526258639743786
17.83333333333269 9.492686065454118e-05 -0.0002778434109724661
17.83611111111047 3.501078341326167e-05 -0.0002908021577258736
17.83888888888824 -2.612586140664723e-05 -0.0002910021861127908
17.84166666666602 -8.580019845001381e-05 -0.0002785069488652495
17.84444444444379 -0.0001414101339166593 -0.0002539367795443971
17.84722222222157 -0.0001905483661151703 -0.0002184378486875738
17.84999999999935 -0.0002311069718097456 -0.0001736281279482613
17.85277777777712 -0.0002613680102219422 -0.0001215229329978885
17.8555555555549 -0.0002800762451429683 -6.444350165239735e-05
17.85833333333268 -0.0002864909121426487 -4.912787653074927e-06
17.86111111111045 -0.0002804144138208927 5.445681808729676e-05
17.86388888888823 -0.000262196867527603 0.0001110788100104178
17.86666666666601 -0.0002327165097010341 0.0001625058151364246
17.86944444444378 -0.0001933370303803353 0.0002065357839170655
17.87222222222156 -0.000145843922983833 0.0002413065016869831
17.87499999999934 -9.236284359810745e-05 0.0002653743575178029
17.87777777777711 -3.52637413672591e-05 0.0002777740419407357
17.88055555555489 2.294488560998788e-05 0.0002780567199950841
17.88333333333266 7.972686068169032e-05 0.0002663052009581102
17.88611111111044 0.0001326293978457241 0.0002431256565231736
17.88888888888822 0.0001793894830199782 0.0002096164787009714
17.89166666666599 0.0002180309373144049 0.0001673158710664211
17.89444444444377 0.0002469479909887561 0.0001181306880631026
17.89722222222155 0.0002649718350040734 6.424983693369375e-05
17.89999999999932 0.0002714174043843861 8.046201416328874e-06
17.9027777777771 0.0002661085474295552 -4.802849120315078e-05
17.90555555555488 0.0002493807059269918 -0.0001015511760655888
17.90833333333265 0.0002220612300805517 -0.0001502325937999738
17.91111111111043 0.0001854284333775418 -0.0001920154918484792
17.91388888888821 0.0001411514138277226 -0.000225161662377433
17.91666666666598 9.121348896758071e-05 -0.0002483241339199025
17.91944444444376 3.782277767361787e-05 -0.0002606015284139047
17.92222222222154 -1.668601638119351e-05 -0.0002615724128151237
17.92499999999931 -6.995422783350162e-05 -0.000251308377351991
17.92777777777709 -0.0001197017278186126 -0.0002303655197981251
17.93055555555486 -0.0001638248269759418 -0.000199754964524954
17.93333333333264 -0.0002004853697285486 -0.000160893954687212
17.93611111111042 -0.000228187244634882 -0.0001155398861540933
17.93888888888819 -0.0002458371337956129 -6.571036725553732e-05
17.94166666666597 -0.000252787053843647 -1.359295913416622e-05
17.94444444444375 -0.0002488570680248846 3.855134558153393e-05
17.94722222222152 -0.0002343374356160017 8.848662836194794e-05
17.9499999999993 -0.0002099703715890802 0.0001340982277230625
17.95277777777708 -0.000176912475956088 0.0001734824520036775
17.95555555555485 -0.0001366797199807889 0.0002050260129322972
17.95833333333263 -9.107760998641649e-05 0.0002274718710875917
17.96111111111041 -4.21197580467337e-05 0.0002399688218625956
17.96388888888818 8.061452378328351e-06 0.0002421028954343658
17.96666666666596 5.730812664886801e-05 0.0002339094622890497
17.96944444444373 0.0001035299524668337 0.0002158657901450889
17.97222222222151 0.0001447931009080008 0.0001888646507273685
17.97499999999929 0.0001794011502566091 0.0001541703885306606
17.97777777777706 0.0002059646501055247 0.0001133596035318049
17.98055555555484 0.0002234564863769414 6.824923460050121e-05
17.98333333333262 0.0002312508661157915 2.081533412727376e-05
17.98611111111039 0.0002291444836154329 -2.68938227860308e-05
17.98888888888817 0.0002173592228487646 -7.284646223124087e-05
17.99166666666595 0.0001965265599290793 -0.0001151140165632816
17.99444444444372 0.0001676546179224204 -0.0001519521065785017
17.9972222222215 0.0001320795607939286 -0.0001818724028341007
17.99999999999928 9.140366256097617e-05 -0.0002037024164853118
18.00277777777705 4.742292504351104e-05 -0.0002166308387104487
18.00555555555483 2.047521546328355e-06 -0.0002202367100384467
18.0083333333326 -4.278140088950874e-05 -0.0002145014263476734
18.01111111111038 -8.517492984810977e-05 -0.0001998033443505535
18.01388888888816 -0.0001233760361173877 -0.0001768955026919218
18.01666666666593 -0.0001558323057164457 -0.0001468676927581468
18.01944444444371 -0.0001812587534096967 -0.0001110947654334329
18.02222222222149 -0.0001986881938356518 -7.117361929626747e-05
18.02499999999926 -0.0002075072248102361 -2.885175960762701e-05
18.02777777777704 -0.0002074765292845423 1.404937119450134e-05
18.03055555555482 -0.0001987348982890118 5.571292291107948e-05
18.03333333333259 -0.0001817870861035144 9.440363854568825e-05
18.03611111111037 -0.0001574762999899908 0.0001285400648235299
18.03888888888815 -0.0001269427706179991 0.0001567589745881327
18.04166666666592 -9.157041893791735e-05 0.000177969391603969
18.0444444444437 -5.292410757363634e-05 0.0001913941012911067
18.04722222222147 -1.268032135434748e-05 0.0001965971054186951
18.04999999999925 2.744565071448787e-05 0.0001934961084630951
18.05277777777703 6.57728681832386e-05 0.0001823597800030317
18.0555555555548 0.0001007251085566554 0.0001637901923987489
18.05833333333258 0.000130895513787374 0.000138691457961292
18.06111111111036 0.0001551028750786044 0.0001082261586171312
18.06388888888813 0.000172437324916011 7.376165042093643e-05
18.06666666666591 0.0001822937001913152 3.680871578452545e-05
18.06944444444369 0.0001843913994301477 -1.044686730886096e-06
18.07222222222146 0.0001787801552078672 -3.820167131296757e-05
18.07499999999924 0.0001658317533734179 -7.312374192520385e-05
18.07777777777702 0.0001462183273134794 -0.0001043943456477773
18.08055555555479 0.0001208784129310758 -0.0001307760479624735
18.08333333333257 9.097244528219688e-05 -0.0001512590398902442
18.08611111111034 5.78297910731212e-05 -0.000165099101876653
18.08888888888812 2.288972658764664e-05 -0.0001718436353075817
18.0916666666659 -1.236102324067863e-05 -0.0001713449072334821
18.09444444444367 -4.645147838093169e-05 -0.0001637602134053762
18.09722222222145 -7.798765006945611e-05 -0.0001495392246640187
18.09999999999923 -0.0001057092998030187 -0.0001293993182020674
18.102777777777 -0.0001285399151282016 -0.0001042901859161389
18.10555555555478 -0.0001456279427323124 -7.534943710757933e-05
18.10833333333256 -0.0001563777312275203 -4.385125560392664e-05
18.11111111111033 -0.0001604691042635258 -1.115041922987147e-05
18.11388888888811 -0.0001578649879724094 2.137586586700521e-05
18.11666666666589 -0.0001488070330774284 5.238582601452424e-05
18.11944444444366 -0.0001337996790516671 8.062825453780812e-05
18.12222222222144 -0.0001135835842048973 0.000104992667990491
18.12499999999921 -8.909977202992761e-05 0.000124552492645394
18.12777777777699 -6.144620365681597e-05 0.0001385996283747458
18.13055555555477 -3.18287652359895e-05 0.000146669137400522
18.13333333333254 -1.508847608854145e-06 0.0001485532491282825
18.13611111111032 2.825021204980059e-05 0.0001443043395513222
18.1388888888881 5.623556239143189e-05 0.0001342270142118313
18.14166666666587 8.133398024022989e-05 0.0001188598774725646
18.14444444444365 0.0001025757486951579 9.894798914092498e-05
18.14722222222143 0.0001191715641302848 7.540737552224482e-05
18.1499999999992 0.0001305410979630724 4.92832616307573e-05
18.15277777777698 0.0001363322212920623 2.170391358116391e-05
18.15555555555476 0.0001364303148820149 -6.167882279463765e-06
18.15833333333253 0.0001309575152508556 -3.318362781909563e-05
18.16111111111031 0.0001202621714039705 -5.825617255497881e-05
18.16388888888808 0.0001048991883727155 -8.040311088808421e-05
18.16666666666586 8.560229683819492e-05 -9.878480430289734e-05
18.16944444444364 6.324959850749204e-05 -0.0001127355825932376
18.17222222222141 3.882398290951533e-05 -0.0001217869986678718
18.17499999999919 1.337018426078638e-05 -0.0001256823707371474
18.17777777777697 -1.204965830207678e-05 -0.0001243822275973155
18.18055555555474 -3.640005941142626e-05 -0.0001180606607140567
18.18333333333252 -5.871405162747703e-05 -0.0001070929644514752
18.1861111111103 -7.813117977643586e-05 -9.203529757655824e-05
18.18888888888807 -9.393015443591721e-05 -7.359741107861305e-05
18.19166666666585 -0.0001055549535924787 -5.260974742160129e-05
18.19444444444363 -0.0001126334649390447 -2.998641515551784e-05
18.1972222222214 -0.0001149880942760439 -6.685673720367754e-06
18.19999999999918 -0.0001126381133041202 1.633037728747668e-05
18.20277777777696 -0.0001057938678511036 3.813522266707881e-05
18.20555555555473 -9.484330076393108e-05 5.787487025082533e-05
18.20833333333251 -8.033154885845173e-05 7.48008499762292e-05
18.21111111111028 -6.293463854593082e-05 8.829802201481463e-05
18.21388888888806 -4.342852014460935e-05 9.790619105786668e-05
18.21666666666584 -2.265483890760845e-05 0.0001033348068856472
18.21944444444361 -1.484936530477603e-06 0.0001044703361845445
18.22222222222139 1.92163918327742e-05 0.0001013762039405416
18.22499999999917 3.862589266270371e-05 9.428551138413616e-05
18.22777777777694 5.599420221952311e-05 8.358702872846638e-05
18.23055555555472 7.067429707350908e-05 6.980522327223838e-05
18.2333333333325 8.214499202407418e-05 5.357530681789652e-05
18.23611111111027 9.002866388495961e-05 3.561446268888275e-05
18.23888888888805 9.410264010440994e-05 1.669053602194887e-05
18.24166666666583 9.430396713045758e-05 -2.410462060621916e-06
18.2444444444436 9.072755296112771e-05 -2.09166764009032e-05
18.24722222222138 8.361794979063444e-05 -3.810124267856249e-05
18.24999999999915 7.335529512115838e-05 -5.331042136526188e-05
18.25277777777693 6.043615332439587e-05 -6.59879631460036e-05
18.25555555555471 4.545018607748468e-05 -7.56948238248069e-05
18.25833333333248 2.905372282781129e-05 -8.212356292406553e-05
18.26111111111026 1.194139693499785e-05 -8.510699709499254e-05
18.26388888888804 -5.182942990922738e-06 -8.462092669643793e-05
18.26666666666581 -2.163484402083429e-05 -8.078100099144488e-05
18.26944444444359 -3.677623552808066e-05 -7.383402420767346e-05
18.27222222222137 -5.003974601493014e-05 -6.414422181678879e-05
18.27499999999914 -6.094944531783664e-05 -5.217517552255103e-05
18.27777777777692 -6.913728056350729e-05 -3.846828974615337e-05
18.2805555555547 -7.435467186145966e-05 -2.361876664416081e-05
18.28333333333247 -7.647894686364734e-05 -8.250137501718928e-06
18.28611111111025 -7.5514512787214e-05 7.011575792760222e-06
18.28888888888802 -7.158888109883368e-05 2.156301417003019e-05
18.2916666666658 -6.494386504171032e-05 3.484695569432419e-05
18.29444444444358 -5.592245555871914e-05 4.63732162501523e-05
18.29722222222135 -4.495204000315014e-05 5.573621470608743e-05
18.29999999999913 -3.252475472838481e-05 6.262859992938774e-05
18.30277777777691 -1.917585310954014e-05 6.685051556327669e-05
18.30555555555468 -5.46102228797827e-06 6.83142683772412e-05
18.30833333333246 8.066405862142395e-06 6.704435914490089e-05
18.31111111111024 2.087743055009943e-05 6.317302343484464e-05
18.31388888888801 3.248768849670893e-05 5.693160591026828e-05
18.31666666666579 4.247533017934423e-05 4.863824898036767e-05
18.31944444444357 5.049582803765217e-05 3.868250918936928e-05
18.32222222222134 5.629322336772151e-05 2.750761803084984e-05
18.32499999999912 5.97074782486875e-05 1.559117475153555e-05
18.32777777777689 6.067776651668579e-05 3.425095398588963e-06
18.33055555555467 5.924170645253767e-05 -8.504355430470914e-06
18.33333333333245 5.553070062744491e-05 -1.973565485835904e-05
18.33611111111022 4.976169887265966e-05 -2.984950087518968e-05
18.338888888888 4.222583295255193e-05 -3.848403672154419e-05
18.34166666666578 3.32744814975265e-05 -4.534728915131435e-05
18.34444444444355 2.330340745357918e-05 -5.022641895728715e-05
18.34722222222133 1.273566528315724e-05 -5.299352347953757e-05
18.34999999999911 2.004000214471098e-06 -5.360787764283877e-05
18.35277777777688 -8.466542959374467e-06 -5.211464627495058e-05
18.35555555555466 -1.827511741937117e-05 -4.8640240177536e-05
18.35833333333244 -2.706005369365073e-05 -4.338461626908455e-05
18.36111111111021 -3.451177884680315e-05 -3.661093338332957e-05
18.36388888888799 -4.038323468163224e-05 -2.863306611968899e-05
18.36666666666576 -4.449746935013169e-05 -1.980154660273252e-05
18.36944444444354 -4.675220081951322e-05 -1.048854626378765e-05
18.37222222222132 -4.71212782384976e-05 -1.072526042719491e-06
18.37499999999909 -4.565309315569604e-05 8.076825976105695e-06
18.37777777777687 -4.246611177428404e-05 1.661278420043042e-05
18.38055555555465 -3.774180746431505e-05 2.422437295538979e-05
18.38333333333242 -3.171536569178809e-05 3.064729704892862e-05
18.3861111111102 -2.466460821451532e-05 3.567265099043625e-05
18.38888888888798 -1.689763754210273e-05 3.915314368361945e-05
18.39166666666575 -8.739734876426327e-06 4.100668340497475e-05
18.39444444444353 -5.200545859102899e-07 4.121727799161965e-05
18.39722222222131 7.44135381747072e-06 3.983331292650157e-05
18.39999999999908 1.484569791709709e-05 3.696337122295498e-05
18.40277777777686 2.142632176355992e-05 3.276984989600782e-05
18.40555555555463 2.695793225541347e-05 2.746070514835504e-05
18.40833333333241 3.126387185633181e-05 2.127971964232913e-05
18.41111111111019 3.422122527482873e-05 1.449572856881238e-05
18.41388888888796 3.576364103257652e-05 7.391265635700975e-06
18.41666666666574 3.588184324940882e-05 2.510953544851147e-07
18.41944444444352 3.462190069227791e-05 -6.648915353845259e-06
18.42222222222129 3.208140564347115e-05 -1.305216391770062e-05
18.42499999999907 2.840379130100546e-05 -1.873054107999177e-05
18.42777777777685 2.377108058887471e-05 -2.349220507337303e-05
18.43055555555462 1.839540936788295e-05 -2.718765332716842e-05
18.4333333333324 1.250970168053246e-05 -2.971392035098628e-05
18.43611111111018 6.357893089489616e-06 -3.101681047625052e-05
18.43888888888795 1.851003041905234e-07 -3.109115457874809e-05
18.44166666666573 -5.771878292285331e-06 -2.997915756426103e-05
18.4444444444435 -1.129337472907432e-05 -2.776697532805391e-05
18.44722222222128 -1.618466063009097e-05 -2.45797234992567e-05
18.44999999999906 -2.028248965462123e-05 -2.057517339027048e-05
18.45277777777683 -2.346016927234124e-05 -1.5936431530827e-05
18.45555555555461 -2.563102340606369e-05 -1.0863926867752e-05
18.45833333333239 -2.675017567784479e-05 -5.56704361316544e-06
18.46111111111016 -2.681465114951187e-05 -2.55737853390125e-07
18.46388888888794 -2.586185988788292e-05 4.867537044675683e-06
18.46666666666572 -2.39665859566094e-05 9.615296409973697e-06
18.46944444444349 -2.12366583967728e-05 1.3821617669489e-05
18.47222222222127 -1.780752464241245e-05 1.734764187589542e-05
18.47499999999905 -1.383598029092579e-05 2.008581539594497e-05
18.47777777777682 -9.493331345479305e-06 2.196275951768523e-05
18.4805555555546 -4.958275577805656e-06 2.294071348544808e-05
18.48333333333238 -4.097886124081061e-07 2.301755390794974e-05
18.48611111111015 3.979711757723727e-06 2.222544838183403e-05
18.48888888888793 8.050671702649849e-06 2.062825149963323e-05
18.4916666666657 1.16619576017289e-05 1.831779540455187e-05
18.49444444444348 1.469548027374047e-05 1.540926327625122e-05
18.49722222222126 1.705974867746372e-05 1.203586151014193e-05
18.49999999999903 1.869226167130719e-05 8.34302420811938e-06
18.50277777777681 1.956069502614253e-05 4.482391653560435e-06
