16.5 2.059482286247897e-07 -6.699310450817283e-08
16.50277777777778 2.20079811677202e-07 -3.999850296888062e-08
16.50555555555555 2.307828759078211e-07 -1.039444441047013e-08
16.50833333333333 2.376100000061694e-07 2.140104832239497e-08
16.51111111111111 2.401618498765738e-07 5.489690952986011e-08
16.51388888888888 2.380986764910594e-07 8.953406349816111e-08
16.51666666666666 2.311513788766429e-07 1.24692214447114e-07
16.51944444444444 2.191318706099707e-07 1.596983746342451e-07
16.52222222222221 2.019424844444929e-07 1.93837073651677e-07
16.52499999999999 1.795841513341978e-07 2.26362152459574e-07
16.52777777777776 1.5216309749422e-07 2.565100054589912e-07
16.53055555555554 1.198958164995203e-07 2.83514093741964e-07
16.53333333333332 8.311209291256988e-08 3.066205134247998e-07
16.53611111111109 4.22558795579354e-08 3.251043655950184e-07
16.53888888888887 -2.116137781328185e-09 3.382866398087799e-07
16.54166666666665 -4.933841705375268e-08 3.455512922170728e-07
16.54444444444442 -9.86429640294439e-08 3.463621731926846e-07
16.5472222222222 -1.491683021918273e-07 3.40279438679599e-07
16.54999999999998 -1.999709950872589e-07 3.269750652202505e-07
16.55277777777775 -2.500396527274238e-07 3.062470814932086e-07
16.55555555555553 -2.983112962415823e-07 2.780321298660257e-07
16.55833333333331 -3.436898962915589e-07 2.424159804670064e-07
16.56111111111108 -3.850668419989618e-07 1.996416379843996e-07
16.56388888888886 -4.213430395281229e-07 1.501147080453574e-07
16.56666666666663 -4.514522843763742e-07 9.440572563618003e-08
16.56944444444441 -4.743855001837625e-07 3.324919246743465e-08
16.57222222222219 -4.892153908848925e-07 -3.246087690783137e-08
16.57499999999996 -4.951210136292303e-07 -1.016790395966056e-07
16.57777777777774 -4.914117484091536e-07 -1.732202109221178e-07
16.58055555555552 -4.775501179746797e-07 -2.457751503688364e-07
16.58333333333329 -4.531728994955653e-07 -3.179295652063813e-07
16.58611111111107 -4.181099685118904e-07 -3.881866674478645e-07
16.58888888888885 -3.724003267770432e-07 -4.549929351399397e-07
16.59166666666662 -3.163047892169086e-07 -5.167667439894156e-07
16.5944444444444 -2.503148417373902e-07 -5.719294518435366e-07
16.59722222222218 -1.751572310945276e-07 -6.189384384579275e-07
16.59999999999995 -9.179391028607732e-08 -6.563215282971314e-07
16.60277777777773 -1.417037440758866e-09 -6.827121567924653e-07
16.6055555555555 9.456118783397592e-08 -6.968845824987139e-07
16.60833333333328 1.945239703251169e-07 -6.977884008270884e-07
16.61111111111106 2.966706616892743e-07 -6.845815812642011e-07
16.61388888888883 3.990427013319606e-07 -6.566612308050186e-07
16.61666666666661 4.995545396509396e-07 -6.136912831311809e-07
16.61944444444439 5.960292066815465e-07 -5.556263269779322e-07
16.62222222222216 6.862380676500312e-07 -4.827308189804864e-07
16.62499999999994 7.679441873828477e-07 -3.955929765675222e-07
16.62777777777772 8.389486107067038e-07 -2.951327152813344e-07
16.63055555555549 8.971387587053372e-07 -1.826030819705374e-07
16.63333333333327 9.40538043825922e-07 -5.958473991454051e-08
16.63611111111105 9.67355723152729e-07 7.202681705664504e-08
16.63888888888882 9.76035941367465e-07 2.100415085459102e-07
16.6416666666666 9.653048655266269e-07 3.520024081374565e-07
16.64444444444437 9.342147850728774e-07 4.952208599450406e-07
16.64722222222215 8.821840444313654e-07 6.368186840008554e-07
16.64999999999993 8.090316937171756e-07 7.737770123276811e-07
16.6527777777777 7.1500578666085e-07 9.029911255968974e-07
16.65555555555548 6.008043245158201e-07 1.021330491123005e-06
16.65833333333326 4.675879405929744e-07 1.125703040450429e-06
16.66111111111103 3.169835417392558e-07 1.213122572968085e-06
16.66388888888881 1.510782695050745e-07 1.280778034850237e-06
16.66666666666659 -2.75966866987822e-08 1.32610330411092e-06
16.66944444444436 -2.160927017621786e-07 1.346846016480993e-06
16.67222222222214 -4.11080821263617e-07 1.341133896683644e-06
16.67499999999992 -6.088992080953825e-07 1.307537018700134e-06
16.67777777777769 -8.056105418688047e-07 1.24512440950224e-06
16.68055555555547 -9.970687441519417e-07 1.153513435699671e-06
16.68333333333324 -1.178994161932577e-06 1.032910473183985e-06
16.68611111111102 -1.347056105129734e-06 8.841414570450505e-07
16.6888888888888 -1.496961406968963e-06 7.086710429203394e-07
16.69166666666657 -1.624547464190724e-06 5.086092808430169e-07
16.69444444444435 -1.725878023001239e-06 2.867049070609234e-07
16.69722222222213 -1.797339811910307e-06 4.632459582067322e-08
16.6999999999999 -1.835737989385278e-06 -2.085822214771856e-07
16.70277777777768 -1.838388277496101e-06 -4.73533072185895e-07
16.70555555555546 -1.803203596777173e-06 -7.43576485725821e-07
16.70833333333323 -1.728773006163097e-06 -1.013369832359664e-06
16.71111111111101 -1.614430788016512e-06 -1.277270093236197e-06
16.71388888888879 -1.460313604057468e-06 -1.52943636424487e-06
16.71666666666656 -1.267403784555295e-06 -1.763942569180405e-06
16.71944444444434 -1.037557000475116e-06 -1.974898544633015e-06
16.72222222222211 -7.735128053361523e-07 -2.156577367569902e-06
16.72499999999989 -4.788868180303933e-07 -2.303546534628883e-06
16.72777777777767 -1.581436463590963e-07 -2.410800377214329e-06
16.73055555555544 1.834499811500891e-07 -2.473890915853865e-06
16.73333333333322 5.398920062252132e-07 -2.489054227545625e-06
16.736111111111 9.045314578115161e-07 -2.453329326970912e-06
16.73888888888877 1.270173751577419e-06 -2.364666551433025e-06
16.74166666666655 1.629203672155443e-06 -2.222022494152105e-06
16.74444444444433 1.973724381607254e-06 -2.025438653762444e-06
16.7472222222221 2.295710350884434e-06 -1.776101160809491e-06
16.74999999999988 2.587171684688428e-06 -1.476379204574722e-06
16.75277777777766 2.840326914995908e-06 -1.129840113835142e-06
16.75555555555543 3.047780985055652e-06 -7.412394399008466e-07
16.75833333333321 3.202704844400496e-06 -3.164848442792266e-07
16.76111111111098 3.299012835914463e-06 1.374268999073138e-07
16.76388888888876 3.331533887361149e-06 6.124999325038558e-07
16.76666666666654 3.296172429761388e-06 1.099855910776879e-06
16.76944444444431 3.190054960238495e-06 1.589876138170928e-06
16.77222222222209 3.01165825239827e-06 2.072367541002002e-06
16.77499999999987 2.760915396286392e-06 2.536750197774356e-06
16.77777777777764 2.43929612380446e-06 2.972263522758126e-06
16.78055555555542 2.049858243456914e-06 3.368187632625274e-06
16.7833333333332 1.597267467613171e-06 3.714075896869765e-06
16.78611111111097 1.087783460922883e-06 3.999994203900143e-06
16.78888888888875 5.292105628794877e-07 4.216762078806038e-06
16.79166666666653 -6.918766883409015e-08 4.35619047899473e-06
16.7944444444443 -6.968101962795031e-07 4.411310881896772e-06
16.79722222222208 -1.341875827161504e-06 4.376590175020985e-06
16.79999999999986 -1.991614611378531e-06 4.248125871208184e-06
16.80277777777763 -2.632490955102066e-06 4.023816307192845e-06
16.80555555555541 -3.250455269870587e-06 3.703500745348164e-06
16.80833333333318 -3.831220170066497e-06 3.289064687921652e-06
16.81111111111096 -4.360556472979431e-06 2.78450622843608e-06
16.81388888888874 -4.824603560744399e-06 2.195959901700204e-06
16.81666666666651 -5.210188052266581e-06 1.531675244254723e-06
16.81944444444429 -5.505144223849485e-06 8.01948130618463e-07
16.82222222222207 -5.698629226958848e-06 1.900389362629433e-08
16.82499999999984 -5.781425895486104e-06 -8.031677467485623e-07
16.82777777777762 -5.746225826206034e-06 -1.649024851406082e-06
16.8305555555554 -5.587885465283404e-06 -2.501730328970705e-06
16.83333333333317 -5.303648148114148e-06 -3.34345059029885e-06
16.83611111111095 -4.893325423582925e-06 -4.155691380873625e-06
16.83888888888873 -4.359431547404358e-06 -4.919665323127101e-06
16.8416666666665 -3.707265749295752e-06 -5.616684708679519e-06
16.84444444444428 -2.94493775776443e-06 -6.228572180998578e-06
16.84722222222205 -2.08333309318027e-06 -6.738081166764044e-06
16.84999999999983 -1.136015798837728e-06 -7.129317273793811e-06
16.85277777777761 -1.190675520457883e-07 -7.388151396253492e-06
16.85555555555538 9.491365402203931e-07 -7.502614973843296e-06
16.85833333333316 2.048213729671746e-06 -7.463267756804481e-06
16.86111111111094 3.156117805648521e-06 -7.263528545715054e-06
16.86388888888871 4.249537005046672e-06 -6.899959712469067e-06
16.86666666666649 5.30433955660419e-06 -6.372496870529465e-06
16.86944444444427 6.296059388918871e-06 -5.684615847424041e-06
16.87222222222204 7.200413255273743e-06 -4.843430114272332e-06
16.87499999999982 7.993839383515095e-06 -3.859713034475068e-06
16.8777777777776 8.654046778919775e-06 -2.747840689676666e-06
16.88055555555537 9.160563522752528e-06 -1.525652603802368e-06
16.88333333333315 9.495271847025906e-06 -2.1422938833812e-07
16.88611111111092 9.642917450938671e-06 1.162411857338953e-06
16.8888888888887 9.591580476485793e-06 2.577701673791606e-06
16.89166666666648 9.333095794329116e-06 4.002977264165695e-06
16.89444444444425 8.863410775304611e-06 5.408009870555636e-06
16.89722222222203 8.182869540561657e-06 6.761592107521404e-06
16.89999999999981 7.29641379052709e-06 8.032175098180677e-06
16.90277777777758 6.213691698907166e-06 9.188543642623959e-06
16.90555555555536 4.949068005193776e-06 1.020051621898058e-05
16.90833333333314 3.521530323132882e-06 1.103965541623753e-05
16.91111111111091 1.95448877199888e-06 1.167997346374725e-05
16.91388888888869 2.754682949807611e-07 1.209861688962565e-05
16.91666666666647 -1.484304588835135e-06 1.227651403847527e-05
16.91944444444424 -3.290416393754009e-06 1.219896923121739e-05
16.92222222222202 -5.105875950215952e-06 1.185618777247717e-05
16.92499999999979 -6.891809222006771e-06 1.124371681243577e-05
16.92777777777757 -8.608228156947289e-06 1.036278825050921e-05
16.93055555555535 -1.021485985560259e-05 9.220551419072731e-06
16.93333333333312 -1.167202033346492e-05 7.830185189182821e-06
16.9361111111109 -1.294151540428992e-05 6.210881370360178e-06
16.93888888888868 -1.398754977849382e-05 4.387693797568178e-06
16.94166666666645 -1.47776243985963e-05 2.391250266868195e-06
16.94444444444423 -1.528340136567359e-05 2.573274450642623e-07
16.94722222222201 -1.548151558111723e-05 -1.973708020518738e-06
16.94999999999978 -1.535431246291504e-05 -4.257585792834744e-06
16.95277777777756 -1.489049181178935e-05 -6.546935961310052e-06
16.95555555555534 -1.408563910613567e-05 -8.792198301952588e-06
16.95833333333311 -1.294262719110648e-05 -1.094262103864983e-05
16.96111111111089 -1.147187348038898e-05 -1.294733072044673e-05
16.96388888888866 -9.691440381368527e-06 -1.475645238049352e-05
16.96666666666644 -7.626969646649363e-06 -1.632225705534222e-05
16.96944444444422 -5.31144469659881e-06 -1.760031208437017e-05
16.97222222222199 -2.784778588534557e-06 -1.855060843534138e-05
16.97499999999977 -9.322915750916997e-08 -1.913863866372072e-05
16.97777777777755 2.711353156588653e-06 -1.933639904904427e-05
16.98055555555532 5.572435236937009e-06 -1.912328998972163e-05
16.9833333333331 8.429855405776032e-06 -1.848688989286477e-05
16.98611111111088 1.122100428417141e-05 -1.742357956979405e-05
16.98888888888865 1.38821112986203e-05 -1.593899652788829e-05
16.99166666666643 1.634961240615839e-05 -1.404830150770494e-05
16.99444444444421 1.856157168846828e-05 -1.177624310906153e-05
16.99722222222198 2.04591270430016e-05 -9.157010323614309e-06
16.99999999999976 2.198792835127383e-05 -6.233867174998732e-06
17.00277777777753 2.309953530146683e-05 -3.058568376784003e-06
17.00555555555531 2.37527415395025e-05 3.094401401687128e-07
17.00833333333309 2.391479206333757e-05 3.804026910839947e-06
17.01111111111086 2.356246178597147e-05 7.353572824595688e-06
17.01388888888864 2.268296498453703e-05 1.088234223039128e-05
17.01666666666642 2.127466791828917e-05 1.431200350705167e-05
17.01944444444419 1.934758021176497e-05 1.756327092501493e-05
17.02222222222197 1.692360461673284e-05 2.055763566200417e-05
17.02499999999975 1.403652942468836e-05 2.321915044168435e-05
17.02777777777752 1.073175302119224e-05 2.547622954325559e-05
17.0305555555553 7.065735755822348e-06 2.726342397558567e-05
17.03333333333308 3.10518033673996e-06 2.852313049752646e-05
17.03611111111085 -1.074051780039114e-06 2.920719296059824e-05
17.03888888888863 -5.388274184156664e-06 2.927835519308349e-05
17.0416666666664 -9.747539365347214e-06 2.871152635947709e-05
17.04444444444418 -1.405740640912905e-05 2.749482241717531e-05
17.04722222222196 -1.822088056807711e-05 2.563035093181919e-05
17.04999999999973 -2.214048749788034e-05 2.313471105884001e-05
17.05277777777751 -2.572044034456879e-05 2.003918588405939e-05
17.05555555555529 -2.886885404514187e-05 1.638961044947519e-05
17.05833333333306 -3.149995827699281e-05 1.224590556081601e-05
17.06111111111084 -3.353625856981356e-05 7.681274748387999e-06
17.06388888888862 -3.491059426117705e-05 2.781069384781694e-06
17.06666666666639 -3.55680422994686e-05 -2.358665212806286e-06
17.06944444444417 -3.54676174135944e-05 -7.632942024098707e-06
17.07222222222195 -3.45837218923755e-05 -1.292985456123204e-05
17.07499999999972 -3.290730213204321e-05 -1.813283341816682e-05
17.0777777777775 -3.04466741752542e-05 -2.312309466042423e-05
17.08055555555528 -2.722798660719476e-05 -2.778223150202769e-05
17.08333333333305 -2.329529629310458e-05 -3.199489552437273e-05
17.08611111111083 -1.871024040990355e-05 -3.565150954144892e-05
17.0888888888886 -1.355129688959611e-05 -3.865095124767318e-05
17.09166666666638 -7.912634578658558e-06 -4.090314511393521e-05
17.09444444444416 -1.902563931630967e-06 -4.233149971466597e-05
17.09722222222193 4.358391311916247e-06 -4.287512883540971e-05
17.09999999999971 1.073977149007211e-05 -4.24907973554466e-05
17.10277777777749 1.710376824805869e-05 -4.115453701957064e-05
17.10555555555526 2.330807382381444e-05 -3.886288276749538e-05
17.10833333333304 2.920893672625475e-05 -3.563368720409448e-05
17.11111111111082 3.466436128676485e-05 -3.150647895882444e-05
17.11388888888859 3.953738290621275e-05 -2.654233995481843e-05
17.11666666666637 4.369934653748907e-05 -2.082328681136275e-05
17.11944444444415 4.70331131890909e-05 -1.445115253466524e-05
17.12222222222192 4.943611813309491e-05 -7.545976080431975e-06
17.1249999999997 5.082320513750672e-05 -2.439190491521327e-07
17.12777777777747 5.112916346987305e-05 7.305259564411737e-06
17.13055555555525 5.031089864595872e-05 1.494112827764769e-05
17.13333333333303 4.834917389152076e-05 2.249585459371676e-05
17.1361111111108 4.524986697184594e-05 2.979776000006134e-05
17.13888888888858 4.10446963038031e-05 3.667508660782136e-05
17.14166666666636 3.579138093919719e-05 4.295989606488074e-05
17.14444444444413 2.957321089575123e-05 4.849201548005673e-05
17.14722222222191 2.249801717779942e-05 5.312294098254131e-05
17.14999999999969 1.469654440533201e-05 5.671960737234778e-05
17.15277777777746 6.320242960964427e-06 5.916793221652144e-05
17.15555555555524 -2.461488341805242e-06 6.037604478655393e-05
17.15833333333302 -1.14645642029002e-05 6.027711444679689e-05
17.16111111111079 -2.049392122491411e-05 5.883169946675895e-05
17.16388888888857 -2.934760217803511e-05 5.602954567048062e-05
17.16666666666634 -3.782113439191168e-05 5.189077472643837e-05
17.16944444444412 -4.571211087665679e-05 4.646641404532938e-05
17.1722222222219 -5.282487493775257e-05 3.983823396559831e-05
17.17499999999967 -5.897520327433422e-05 3.211787289634315e-05
17.17777777777745 -6.399487904231229e-05 2.344524704591737e-05
17.18055555555523 -6.773604528849496e-05 1.39862579456661e-05
17.183333333333 -7.007523062526451e-05 3.929827812955716e-06
17.18611111111078 -7.091694307234378e-05 -6.515690506435229e-06
17.18888888888856 -7.019673463352849e-05 -1.712666611645067e-05
17.19166666666633 -6.788364833400736e-05 -2.76688270518784e-05
17.19444444444411 -6.398197098468759e-05 -3.79022896543935e-05
17.19722222222189 -5.85322286713533e-05 -4.75868761570258e-05
17.19999999999966 -5.161137763589491e-05 -5.648760615905501e-05
17.20277777777744 -4.333216051662816e-05 -6.438023990738399e-05
17.20555555555521 -3.38416164897289e-05 -7.105674615595269e-05
17.20833333333299 -2.331875330184573e-05 -7.633056506655729e-05
17.21111111111077 -1.197140907717313e-05 -8.004153728423978e-05
17.21388888888854 -3.235165480490387e-08 -8.206037405736284e-05
17.21666666666632 1.224531740004502e-05 -8.229255008056469e-05
17.2194444444441 2.459336855198971e-05 -8.068151056172188e-05
17.22222222222187 3.673415727297975e-05 -7.721109671104617e-05
17.22499999999965 4.838672660402294e-05 -7.190710921488483e-05
17.22777777777743 5.927316887049621e-05 -6.483794700618956e-05
17.2305555555552 6.912510601704885e-05 -5.611427843209247e-05
17.23333333333298 7.769014093166697e-05 -4.588772333992846e-05
17.23611111111076 8.473812830878619e-05 -3.434854719555792e-05
17.23888888888853 9.006711324692269e-05 -2.172239161374576e-05
17.24166666666631 9.350878901021377e-05 -8.266089079460993e-06
17.24444444444408 9.493333223231454e-05 5.737367373350246e-06
17.24722222222186 9.425348426162599e-05 1.998460675638449e-05
17.24999999999964 9.142776119257453e-05 3.415830175155041e-05
17.25277777777741 8.646269217807777e-05 4.793409772085354e-05
17.25555555555519 7.941400556070792e-05 6.098790162788025e-05
17.25833333333297 7.038670480666019e-05 7.300337059592984e-05
17.26111111111074 5.953400071569826e-05 8.36794304541642e-05
17.26388888888852 4.705509238746222e-05 9.273764900185195e-05
17.2666666666663 3.319181637405128e-05 9.992928709869071e-05
17.26944444444407 1.822421071995929e-05 0.0001050418532262454
17.27222222222185 2.465067547275415e-06 0.0001079049939182682
17.27499999999963 -1.374642617929584e-05 0.0001083955633958435
17.2777777777774 -3.005183571518663e-05 0.0001064417307191885
17.28055555555518 -4.608126733582707e-05 0.0001020260015462272
17.28333333333295 -6.146163353377187e-05 9.518705382497881e-05
17.28611111111073 -7.582521341875982e-05 8.602031200971668e-05
17.28888888888851 -8.881831514325217e-05 7.467721216010511e-05
17.29166666666628 -0.0001001098394622031 6.136313996307088e-05
17.29444444444406 -0.0001093995403972 4.633405465073523e-05
17.29722222222184 -0.0001164257806163581 2.989184326568689e-05
17.29999999999961 -0.0001209725856547677 1.237848100904805e-05
17.30277777777739 -0.0001228758124682815 -5.830896264766479e-06
17.30555555555517 -0.0001220282638929096 -2.433587271840322e-05
17.30833333333294 -0.0001183836011203396 -4.271942550166276e-05
17.31111111111072 -0.0001119589309214504 -6.05572061170849e-05
17.3138888888885 -0.0001028359725750555 -7.742722701633023e-05
17.31666666666627 -9.11607407064299e-05 -9.291973534915565e-05
17.31944444444405 -7.714171383591487e-05 -0.0001066470456960402
17.32222222222182 -6.104649364175175e-05 -0.0001182530987121246
17.3249999999996 -4.319699593805035e-05 -0.0001274225131651402
17.32777777777738 -2.396325032444739e-05 -0.0001338889049759571
17.33055555555515 -3.755920497733891e-06 -0.0001374422585826665
17.33333333333293 1.698230953075166e-05 -0.0001379351530991398
17.33611111111071 3.778630744938294e-05 -0.0001352876680613019
17.33888888888848 5.817881985224e-05 -0.000129490820640705
17.34166666666626 7.768132860041508e-05 -0.0001206084175241932
17.34444444444404 9.582519215413398e-05 -0.0001087772395637133
17.34722222222181 0.0001121628149525716 -9.420551503613681e-05
17.34999999999959 0.0001262785810249071 -7.716967708409026e-05
17.35277777777737 0.0001377992872955695 -5.800944171770349e-05
17.35555555555514 0.0001464038176538046 -3.712128369304417e-05
17.35833333333292 0.0001518318108279192 -1.495042764872533e-05
17.3611111111107 0.0001538910932933679 8.018489904049018e-06
17.36388888888847 0.0001524636725698941 3.127189675385782e-05
17.36666666666625 0.0001475101158842838 5.42786767089722e-05
17.36944444444402 0.0001390721737052653 7.650222721421174e-05
17.3722222222218 0.0001272735463800656 9.741291156508119e-05
17.37499999999958 0.0001123187341766311 0.0001165006187852752
17.37777777777735 9.448995552453463e-05 0.0001332871351497051
17.38055555555513 7.414216412309337e-05 0.0001473380291758092
17.38333333333291 5.169624177528456e-05 0.0001582737568740274
17.38611111111068 2.763048919002228e-05 0.0001657797062023861
17.38888888888846 2.470580453975529e-06 0.0001696149188725914
17.39166666666624 -2.322181268366315e-05 0.0001696192536004226
17.39444444444401 -4.886148420719992e-05 0.0001657187871112489
17.39722222222179 -7.385297109019897e-05 0.000157929287054015
17.39999999999957 -9.760434519250821e-05 0.0001463576336546281
17.40277777777734 -0.0001195412018632305 0.0001312011135212042
17.40555555555512 -0.0001391205158638528 0.0001127445584542626
17.40833333333289 -0.0001558440314966594 9.135535327082238e-05
17.41111111111067 -0.0001692708580579928 6.747638832247139e-05
17.41388888888845 -0.000179028954019544 4.161708331856769e-05
17.41666666666622 -0.0001848252035348426 1.434265800821728e-05
17.419444444444 -0.0001864538166565378 -1.37381290090121e-05
17.42222222222178 -0.0001838028195152671 -4.1986510765481e-05
17.42499999999955 -0.0001768584419511029 -6.974821332455596e-05
17.42777777777733 -0.000165707256832981 -9.636860040784276e-05
17.43055555555511 -0.0001505359765233168 -0.000121208111608186
17.43333333333288 -0.0001316288664880831 -0.0001436576306081034
17.43611111111066 -0.0001093627926533904 -0.00016315341443035
17.43888888888844 -8.419997642905493e-05 -0.0001791912181893026
17.44166666666621 -5.667858796998566e-05 -0.0001913392621897685
17.44444444444399 -2.740136283747249e-05 -0.000199249709403072
17.44722222222176 2.977521630497587e-06 -0.0002026683510045229
17.44999999999954 3.376702752930441e-05 -0.0002014422352141387
17.45277777777732 6.425497206312423e-05 -0.0001955250193891329
17.45555555555509 9.372452123313354e-05 -0.000184979876208456
17.45833333333287 0.0001214710798046262 -0.0001699798407480311
17.46111111111065 0.0001468191793321223 -0.0001508055449926873
17.46388888888842 0.0001691389589190977 -0.000127840348480952
17.4666666666662 0.0001878618360179805 -0.0001015629368480843
17.46944444444398 0.0002024949770389482 -7.253752250685349e-05
17.47222222222175 0.0002126341997325637 -4.140184202528951e-05
17.47499999999953 0.0002179749708513913 -8.853201427390443e-06
17.47777777777731 0.0002183212028931745 2.43671278136895e-05
17.48055555555508 0.0002135916019423178 5.749081424594201e-05
17.48333333333286 0.0002038233737214331 8.974028814499851e-05
17.48611111111063 0.0001891731557071286 0.0001203470656018715
17.48888888888841 0.0001699151081653518 0.0001485701420946555
17.49166666666619 0.0001464361646954649 0.0001737140138587947
17.49444444444396 0.0001192285117303645 0.000195145887192046
17.49722222222174 8.88794347419624e-05 0.0002123116484290662
17.49999999999952 5.605873496310123e-05 0.000224750190549512
17.50277777777729 2.150398260442003e-05 0.0002321057258535323
17.50555555555507 -1.399607078941764e-05 0.0002341377572054423
17.50833333333285 -4.961954850621801e-05 0.000230728432096799
17.51111111111062 -8.453055963315078e-05 0.0002218870630906749
17.5138888888884 -0.0001178989191939234 0.0002077516637398002
17.51666666666618 -0.0001489200103021116 0.0001885874193096991
17.51944444444395 -0.0001768343107674768 0.0001647820849274336
17.52222222222173 -0.0002009461076933698 0.0001368383783629979
17.5249999999995 -0.0002206409363888123 0.000105363508716838
17.52777777777728 -0.0002354013042471478 7.105605399731738e-05
17.53055555555506 -0.0002448202956880776 3.469046812170599e-05
17.53333333333283 -0.0002486127001105618 -2.900440445546499e-06
17.53611111111061 -0.0002466233601034449 -4.084466204387035e-05
17.53888888888839 -0.000238832500656549 -7.825132953464285e-05
17.54166666666616 -0.0002253578703865696 -0.0001142317757208263
17.54444444444394 -0.0002064536011843229 -0.0001479208039575975
17.54722222222172 -0.0001825057714259801 -0.000178497659532387
17.54999999999949 -0.0001540247380673614 -0.0002052061899091605
17.55277777777727 -0.0001216343825993046 -0.0002273736950091749
17.55555555555505 -8.605849301179351e-05 -0.0002444279942009742
17.55833333333282 -4.810457664345031e-05 -0.0002559122741408352
17.5611111111106 -8.645465233911745e-06 -0.0002614973302637136
17.56388888888837 3.140086807888717e-05 -0.0002609908735299065
17.56666666666615 7.109281122920648e-05 -0.0002543436416636501
17.56944444444393 0.0001094874286252586 -0.0002416521290121676
17.5722222222217 0.0001456630569818339 -0.0002231578295551221
17.57499999999948 0.0001787416359079695 -0.0001992429715777794
17.57777777777726 0.0002079102276508 -0.0001704228080585009
17.58055555555503 0.0002324411939151188 -0.0001373346118112197
17.58333333333281 0.0002517105244608015 -0.0001007236067428635
17.58611111111059 0.0002652138517035937 -6.142614418949626e-05
17.58888888888836 0.0002725797370216135 -2.035050416489362e-05
17.59166666666614 0.0002735798767271089 2.154423631114262e-05
17.59444444444392 0.0002681359473063662 6.327077350962371e-05
17.59722222222169 0.0002563228888802546 0.0001038370510941014
17.59999999999947 0.0002383685110163732 0.0001422700754318989
17.60277777777724 0.0002146493939816771 0.0001776394953187262
17.60555555555502 0.0001856831490887137 0.0002090803692123115
17.6083333333328 0.0001521171917444406 0.0002358145571784477
17.61111111111057 0.0001147142678884364 0.0002571702029335468
17.61388888888835 7.433505654338841e-05 0.0002725988130098428
17.61666666666613 3.191824608164963e-05 0.0002816894943245944
17.6194444444439 -1.154145239225659e-05 0.000284179977063055
17.62222222222168 -5.501683615683069e-05 0.0002799641252724267
17.62499999999946 -9.747272540234077e-05 0.0002690957211353864
17.62777777777723 -0.0001378908708689809 0.0002517883985446176
17.63055555555501 -0.0001752946493964416 0.0002284116951603709
17.63333333333279 -0.0002087729421315467 0.0001994832873129215
17.63611111111056 -0.0002375026050690699 0.0001656575665522935
17.63888888888834 -0.000260768971272463 0.0001277108079906948
17.64166666666612 -0.000277983867934558 8.652326652550678e-05
17.64444444444389 -0.0002887006884288539 4.305861537909225e-05
17.64722222222167 -0.0002926261283613535 -1.658789866811062e-06
17.64999999999944 -0.0002896282737527933 -4.656828124536037e-05
17.65277777777722 -0.0002797408169647009 -9.059829748445982e-05
17.655555555555 -0.000263163269730369 -0.0001326922370653815
17.65833333333277 -0.0002402571403618888 -0.000171834114903559
17.66111111111055 -0.0002115381414828283 -0.000207073392601742
17.66388888888833 -0.0001776645930001116 -0.0002375483681777289
17.6666666666661 -0.0001394222800332679 -0.0002625075424604991
17.66944444444388 -9.770611475079645e-05 -0.0002813284253532428
17.67222222222166 -5.349903225262829e-05 -0.0002935333048151759
17.67499999999943 -7.848621704122399e-06 -0.0002988015733271551
17.67777777777721 3.815794699280003e-05 -0.0002969782890763187
17.68055555555499 8.342009514756149e-05 -0.0002880787401245249
17.68333333333276 0.0001268504692445013 -0.0002722888772041721
17.68611111111054 0.0001674013851641477 -0.0002499615821092787
17.68888888888831 0.000204090431896414 -0.0002216088414188721
17.69166666666609 0.0002360246011587817 -0.0001878899969306126
17.69444444444387 0.0002624223423733586 -0.0001495963421568773
17.69722222222164 0.0002826329906535603 -0.0001076324260428374
17.69999999999942 0.0002961530776399484 -6.299450840944501e-05
17.7027777777772 0.0003026391097836912 -1.674668431202791e-05
17.70555555555497 0.0003019164841473661 3.000474528641157e-05
17.70833333333275 0.0002939843059329658 7.613803301680077e-05
17.71111111111053 0.0002790159724202529 0.0001205432204814526
17.7138888888883 0.0002573554923212176 0.0001621491805676706
17.71666666666608 0.0002295096151334519 0.0001999497997516611
17.71944444444386 0.0001961359492606042 0.0002330286520722914
17.72222222222163 0.0001580273478382396 0.0002605815513456325
17.72499999999941 0.0001160929348298739 0.0002819364185285253
17.72777777777718 7.13362286589803e-05 0.0002965699657389729
17.73055555555496 2.483089423875698e-05 0.0003041207757399769
17.73333333333274 -2.230528510575762e-05 0.0003043984437840012
17.73611111111051 -6.893757828749143e-05 0.0002973885454552203
17.73888888888829 -0.0001139419518503358 0.0002832532971081326
17.74166666666607 -0.0001562325085965105 0.0002623278821378829
17.74444444444384 -0.0001947880412488888 0.0002351125239476025
17.74722222222162 -0.0002286770432218981 0.0002022604924057396
17.7499999999994 -0.000257080555373176 0.0001645623321331841
17.75277777777717 -0.000279312280033282 0.0001229266955616581
17.75555555555495 -0.000294835460400593 7.835824896272347e-05
17.75833333333273 -0.0003032761029058816 3.193319336831852e-05
17.7611111111105 -0.0003044322104007313 -1.52269973556873e-05
17.76388888888828 -0.0002982787927945853 -6.198297367182785e-05
17.76666666666605 -0.0002849685265521385 -0.0001072053659221178
17.76944444444383 -0.0002648280426613875 -0.0001498024091033914
17.77222222222161 -0.0002383499315597367 -0.0001887466526383182
17.77499999999938 -0.0002061806603214453 -0.0002231000930029902
17.77777777777716 -0.0001691046994629902 -0.0002520371057985452
17.78055555555494 -0.0001280252514370843 -0.000274864608252996
17.78333333333271 -8.394205785289813e-05 -0.0002910389518723047
17.78611111111049 -3.7926835531402e-05 -0.000300179126296994
17.78888888888827 8.903049184099684e-06 -0.0003020759473305174
17.79166666666604 5.541201439687442e-05 -0.0002966970022727591
17.79444444444382 0.0001004741237873948 -0.000284187231592961
17.7972222222216 0.0001430006832351606 -0.0002648651349401638
17.79999999999937 0.0001819668880850523 -0.0002392146987615001
17.80277777777715 0.0002164368602410125 -0.0002078732496199249
17.80555555555492 0.0002455864549058419 -0.0001716155389686298
17.8083333333327 0.0002687232729934895 -0.0001313344590828846
17.81111111111048 0.0002853033856043239 -8.801887368963854e-05
17.81388888888825 0.0002949443596793586 -4.272911846173911e-05
17.81666666666603 0.0002974342669491606 3.429215861717746e-06
17.81944444444381 0.0002927364591951866 4.933256284080801e-05
17.82222222222158 0.0002809899990955815 9.386704170862813e-05
17.82499999999936 0.0002625057448293428 0.0001359558118429819
17.82777777777714 0.0002377581954083666 0.0001745854403579911
17.83055555555491 0.0002073733096346412 0.0002088306288755074
17.83333333333269 0.0001721126119620317 0.0002378766880090365
17.83611111111047 0.0001328539908424573 0.0002610392058876721
17.83888888888824 9.056967702604604e-05 0.0002777804286843484
17.84166666666602 4.630195870994656e-05 0.0002877219547408833
17.84444444444379 1.137245649401459e-06 0.0002906534373649143
17.84722222222157 -4.382086600826141e-05 0.0002865370923121514
17.84999999999935 -8.747885330659683e-05 0.0002755079117884843
17.85277777777712 -0.0001287801696104115 0.0002578695948088883
17.8555555555549 -0.0001667311216078879 0.0002340863111888056
17.85833333333268 -0.000200425078568935 0.0002047705205919233
17.86111111111045 -0.0002290644164199988 0.0001706671662765664
17.86388888888823 -0.0002519796583002029 0.0001326346530041487
17.86666666666601 -0.000268645345770207 9.162309772427033e-05
17.86944444444378 -0.0002786922588423829 4.865040817766786e-05
17.87222222222156 -0.0002819156963351543 4.776796791701619e-06
17.87499999999934 -0.0002782796283039985 -3.892162607733073e-05
17.87777777777711 -0.0002679166368995922 -8.137951525858671e-05
17.88055555555489 -0.0002511236682680763 -0.0001215685425826321
17.88333333333266 -0.0002283537233325311 -0.0001585225832860004
17.88611111111044 -0.0002002037168004019 -0.0001913612129247932
17.88888888888822 -0.0001673988289676374 -0.0002193109363926786
17.89166666666599 -0.000130773761434304 -0.0002417236307381572
17.89444444444377 -9.12513835523594e-05 -0.0002580917563879656
17.89722222222155 -4.981931940674953e-05 -0.0002680599752019693
17.89999999999932 -7.505073863152801e-06 -0.0002714329063070616
17.9027777777771 3.464967049295764e-05 -0.0002681788494960936
17.90555555555488 7.561493659358962e-05 -0.0002584294085681745
17.90833333333265 0.0001143978668175733 -0.000242475050700777
17.91111111111043 0.0001500670340276929 -0.0002207567401299315
17.91388888888821 0.0001817750480149247 -0.0001938538824715821
17.91666666666598 0.0002087789025749121 -0.0001624689074756275
17.91944444444376 0.0002304575691539366 -0.0001274089005614194
17.92222222222154 0.0002463264158421513 -8.956476509743401e-05
17.92499999999931 0.0002560481135415577 -4.988845628882281e-05
17.92777777777709 0.0002594397821964304 -9.368872316895677e-06
17.93055555555486 0.0002564762266777589 3.099298203144838e-05
17.93333333333264 0.0002472892117443045 7.020893023657319e-05
17.93611111111042 0.0002321628258948107 0.0001073280307240199
17.93888888888819 0.0002115250823081513 0.0001414598468549626
17.94166666666597 0.0001859359989392341 0.000171796005272076
17.94444444444375 0.0001560724868391157 0.0001976295155181607
17.94722222222152 0.0001227104537144789 0.0002183713847534424
17.9499999999993 8.670459672227305e-05 0.0002335641336570124
17.95277777777708 4.896641287547381e-05 0.0002428919012899161
17.95555555555485 1.044099592669414e-05 0.0002461869156494717
17.95833333333263 -2.791678572612482e-05 0.0002434322005233682
17.96111111111041 -6.516612523505526e-05 0.0002347604856143525
17.96388888888818 -0.0001004035278749324 0.0002204493832661347
17.96666666666596 -0.0001327848966367397 0.0002009129890114759
17.96944444444373 -0.0001615459084242266 0.0001766901521990962
17.97222222222151 -0.0001860201849054878 0.0001484297449053036
17.97499999999929 -0.0002056548227278577 0.0001168733301564676
17.97777777777706 -0.000220022918963365 8.283569240864553e-05
17.98055555555484 -0.0002288328074114652 4.718374274757912e-05
17.98333333333262 -0.0002319338075992322 1.081434725982668e-05
17.98611111111039 -0.0002293183787353801 -2.53683513379685e-05
17.98888888888817 -0.0002211206631176732 -6.047554182830462e-05
17.99166666666595 -0.0002076114951907022 -9.365571328846171e-05
17.99444444444372 -0.0001891900412501293 -0.0001241154377832648
17.9972222222215 -0.0001663723184442931 -0.0001511384562169312
17.99999999999928 -0.0001397769181428772 -0.0001741026052820452
18.00277777777705 -0.0001101083260330125 -0.0001924941833881811
18.00555555555483 -7.813828784754298e-05 -0.0002059194229918491
18.0083333333326 -4.468571408060347e-05 -0.0002141128140125242
18.01111111111038 -1.059564839763184e-05 -0.0002169421059253599
18.01388888888816 2.32821579520685e-05 -0.0002144099024806494
18.01666666666593 5.611451987516042e-05 -0.000206651850560757
18.01944444444371 8.710540492351967e-05 -0.0001939315111771586
18.02222222222149 0.0001155153211322278 -0.0001766320838271514
18.02499999999926 0.0001406790315845556 -0.0001552452332708922
18.02777777777704 0.0001620211695501773 -0.0001303573383147766
18.03055555555482 0.0001790693868028707 -0.0001026335436749781
18.03333333333259 0.0001914647351496186 -7.280004696947602e-05
18.03611111111037 0.0001989690554460021 -4.162509217167664e-05
18.03888888888815 0.0002014692274450696 -9.899167580336616e-06
18.04166666666592 0.0001989782156261799 2.158507999925e-05
18.0444444444437 0.0001916329285433772 5.205270280576363e-05
18.04722222222147 0.0001796889900862914 8.07655820905647e-05
18.04999999999925 0.0001635125983012642 0.0001070403565496348
18.05277777777703 0.0001435697191353257 0.0001302647124097985
18.0555555555548 0.0001204129268643839 0.0001499116461910872
18.05833333333258 9.46662584937161e-05 0.0001655513682936217
18.06111111111036 6.700849476067811e-05 0.0001768605803919511
18.06388888888813 3.81553145002771e-05 0.0001836289303797071
18.06666666666591 8.840791327421511e-06 0.0001857625233890089
18.06944444444369 -2.020128855049315e-05 0.0001832844442255635
18.07222222222146 -4.825581114331893e-05 0.0001763323234071207
18.07499999999924 -7.464396059637092e-05 0.0001651530538819471
18.07777777777702 -9.873965105382238e-05 0.0001500948365379328
18.08055555555479 -0.0001199843664254649 0.0001315967980115725
18.08333333333257 -0.0001379000567796865 0.000110176482469264
18.08611111111034 -0.0001520997951523035 8.641556856646601e-05
18.08888888888812 -0.0001622959603783956 6.094420254492324e-05
18.0916666666659 -0.0001683057784227194 3.442436753129456e-05
18.09444444444367 -0.0001700541248041597 7.532726959062664e-06
18.09722222222145 -0.0001675735622148804 -1.905661363116216e-05
18.09999999999923 -0.0001610016584597838 -4.468898733696586e-05
18.102777777777 -0.0001505756985595793 -6.874526647619306e-05
18.10555555555478 -0.0001366249695307785 -9.06567872670798e-05
18.10833333333256 -0.0001195608553764779 -0.0001099187395467779
18.11111111111033 -9.986503175422678e-05 -0.0001261017077793456
18.11388888888811 -7.807609341322999e-05 -0.0001388611022080041
18.11666666666589 -5.477498181403149e-05 -0.0001479442774418916
18.11944444444366 -3.056960463763573e-05 -0.0001531951984118345
18.12222222222144 -6.079052687752642e-06 -0.0001545565788021072
18.12499999999921 1.808217717298817e-05 -0.0001520694830288137
18.12777777777699 4.131955185329941e-05 -0.0001458704478778859
18.13055555555477 6.307308105080574e-05 -0.0001361862423632409
18.13333333333254 8.283074906253724e-05 -0.0001233264426528848
18.13611111111032 0.000100140478860083 -0.000107674051599609
18.1388888888881 0.0001146203513694354 -8.967443823995196e-05
18.14166666666587 0.0001259668527031649 -6.98229105277797e-05
18.14444444444365 0.0001339609768367044 -4.865126370774699e-05
18.14722222222143 0.0001384720693923254 -2.671366651394862e-05
18.1499999999992 0.0001394593582233224 -4.572257463134143e-06
18.15277777777698 0.0001369711767900992 1.721717618838394e-05
18.15555555555476 0.0001311419453187082 3.811907355437721e-05
18.15833333333253 0.0001221870309292991 5.76311845149553e-05
18.16111111111031 0.0001103956599115836 7.529654563284711e-05
18.16388888888808 9.612210184039578e-05 9.071406450777409e-05
18.16666666666586 7.977538516684005e-05 0.0001035474707881292
18.16944444444364 6.180783637910561e-05 0.0001135324387835008
18.17222222222141 4.270275910949439e-05 0.000120481737445652
18.17499999999919 2.296158519865825e-05 0.0001242883170150835
18.17777777777697 3.090836484279165e-06 0.0001249262964195074
18.18055555555474 -1.641076604445625e-05 0.0001224498701151989
18.18333333333252 -3.506471984819191e-05 0.0001169902060665199
18.1861111111103 -5.242437827717219e-05 0.0001087504566221003
18.18888888888807 -6.80855274130454e-05 9.799904992762458e-05
18.19166666666585 -8.169565505325686e-05 8.506147010894113e-05
18.19444444444363 -9.296170343422946e-05 7.03107688242737e-05
18.1972222222214 -0.0001016561407111722 5.415707815273935e-05
18.19999999999918 -0.0001076212329629864 3.703641460224997e-05
18.20277777777696 -0.0001107714472969078 1.939907591904437e-05
18.20555555555473 -0.0001110939661678164 1.697936233023648e-06
18.20833333333251 -0.0001086473420053448 -1.562305905825764e-05
18.21111111111028 -0.0001035583683932001 -3.213990909094032e-05
18.21388888888806 -9.601728818590222e-05 -4.745881350008273e-05
18.21666666666584 -8.627149899577724e-05 -6.122542364937374e-05
18.21944444444361 -7.461795148678848e-05 -7.313287560958193e-05
18.22222222222139 -6.139446507525397e-05 -8.292842756611513e-05
18.22499999999917 -4.697020832787746e-05 -9.041856430288291e-05
18.22777777777694 -3.173560712874982e-05 -9.5472474012272e-05
18.23055555555472 -1.609195229460439e-05 -9.80238467632741e-05
18.2333333333325 -4.409797014271321e-07 -9.807098833074891e-05
18.23611111111027 1.482530973262698e-05 -9.567528659408617e-05
18.23888888888805 2.933433536523113e-05 -9.0958109237166e-05
18.24166666666583 4.27418914117197e-05 -8.409624999033478e-05
18.2444444444436 5.474015922441022e-05 -7.531607521678591e-05
18.24722222222138 6.506459507009267e-05 -6.4886552452759e-05
18.24999999999915 7.349954458567959e-05 -5.311136690155612e-05
18.25277777777693 7.988247152391385e-05 -4.03203503461876e-05
18.25555555555471 8.410672685710796e-05 -2.686045914965656e-05
18.25833333333248 8.612282374173021e-05 -1.308654378547307e-05
18.26111111111026 8.59382232062885e-05 6.478483097019597e-07
18.26388888888804 8.361567368589337e-05 1.399940166811693e-05
18.26666666666581 7.927018372002466e-05 2.664347143258898e-05
18.26944444444359 7.306474036185506e-05 3.828182788440074e-05
18.27222222222137 6.520491532634241e-05 4.864952611284754e-05
18.27499999999914 5.593252595434434e-05 5.752074726329243e-05
18.27777777777692 4.551853815154259e-05 6.471348827143917e-05
18.2805555555547 3.425541317257388e-05 7.009300987825331e-05
18.28333333333247 2.244910921955516e-05 7.357398709746772e-05
18.28611111111025 1.041095221350238e-05 7.512134124598747e-05
18.28888888888802 -1.550412164723248e-06 7.474976721836227e-05
18.2916666666658 -1.313678077070183e-05 7.252200299702564e-05
18.29444444444358 -2.406767804588879e-05 6.85459196056173e-05
18.29722222222135 -3.408698967617531e-05 6.297053807157921e-05
18.29999999999913 -4.296879221422204e-05 5.598110480249481e-05
18.30277777777691 -5.052225090548115e-05 4.779337754331836e-05
18.30555555555468 -5.659548549350787e-05 3.864729033323906e-05
18.30833333333246 -6.107833317089937e-05 2.880017732146583e-05
18.31111111111024 -6.390396827698942e-05 1.851974175649288e-05
18.31388888888801 -6.504936899289826e-05 8.076957905489857e-06
18.31666666666579 -6.453465134727667e-05 -2.26090981818985e-06
18.31944444444357 -6.242131954897287e-05 -1.223699440870979e-05
18.32222222222134 -5.880950829586988e-05 -2.161105691208399e-05
18.32499999999912 -5.383431663220199e-05 -3.016511298991322e-05
18.32777777777689 -4.766135359002362e-05 -3.770832801795398e-05
18.33055555555467 -4.048163280632997e-05 -4.408107587196452e-05
18.33333333333245 -3.250596621378758e-05 -4.91580811807304e-05
18.33611111111022 -2.395901554126423e-05 -5.285059083382765e-05
18.338888888888 -1.50731646204167e-05 -5.510754720769017e-05
18.34166666666578 -6.082375395218146e-06 -5.591576219505364e-05
18.34444444444355 2.783813804069864e-06 -5.52991169995031e-05
18.34722222222133 1.130599749464001e-05 -5.331683713079866e-05
18.34999999999911 1.928018155307558e-05 -5.006091450932172e-05
18.35277777777688 2.652250801926484e-05 -4.565276852956659e-05
18.35555555555466 3.287332120001924e-05 -4.023925489494749e-05
18.35833333333244 3.820049027203745e-05 -3.398814466391111e-05
18.36111111111021 4.240192538283369e-05 -2.708320598078907e-05
18.36388888888799 4.540724703249803e-05 -1.971902725024653e-05
18.36666666666576 4.717859166628967e-05 -1.209572299664636e-05
18.36944444444354 4.771055929869032e-05 -4.413662379686618e-06
18.37222222222132 4.702933103317332e-05 3.131644538324699e-06
18.37499999999909 4.519100498692694e-05 1.035437592530329e-05
18.37777777777687 4.227921787749374e-05 1.708282716014742e-05
18.38055555555465 3.840213594620247e-05 2.316333806955793e-05
18.38333333333242 3.368891262263633e-05 2.846363300201666e-05
18.3861111111102 2.82857210984809e-05 3.28755062166343e-05
18.38888888888798 2.235147758789303e-05 3.631680416077859e-05
18.39166666666575 1.60533754040125e-05 3.873267596905616e-05
18.39444444444353 9.562351065070944e-06 4.009608339874503e-05
18.39722222222131 3.048601533455312e-06 4.040758089798989e-05
18.39999999999908 -3.322733457152751e-06 3.969439508525598e-05
18.40277777777686 -9.395617986397006e-06 3.80088501427783e-05
18.40555555555463 -1.502679990593172e-05 3.542620108506479e-05
18.40833333333241 -2.008904125251094e-05 3.204195020688001e-05
18.41111111111019 -2.447383056568006e-05 2.796873296189238e-05
18.41388888888796 -2.809352425144291e-05 2.333286786355406e-05
18.41666666666574 -3.088288068955665e-05 1.827067059981102e-05
18.41944444444352 -3.279996774198047e-05 1.292463535476313e-05
18.42222222222129 -3.382644122409923e-05 7.43958635328798e-06
18.42499999999907 -3.396720830892659e-05 1.958899976599398e-06
18.42777777777685 -3.324950533101179e-05 -3.379107399182219e-06
18.43055555555462 -3.172143366701723e-05 -8.444538196924316e-06
18.4333333333324 -2.945000996230522e-05 -1.311894096262336e-05
18.43611111111018 -2.651879767180682e-05 -1.729793937724368e-05
18.43888888888795 -2.302519547165958e-05 -2.089340873706554e-05
18.44166666666573 -1.907746442096625e-05 -2.383515929358373e-05
18.4444444444435 -1.479157972222934e-05 -2.60721000489217e-05
18.44722222222128 -1.02879945194696e-05 -2.757287101080502e-05
18.44999999999906 -5.688402425475775e-06 -2.832594613557247e-05
18.45277777777683 -1.112582482626559e-06 -2.833922286236858e-05
18.45555555555461 3.324594807169448e-06 -2.763912692539673e-05
18.45833333333239 7.515928695522767e-06 -2.626927271985775e-05
18.46111111111016 1.136435353231558e-05 -2.428872962738524e-05
18.46388888888794 1.478505505546948e-05 -2.176995316367295e-05
18.46666666666572 1.770719540293625e-05 -1.879644643089309e-05
18.46944444444349 2.007521630304415e-05 -1.546022203102987e-05
18.47222222222127 2.184970196033373e-05 -1.185913727001401e-05
18.47499999999905 2.300779526778144e-05 -8.094176156145886e-06
18.47777777777682 2.354317282096418e-05 -4.266750424965901e-06
18.4805555555546 2.346559548507513e-05 -4.760887078109946e-07
18.48333333333238 2.280006169467206e-05 3.183221847653665e-06
18.48611111111015 2.158560000559886e-05 6.623483512957813e-06
18.48888888888793 1.987374546233555e-05 9.765875080824288e-06
18.4916666666657 1.772675092773982e-05 1.254213638633466e-05
18.49444444444348 1.521558952605929e-05 1.489591791623446e-05
18.49722222222126 1.241780770037758e-05 1.678377309027932e-05
18.49999999999903 9.415290055117884e-06 1.817578093243545e-05
18.50277777777681 6.291997161207184e-06 1.905579692810107e-05
