16.5 -2.02455175076758e-07 -7.690676829753581e-08
16.50277777777778 -1.858791706751724e-07 -1.244344713362594e-07
16.50555555555555 -1.581183877335468e-07 -1.684261136149346e-07
16.50833333333333 -1.19917076400117e-07 -2.062435738632304e-07
16.51111111111111 -7.264303794758879e-08 -2.35402578256511e-07
16.51388888888888 -1.825660896308905e-08 -2.537203667474406e-07
16.51666666666666 4.075538478170237e-08 -2.59457331581888e-07
16.51944444444444 1.014795992307983e-07 -2.514443050017263e-07
16.52222222222221 1.607069819669703e-07 -2.291873558740268e-07
16.52499999999999 2.150893789870381e-07 -1.92942609403744e-07
16.52777777777776 2.613150759499039e-07 -1.437547293862125e-07
16.53055555555554 2.962948410190565e-07 -8.345427101057098e-08
16.53333333333332 3.173488236982657e-07 -1.461106904105906e-08
16.53611111111109 3.223839052176405e-07 5.955691011778168e-08
16.53888888888887 3.100508686887878e-07 1.353173585965703e-07
16.54166666666665 2.798711147144624e-07 2.085956233930691e-07
16.54444444444442 2.323236143734502e-07 2.751779925352495e-07
16.5472222222222 1.688843575081397e-07 3.309370824733278e-07
16.54999999999998 9.201267596018332e-08 3.720682190333137e-07
16.55277777777775 5.081419571421952e-09 3.953242745320578e-07
16.55555555555553 -8.774907530383602e-08 3.982356017315546e-07
16.55833333333331 -1.817101014706227e-07 3.793015837328109e-07
16.56111111111108 -2.716504180022304e-07 3.381409570332482e-07
16.56388888888886 -3.522993321741085e-07 2.755894828907979e-07
16.56666666666663 -4.185547493847873e-07 1.937357165547391e-07
16.56944444444441 -4.657816117121154e-07 9.588848614510036e-08
16.57222222222219 -4.901045102628315e-07 -1.352687060312416e-08
16.57499999999996 -4.886774314261648e-07 -1.291426081711633e-07
16.57777777777774 -4.599136898826999e-07 -2.44888027075486e-07
16.58055555555552 -4.03660173946269e-07 -3.542852010543519e-07
16.58333333333329 -3.213020915892762e-07 -4.507880335699837e-07
16.58611111111107 -2.157874116570355e-07 -5.281483006918133e-07
16.58888888888885 -9.156403939349339e-08 -5.807896358414575e-07
16.59166666666662 4.557271297907304e-08 -6.041686148805666e-07
16.5944444444444 1.88719814097958e-07 -5.951013776214059e-07
16.59722222222218 3.301856188015199e-07 -5.520346939659651e-07
16.59999999999995 4.618755336899042e-07 -4.752421086673158e-07
16.60277777777773 5.757266503595986e-07 -3.669287684184014e-07
16.6055555555555 6.64169702699805e-07 -2.312326654792352e-07
16.60833333333328 7.205936229891062e-07 -7.41151662435305e-08
16.61111111111106 7.397861086327391e-07 9.68603963824999e-08
16.61388888888883 7.183231632121874e-07 2.728568905516359e-07
16.61666666666661 6.548816694010863e-07 4.44186591602565e-07
16.61944444444439 5.504517331335401e-07 6.008113846613622e-07
16.62222222222216 4.084297641080672e-07 7.328962115308337e-07
16.62499999999994 2.345788891351108e-07 8.313872881015154e-07
16.62777777777772 3.685010108348993e-08 8.885832325033926e-07
16.63055555555549 -1.749347895007998e-07 8.98665486896433e-07
16.63333333333327 -3.895292007508768e-07 8.581545052477195e-07
16.63611111111105 -5.948194699135971e-07 7.662602401947774e-07
16.63888888888882 -7.784691358889495e-07 6.250995109753546e-07
16.6416666666666 -9.286180061791901e-07 4.397587717643997e-07
16.64444444444437 -1.034598851656487e-06 2.181884069435101e-07
16.64722222222215 -1.087631044463344e-06 -2.907637634641334e-08
16.64999999999993 -1.081449082176686e-06 -2.893631436531592e-07
16.6527777777777 -1.012824955704073e-06 -5.484631774041863e-07
16.65555555555548 -8.819468240999487e-07 -7.913606054855678e-07
16.65833333333326 -6.926224204326384e-07 -1.003055332562144e-06
16.66111111111103 -4.52283843988185e-07 -1.169437585870037e-06
16.66388888888881 -1.71780562031514e-07 -1.27816605203691e-06
16.66666666666659 1.350409232165086e-07 -1.3194981998273e-06
16.66944444444436 4.519597825322372e-07 -1.287020824555302e-06
16.67222222222214 7.611822926602358e-07 -1.178231338823209e-06
16.67499999999992 1.044286213101534e-06 -9.949259299146212e-07
16.67777777777769 1.283261515318393e-06 -7.433592829925471e-07
16.68055555555547 1.461592119572622e-06 -4.341518201131954e-07
16.68333333333324 1.565317260549985e-06 -8.193383494353538e-08
16.68611111111102 1.58400833266482e-06 2.952691458338451e-07
16.6888888888888 1.511597944694131e-06 6.76889765489757e-07
16.69166666666657 1.34700263276622e-06 1.040875483085769e-06
16.69444444444435 1.094489213774636e-06 1.364898536500958e-06
16.69722222222213 7.637468489885709e-07 1.627656941224334e-06
16.6999999999999 3.696420386952727e-07 1.810194816039938e-06
16.70277777777768 -6.834872667900829e-08 1.897164589815615e-06
16.70555555555546 -5.270149752987353e-07 1.877952187188313e-06
16.70833333333323 -9.805638756732888e-07 1.747589485462597e-06
16.71111111111101 -1.401995799814829e-06 1.507386293447302e-06
16.71388888888879 -1.764635444828645e-06 1.165226656631357e-06
16.71666666666656 -2.043736468954125e-06 7.354909829078678e-07
16.71944444444434 -2.218068014676454e-06 2.385855676644676e-07
16.72222222222211 -2.271386832525324e-06 -2.999164206313264e-07
16.72499999999989 -2.193699587579386e-06 -8.504947625576789e-07
16.72777777777767 -1.982226631889429e-06 -1.38121158824012e-06
16.73055555555544 -1.641991029504697e-06 -1.859477243247239e-06
16.73333333333322 -1.185974539298613e-06 -2.253960673610806e-06
16.736111111111 -6.348048504774559e-07 -2.53653794502595e-06
16.73888888888877 -1.596454809475062e-08 -2.68416362986062e-06
16.74166666666655 6.374593080177133e-07 -2.680547369569189e-06
16.74444444444433 1.288437071976614e-06 -2.517522509584033e-06
16.7472222222221 1.897994021003164e-06 -2.196005474679649e-06
16.74999999999988 2.427442597061248e-06 -1.726463240189838e-06
16.75277777777766 2.84072805805986e-06 -1.128831150807168e-06
16.75555555555543 3.106751930860631e-06 -4.318533086883307e-07
16.75833333333321 3.201530788751036e-06 3.281487249465134e-07
16.76111111111098 3.110049309552046e-06 1.109037932850527e-06
16.76388888888876 2.827676739571897e-06 1.865078675669465e-06
16.76666666666654 2.361034712669012e-06 2.549500107229235e-06
16.76944444444431 1.728231231941402e-06 3.117270214949265e-06
16.77222222222209 9.584093561378291e-07 3.527923491277094e-06
16.77499999999987 9.059808674292528e-08 3.748272585877127e-06
16.77777777777764 -8.281049607163093e-07 3.754831314768088e-06
16.78055555555542 -1.744946707219448e-06 3.535783892689444e-06
16.7833333333332 -2.604414262592565e-06 3.092353388539021e-06
16.78611111111097 -3.351463370681283e-06 2.43945070949871e-06
16.78888888888875 -3.934900622057297e-06 1.605522763355582e-06
16.79166666666653 -4.310720417835735e-06 6.315630626130282e-07
16.7944444444443 -4.445188812398774e-06 -4.307024129311728e-07
16.79722222222208 -4.317469869239416e-06 -1.521389570037986e-06
16.79999999999986 -3.921606562624836e-06 -2.575675473708322e-06
16.80277777777763 -3.267697304101231e-06 -3.52750062104811e-06
16.80555555555541 -2.38214981592545e-06 -4.313553000336291e-06
16.80833333333318 -1.306944471070774e-06 -4.87730362622577e-06
16.81111111111096 -9.789680472955801e-08 -5.172846789328473e-06
16.81388888888874 1.178029498579176e-06 -5.168296228806935e-06
16.81666666666651 2.44624584450223e-06 -4.84850181624177e-06
16.81944444444429 3.628726371210669e-06 -4.216880203712935e-06
16.82222222222207 4.648636990711508e-06 -3.296196344714799e-06
16.82499999999984 5.43514263837422e-06 -2.128188975382822e-06
16.82777777777762 5.928103519986211e-06 -7.719992633669758e-07
16.8305555555554 6.082361761460396e-06 6.985656839136811e-07
16.83333333333317 5.871328682835502e-06 2.198828103076155e-06
16.83611111111095 5.289610442300667e-06 3.637915051626975e-06
16.83888888888873 4.354455380322374e-06 4.924070333460437e-06
16.8416666666665 3.105868208563339e-06 5.970305613923904e-06
16.84444444444428 1.605311265563187e-06 6.700055637953455e-06
16.84722222222205 -6.700258242545873e-08 7.052483622170895e-06
16.84999999999983 -1.816131989349316e-06 6.987085320996575e-06
16.85277777777761 -3.537562793241123e-06 6.487265033878965e-06
16.85555555555538 -5.123234567406456e-06 5.562603633645916e-06
16.85833333333316 -6.468106005108482e-06 4.249605840410713e-06
16.86111111111094 -7.47687492272118e-06 2.610798331455769e-06
16.86388888888871 -8.070437959869372e-06 7.321474761663285e-07
16.86666666666649 -8.191668972739984e-06 -1.281129945677949e-06
16.86944444444427 -7.810115434813936e-06 -3.310183991330263e-06
16.87222222222204 -6.925259067076665e-06 -5.229297579258074e-06
16.87499999999982 -5.568058914077507e-06 -6.913434220942276e-06
16.8777777777776 -3.800588966173055e-06 -8.246131069645819e-06
16.88055555555537 -1.713693418511971e-06 -9.127255600081652e-06
16.88333333333315 5.772953992830742e-07 -9.480127198604306e-06
16.88611111111092 2.938605696953852e-06 -9.25751882793279e-06
16.8888888888887 5.225549187582321e-06 -8.446099552108607e-06
16.89166666666648 7.291116573531426e-06 -7.068954887020191e-06
16.89444444444425 8.995154162282279e-06 -5.185925465005145e-06
16.89722222222203 1.021356727451435e-05 -2.891630210679955e-06
16.89999999999981 1.08469653472833e-05 -3.111812418238907e-07
16.90277777777758 1.082816879503458e-05 2.406254215105384e-06
16.90555555555536 1.01280403873946e-05 5.09574363219172e-06
16.90833333333314 8.759183412118261e-06 7.586295108870952e-06
16.91111111111091 6.777162065897857e-06 9.711430420193758e-06
16.91388888888869 4.279040851088712e-06 1.131999217394556e-05
16.91666666666647 1.39920162015752e-06 1.228650446121541e-05
16.91944444444424 -1.697430080744176e-06 1.25204002120323e-05
16.92222222222202 -4.824444179691918e-06 1.19734663348701e-05
16.92499999999979 -7.78482272991737e-06 1.06449395101405e-05
16.92777777777757 -1.038302501286324e-05 8.583808240472756e-06
16.93055555555535 -1.243756321099974e-05 5.888034622329537e-06
16.93333333333312 -1.379328283867728e-05 2.700593878014137e-06
16.9361111111109 -1.43325416807582e-05 -7.975696367649782e-07
16.93888888888868 -1.398451185722435e-05 -4.397366687258668e-06
16.94166666666645 -1.273191247042886e-05 -7.873669128819436e-06
16.94444444444423 -1.061461239661092e-05 -1.099902624726254e-05
16.94722222222201 -7.729718079817211e-06 -1.355818226921228e-05
16.94999999999978 -4.227970447224681e-06 -1.536249373928501e-05
16.95277777777756 -3.06506348067697e-07 -1.626330749684868e-05
16.95555555555534 3.801720789629515e-06 -1.616338142366427e-05
16.95833333333311 7.841334363472536e-06 -1.502551261034695e-05
16.96111111111089 1.155000616783373e-05 -1.287767880705519e-05
16.96388888888866 1.46750988139076e-05 -9.814192698609551e-06
16.96666666666644 1.699045118208964e-05 -5.992604609066765e-06
16.96944444444422 1.831222001511509e-05 -1.626354312649244e-06
16.97222222222199 1.851270008866875e-05 3.02654927855524e-06
16.97499999999977 1.753112594808919e-05 7.678268331369338e-06
16.97777777777755 1.53806082267419e-05 1.202849345093154e-05
16.98055555555532 1.215057062883341e-05 1.578340545936064e-05
16.9833333333331 8.004318828301598e-06 1.867507537248762e-05
16.98611111111088 3.171674859107613e-06 2.048005226454372e-05
16.98888888888865 -2.06306811383032e-06 2.10358830188089e-05
16.99166666666643 -7.377295792154664e-06 2.025438490495454e-05
16.99444444444421 -1.24294553159293e-05 1.813065045328443e-05
16.99722222222198 -1.688054432175822e-05 1.47469976886692e-05
16.99999999999976 -2.041638892073473e-05 1.027137559305368e-05
17.00277777777753 -2.276927972264826e-05 4.950078036856955e-06
17.00555555555531 -2.373751121184958e-05 -9.050112209640546e-07
17.00833333333309 -2.320144134888421e-05 -6.934047844178339e-06
17.01111111111086 -2.113485504804663e-05 -1.275078588950722e-05
17.01388888888864 -1.76106706099287e-05 -1.796681812613696e-05
17.01666666666642 -1.280035946124578e-05 -2.22170145852731e-05
17.01944444444419 -6.966838161837787e-06 -2.518452921265186e-05
17.02222222222197 -4.510143308166077e-07 -2.662369927918742e-05
17.02499999999975 6.347401740607535e-06 -2.637922661237522e-05
17.02777777777752 1.299379892134325e-05 -2.440020459422864e-05
17.0305555555553 1.904589996133307e-05 -2.074783370153469e-05
17.03333333333308 2.408266469175393e-05 -1.559603730590399e-05
17.03611111111085 2.773301186460376e-05 -9.22462794813817e-06
17.03888888888863 2.97024398050455e-05 -2.005156134483528e-06
17.0416666666664 2.97956815562645e-05 5.619931509157477e-06
17.04444444444418 2.79337132494265e-05 1.316372283217186e-05
17.04722222222196 2.416373856874847e-05 2.012533517597936e-05
17.04999999999973 1.866118245512526e-05 2.602261154835031e-05
17.05277777777751 1.172322077800236e-05 3.042492591617308e-05
17.05555555555529 3.753920078112226e-06 3.298390741880646e-05
17.05833333333306 -4.758371891421334e-06 3.345993830537713e-05
17.06111111111084 -1.327019566004639e-05 3.174247198574337e-05
17.06388888888862 -2.121702807539906e-05 2.786254938513752e-05
17.06666666666639 -2.805012701801567e-05 2.199634762582366e-05
17.06944444444417 -3.327381376621922e-05 1.445914957358551e-05
17.07222222222195 -3.648070429954742e-05 5.689742763321368e-06
17.07499999999972 -3.738243396669017e-05 -3.774097522138502e-06
17.0777777777775 -3.583362084816091e-05 -1.332775644732744e-05
17.08055555555528 -3.184717553550336e-05 -2.233770472373278e-05
17.08333333333305 -2.559957135270338e-05 -3.018287785412296e-05
17.08611111111083 -1.742531106881018e-05 -3.629685610263805e-05
17.0888888888886 -7.800526538011235e-06 -4.02080273760075e-05
17.09166666666638 2.683617920599901e-06 -4.157493549054839e-05
17.09444444444416 1.335632788782444e-05 -4.021422786725653e-05
17.09722222222193 2.350934120885132e-05 -3.611901332271652e-05
17.09999999999971 3.24432614199441e-05 -2.946600312220442e-05
17.10277777777749 3.951508410193843e-05 -2.061050542794243e-05
17.10555555555526 4.418373602339395e-05 -1.006913270304418e-05
17.10833333333304 4.605045391598903e-05 1.509086667150288e-06
17.11111111111082 4.489105402707665e-05 1.338168256013772e-05
17.11388888888859 4.067757896771631e-05 2.475954415321169e-05
17.11666666666637 3.358743375110073e-05 3.485866399400945e-05
17.11944444444415 2.399890323033853e-05 4.295348867762483e-05
17.12222222222192 1.247283114490918e-05 4.842829766062763e-05
17.1249999999997 -2.788200194530747e-07 5.082302565125753e-05
17.12777777777747 -1.343588177192358e-05 4.987018403257925e-05
17.13055555555525 -2.612186705068221e-05 4.552001646044889e-05
17.13333333333303 -3.74616210532099e-05 3.795171982874901e-05
17.1361111111108 -4.664100361862571e-05 2.756943494956602e-05
17.13888888888858 -5.296458743326614e-05 1.498270837954644e-05
17.14166666666636 -5.590733831956004e-05 9.7218386241291e-07
17.14444444444413 -5.515650369477361e-05 -1.355767193035244e-05
17.14722222222191 -5.064046608807383e-05 -2.763604222658824e-05
17.14999999999969 -4.254209440190607e-05 -4.028985581794127e-05
17.15277777777746 -3.129510230056686e-05 -5.061033734190626e-05
17.15555555555524 -1.756304082846978e-05 -5.781751729175435e-05
17.15833333333302 -2.201738969075756e-06 -6.131817922856748e-05
17.16111111111079 1.379281848555934e-05 -6.075300673665825e-05
17.16388888888857 2.934810396109081e-05 -5.602928283968741e-05
17.16666666666634 4.338616909487094e-05 -4.733636065090224e-05
17.16944444444412 5.489762607926817e-05 -3.514221629169968e-05
17.1722222222219 6.30134694604197e-05 -2.017064610387338e-05
17.17499999999967 6.706968592246368e-05 -3.359998645352911e-06
17.17777777777745 6.665991692639463e-05 1.41943519771226e-05
17.18055555555523 6.167209853754797e-05 3.131037375412058e-05
17.183333333333 5.230597120947696e-05 4.679815028029266e-05
17.18611111111078 3.906957355458511e-05 5.954187988100949e-05
17.18888888888856 2.275423213815346e-05 6.857950980633663e-05
17.19166666666633 4.38904262851406e-06 7.31743808061744e-05
17.19444444444411 -1.482269472825171e-05 7.287361589165181e-05
17.19722222222189 -3.358127409000245e-05 6.75487276424348e-05
17.19999999999966 -5.057767659012077e-05 5.74150031072072e-05
17.20277777777744 -6.458419216793004e-05 4.302759053894407e-05
17.20555555555521 -7.454235827741287e-05 2.525377206183674e-05
17.20833333333299 -7.964197578062856e-05 5.222558059997913e-06
17.21111111111077 -7.938537299185164e-05 -1.574563053872282e-05
17.21388888888854 -7.363192437609109e-05 -3.622493270852933e-05
17.21666666666632 -6.26190471222208e-05 -5.478016552088157e-05
17.2194444444441 -4.695742439590284e-05 -7.006668407565971e-05
17.22222222222187 -2.759994164917317e-05 -8.092709674046618e-05
17.22499999999965 -5.785656443911757e-06 -8.647793849651402e-05
17.22777777777743 1.703807368327866e-05 -8.617988144045554e-05
17.2305555555552 3.931053571722504e-05 -7.988600820824268e-05
17.23333333333298 5.946354466402197e-05 -6.786404060541898e-05
17.23611111111076 7.603115693744534e-05 -5.079011969345352e-05
17.23888888888853 8.775559959237083e-05 -2.971366564795419e-05
17.24166666666631 9.368181951799201e-05 -5.994876364415765e-06
17.24444444444408 9.323361466037991e-05 1.878158807096954e-05
17.24722222222186 8.626538591473126e-05 4.29113853848415e-05
17.24999999999964 7.308508447917174e-05 6.468690378978377e-05
17.25277777777741 5.444583126375728e-05 8.251743040710756e-05
17.25555555555519 3.150582901357592e-05 9.504467982131069e-05
17.25833333333297 5.758429138668378e-06 0.0001012453496500532
17.26111111111074 -2.106360312281985e-05 0.0001005130287367483
17.26388888888852 -4.710361771073729e-05 9.271301127966891e-05
17.2666666666663 -7.050879713930534e-05 7.820529790384778e-05
17.26944444444407 -8.956135040853349e-05 5.783318509791266e-05
17.27222222222185 -0.0001028039531159381 3.287721846887474e-05
17.27499999999963 -0.0001091503291217665 4.976750869313291e-06
17.2777777777774 -0.0001079726508204653 -2.397627041786684e-05
17.28055555555518 -9.915883791166567e-05 -5.196453651092005e-05
17.28333333333295 -8.313477768692836e-05 -7.698516968523278e-05
17.28611111111073 -6.084885076725105e-05 -9.719246075984647e-05
17.28888888888851 -3.371876826581786e-05 -0.0001110334354486408
17.29166666666628 -3.543428853668211e-06 -0.0001173663453262241
17.29444444444406 2.761490517376371e-05 -0.0001155531093122983
17.29722222222184 5.757052547087794e-05 -0.0001055183362404646
17.29999999999961 8.41668903029922e-05 -8.77697433562133e-05
17.30277777777739 0.0001054313453641642 -6.337740966379964e-05
17.30555555555517 0.0001197209054766164 -3.391219075115867e-05
17.30833333333294 0.0001258483733417179 -1.346572187209833e-06
17.31111111111072 0.0001231791793219807 3.207595995982832e-05
17.3138888888885 0.0001116911620297685 6.399450807167676e-05
17.31666666666627 9.199196220710316e-05 9.209688785615383e-05
17.31944444444405 6.529161257955527e-05 0.0001142866645588921
17.32222222222182 3.333107641713313e-05 0.0001288390821367769
17.3249999999996 -1.729305239710315e-06 0.000134534333249101
17.32777777777738 -3.74544854845068e-05 0.0001307579357395331
17.33055555555515 -7.13029381422863e-05 0.0001175600799394385
17.33333333333293 -0.0001008069035275153 9.566856065957941e-05
17.33611111111071 -0.0001237519296982516 6.645312675926774e-05
17.33888888888848 -0.0001383426897733193 3.184254851430338e-05
17.34166666666626 -0.000143342699827628 -5.800827263615341e-06
17.34444444444404 -0.000138177125511966 -4.38410456504925e-05
17.34722222222181 -0.0001229902608236929 -7.955232154895675e-05
17.34999999999959 -9.865233779917026e-05 -0.0001103138945631292
17.35277777777737 -6.671387540947288e-05 -0.0001338020841968311
17.35555555555514 -2.930955293802277e-05 -0.0001481655075690735
17.35833333333292 1.098267290586694e-05 -0.0001521702827821764
17.3611111111107 5.131807200402874e-05 -0.0001453038893531716
17.36388888888847 8.87852925738718e-05 -0.0001278290843378603
17.36666666666625 0.0001206161509254538 -0.0001007827027291891
17.36944444444402 0.0001443899866817897 -6.591807046535084e-05
17.3722222222218 0.0001582175261901014 -2.559385383309087e-05
17.37499999999958 0.0001608903181411493 1.73838359642661e-05
17.37777777777735 0.0001519839798080659 5.995566673089125e-05
17.38055555555513 0.0001319065876011257 9.902629696042282e-05
17.38333333333291 0.0001018873579010567 0.0001316892168275345
17.38611111111068 6.390503089692183e-05 0.0001554429218314326
17.38888888888846 2.055978815898674e-05 0.0001683823612579208
17.39166666666624 -2.510321865188167e-05 0.0001693510324432521
17.39444444444401 -6.980689372591492e-05 0.0001580416357448021
17.39722222222179 -0.0001102769671547449 0.0001350367045043331
17.39999999999957 -0.0001434817430371176 0.0001017848443751386
17.40277777777734 -0.0001668592957520302 6.051286270906427e-05
17.40555555555512 -0.0001785150990148152 1.407880744245997e-05
17.40833333333289 -0.0001773748590520998 -3.422458327892795e-05
17.41111111111067 -0.0001632802811353308 -8.090263383290712e-05
17.41388888888845 -0.00013701943699269 -0.0001225113133040491
17.41666666666622 -0.0001002880505017117 -0.00015591143199587
17.419444444444 -5.558305193918108e-05 -0.0001785057037508448
17.42222222222178 -6.034801466751636e-06 -0.0001884407724439661
17.42499999999955 4.48109254311235e-05 -0.0001847584983521615
17.42777777777733 9.324612256327281e-05 -0.0001674842163864796
17.43055555555511 0.0001356708948806538 -0.0001376440875218899
17.43333333333288 0.0001688612745096597 -9.720876141503525e-05
17.43611111111066 0.0001902145870365339 -4.896598753983085e-05
17.43888888888844 0.0001979536838655628 3.669843439778774e-06
17.44166666666621 0.0001912740184126467 5.68983784467963e-05
17.44444444444399 0.0001704214614400593 0.0001068073352499436
17.44722222222176 0.000136693659210032 0.0001496601806283964
17.44999999999954 9.236329187967261e-05 0.0001821763118228701
17.45277777777732 4.052738662752466e-05 0.0002017827187226319
17.45555555555509 -1.510754924552928e-05 0.0002068178001001599
17.45833333333287 -7.048981113396858e-05 0.0001966711875591474
17.46111111111065 -0.0001215174339168089 0.000171847889351523
17.46388888888842 -0.0001643423465344508 0.000133950495555328
17.4666666666662 -0.0001956611875414187 8.557919877596642e-05
17.46944444444398 -0.0002129707756527724 3.015554037474557e-05
17.47222222222175 -0.0002147684459218186 -2.831836957385964e-05
17.47499999999953 -0.000200681212799135 -8.554833676143062e-05
17.47777777777731 -0.0001715127553388676 -0.000137263539611512
17.48055555555508 -0.000129203184018307 -0.000179535799723839
17.48333333333286 -7.670301178296333e-05 -0.0002090787769596832
17.48611111111063 -1.776923569617749e-05 -0.0002235042579056345
17.48888888888841 4.330255004410594e-05 -0.0002215155079549669
17.49166666666619 0.000101991008782661 -0.0002030220260689614
17.49444444444396 0.0001538841404110227 -0.0001691656780418801
17.49722222222174 0.0001950117470758526 -0.0001222546869495883
17.49999999999952 0.0002221501933531045 -6.56088523820029e-05
17.50277777777729 0.0002330760091689746 -3.326137656556767e-06
17.50555555555507 0.0002267483318295637 6.001310989481474e-05
17.50833333333285 0.0002034052120987576 0.0001196830341479842
17.51111111111062 0.0001645650663610006 0.0001711654848750129
17.5138888888884 0.0001129315898424205 0.0002104931470366995
17.51666666666618 5.220773388630353e-05 0.0002345564680684168
17.51944444444395 -1.316865704492835e-05 0.0002413505654629248
17.52222222222173 -7.834879411528928e-05 0.0002301424481724533
17.5249999999995 -0.0001384328841663196 0.0002015446063804473
17.52777777777728 -0.0001888393391120047 0.0001574879070108853
17.53055555555506 -0.0002256553874053509 0.0001010942723117477
17.53333333333283 -0.0002459421802303839 3.645725160468941e-05
17.53611111111061 -0.0002479705143270989 -3.165426022742313e-05
17.53888888888839 -0.0002313681964926479 -9.814780484320183e-05
17.54166666666616 -0.0001971665092433028 -0.0001579887209971447
17.54444444444394 -0.0001477407363480004 -0.0002065824980698706
17.54722222222172 -8.664771437944911e-05 -0.0002401290166871747
17.54999999999949 -1.837128648381031e-05 -0.0002559212694300407
17.55277777777727 5.200626150090288e-05 -0.0002525649797124277
17.55555555555505 0.0001191827696524404 -0.000230101229867521
17.55833333333282 0.0001780365796474559 -0.0001900213636868619
17.5611111111106 0.0002240184335353275 -0.0001351715178598604
17.56388888888837 0.0002535048181997338 -6.955255373838693e-05
17.56666666666615 0.0002640851984836973 1.970737178078008e-06
17.56944444444393 0.0002547602586761054 7.403012280395243e-05
17.5722222222217 0.0002260347785576605 0.0001411574367273482
17.57499999999948 0.0001798966330984798 0.0001982007455334916
17.57777777777726 0.0001196820382513521 0.0002407214281869274
17.58055555555503 4.983591415538191e-05 0.0002653414515116733
17.58333333333281 -2.44155728813793e-05 0.0002700135420316855
17.58611111111059 -9.745623852034487e-05 0.0002541925252616808
17.58888888888836 -0.0001637055967373434 0.0002188934298954805
17.59166666666614 -0.0002180467411185868 0.0001666304946755378
17.59444444444392 -0.0002562234832819698 0.0001012403261217716
17.59722222222169 -0.0002751757932226514 2.760143779086407e-05
17.59999999999947 -0.0002732869606866461 -4.872944208809027e-05
17.60277777777724 -0.0002505223870977179 -0.0001219372223591065
17.60555555555502 -0.0002084480494265998 -0.0001863927126679146
17.6083333333328 -0.0001501258413851267 -0.0002370872774947868
17.61111111111057 -7.989249500247205e-05 -0.0002700241947980617
17.61388888888835 -3.037882702773502e-06 -0.0002825359884233656
17.61666666666613 7.459351686642922e-05 -0.0002735023818676396
17.6194444444439 0.0001470479730568743 -0.0002434509357278093
17.62222222222168 0.0002087206867549978 -0.00019453133069196
17.62499999999946 0.0002547914350289617 -0.000130363967286272
17.62777777777723 0.0002816036684362166 -5.577332546956925e-05
17.63055555555501 0.0002869570773416681 2.357440045013836e-05
17.63333333333279 0.0002702900517840721 0.0001016022203989429
17.63611111111056 0.0002327367790492436 0.0001722890259082269
17.63888888888834 0.0001770533264091135 0.0002301361042157503
17.64166666666612 0.0001074172072152443 0.0002705972100302938
17.64444444444389 2.91148383563509e-05 0.0002904383894135594
17.64722222222167 -5.185981304260234e-05 0.0002879988930096154
17.64999999999944 -0.0001292649342824896 0.0002633319550303639
17.65277777777722 -0.0001970936114106484 0.0002182133921744248
17.655555555555 -0.0002500421647437925 0.0001560161919892691
17.65833333333277 -0.0002839274030332644 8.145972223343359e-05
17.66111111111055 -0.0002960197825823815 2.520822957847686e-07
17.66388888888833 -0.0002852657421968627 -8.134734881156383e-05
17.6666666666661 -0.0002523809280552573 -0.0001570116211377131
17.66944444444388 -0.0001998059821032088 -0.0002208387132891403
17.67222222222166 -0.0001315272743636893 -0.0002678143453703433
17.67499999999943 -5.27755774774421e-05 -0.0002942086326186914
17.67777777777721 3.037462710483579e-05 -0.0002978749991685188
17.68055555555499 0.0001114745308383572 -0.0002784271929257807
17.68333333333276 0.000184202743196747 -0.0002372796316489305
17.68611111111054 0.0002428602458982897 -0.0001775469437857811
17.68888888888831 0.0002828196359505834 -0.0001038096166424819
17.69166666666609 0.0003008930438657682 -2.176325922146017e-05
17.69444444444387 0.0002955892582816716 6.222171447275484e-05
17.69722222222164 0.0002672391096106017 0.0001415959209729404
17.69999999999942 0.0002179784085697744 0.0002101436815199292
17.7027777777772 0.0001515889033127772 0.0002624722587218338
17.70555555555497 7.320893352144326e-05 0.0002944389583466531
17.70833333333275 -1.106416796347163e-05 0.0003034820528364588
17.71111111111053 -9.464917555133593e-05 0.0002888288670425998
17.7138888888883 -0.0001709964991862761 0.000251563915243624
17.71666666666608 -0.0002341036392789807 0.0001945509494599589
17.71944444444386 -0.0002789898305274066 0.0001222143107057285
17.72222222222163 -0.000302092132930271 4.019615389715756e-05
17.72499999999941 -0.0003015512414016842 -4.508394857605452e-05
17.72777777777718 -0.0002773638577138738 -0.0001269326298938924
17.73055555555496 -0.0002313889343429432 -0.0001989099811699221
17.73333333333274 -0.0001672066373900945 -0.000255338752903801
17.73611111111051 -8.984057173128401e-05 -0.0002917550485237773
17.73888888888829 -5.364733462626955e-06 -0.0003052645055504606
17.74166666666607 7.957407439374452e-05 -0.0002947753062481396
17.74444444444384 0.0001582807577349421 -0.0002610890301438254
17.74722222222162 0.0002245418691940551 -0.0002068415960675268
17.7499999999994 0.0002731188480830477 -0.0001362984516782274
17.75277777777717 0.0003001651934970967 -5.501980436124418e-05
17.75555555555495 0.000303534111568417 3.057788423853941e-05
17.75833333333273 0.0002829517899454953 0.0001137295388151979
17.7611111111105 0.0002400420901568558 0.0001878579972507777
17.76388888888828 0.0001782002685053823 0.0002470967251114578
17.76666666666605 0.0001023253956123882 0.0002867569790267715
17.76944444444383 1.843247662591722e-05 0.0003037019884005973
17.77222222222161 -6.682503514889055e-05 0.0002965980502870014
17.77499999999938 -0.0001466843747687678 0.0002660221990496766
17.77777777777716 -0.0002148120535000199 0.0002144175453429124
17.78055555555494 -0.0002658088314444339 0.0001458995647757257
17.78333333333271 -0.0002956405981663596 6.592857725862215e-05
17.78611111111049 -0.0003019605359362464 -1.912557070906862e-05
17.78888888888827 -0.0002842965931963189 -0.0001024918988865498
17.79166666666604 -0.0002440890622059478 -0.0001775391005062884
17.79444444444382 -0.0001845750727853924 -0.0002383054230553368
17.7972222222216 -0.0001105291174643686 -0.0002799750869365734
17.79999999999937 -2.788031939895154e-05 -0.0002992629416635572
17.80277777777715 5.676289575581252e-05 -0.0002946763920709461
17.80555555555492 0.0001366425678730017 -0.0002666334725682141
17.8083333333327 0.0002053928262623611 -0.0002174275155330781
17.81111111111048 0.0002575497900125313 -0.000151041218306074
17.81388888888825 0.0002889886902170703 -7.282506297838966e-05
17.81666666666603 0.0002972530072374119 1.093400042646629e-05
17.81944444444381 0.000281749118689349 9.3518823861042e-05
17.82222222222158 0.0002437908103046689 0.0001683224343985589
17.82499999999936 0.000186490134580945 0.0002293788973429625
17.82777777777714 0.0001145035280469316 0.000271841824474532
17.83055555555491 3.365380816462277e-05 0.0002923719246121
17.83333333333269 -4.954128698763309e-05 0.0002894023683008665
17.83611111111047 -0.0001283957969555577 0.0002632606488204825
17.83888888888824 -0.0001965948021309236 0.0002161372636353243
17.84166666666602 -0.0002487025920967272 0.0001519039673763045
17.84444444444379 -0.0002805986409517649 7.579654791433316e-05
17.84722222222157 -0.0002898061940512029 -6.011942944914201e-06
17.84999999999935 -0.0002756870333775557 -8.691270828463917e-05
17.85277777777712 -0.0002394868969890846 -0.0001603966526531216
17.8555555555549 -0.0001842281912864149 -0.0002205802383123718
17.85833333333268 -0.0001144590598235028 -0.0002626790852869159
17.86111111111045 -3.587954415033874e-05 -0.0002833909787312781
17.86388888888823 4.512446255174959e-05 -0.0002811573976512687
17.86666666666601 0.0001220013228367307 -0.0002562826390270575
17.86944444444378 0.0001885653581244123 -0.0002109012637940693
17.87222222222156 0.0002394968397194909 -0.0001487969804535719
17.87499999999934 0.0002707696581636391 -7.508819296974143e-05
17.87777777777711 0.0002799720745839029 4.193719649191046e-06
17.88055555555489 0.0002664947877276392 8.259864057041488e-05
17.88333333333266 0.0002315714682962842 0.0001537838985154172
17.88611111111044 0.0001781690183495747 0.0002120293445094157
17.88888888888822 0.0001107371118621851 0.000252699320967809
17.89166666666599 3.483805260318561e-05 0.0002726140136305008
17.89444444444377 -4.331229390205206e-05 0.0002703002310627704
17.89722222222155 -0.0001173545711290101 0.000246101644705106
17.89999999999932 -0.0001813050521090334 0.0002021401168490069
17.9027777777771 -0.0002300412866318015 0.0001421319859394933
17.90555555555488 -0.0002597146778665154 7.107505856234774e-05
17.90833333333265 -0.0002680565613854998 -5.167401952373499e-06
17.91111111111043 -0.0002545532550073688 -8.035106333967422e-05
17.91388888888821 -0.0002204764258695794 -0.0001483632079253816
17.91666666666598 -0.0001687670773618592 -0.0002037215002287311
17.91944444444376 -0.0001037835023619858 -0.0002420179823072881
17.92222222222154 -3.093468594498343e-05 -0.0002602721565863014
17.92499999999931 4.377004583289217e-05 -0.0002571646896579285
17.92777777777709 0.0001142176063216368 -0.0002331332553729244
17.93055555555486 0.0001746928352484364 -0.000190323495919252
17.93333333333264 0.0002203439856498058 -0.0001324000608687233
17.93611111111042 0.0002475739332597185 -6.423419242796462e-05
17.93888888888819 0.000254325389320765 8.505590193570948e-06
17.94166666666597 0.0002402373433959096 7.982532159064429e-05
17.94444444444375 0.0002066607408961109 0.0001439006071021223
17.94722222222152 0.0001565331074174964 0.0001955538376308985
17.9499999999993 9.412349240799809e-05 0.0002306743587845087
17.95277777777708 2.466975072752598e-05 0.0002465473356196806
17.95555555555485 -4.606106578706922e-05 0.0002420648467900711
17.95833333333263 -0.0001122522895906288 0.0002178026782631227
17.96111111111041 -0.0001685172327432078 0.0001759575282635246
17.96388888888818 -0.000210339132966209 0.0001201509389691772
17.96666666666596 -0.0002344353739646155 5.511726918512878e-05
17.96944444444373 -0.000239016461829676 -1.369749565327297e-05
17.97222222222151 -0.000223919203257108 -8.059211361930726e-05
17.97499999999929 -0.0001906041378354516 -0.0001400833468085819
17.97777777777706 -0.0001420186304234166 -0.0001873567330485783
17.98055555555484 -8.233817871365948e-05 -0.0002186576860153786
17.98333333333262 -1.66085069953363e-05 -0.0002315910160380139
17.98611111111039 4.968092756653071e-05 -0.0002253048546116105
17.98888888888817 0.0001110559527810729 -0.0002005447934226032
17.99166666666595 0.0001625107752172852 -0.0001595749776912611
17.99444444444372 0.0001999175443204656 -0.0001059740018930671
17.9972222222215 0.0002203587549084125 -4.432381332174225e-05
17.99999999999928 0.0002223556028326541 2.018142463859268e-05
18.00277777777705 0.0002059743407436304 8.217314071703553e-05
18.00555555555483 0.0001728030321452031 0.0001365558965203095
18.0083333333326 0.0001258019930708969 0.0001789272721153633
18.01111111111038 6.904172442694547e-05 0.0002059353912673828
18.01388888888816 7.351396385088834e-06 0.0002155449422553356
18.01666666666593 -5.409181586522457e-05 0.0002071904972179174
18.01944444444371 -0.0001101976167402497 0.0001818055770847412
18.02222222222149 -0.0001563851110285569 0.000141726424854328
18.02499999999926 -0.0001889578042132933 9.047994588743329e-05
18.02777777777704 -0.0002054002871419384 3.247486838972105e-05
18.03055555555482 -0.0002045727094133489 -2.737692715629869e-05
18.03333333333259 -0.0001867879780498315 -8.407641108377059e-05
18.03611111111037 -0.000153766620177179 -0.0001329554806792937
18.03888888888815 -0.0001084745666893152 -0.0001700620813340295
18.04166666666592 -5.485887614958194e-05 -0.0001924805176633661
18.0444444444437 2.495191926068342e-06 -0.0001985609155618203
18.04722222222147 5.875601996149456e-05 -0.0001880397365636942
18.04999999999925 0.0001092529069400734 -0.0001620426180319462
18.05277777777703 0.0001498644033100525 -0.0001229708102450567
18.0555555555548 0.0001773553534373776 -7.428225378158696e-05
18.05833333333258 0.000189635013733671 -2.018706534689622e-05
18.06111111111036 0.0001859156077562401 3.471584737979914e-05
18.06388888888813 0.0001667593276228627 8.582970783930888e-05
18.06666666666591 0.0001340113434373639 0.0001289450833388385
18.06944444444369 9.062602048795417e-05 0.0001605870603899669
18.07222222222146 4.040245137693898e-05 0.0001782956912266451
18.07499999999924 -1.234715788312872e-05 0.0001808170339106772
18.07777777777702 -6.316736326557454e-05 0.0001681899606506118
18.08055555555479 -0.0001078359024183552 0.0001417229112847948
18.08333333333257 -0.0001427148295876924 0.0001038641437883965
18.08611111111034 -0.0001650471200149575 5.797798160342009e-05
18.08888888888812 -0.0001731745221880877 8.047325264327605e-06
18.0916666666659 -0.0001666594427763324 -4.167136023565288e-05
18.09444444444367 -0.0001463020166261916 -8.701073077188857e-05
18.09722222222145 -0.0001140525138984746 -0.0001242420112116271
18.09999999999923 -7.28280951121201e-05 -0.0001503818745007003
18.102777777777 -2.625089162497641e-05 -0.0001634314637653406
18.10555555555478 2.166920096394944e-05 -0.000162528400922604
18.10833333333256 6.687929903719154e-05 -0.0001480002932503898
18.11111111111033 0.0001056262481339836 -0.0001213167794547742
18.11388888888811 0.0001347682876828191 -8.494581039777102e-05
18.11666666666589 0.0001520297604557174 -4.212789807607373e-05
18.11944444444366 0.0001561782102393966 3.411186093066316e-06
18.12222222222144 0.000147110134099415 4.77838819880156e-05
18.12499999999921 0.0001258396395401819 8.727243505462124e-05
18.12777777777699 9.43926047111624e-05 0.0001186403350690429
18.13055555555477 5.561693363978016e-05 0.0001393974994566588
18.13333333333254 1.292646136734285e-05 0.0001479974697222723
18.13611111111032 -2.999858268743341e-05 0.0001439510400481609
18.1388888888881 -6.952833275419128e-05 0.0001278481160053845
18.14166666666587 -0.0001023900255919114 0.0001012875583366432
18.14444444444365 -0.0001259388017689155 6.672261224213728e-05
18.14722222222143 -0.0001383701640339578 2.723658726101802e-05
18.1499999999992 -0.0001388570551126648 -1.373085502831111e-05
18.15277777777698 -0.0001276012492030411 -5.268259322575031e-05
18.15555555555476 -0.0001057962483596494 -8.636218746443633e-05
18.15833333333253 -7.550648167616683e-05 -0.0001120258683554874
18.16111111111031 -3.947466788380139e-05 -0.0001276656653412225
18.16388888888808 -8.75124460905946e-07 -0.0001321655557205203
18.16666666666586 3.696489964887746e-05 -0.0001253785746413022
18.16944444444364 7.085146510551225e-05 -0.000108119809407888
18.17222222222141 9.799316234600069e-05 -8.207749281573415e-05
18.17499999999919 0.0001162306361276998 -4.965137829534433e-05
18.17777777777697 0.0001242075688918053 -1.37336316120188e-05
18.18055555555474 0.0001214696522485251 2.25478938266381e-05
18.18333333333252 0.0001084845061394457 5.610129072668055e-05
18.1861111111103 8.658241847271017e-05 8.413359652766463e-05
18.18888888888807 5.782457049397136e-05 0.0001043828140884186
18.19166666666585 2.481150247276173e-05 0.0001152997098726582
18.19444444444363 -9.550550622505317e-06 0.0001161648376268011
18.1972222222214 -4.230455981007331e-05 0.0001071320879923821
18.19999999999918 -7.069654305024579e-05 8.919655033580556e-05
18.20277777777696 -9.240659450323209e-05 6.409102101760972e-05
18.20555555555473 -0.0001057377560457555 3.4121536494649e-05
18.20833333333251 -0.000109747408739954 1.95733850665394e-06
18.21111111111028 -0.0001043111243210878 -2.960572180349955e-05
18.21388888888806 -9.011493885761956e-05 -5.788744599736389e-05
18.21666666666584 -6.857825722576715e-05 -8.055027421368722e-05
18.21944444444361 -4.171552373894518e-05 -9.579181206239289e-05
18.22222222222139 -1.194989545713814e-05 -0.0001024870940120192
18.22499999999917 1.810399377057897e-05 -0.0001002694502354213
18.22777777777694 4.586879592438826e-05 -8.95443779044845e-05
18.23055555555472 6.902478409828704e-05 -7.143671775149334e-05
18.2333333333325 8.570297159085406e-05 -4.767718401672041e-05
18.23611111111027 9.463499011387159e-05 -2.043939626496531e-05
18.23888888888805 9.524779224336799e-05 7.857413065651976e-06
18.24166666666583 8.769627596612859e-05 3.476221692528738e-05
18.2444444444436 7.28324482683085e-05 5.800371278822159e-05
18.24722222222138 5.211526105260749e-05 7.568134371335081e-05
18.24999999999915 2.747028781423065e-05 8.641981043636548e-05
18.25277777777693 1.112537110191772e-06 8.94745895211968e-05
18.25555555555471 -2.465141927848228e-05 8.478050068207316e-05
18.25833333333248 -4.762441195302857e-05 7.294048110361259e-05
18.26111111111026 -6.590528617122234e-05 5.515696846252101e-05
18.26388888888804 -7.804536844976784e-05 3.311320879273194e-05
18.26666666666581 -8.316198205334397e-05 8.815970618425664e-06
18.26944444444359 -8.100023472173045e-05 -1.55857821536408e-05
18.27222222222137 -7.193899820824022e-05 -3.798997118339169e-05
18.27499999999914 -5.694193869963026e-05 -5.652167232565326e-05
18.27777777777692 -3.745920429452048e-05 -6.968917342982705e-05
18.2805555555547 -1.528952156326187e-05 -7.65029012246151e-05
18.28333333333247 7.584349138628607e-06 -7.654783948821317e-05
18.28611111111025 2.917185657244809e-05 -7.000433287093339e-05
18.28888888888802 4.764701257025673e-05 -5.761678288666997e-05
18.2916666666658 6.150199862790967e-05 -4.061428434049618e-05
18.29444444444358 6.966917151773824e-05 -2.059132732808351e-05
18.29722222222135 7.160168905701144e-05 6.400424915091001e-07
18.29999999999913 6.730682723144439e-05 2.121301975894502e-05
18.30277777777691 5.733032989881323e-05 3.936925256145714e-05
18.30555555555468 4.269443885772418e-05 5.360827285943453e-05
18.30833333333246 2.479621793221367e-05 6.281051323577468e-05
18.31111111111024 5.276071794278804e-06 6.632391018852306e-05
18.31388888888801 -1.413130173003444e-05 6.400753054755364e-05
18.31666666666579 -3.175007852166705e-05 5.622957808474578e-05
18.31944444444357 -4.610714450513277e-05 4.382118656513745e-05
18.32222222222134 -5.60543248547828e-05 2.799122562400227e-05
18.32499999999912 -6.085894482460528e-05 1.021060839451121e-05
18.32777777777689 -6.02556974194584e-05 -7.922976488513894e-06
18.33055555555467 -5.445636313897249e-05 -2.482757254289638e-05
18.33333333333245 -4.411770364425598e-05 -3.907407081455404e-05
18.33611111111022 -3.027149783199273e-05 -4.950611877534803e-05
18.338888888888 -1.422388909184437e-05 -5.533283862251143e-05
18.34166666666578 2.566302341030534e-06 -5.61870255895128e-05
18.34444444444355 1.861907688284137e-05 -5.21447210775099e-05
18.34722222222133 3.25627939136019e-05 -4.370555060311228e-05
18.34999999999911 4.325048485517358e-05 -3.173666841402186e-05
18.35277777777688 4.985315205724791e-05 -1.738625710160388e-05
18.35555555555466 5.192255911419725e-05 -1.975028165085573e-06
18.35833333333244 4.941890597261221e-05 1.3124144436461e-05
18.36111111111021 4.270199265372521e-05 2.66075768489061e-05
18.36388888888799 3.248771718231512e-05 3.735246111099204e-05
18.36666666666576 1.977474027053657e-05 4.45093886012706e-05
18.36944444444354 5.74862575579423e-06 4.756817408851769e-05
18.37222222222132 -8.32747178438295e-06 4.639200780977823e-05
18.37499999999909 -2.122558723880861e-05 4.121789027714399e-05
18.37777777777687 -3.18591993511199e-05 3.262432627383527e-05
18.38055555555465 -3.937383659219245e-05 2.147010171765784e-05
18.38333333333242 -4.321456002548134e-05 8.810393814875025e-06
18.3861111111102 -4.316510613475846e-05 -4.201730528728012e-06
18.38888888888798 -3.935612230034918e-05 -1.64193316640595e-05
18.39166666666575 -3.224272422115664e-05 -2.680182427344253e-05
18.39444444444353 -2.25542968932692e-05 -3.450272675399797e-05
18.39722222222131 -1.122181416847922e-05 -3.893760973795776e-05
18.39999999999908 7.102312837239819e-07 -3.982688953879397e-05
18.40277777777686 1.21790599724345e-05 -3.721049347577009e-05
18.40555555555463 2.219739686903475e-05 -3.14339945118485e-05
18.40833333333241 2.993761511449954e-05 -2.310833946352168e-05
18.41111111111019 3.479913340725642e-05 -1.304755609894938e-05
18.41388888888796 3.645366891103826e-05 -2.190627884622911e-06
18.41666666666574 3.486507184263695e-05 8.485074499375581e-06
18.41944444444352 3.028281482463505e-05 1.805090604998586e-05
18.42222222222129 2.321056491287138e-05 2.570691049933563e-05
18.42499999999907 1.435342014341038e-05 3.084781774464888e-05
18.42777777777685 4.549160990479411e-06 3.310971316479334e-05
18.43055555555462 -5.309894271065276e-06 3.239389760557374e-05
18.4333333333324 -1.435722563457642e-05 2.886658571494965e-05
18.43611111111018 -2.182747620731387e-05 2.293527019845571e-05
18.43888888888795 -2.712035809819681e-05 1.520461547648576e-05
18.44166666666573 -2.984783922173597e-05 6.416460167190585e-06
18.4444444444435 -2.986100439825633e-05 -2.620238150887271e-06
18.44722222222128 -2.725490294032438e-05 -1.110298665786041e-05
18.44999999999906 -2.235170000147442e-05 -1.83062463021123e-05
18.45277777777683 -1.566435941099527e-05 -2.364269943273832e-05
18.45555555555461 -7.84473490586344e-06 -2.67101928500484e-05
18.45833333333239 3.788033367015211e-07 -2.732069511228712e-05
18.46111111111016 8.26832703706625e-06 -2.550932547379084e-05
18.46388888888794 1.514180771797951e-05 -2.152334483237941e-05
18.46666666666572 2.04313307967014e-05 -1.57927796585326e-05
18.46944444444349 2.372916297822533e-05 -8.885921404985049e-06
18.47222222222127 2.481801748368053e-05 -1.4541735536635e-06
18.47499999999905 2.368339114485162e-05 5.828491623982211e-06
18.47777777777682 2.050751315816229e-05 1.232590969196731e-05
18.4805555555546 1.564609428587915e-05 1.749458674917082e-05
18.48333333333238 9.590551173034733e-06 2.092837888632642e-05
18.48611111111015 2.91957642212753e-06 2.238938889214019e-05
18.48888888888793 -3.755265433406822e-06 2.182283337059208e-05
18.4916666666657 -9.844871622304715e-06 1.935513849932063e-05
18.49444444444348 -1.483391790054255e-05 1.52760405508981e-05
18.49722222222126 -1.832374681550348e-05 1.000686213909571e-05
18.49999999999903 -2.006332493875591e-05 4.058286797132624e-06
18.50277777777681 -1.996595521030668e-05 -2.018231250796847e-06
