16.5 1.610689576254497e-07 1.447740992539159e-07
16.50277777777778 1.498770650279123e-07 1.660477916933652e-07
16.50555555555555 1.360518368981571e-07 1.867047882715501e-07
16.50833333333333 1.195840108288177e-07 2.064368700749032e-07
16.51111111111111 1.004983950917712e-07 2.249254485291646e-07
16.51388888888888 7.885610136346273e-08 2.418450817177025e-07
16.51666666666666 5.475644845954518e-08 2.568673580905047e-07
16.51944444444444 2.833848390482195e-08 2.696651217859306e-07
16.52222222222221 -2.179286283980997e-10 2.799170067226585e-07
16.52499999999999 -3.069150590732217e-08 2.873122394568256e-07
16.52777777777776 -6.281947265189626e-08 2.91555663631055e-07
16.53055555555554 -9.629806293888642e-08 2.923729317817094e-07
16.53333333333332 -1.307836335509468e-07 2.895158034311895e-07
16.53611111111109 -1.658944214444479e-07 2.827674818994682e-07
16.53888888888887 -2.012129706527173e-07 2.719479162511334e-07
16.54166666666665 -2.362892461485627e-07 2.569189893814835e-07
16.54444444444442 -2.706444434788553e-07 2.375895085758084e-07
16.5472222222222 -3.037754934322159e-07 2.139199110810143e-07
16.54999999999998 -3.351602506744798e-07 1.859265944392987e-07
16.55277777777775 -3.64263344274217e-07 1.5368577968479e-07
16.55555555555553 -3.905426564723416e-07 1.173368151037784e-07
16.55833333333331 -4.134563840366112e-07 7.7084829234116e-08
16.56111111111108 -4.324706242526865e-07 3.320264421155451e-08
16.56388888888886 -4.470674151879329e-07 -1.396813543464896e-08
16.56666666666663 -4.56753147522478e-07 -6.401693783562179e-08
16.56944444444441 -4.610672531564613e-07 -1.164650147086697e-07
16.57222222222219 -4.59591064195071e-07 -1.707672712211728e-07
16.57499999999996 -4.519567249973263e-07 -2.263151872062849e-07
16.57777777777774 -4.378560299820503e-07 -2.824408698379221e-07
16.58055555555552 -4.170490510471471e-07 -3.384222639501262e-07
16.58333333333329 -3.893724110092789e-07 -3.93489530755721e-07
16.58611111111107 -3.547470536426913e-07 -4.468325888799098e-07
16.58888888888885 -3.131853569111143e-07 -4.976097935404446e-07
16.59166666666662 -2.647974340617984e-07 -5.449577105512526e-07
16.5944444444444 -2.097964675797848e-07 -5.880019218260321e-07
16.59722222222218 -1.485029237671736e-07 -6.258687784496366e-07
16.59999999999995 -8.134750106698147e-08 -6.576979964558566e-07
16.60277777777773 -8.872673316950232e-09 -6.826559695011382e-07
16.6055555555555 6.826730000884943e-08 -6.999496519882563e-07
16.60833333333328 1.493080107771583e-07 -7.088408462254699e-07
16.61111111111106 2.333782840108234e-07 -7.086607082839498e-07
16.61388888888883 3.195053827179856e-07 -6.988242697151435e-07
16.61666666666661 4.06622091740689e-07 -6.7884475661633e-07
16.61944444444439 4.935757118265232e-07 -6.483474740780306e-07
16.62222222222216 5.791389679189572e-07 -6.070830132060894e-07
16.62499999999994 6.620228062615762e-07 -5.549395300699007e-07
16.62777777777772 7.408910236465488e-07 -4.919538414485761e-07
16.63055555555549 8.143766393487563e-07 -4.183210814667577e-07
16.63333333333327 8.810998863843059e-07 -3.344026664489061e-07
16.63611111111105 9.396876641969269e-07 -2.407323228147271e-07
16.63888888888882 9.887942601876683e-07 -1.380199448385518e-07
16.6416666666666 1.02712311324674e-06 -2.715306572511114e-08
16.64444444444437 1.05344935919134e-06 9.080425316483506e-08
16.64722222222215 1.066642866393529e-06 2.146152839703132e-07
16.64999999999993 1.065691440538212e-06 3.42877383052928e-07
16.6527777777777 1.049723851042401e-06 4.740317335558504e-07
16.65555555555548 1.01803230885776e-06 6.063761428158342e-07
16.65833333333326 9.700940068178485e-07 7.380809138593213e-07
16.66111111111103 9.055913200258791e-07 8.672077628066158e-07
16.66388888888881 8.244302555946175e-07 9.917317035023518e-07
16.66666666666659 7.267567389317049e-07 1.109565767635252e-06
16.66944444444436 6.129703281819532e-07 1.218588373748127e-06
16.67222222222214 4.837349598570264e-07 1.316673102579659e-06
16.67499999999992 3.399863474136619e-07 1.40172058002397e-06
16.67777777777769 1.829356808689885e-07 1.471692113512012e-06
16.68055555555547 1.406930957731266e-08 1.524644673828105e-06
16.68333333333324 -1.648558679317449e-07 1.558766763275614e-06
16.68611111111102 -3.518215337377718e-07 1.572414663767619e-06
16.6888888888888 -5.44561769840296e-07 1.564148515920628e-06
16.69166666666657 -7.405816731138638e-07 1.532767643648584e-06
16.69444444444435 -9.371808018132405e-07 1.477344509152882e-06
16.69722222222213 -1.131481413565732e-06 1.397256661609104e-06
16.6999999999999 -1.320461373916131e-06 1.292216030230312e-06
16.70277777777768 -1.500991529747418e-06 1.162294909614335e-06
16.70555555555546 -1.669877254358292e-06 1.007947993167955e-06
16.70833333333323 -1.823903781997084e-06 8.300298295793826e-07
16.71111111111101 -1.95988486056629e-06 6.29807108323072e-07
16.71388888888879 -2.074714163580434e-06 4.089652233486564e-07
16.71666666666656 -2.165418817829997e-06 1.696086196500349e-07
16.71944444444434 -2.229214323307548e-06 -8.574550477426316e-08
16.72222222222211 -2.263560068440664e-06 -3.541804891501366e-07
16.72499999999989 -2.266214578327797e-06 -6.324007484645925e-07
16.72777777777767 -2.235289578177507e-06 -9.167597140753558e-07
16.73055555555544 -2.169301910206902e-06 -1.20329521793321e-06
16.73333333333322 -2.067222311449151e-06 -1.487772241001781e-06
16.736111111111 -1.928520043748441e-06 -1.765732818295759e-06
16.73888888888877 -1.753202367039489e-06 -2.032552759184751e-06
16.74166666666655 -1.541847863957673e-06 -2.283504704241242e-06
16.74444444444433 -1.295632658899251e-06 -2.513826900941991e-06
16.7472222222221 -1.016348628484564e-06 -2.718796942392775e-06
16.74999999999988 -7.064127734841957e-07 -2.893809578257113e-06
16.75277777777766 -3.68867014640679e-07 -3.034457577952154e-06
16.75555555555543 -7.367786393759859e-09 -3.136614505458867e-06
16.75833333333321 3.738350674878926e-07 -3.196518155637658e-06
16.76111111111098 7.6993044466596e-07 -3.210853306322635e-06
16.76388888888876 1.175589365830295e-06 -3.17683236147261e-06
16.76666666666654 1.585019593127397e-06 -3.09227240077458e-06
16.76944444444431 1.992031300574098e-06 -2.955667112785301e-06
16.77222222222209 2.390113410833308e-06 -2.766252074123409e-06
16.77499999999987 2.772520004784675e-06 -2.524061848376197e-06
16.77777777777764 3.132365998539294e-06 -2.229977416818596e-06
16.78055555555542 3.462731070247127e-06 -1.885762520038857e-06
16.7833333333332 3.756770610018694e-06 -1.494087585954755e-06
16.78611111111097 4.007832264531076e-06 -1.058540045759164e-06
16.78888888888875 4.209576457384585e-06 -5.836199949909985e-07
16.79166666666653 4.356099091318505e-06 -7.472034138798037e-08
16.7944444444443 4.442054483123582e-06 4.619092068162811e-07
16.79722222222208 4.462776450656897e-06 1.019214720788914e-06
16.79999999999986 4.41439536779905e-06 1.589407346981588e-06
16.80277777777763 4.293948931246101e-06 2.164049185803254e-06
16.80555555555541 4.09948434619306e-06 2.734155322497595e-06
16.80833333333318 3.830149639318529e-06 3.290311269969097e-06
16.81111111111096 3.486271849579059e-06 3.8228047662776e-06
16.81388888888874 3.069419932272975e-06 4.321770550085701e-06
16.81666666666651 2.582450340894211e-06 4.777346421462396e-06
16.81944444444429 2.029533425293929e-06 5.179838588720742e-06
16.82222222222207 1.416159003342528e-06 5.519894010900431e-06
16.82499999999984 7.491197257577176e-07 5.788677176254964e-06
16.82777777777762 3.647115824347314e-08 5.978048516106944e-06
16.8305555555554 -7.125321512394057e-07 6.080741447016766e-06
16.83333333333317 -1.487524972955696e-06 6.090534868432945e-06
16.83611111111095 -2.277144006158813e-06 6.002417823624523e-06
16.83888888888873 -3.069164306799933e-06 5.812742964035906e-06
16.8416666666665 -3.850658583497698e-06 5.519365445950397e-06
16.84444444444428 -4.608177945826963e-06 5.121763937415502e-06
16.84722222222205 -5.327952216961275e-06 4.621140525976009e-06
16.84999999999983 -5.996107455049503e-06 4.020496495847685e-06
16.85277777777761 -6.598897872702109e-06 3.324681187957752e-06
16.85555555555538 -7.122948911348312e-06 2.540411467467635e-06
16.85833333333316 -7.555507826159059e-06 1.676259699754918e-06
16.86111111111094 -7.884697777516036e-06 7.426085744069839e-07
16.86388888888871 -8.09977111576967e-06 -2.484283862616636e-07
16.86666666666649 -8.191357296542984e-06 -1.283121247987027e-06
16.86944444444427 -8.151700682521587e-06 -2.34627303273833e-06
16.87222222222204 -7.97488338239696e-06 -3.421403419027158e-06
16.87499999999982 -7.657028255242423e-06 -4.490965497123408e-06
16.8777777777776 -7.196477274927482e-06 -5.536593622348204e-06
16.88055555555537 -6.593940608627844e-06 -6.539379723778228e-06
16.88333333333315 -5.852612019062982e-06 -7.480174746225521e-06
16.88611111111092 -4.978246553164513e-06 -8.339911243388949e-06
16.8888888888887 -3.979196929879139e-06 -9.099942513511387e-06
16.89166666666648 -2.866405584626447e-06 -9.742393089378685e-06
16.89444444444425 -1.653349962972238e-06 -1.02505148764222e-05
16.89722222222203 -3.559393752682815e-07 -1.060904278940759e-05
16.89999999999981 1.007637481099657e-06 -1.080454338309171e-05
16.90277777777758 2.417114365149967e-06 -1.082574971756038e-05
16.90555555555536 3.850397821456346e-06 -1.066387555583067e-05
16.90833333333314 5.283864162948418e-06 -1.031290196954846e-05
16.91111111111091 6.692700300194476e-06 -9.76982953615294e-06
16.91388888888869 8.051284628851646e-06 -9.034889553762786e-06
16.91666666666647 9.333603218580336e-06 -8.111708081990142e-06
16.91944444444424 1.051369561025777e-05 -7.007417139240406e-06
16.92222222222202 1.15661236439878e-05 -5.732708048315137e-06
16.92499999999979 1.246645592825321e-05 -4.301822718303099e-06
16.92777777777757 1.319175984097312e-05 -2.732479574496484e-06
16.93055555555535 1.37210923455975e-05 -1.04573188961176e-06
16.93333333333312 1.403598042849412e-05 7.342425843319697e-07
16.9361111111109 1.412088163486991e-05 2.580420549087737e-06
16.93888888888868 1.396361501481649e-05 4.463279218808986e-06
16.94166666666645 1.35557528018491e-05 6.351206710535117e-06
16.94444444444423 1.289296334401889e-05 8.210972593307181e-06
16.94722222222201 1.197529619973368e-05 1.000825304272827e-05
16.94999999999978 1.080740090083794e-05 1.170820369487752e-05
16.95277777777756 9.39867167457414e-06 1.327607199558733e-05
16.95555555555534 7.76331140032047e-06 1.467783962682556e-05
16.95833333333311 5.920309248365161e-06 1.588088449070745e-05
16.96111111111089 3.893327795167646e-06 1.685465077104983e-05
16.96388888888866 1.710496915525964e-06 1.757131480070201e-05
16.96666666666644 -5.958866025555052e-07 1.800643386482939e-05
16.96944444444422 -2.989753015146109e-06 1.813956468994444e-05
16.97222222222199 -5.431744600419018e-06 1.795483822551287e-05
16.97499999999977 -7.879787205504906e-06 1.744147743662321e-05
16.97777777777755 -1.028974198914522e-05 1.659424520490297e-05
16.98055555555532 -1.261612908340659e-05 1.541381008873753e-05
16.9833333333331 -1.481291304950504e-05 1.390701862589536e-05
16.98611111111088 -1.683433825130911e-05 1.208706406911327e-05
16.98888888888865 -1.863580065458844e-05 9.97354292043491e-06
16.99166666666643 -2.017474112267945e-05 7.59239235787114e-06
16.99444444444421 -2.141154405685773e-05 4.975703609652282e-06
16.99722222222198 -2.231042426151797e-05 2.16140849899524e-06
16.99999999999976 -2.284028423233604e-05 -8.071612740835574e-07
17.00277777777753 -2.297552370145126e-05 -3.881840066672807e-06
17.00555555555531 -2.269678325191815e-05 -7.010314818765497e-06
17.00833333333309 -2.199160415454185e-05 -1.013692492233251e-05
17.01111111111086 -2.08549872969987e-05 -1.320356556177235e-05
17.01388888888864 -1.928983517474983e-05 -1.615068208590815e-05
17.01666666666642 -1.730726239450695e-05 -1.891834051461775e-05
17.01944444444419 -1.492676199535453e-05 -2.144735699265049e-05
17.02222222222197 -1.217621710299272e-05 -2.368046693576785e-05
17.02499999999975 -9.09174997300659e-06 -2.556351282496299e-05
17.02777777777752 -5.717403317395901e-06 -2.704662814390636e-05
17.0305555555553 -2.10465190057097e-06 -2.808539387334757e-05
17.03333333333308 1.688254309839871e-06 -2.864194329454458e-05
17.03611111111085 5.5971107051399e-06 -2.868599065080781e-05
17.03888888888863 9.552734044591262e-06 -2.819575949977789e-05
17.0416666666664 1.348208209394226e-05 -2.715878738055407e-05
17.04444444444418 1.730950157891637e-05 -2.557258473038891e-05
17.04722222222196 2.095808577217362e-05 -2.344512781646857e-05
17.04999999999973 2.435111987237943e-05 -2.079516778919606e-05
17.05277777777751 2.74135894567711e-05 -1.765234079407078e-05
17.05555555555529 3.007372477155838e-05 -1.405706736591264e-05
17.05833333333306 3.226455153650528e-05 -1.006023302935407e-05
17.06111111111084 3.39254173502944e-05 -5.722646086380042e-06
17.06388888888862 3.500346174949996e-05 -1.114272921142421e-06
17.06666666666639 3.545499754892576e-05 3.686744283044249e-06
17.06944444444417 3.524677131466881e-05 8.595277821676131e-06
17.07222222222195 3.4357071724196e-05 1.352059841287495e-05
17.07499999999972 3.277665616576135e-05 1.836793379702849e-05
17.0777777777775 3.050946822611092e-05 2.304017846217686e-05
17.08055555555528 2.757312169849509e-05 2.743972670625232e-05
17.08333333333305 2.39991303850506e-05 3.147039735625209e-05
17.08611111111083 1.983286722613694e-05 3.503941504036325e-05
17.0888888888886 1.513324110570022e-05 3.805941005029809e-05
17.09166666666638 9.972084982212929e-06 4.045039662715989e-05
17.09444444444416 4.433254692541773e-06 4.214168803498223e-05
17.09722222222193 -1.388556231480316e-06 4.307370612186494e-05
17.09999999999971 -7.389274217621761e-06 4.31996432635431e-05
17.10277777777749 -1.345715802815759e-05 4.248693567890846e-05
17.10555555555526 -1.947474193768438e-05 4.091850912285382e-05
17.10833333333304 -2.532097983859037e-05 3.849376090292166e-05
17.11111111111082 -3.087355478334307e-05 3.522924601580516e-05
17.11388888888859 -3.601131334120843e-05 3.115903992087913e-05
17.11666666666637 -4.061677963278562e-05 2.633475600216494e-05
17.11944444444415 -4.457870013636391e-05 2.082520203959967e-05
17.12222222222192 -4.779456745613155e-05 1.471566691513024e-05
17.1249999999997 -5.01730693076202e-05 8.106836201895817e-06
17.12777777777747 -5.163640810121437e-05 1.113343090549223e-06
17.13055555555525 -5.212243676169618e-05 -6.138030856556339e-06
17.13333333333303 -5.158655785959907e-05 -1.351048252626075e-05
17.1361111111108 -5.00033357761785e-05 -2.085961105212073e-05
17.13888888888858 -4.736777547865312e-05 -2.803610027387071e-05
17.14166666666636 -4.369622652094179e-05 -3.488861429278363e-05
17.14444444444413 -3.902687705436045e-05 -4.126685395552312e-05
17.14722222222191 -3.341980985184823e-05 -4.702471632060561e-05
17.14999999999969 -2.695660051162922e-05 -5.202349437309663e-05
17.15277777777746 -1.973944697452476e-05 -5.613505061015285e-05
17.15555555555524 -1.18898291094606e-05 -5.924489575206148e-05
17.15833333333302 -3.546707206568188e-06 -6.125510285997036e-05
17.16111111111079 5.135721427445149e-06 -6.208698764426981e-05
17.16388888888857 1.399067817273797e-05 -6.168348778974449e-05
17.16666666666634 2.284183127214674e-05 -6.001117772995127e-05
17.16944444444412 3.150664683764177e-05 -5.706186046809082e-05
17.1722222222219 3.98000038800702e-05 -5.285368472333169e-05
17.17499999999967 4.753800627499472e-05 -4.743174380131155e-05
17.17777777777745 5.454191740516228e-05 -4.08681220323706e-05
17.18055555555523 6.064213737175622e-05 -3.326136524006189e-05
17.183333333333 6.568213832967158e-05 -2.473536331379378e-05
17.18611111111078 6.952227084645176e-05 -1.543764534682363e-05
17.18888888888856 7.204335334389298e-05 -5.537100725233606e-06
17.19166666666633 7.314995776112566e-05 4.778847257181439e-06
17.19444444444411 7.27733076363668e-05 1.530757550344487e-05
17.19722222222189 7.087370986762047e-05 2.583505032354422e-05
17.19999999999966 6.744244845178554e-05 3.614000688826324e-05
17.20277777777744 6.25030774499639e-05 4.599844274380337e-05
17.20555555555521 5.611206116610654e-05 5.51883390998543e-05
17.20833333333299 4.835872189150081e-05 6.349451500683155e-05
17.21111111111077 3.936446935452851e-05 7.071351270127764e-05
17.21388888888854 2.92813009667763e-05 7.665840756731738e-05
17.21666666666632 1.828957779207367e-05 8.116343352260166e-05
17.2194444444441 6.595097551093701e-06 8.408831435786305e-05
17.22222222222187 -5.574497424684635e-06 8.532219373844486e-05
17.22499999999965 -1.797392294889259e-05 8.478706128249233e-05
17.22777777777743 -3.034499621664298e-05 8.244057935591992e-05
17.2305555555552 -4.242183434599416e-05 7.827822491947343e-05
17.23333333333298 -5.393640941952405e-05 7.233467280795268e-05
17.23611111111076 -6.462434928509756e-05 6.468436104035884e-05
17.23888888888853 -7.423086347308028e-05 5.544119491944456e-05
17.24166666666631 -8.251666604505936e-05 4.475736448490246e-05
17.24444444444408 -8.926376226761039e-05 3.282126900257404e-05
17.24722222222186 -9.428096394480139e-05 1.985456220375971e-05
17.24999999999964 -9.740899919787601e-05 6.108352519673634e-06
17.25277777777741 -9.852508656531321e-05 -8.141386877608961e-06
17.25555555555519 -9.754685054206907e-05 -2.259912329032665e-05
17.25833333333297 -9.443546604660009e-05 -3.695569082655654e-05
17.26111111111074 -8.919793268702712e-05 -5.089472592234526e-05
17.26388888888852 -8.188839590391801e-05 -6.409948422777272e-05
17.2666666666663 -7.260845083503213e-05 -7.625989746647982e-05
17.26944444444407 -6.150638573884568e-05 -8.707971806864024e-05
17.27222222222185 -4.877534463293803e-05 -9.62835916781891e-05
17.27499999999963 -3.465041297805558e-05 -0.000103623893369509
17.2777777777774 -1.940465526664335e-05 -0.0001088871627986125
17.28055555555518 -3.344158688901809e-06 -0.0001118999767356999
17.28333333333295 1.319783792873002e-05 -0.0001125341045484704
17.28611111111073 2.986762659705532e-05 -0.0001107108032204101
17.28888888888851 4.629839811771935e-05 -0.0001064041232877024
17.29166666666628 6.211814907278857e-05 -9.964311546236563e-05
17.29444444444406 7.695796356582636e-05 -9.051284938226647e-05
17.29722222222184 9.046049079474143e-05 -7.915418050313731e-05
17.29999999999961 0.0001022884285744833 -6.576222815457445e-05
17.30277777777739 0.0001121328160531546 -5.058355666597745e-05
17.30555555555517 0.0001197209363890214 -3.391208162026911e-05
17.30833333333294 0.0001248236323205696 -1.608375403041963e-05
17.31111111111072 0.0001272618444835908 2.529894151057701e-06
17.3138888888885 0.0001269121940292557 2.152923002748742e-05
17.31666666666627 0.000123711447476712 4.049488395734446e-05
17.31944444444405 0.0001176597225734235 5.899683087404351e-05
17.32222222222182 0.0001088223189054921 7.660399891000007e-05
17.3249999999996 9.7330085647214e-05 9.289419652108651e-05
17.32777777777738 8.337827061486327e-05 0.0001074641346266169
17.33055555555515 6.72238290332373e-05 0.0001199393104582478
17.33333333333293 4.918120640405251e-05 0.000129983515239908
17.33611111111071 2.961664676707413e-05 0.0001373077288225199
17.33888888888848 8.941114604353322e-06 0.0001416781711458559
17.34166666666626 -1.239804523877857e-05 0.0001429232929409093
17.34444444444404 -3.392655087182613e-05 0.0001409395063295582
17.34722222222181 -5.515353946290079e-05 0.0001356954796816123
17.34999999999959 -7.558261748068197e-05 0.0001272348498709991
17.35277777777737 -9.472336259527807e-05 0.000115677238410199
17.35555555555514 -0.0001121030159974216 0.0001012174951819584
17.35833333333292 -0.0001272780908787591 8.412313384808689e-05
17.3611111111107 -0.0001398456160420384 6.47299656201994e-05
17.36388888888847 -0.0001494537334821944 4.34359819541014e-05
17.36666666666625 -0.0001558113755345043 2.069358082878947e-05
17.36944444444402 -0.0001586967608836874 -2.999725465456314e-06
17.3722222222218 -0.0001579644692927638 -2.711194181169092e-05
17.37499999999958 -0.0001535508820500874 -5.108834354363906e-05
17.37777777777735 -0.0001454778084147198 -7.436409987550696e-05
17.38055555555513 -0.0001338541571389724 -9.637748678442786e-05
17.38333333333291 -0.0001188755556890812 -0.0001165833855586617
17.38611111111068 -0.0001008218671442678 -0.0001344667469189799
17.38888888888846 -8.005260487336092e-05 -0.0001495556917169149
17.39166666666624 -5.700029681548021e-05 -0.0001614339181808667
17.39444444444401 -3.216190327379998e-05 -0.0001697520928246854
17.39722222222179 -6.08844327590003e-06 -0.0001742379175343742
17.39999999999957 2.062696654270359e-05 -0.0001747045888941868
17.40277777777734 4.736241124201929e-05 -0.0001710573971900993
17.40555555555512 7.348152524854046e-05 -0.0001632982511921645
17.40833333333289 9.834856405446899e-05 -0.0001515279600363991
17.41111111111067 0.0001213438481365222 -0.0001359461543705991
17.41388888888845 0.000141879207817796 -0.0001168487842909428
17.41666666666622 0.0001594130470601347 -9.462319022015649e-05
17.419444444444 0.0001734646427318896 -6.974080338192257e-05
17.42222222222178 0.0001836273040811823 -4.274759342815367e-05
17.42499999999955 0.0001895800350514082 -1.42524405364916e-05
17.42777777777733 0.0001910973695509563 1.508633362958847e-05
17.43055555555511 0.000188057086444224 4.457598889044108e-05
17.43333333333288 0.0001804455561977661 7.350560912849247e-05
17.43611111111066 0.0001683605239179791 0.0001011631901597295
17.43888888888844 0.0001520111928277639 0.0001268531669368174
17.44166666666621 0.000131715536727102 0.000149913951900041
17.44444444444399 0.0001078948381711765 0.0001697350443443401
17.44722222222176 8.106551932712403e-05 0.0001857732696331103
17.44999999999954 5.182840300281321e-05 0.0001975677172981739
17.45277777777732 2.085561033721442e-05 0.0002047529686217416
17.45555555555509 -1.112463268534965e-05 0.0002070702369489441
17.45833333333287 -4.334494723610706e-05 0.0002043760872478161
17.46111111111065 -7.501712584980835e-05 0.0001966484544804086
17.46388888888842 -0.0001053513973545845 0.0001839897421037486
17.4666666666662 -0.0001335761657627338 0.0001666268511176432
17.46944444444398 -0.0001589577321539202 0.0001449080649443606
17.47222222222175 -0.0001808194964541523 0.0001192967942614621
17.47499999999953 -0.0001985601365694124 9.036226678606039e-05
17.47777777777731 -0.0002116702759666731 5.876732785148409e-05
17.48055555555508 -0.0002197471774921197 2.525359632198499e-05
17.48333333333286 -0.0002225070406617726 -9.375705172125338e-06
17.48611111111063 -0.0002197945311726745 -4.427485861929884e-05
17.48888888888841 -0.0002115892339366016 -7.857625078222681e-05
17.49166666666619 -0.000198008793205107 -0.0001114119686349184
17.49444444444396 -0.0001793085836863719 -0.000141935855631323
17.49722222222174 -0.0001558778430561686 -0.0001693454694489186
17.49999999999952 -0.000128232286808091 -0.0001929033709857675
17.50277777777729 -9.700331870094836e-05 -0.0002119571782291143
17.50555555555507 -6.292404171754859e-05 -0.0002259578374844856
17.50833333333285 -2.681236301740838e-05 -0.0002344755982212879
17.51111111111062 1.044843059581343e-05 -0.0002372132259739816
17.5138888888884 4.793117504354961e-05 -0.0002340160494339969
17.51666666666618 8.46878924788797e-05 -0.0002248785117741556
17.51944444444395 0.0001197738463204389 -0.0002099469807242971
17.52222222222173 0.0001522719791030204 -0.0001895186649651681
17.5249999999995 0.000181317100587687 -0.0001640365837675538
17.52777777777728 0.0002061191860011848 -0.0001340806399639296
17.53055555555506 0.0002259851535957606 -0.0001003549506182994
17.53333333333283 0.0002403385170869973 -6.367169241873018e-05
17.53611111111061 0.0002487363517234825 -2.49318169711594e-05
17.53888888888839 0.0002508830719335041 1.489691783584641e-05
17.54166666666616 0.000246640592560742 5.480407312225182e-05
17.54444444444394 0.0002360345329549794 9.376221487444808e-05
17.54722222222172 0.0002192562216036866 0.000130753509897085
17.54999999999949 0.0001966603661790358 0.0001647965433135091
17.55277777777727 0.0001687583671231338 0.0001949726486930229
17.55555555555505 0.0001362073692827607 0.0002204510401917897
17.55833333333282 9.979526251518842e-05 0.0002405120536054362
17.5611111111106 6.042195546561617e-05 0.0002545678398813794
17.56388888888837 1.9077353691225e-05 0.0002621799099056813
17.56666666666615 -2.318342911222391e-05 0.0002630730021834193
17.56944444444393 -6.526701270686128e-05 0.000257144833771567
17.5722222222217 -0.0001060701602286713 0.0002444713974478608
17.57499999999948 -0.0001445089186861043 0.00022530758209695
17.57777777777726 -0.0001795477180555624 0.0002000830157944257
17.58055555555503 -0.0002102276431646188 0.0001693931588921878
17.58333333333281 -0.000235693099968002 0.0001339858041252735
17.58611111111059 -0.0002552161266994513 9.474326887950502e-05
17.58888888888836 -0.0002682176504851969 5.266068764019418e-05
17.59166666666614 -0.000274285060326418 8.820926821124351e-06
17.59444444444392 -0.0002731855564382037 -3.563325373773111e-05
17.59722222222169 -0.0002648748416821928 -7.952908139587457e-05
17.59999999999947 -0.0002495008406724018 -0.0001216949132516467
17.60277777777724 -0.0002274022630313281 -0.0001609918115992975
17.60555555555502 -0.0001991019657981674 -0.0001963446965435108
17.6083333333328 -0.0001652952124670344 -0.0002267722164132111
17.61111111111057 -0.0001268330686079132 -0.0002514144968802752
17.61388888888835 -8.470131256193527e-05 -0.00026955797360859
17.61666666666613 -3.999537031050334e-05 -0.0002806565801820797
17.6194444444439 6.108097535636495e-06 -0.0002843486515378196
17.62222222222168 5.238222514675852e-05 -0.0002804690111027186
17.62499999999946 9.758277082371379e-05 -0.0002690558346683832
17.62777777777723 0.000140481866159811 -0.0002503520225421118
17.63055555555501 0.0001799017647431132 -0.0002248009600410308
17.63333333333279 0.0002147476550891089 -0.0001930367009590685
17.63611111111056 0.0002440386135012779 -0.0001558687649626955
17.63888888888834 0.0002669358097607362 -0.0001142618935757448
17.64166666666612 0.0002827671414130082 -6.931125607877489e-05
17.64444444444389 0.0002910475596347227 -2.221373197666981e-05
17.64722222222167 0.0002914944592004462 2.576398336858989e-05
17.64999999999944 0.0002840376342301265 7.331960253658492e-05
17.65277777777722 0.0002688234468370321 0.0001191508733237753
17.655555555555 0.0002462130136797216 0.0001619916300533567
17.65833333333277 0.0002167743814364262 0.0002006472628580233
17.66111111111055 0.0001812688317805457 0.0002340286004968634
17.66388888888833 0.0001406316247022352 0.0002611832325464382
17.6666666666661 9.594765119243124e-05 0.0002813233553208501
17.66944444444388 4.842261757274414e-05 0.0002938493115166934
17.67222222222166 -6.494804257450877e-07 0.0002983681042988062
17.67499999999943 -4.992171949678019e-05 0.0002947062995728501
17.67777777777721 -9.803147927146088e-05 0.0002829168820930486
17.68055555555499 -0.0001436385076891036 0.0002632797977342908
17.68333333333276 -0.0001854627496552454 0.000236296091137739
17.68611111111054 -0.0002223208598532042 0.000202675730070428
17.68888888888831 -0.0002531603441194672 0.0001633193900061856
17.69166666666609 -0.0002770903281160525 0.0001192946493489376
17.69444444444387 -0.0002934080360913284 7.180721217584967e-05
17.69722222222164 -0.0003016201743681148 2.216792628529806e-05
17.69999999999942 -0.0003014585509173888 -2.82435048134796e-05
17.7027777777772 -0.0002928894204635004 -7.801711085823829e-05
17.70555555555497 -0.0002761162196206646 -0.0001257524608188726
17.70833333333275 -0.0002515755437947191 -0.0001700985537003369
17.71111111111053 -0.0002199264116265213 -0.0002097926460549591
17.7138888888883 -0.0001820330580539344 -0.0002436968854175126
17.71666666666608 -0.0001389416878603241 -0.0002708316695550187
17.71944444444386 -9.18518022232757e-05 -0.0002904047343059745
17.72222222222163 -4.208287575164971e-05 -0.0003018350859906046
17.72499999999941 8.962694222988954e-06 -0.0003047710349137043
17.72777777777718 5.98393253570253e-05 -0.0002991017506443551
17.73055555555496 0.0001090995444760436 -0.0002849619429687085
17.73333333333274 0.0001553356500313538 -0.0002627294695139996
17.73611111111051 0.0001972205314414781 -0.000233015876381968
17.73888888888829 0.0002335464461403272 -0.0001966500857088943
17.74166666666607 0.000263260603034267 -0.0001546556477447228
17.74444444444384 0.000285496483582011 -0.0001082221686758183
17.74722222222162 0.0002995999468167749 -5.867170316522078e-05
17.7499999999994 0.0003051493093938021 -7.421056837042315e-06
17.75277777777717 0.0003019687621031652 4.405892614421187e-05
17.75555555555495 0.0002901346755358399 9.428591592516163e-05
17.75833333333273 0.000269974554203925 0.000141809250455918
17.7611111111105 0.0002420586143988319 0.0001852524206947452
17.76388888888828 0.0002071841800280198 0.0002233536272423502
17.76666666666605 0.0001663533060621755 0.000255003194430925
17.76944444444383 0.0001207442445085609 0.0002792767111147981
17.77222222222161 7.167755669402807e-05 0.0002954628853563092
17.77499999999938 2.057784220812321e-05 0.0003030852497212421
17.77777777777716 -3.106780617007384e-05 0.0003019170308206446
17.78055555555494 -8.17534053520809e-05 0.0002919886959951361
17.78333333333271 -0.0001299984552302914 0.000273587905838776
17.78611111111049 -0.0001743917620142869 0.0002472518272114586
17.78888888888827 -0.0002136333978889065 0.0002137519907435816
17.79166666666604 -0.0002465735297731218 0.0001740721026252756
17.79444444444382 -0.0002722469352281441 0.0001293794358087818
17.7972222222216 -0.0002899021454738053 8.099062391584968e-05
17.79999999999937 -0.0002990243105702816 3.033285596314586e-05
17.80277777777715 -0.0002993510657499112 -2.109838413072162e-05
17.80555555555492 -0.0002908808852314506 -7.178377710653057e-05
17.8083333333327 -0.000273873634503549 -0.0001202254961093685
17.81111111111048 -0.0002488432672626173 -0.0001649920370834535
17.81388888888825 -0.0002165428518141297 -0.0002047611930991517
17.81666666666603 -0.0001779423464520035 -0.0002383598624268901
17.81944444444381 -0.0001341997668964547 -0.00026479946915263
17.82222222222158 -8.662659421253559e-05 -0.0002833059023140904
17.82499999999936 -3.664845239276874e-05 -0.0002933430411301882
17.82777777777714 1.423776501590314e-05 -0.0002946291253698259
17.83055555555491 6.450902491194978e-05 -0.0002871454453935742
17.83333333333269 0.00011266217128924 -0.0002711370595380413
17.83611111111047 0.000157259424680879 -0.0002471054901095344
17.83888888888824 0.000196971969948478 -0.0002157935958532564
17.84166666666602 0.0002306202905681923 -0.0001781630607015242
17.84444444444379 0.0002572100021262937 -0.000135365168288963
17.84722222222157 0.0002759620715181645 -8.870574193263826e-05
17.84999999999935 0.0002863364775167188 -3.960531374962079e-05
17.85277777777712 0.000288048567801941 1.044426153622878e-05
17.8555555555549 0.0002810775912431714 5.992541780866715e-05
17.85833333333268 0.0002656671252868584 0.0001073413096839596
17.86111111111045 0.0002423173692932901 0.000151261631134558
17.86388888888823 0.0002117695277319212 0.0001903664006562528
17.86666666666601 0.0001749827543479828 0.0002234863519801126
17.86944444444378 0.0001331043619099517 0.0002496386712732385
17.87222222222156 8.743421449912939e-05 0.0002680569636525871
17.87499999999934 3.938440369072091e-05 0.0002782145094193353
17.87777777777711 -9.56453960948658e-06 0.0002798400782828813
17.88055555555489 -5.790953436537782e-05 0.0002729258015279339
17.88333333333266 -0.0001041715074496886 0.0002577268503807017
17.88611111111044 -0.0001469411644247823 0.0002347529259247532
17.88888888888822 -0.0001849225390775947 0.000204751823684834
17.89166666666599 -0.000216972955315472 0.0001686855862205879
17.89444444444377 -0.0002421381461519442 0.0001276999917531105
17.89722222222155 -0.0002596814258059402 8.308833842860329e-05
17.89999999999932 -0.0002691059977311769 3.625066544350955e-05
17.9027777777771 -0.0002701696978324395 -1.13503019980663e-05
17.90555555555488 -0.0002628917114034621 -5.823509186313493e-05
17.90833333333265 -0.0002475510568357637 -0.00010295385570367
17.91111111111043 -0.000224676890780373 -0.0001441317028412805
17.91388888888821 -0.0001950309498064796 -0.000180511563196701
17.91666666666598 -0.0001595826943088962 -0.0002109932220091965
17.91944444444376 -0.0001194779533606252 -0.0002346672916777441
17.92222222222154 -7.600207682633248e-05 -0.0002508430477543343
17.92499999999931 -3.053877657205604e-05 -0.0002590692526035349
17.92777777777709 1.547402372723438e-05 -0.0002591473151400774
17.93055555555486 6.058991541230987e-05 -0.0002511363811485545
17.93333333333264 0.000103399843829825 -0.0002353502080433566
17.93611111111042 0.0001425765926057165 -0.0002123459421498416
17.93888888888819 0.0001769164913381832 -0.0001829051771008307
17.94166666666597 0.0002053770159199799 -0.0001480079202636748
17.94444444444375 0.0002271090849253178 -0.0001088003221340527
17.94722222222152 0.0002414830285504984 -6.655722389063731e-05
17.9499999999993 0.0002481074128767091 -2.26407442313399e-05
17.95277777777708 0.0002468401350186651 2.154374726199901e-05
17.95555555555485 0.0002377914564278556 6.459284080190761e-05
17.95833333333263 0.0002213189040082582 0.0001051500161935845
17.96111111111041 0.000198014233165068 0.0001419488391924626
17.96388888888818 0.0001686829047584782 0.0001738530317089514
17.96666666666596 0.0001343167706942856 0.0001998921285058863
17.96944444444373 9.606088255520205e-05 0.0002192915804481879
17.97222222222151 5.51755270245555e-05 0.000231496348961464
17.97499999999929 1.299474463314978e-05 0.0002361872520374639
17.97777777777706 -2.911730045844775e-05 0.0002332895617467522
17.98055555555484 -6.981066600145116e-05 0.0002229736088417557
17.98333333333262 -0.0001077932403580922 0.0002056474131790535
17.98611111111039 -0.0001418721916403811 0.0001819416206220688
17.98888888888817 -0.0001709919109607106 0.0001526872791133266
17.99166666666595 -0.00019426722420974 0.0001188872203591795
17.99444444444372 -0.0002110108077808078 8.16820213024145e-05
17.9972222222215 -0.0002207539395137332 4.231169438031903e-05
17.99999999999928 -0.0002232599402278596 2.074391710551231e-06
18.00277777777705 -0.0002185299060274859 -3.771649866693698e-05
18.00555555555483 -0.0002068005888617 -7.577543955329904e-05
18.0083333333326 -0.0001885345439659849 -0.0001108865902568627
18.01111111111038 -0.0001644029190436783 -0.0001419430353987615
18.01388888888816 -0.0001352615027791088 -0.000167982115198624
18.01666666666593 -0.0001021208713889231 -0.0001882157121702974
18.01944444444371 -6.611166404456038e-05 -0.0002020545235118628
18.02222222222149 -2.844617474746737e-05 -0.0002091255546212374
18.02499999999926 9.622435556473272e-06 -0.000209282300051542
18.02777777777704 4.684193097108421e-05 -0.0002026073259727313
18.03055555555482 8.200239584240283e-05 -0.0001894072243958652
18.03333333333259 0.0001139758542833891 -0.0001702001653496352
18.03611111111037 0.000141752803577934 -0.0001456965202095455
18.03888888888815 0.0001644744633032434 -0.0001167732591272797
18.04166666666592 0.0001814596941790969 -8.444303026763775e-05
18.0444444444437 0.0001922257273716432 -4.98190014747279e-05
18.04722222222147 0.0001965020597341339 -1.407668032250188e-05
18.04999999999925 0.0001942371058245347 2.158597818983545e-05
18.05277777777703 0.0001855974453719304 5.598881873389666e-05
18.0555555555548 0.0001709597566535868 8.800872811667931e-05
18.05833333333258 0.0001508957733653576 0.0001166165580934375
18.06111111111036 0.0001261508365894264 0.0001409105024278087
18.06388888888813 9.761682643976078e-05 0.0001601448322389455
18.06666666666591 6.630044270677736e-05 0.0001737530603587529
18.06944444444369 3.328795414935162e-05 0.0001813648027118951
18.07222222222146 -2.923529783707615e-07 0.0001828158256743358
18.07499999999924 -3.330872860149572e-05 0.0001781510052146712
18.07777777777702 -6.466419321015956e-05 0.0001676201681244192
18.08055555555479 -9.333315408987008e-05 0.0001516670293144011
18.08333333333257 -0.0001183951716374569 0.0001309116735897831
18.08611111111034 -0.0001390647529750352 0.0001061272474722242
18.08888888888812 -0.000154716196864079 7.821171911483544e-05
18.0916666666659 -0.0001649026931755745 4.815572566008635e-05
18.09444444444367 -0.0001693690854523683 1.700765214181182e-05
18.09722222222145 -0.0001680579290830305 -1.416282983004764e-05
18.09999999999923 -0.0001611087123757866 -4.430149447389367e-05
18.102777777777 -0.0001488503451208546 -7.240529964712914e-05
18.10555555555478 -0.0001317872507749508 -9.755591171248902e-05
18.10833333333256 -0.0001105796161630985 -0.0001189498883191122
18.11111111111033 -8.60185490737628e-05 -0.0001359245176095353
18.11388888888811 -5.899706263391303e-05 -0.0001479784736698663
18.11666666666589 -3.047794022037785e-05 -0.0001547866370861967
18.11944444444366 -1.459631459402002e-06 -0.0001562086393902252
18.12222222222144 2.705861448645834e-05 -0.0001522909134343402
18.12499999999921 5.411115923012369e-05 -0.0001432622603714537
18.12777777777699 7.879873985542568e-05 -0.0001295231698448176
18.13055555555477 0.000100318470044642 -0.0001116293452912951
18.13333333333254 0.0001179900694250799 -9.027008344263968e-05
18.13611111111032 0.0001312774569051061 -6.624232938786205e-05
18.1388888888881 0.0001398050165817921 -4.042137009390752e-05
18.14166666666587 0.0001433680400605843 -1.372923536464644e-05
18.14444444444365 0.0001419370595962384 1.289805755060289e-05
18.14722222222143 0.0001356560047346496 3.854325310406672e-05
18.1499999999992 0.0001248343332861788 6.233945273552997e-05
18.15277777777698 0.0001099334977499218 8.349946406794723e-05
18.15555555555476 9.154830334481236e-05 0.0001013419051789796
18.15833333333253 7.038388680842579e-05 0.0001153131927996664
18.16111111111031 4.722919017710475e-05 0.0001250047003387005
18.16388888888808 2.292791599228039e-05 0.0001301645521253269
18.16666666666586 -1.651973849290645e-06 0.000130703717497007
18.16944444444364 -2.564911637114495e-05 0.0001266962750966859
18.17222222222141 -4.823886631084183e-05 0.0001183739264810088
18.17499999999919 -6.866162053450072e-05 0.0001061150413789363
18.17777777777697 -8.624837201307663e-05 9.042870745709645e-05
18.18055555555474 -0.0001004426300016619 7.193442855645837e-05
18.18333333333252 -0.0001108179851612026 5.133826115413781e-05
18.1861111111103 -0.0001170907643958977 2.940629433382833e-05
18.18888888888807 -0.000119127403866336 6.936460040719102e-06
18.19166666666585 -0.0001169463631431582 -1.52702946685251e-05
18.19444444444363 -0.0001107146016273684 -3.64384344414962e-05
18.1972222222214 -0.0001007388329792282 -5.584485283636014e-05
18.19999999999918 -8.745195737517402e-05 -7.284353740939477e-05
18.20277777777696 -7.139523842500353e-05 -8.688703938448678e-05
18.20555555555473 -5.319693570643376e-05 -9.754403281489293e-05
18.20833333333251 -3.354822018662939e-05 -0.0001045124003239501
18.21111111111028 -1.317728445952937e-05 -0.0001076274527939238
18.21388888888806 7.177389914183165e-06 -0.0001068650723268834
18.21666666666584 2.679363097021927e-05 -0.0001023397546384365
18.21944444444361 4.499108479527479e-05 -9.429771189141174e-05
18.22222222222139 6.115473325504245e-05 -8.31053731173237e-05
18.22499999999917 7.475560767219484e-05 -6.923378050142622e-05
18.22777777777694 8.53680006614461e-05 -5.323952025442797e-05
18.23055555555472 9.268261746447818e-05 -3.574294172077713e-05
18.2333333333325 9.651526541105872e-05 -1.740450395443245e-05
18.23611111111027 9.68108495317812e-05 1.099857474252822e-06
18.23888888888805 9.364261745620351e-05 1.910343066758432e-05
18.24166666666583 8.720677102825443e-05 3.597259555152679e-05
18.2444444444436 7.78127291585868e-05 5.112900741131937e-05
18.24722222222138 6.586948027108317e-05 6.406932019037785e-05
18.24999999999915 5.186859782756932e-05 7.438177806328567e-05
18.25277777777693 3.636460414035988e-05 8.175913083272801e-05
18.25555555555471 1.995345225908524e-05 8.600747357811961e-05
18.25833333333248 3.249950457892073e-06 8.705076805818246e-05
18.26111111111026 -1.31350227856146e-05 8.493096662412145e-05
18.26388888888804 -2.86166737808046e-05 7.980382268246357e-05
18.26666666666581 -4.265701828021227e-05 7.193062900063701e-05
18.26944444444359 -5.478344363243286e-05 6.16662706354797e-05
18.27222222222137 -6.460447027715709e-05 4.944410777765177e-05
18.27499999999914 -7.18221903754856e-05 3.575831085256224e-05
18.27777777777692 -7.62409945523167e-05 2.11443521864527e-05
18.2805555555547 -7.777234287985503e-05 6.158412814591688e-06
18.28333333333247 -7.643548772145323e-05 -8.643511957152366e-06
18.28611111111025 -7.235420811147753e-05 -2.27260292428952e-05
18.28888888888802 -6.57497622706827e-05 -3.559354208881966e-05
18.2916666666658 -5.69304012402033e-05 -4.680753510224112e-05
18.29444444444358 -4.627790754042734e-05 -5.600135261562855e-05
18.29722222222135 -3.423172397222643e-05 -6.28919756733495e-05
18.29999999999913 -2.127131574075837e-05 -6.72884263890445e-05
18.30277777777691 -7.897461496218382e-06 -6.909656196563115e-05
18.30555555555468 5.38680583993321e-06 -6.832016064962373e-05
18.30833333333246 1.809488989167531e-05 -6.505834271245625e-05
18.31111111111024 2.977426397544988e-05 -5.949950588865325e-05
18.31388888888801 4.002241185264573e-05 -5.191208149244731e-05
18.31666666666579 4.850051873008399e-05 -4.263253007544025e-05
18.31944444444357 5.494445191705911e-05 -3.205108999593861e-05
18.32222222222134 5.917268266942394e-05 -2.059586542398687e-05
18.32499999999912 6.109092366821724e-05 -8.715889760343783e-06
18.32777777777689 6.069338541435546e-05 3.136175200363415e-06
18.33055555555467 5.806068455633514e-05 1.452104519468796e-05
18.33333333333245 5.335456285502348e-05 2.502889145392839e-05
18.33611111111022 4.680969242701953e-05 3.429390721511678e-05
18.338888888888 3.872294682198721e-05 4.200684992169173e-05
18.34166666666578 2.944060468922926e-05 4.792513482333333e-05
18.34444444444355 1.934402029596569e-05 5.1880158432774e-05
18.34722222222133 8.834340812598722e-06 5.378164299635861e-05
18.34999999999911 -1.68312720184872e-06 5.36189112632061e-05
18.35277777777688 -1.181430066300452e-05 5.145911975432815e-05
18.35555555555466 -2.119087465823271e-05 4.74425938628914e-05
18.35833333333244 -2.948351693288623e-05 4.177551512533612e-05
18.36111111111021 -3.641323490912255e-05 3.472030595807451e-05
18.36388888888799 -4.176052916486867e-05 2.658413667276823e-05
18.36666666666576 -4.537204139570456e-05 1.770604094687938e-05
18.36944444444354 -4.716450797136373e-05 8.443167179138028e-06
18.37222222222132 -4.71259381047814e-05 -8.432868352649222e-07
18.37499999999909 -4.531404410023138e-05 -9.801910008423977e-06
18.37777777777687 -4.185205593509957e-05 -1.810416145866338e-05
18.38055555555465 -3.692214958931009e-05 -2.545622017228513e-05
18.38333333333242 -3.075680448222684e-05 -3.160917929037686e-05
18.3861111111102 -2.362847704007032e-05 -3.636723800108937e-05
18.38888888888798 -1.583803235304532e-05 -3.959363011897645e-05
18.39166666666575 -7.702412352511051e-06 -4.121412250112746e-05
18.39444444444353 4.579640335726314e-07 -4.121801463868359e-05
18.39722222222131 8.331575901134768e-06 -3.96566691533847e-05
18.39999999999908 1.562747939832605e-05 -3.663969768525078e-05
18.40277777777686 2.208585902996613e-05 -3.232901417350904e-05
18.40555555555463 2.748707472741894e-05 -2.693104457056283e-05
18.40833333333241 3.165889663755787e-05 -2.068744583552284e-05
18.41111111111019 3.448169828470032e-05 -1.386473546282637e-05
18.41388888888796 3.589146436390812e-05 -6.743264299936504e-06
18.41666666666574 3.588055840493938e-05 3.940208140738884e-07
18.41944444444352 3.449628433020974e-05 7.272582095643823e-06
18.42222222222129 3.183736103702065e-05 1.363664229910971e-05
18.42499999999907 2.804850731420022e-05 1.925849856207876e-05
18.42777777777685 2.331340275911649e-05 2.394646578022337e-05
18.43055555555462 1.784634645475849e-05 2.755117960209721e-05
18.4333333333324 1.188297710630545e-05 2.997006095842473e-05
18.43611111111018 5.670444836772607e-06 3.114982170109715e-05
18.43888888888795 -5.425647386068415e-07 3.108697120445541e-05
18.44166666666573 -6.515559188434427e-06 2.982636343481638e-05
18.4444444444435 -1.202534678695523e-05 2.745789988862066e-05
18.44722222222128 -1.687418421680497e-05 2.411157303098366e-05
18.44999999999906 -2.089667342260361e-05 1.995109486966977e-05
18.45277777777683 -2.39651743925033e-05 1.516640394294394e-05
18.45555555555461 -2.599356605083466e-05 9.965379661154141e-06
18.45833333333239 -2.693925764511765e-05 4.565114556768079e-06
18.46111111111016 -2.680342507832446e-05 -8.168979069152813e-07
18.46388888888794 -2.562951765254047e-05 -5.971309625190596e-06
18.46666666666572 -2.35001478506577e-05 -1.070486891393016e-05
18.46944444444349 -2.05325375167573e-05 -1.484748052653059e-05
18.47222222222127 -1.687274585830177e-05 -1.825812311672828e-05
18.47499999999905 -1.268894624709863e-05 -2.082942567304986e-05
18.47777777777682 -8.164048477392507e-06 -2.249076384041943e-05
18.4805555555546 -3.487980097158014e-06 -2.320980023112464e-05
18.48333333333238 1.150055651488057e-06 -2.299245716774769e-05
18.48611111111015 5.569036647234906e-06 -2.188137318062757e-05
18.48888888888793 9.603005815493243e-06 -1.995295351830326e-05
18.4916666666657 1.310712640752939e-05 -1.731317766686953e-05
18.49444444444348 1.596269405432861e-05 -1.409237147255996e-05
18.49722222222126 1.808093955753521e-05 -1.043918636419044e-05
18.49999999999903 1.940551010683054e-05 -6.514052257971516e-06
18.50277777777681 1.991357320429868e-05 -2.482383346444088e-06
