16.5 1.222538835817893e-07 -1.787644731888916e-07
16.50277777777778 1.248000234552282e-07 -1.856339351875048e-07
16.50555555555555 1.273675563930924e-07 -1.927337175102985e-07
16.50833333333333 1.299551761649514e-07 -2.000704105063158e-07
16.51111111111111 1.32561488215273e-07 -2.076507564499096e-07
16.51388888888888 1.351850064271962e-07 -2.154816519116322e-07
16.51666666666666 1.378241498085357e-07 -2.235701501315699e-07
16.51944444444444 1.4047723909949e-07 -2.319234633943477e-07
16.52222222222221 1.43142493301031e-07 -2.405489654041859e-07
16.52499999999999 1.45818026123308e-07 -2.494541936589917e-07
16.52777777777776 1.485018423531689e-07 -2.586468518217877e-07
16.53055555555554 1.511918341402349e-07 -2.68134812088482e-07
16.53333333333332 1.538857772006693e-07 -2.77926117550225e-07
16.53611111111109 1.565813269381209e-07 -2.880289845492141e-07
16.53888888888887 1.592760144809612e-07 -2.984518050260131e-07
16.54166666666665 1.619672426355123e-07 -3.09203148857362e-07
16.54444444444442 1.646522817544558e-07 -3.202917661825304e-07
16.5472222222222 1.673282655199054e-07 -3.317265897165847e-07
16.54999999999998 1.699921866408439e-07 -3.435167370493613e-07
16.55277777777775 1.726408924641719e-07 -3.556715129277756e-07
16.55555555555553 1.75271080499197e-07 -3.682004115204323e-07
16.55833333333331 1.778792938549887e-07 -3.811131186620754e-07
16.56111111111108 1.804619165904972e-07 -3.94419514076867e-07
16.56388888888886 1.830151689768681e-07 -4.081296735777842e-07
16.56666666666663 1.855351026719686e-07 -4.222538712410372e-07
16.56944444444441 1.880175958067812e-07 -4.368025815530087e-07
16.57222222222219 1.904583479836021e-07 -4.517864815282111e-07
16.57499999999996 1.928528751858713e-07 -4.672164527957758e-07
16.57777777777774 1.95196504599774e-07 -4.83103583653107e-07
16.58055555555552 1.974843693474375e-07 -4.994591710839831e-07
16.58333333333329 1.997114031319331e-07 -5.162947227394552e-07
16.58611111111107 2.018723347941862e-07 -5.336219588791647e-07
16.58888888888885 2.039616827820138e-07 -5.514528142712078e-07
16.59166666666662 2.059737495315406e-07 -5.69799440047894e-07
16.5944444444444 2.079026157613189e-07 -5.886742055158052e-07
16.59722222222218 2.097421346796363e-07 -6.080896999172644e-07
16.59999999999995 2.114859261052663e-07 -6.280587341413926e-07
16.60277777777773 2.131273705024475e-07 -6.485943423820784e-07
16.6055555555555 2.146596029306132e-07 -6.697097837411746e-07
16.60833333333328 2.160755069093876e-07 -6.91418543773396e-07
16.61111111111106 2.173677081998824e-07 -7.137343359719192e-07
16.61388888888883 2.185285685029056e-07 -7.366711031910653e-07
16.61666666666661 2.195501790751404e-07 -7.60243019004536e-07
16.61944444444439 2.204243542641342e-07 -7.844644889959399e-07
16.62222222222216 2.211426249633312e-07 -8.093501519799371e-07
16.62499999999994 2.216962319881975e-07 -8.349148811507015e-07
16.62777777777772 2.2207611937464e-07 -8.611737851557851e-07
16.63055555555549 2.222729276013241e-07 -8.881422090926817e-07
16.63333333333327 2.222769867367522e-07 -9.158357354251934e-07
16.63611111111105 2.220783095133154e-07 -9.442701848175441e-07
16.63888888888882 2.216665843292256e-07 -9.734616168833416e-07
16.6416666666666 2.210311681805618e-07 -1.003426330846806e-06
16.64444444444437 2.201610795248174e-07 -1.034180866113822e-06
16.64722222222215 2.190449910781008e-07 -1.065742002749942e-06
16.64999999999993 2.176712225477622e-07 -1.098126761863218e-06
16.6527777777777 2.160277333026753e-07 -1.131352405888352e-06
16.65555555555548 2.141021149831124e-07 -1.16543643877057e-06
16.65833333333326 2.11881584052922e-07 -1.200396606045912e-06
16.66111111111103 2.093529742956794e-07 -1.236250894815378e-06
16.66388888888881 2.065027292581193e-07 -1.273017533610764e-06
16.66666666666659 2.033168946427012e-07 -1.310714992148751e-06
16.66944444444436 1.99781110652409e-07 -1.34936198097178e-06
16.67222222222214 1.958806042904497e-07 -1.388977450971553e-06
16.67499999999992 1.916001816176606e-07 -1.429580592794438e-06
16.67777777777769 1.86924219970914e-07 -1.471190836124504e-06
16.68055555555547 1.818366601451248e-07 -1.51382784884268e-06
16.68333333333324 1.763209985427217e-07 -1.557511536059095e-06
16.68611111111102 1.703602792932219e-07 -1.602262039016143e-06
16.6888888888888 1.639370863470797e-07 -1.648099733859674e-06
16.69166666666657 1.570335355465524e-07 -1.695045230276146e-06
16.69444444444435 1.496312666780874e-07 -1.743119369992712e-06
16.69722222222213 1.417114355093253e-07 -1.792343225138983e-06
16.6999999999999 1.332547058149097e-07 -1.84273809646592e-06
16.70277777777768 1.242412413951151e-07 -1.894325511422335e-06
16.70555555555546 1.146506980914246e-07 -1.94712722208428e-06
16.70833333333323 1.044622158029944e-07 -2.001165202936623e-06
16.71111111111101 9.365441050879603e-08 -2.056461648502949e-06
16.71388888888879 8.220536629943391e-08 -2.113038970824119e-06
16.71666666666656 7.009262742373643e-08 -2.170919796780317e-06
16.71944444444434 5.72931903540176e-08 -2.230126965257265e-06
16.72222222222211 4.378349587579142e-08 -2.290683524152262e-06
16.72499999999989 2.953942120582805e-08 -2.352612727220278e-06
16.72777777777767 1.453627214448311e-08 -2.415938030755889e-06
16.73055555555544 -1.251224733442195e-09 -2.480683090111454e-06
16.73333333333322 -1.784892984322791e-08 -2.546871756047423e-06
16.736111111111 -3.528329830562221e-08 -2.61452807091583e-06
16.73888888888877 -5.358138760684726e-08 -2.683676264672126e-06
16.74166666666655 -7.277086519846518e-08 -2.754340750717127e-06
16.74444444444433 -9.288001603061512e-08 -2.826546121563932e-06
16.7472222222221 -1.139377500136827e-07 -2.900317144332421e-06
16.74999999999988 -1.359736094018105e-07 -2.975678756065663e-06
16.75277777777766 -1.590177760927943e-07 -3.052656058871958e-06
16.75555555555543 -1.831010788377931e-07 -3.131274314885196e-06
16.75833333333321 -2.082550003554396e-07 -3.211558941049005e-06
16.76111111111098 -2.345116843430722e-07 -3.293535503718321e-06
16.76388888888876 -2.619039423797021e-07 -3.377229713081254e-06
16.76666666666654 -2.904652607133828e-07 -3.462667417397841e-06
16.76944444444431 -3.202298069273688e-07 -3.5498745970559e-06
16.77222222222209 -3.512324364773681e-07 -3.638877358444972e-06
16.77499999999987 -3.835086990941624e-07 -3.729701927644967e-06
16.77777777777764 -4.170948450439606e-07 -3.822374643930624e-06
16.78055555555542 -4.520278312403e-07 -3.916921953093053e-06
16.7833333333332 -4.883453271998479e-07 -4.013370400574363e-06
16.78611111111097 -5.260857208356635e-07 -4.111746624419472e-06
16.78888888888875 -5.65288124080527e-07 -4.212077348042575e-06
16.79166666666653 -6.059923783327075e-07 -4.314389372808823e-06
16.7944444444443 -6.482390597180927e-07 -4.418709570432951e-06
16.79722222222208 -6.920694841598375e-07 -4.525064875192988e-06
16.79999999999986 -7.375257122497508e-07 -4.633482275962136e-06
16.80277777777763 -7.846505539123561e-07 -4.743988808057023e-06
16.80555555555541 -8.334875728556544e-07 -4.856611544906497e-06
16.80833333333318 -8.840810907996904e-07 -4.971377589536721e-06
16.81111111111096 -9.364761914767368e-07 -5.088314065880699e-06
16.81388888888874 -9.907187243939455e-07 -5.207448109905458e-06
16.81666666666651 -1.046855308352445e-06 -5.328806860566302e-06
16.81944444444429 -1.104933334713261e-06 -5.452417450583294e-06
16.82222222222207 -1.165000970404763e-06 -5.578306997044758e-06
16.82499999999984 -1.227107160661099e-06 -5.706502591839306e-06
16.82777777777762 -1.291301631486762e-06 -5.837031291918153e-06
16.8305555555554 -1.357634891836487e-06 -5.969920109388864e-06
16.83333333333317 -1.42615823550591e-06 -6.105196001445247e-06
16.83611111111095 -1.496923742721949e-06 -6.242885860131166e-06
16.83888888888873 -1.569984281428123e-06 -6.383016501948922e-06
16.8416666666665 -1.645393508254287e-06 -6.525614657303201e-06
16.84444444444428 -1.723205869165637e-06 -6.67070695979737e-06
16.84722222222205 -1.803476599780538e-06 -6.818319935371501e-06
16.84999999999983 -1.886261725352277e-06 -6.968479991296149e-06
16.85277777777761 -1.971618060403918e-06 -7.121213405017552e-06
16.85555555555538 -2.059603208012134e-06 -7.276546312864731e-06
16.85833333333316 -2.150275558728377e-06 -7.434504698613661e-06
16.86111111111094 -2.243694289133865e-06 -7.5951143819206e-06
16.86388888888871 -2.339919360017077e-06 -7.758401006623369e-06
16.86666666666649 -2.439011514169688e-06 -7.924390028917775e-06
16.86944444444427 -2.541032273790431e-06 -8.093106705408835e-06
16.87222222222204 -2.646043937492119e-06 -8.264576081047539e-06
16.87499999999982 -2.754109576902256e-06 -8.438822976952948e-06
16.8777777777776 -2.865293032852623e-06 -8.615871978126223e-06
16.88055555555537 -2.979658911147427e-06 -8.795747421060525e-06
16.88333333333315 -3.097272577906874e-06 -8.978473381254556e-06
16.88611111111092 -3.2182001544751e-06 -9.164073660629111e-06
16.8888888888887 -3.342508511889749e-06 -9.352571774860434e-06
16.89166666666648 -3.47026526490248e-06 -9.5439909406266e-06
16.89444444444425 -3.601538765548101e-06 -9.738354062780182e-06
16.89722222222203 -3.736398096250847e-06 -9.9356837214497e-06
16.89999999999981 -3.874913062467175e-06 -1.013600215907381e-05
16.90277777777758 -4.017154184852979e-06 -1.033933126737852e-05
16.90555555555536 -4.163192690954793e-06 -1.054569257430252e-05
16.90833333333314 -4.313100506414867e-06 -1.075510723087273e-05
16.91111111111091 -4.466950245685422e-06 -1.096759599804262e-05
16.91388888888869 -4.624815202249378e-06 -1.118317923349696e-05
16.91666666666647 -4.786769338336917e-06 -1.140187687842993e-05
16.91944444444424 -4.952887274138535e-06 -1.162370844430255e-05
16.92222222222202 -5.123244276503258e-06 -1.184869299958892e-05
16.92499999999979 -5.297916247124432e-06 -1.207684915651608e-05
16.92777777777757 -5.476979710200459e-06 -1.230819505780617e-05
16.93055555555535 -5.660511799573971e-06 -1.254274836342694e-05
16.93333333333312 -5.84859024533796e-06 -1.278052623736027e-05
16.9361111111109 -6.041293359911696e-06 -1.302154533439282e-05
16.93888888888868 -6.238700023575779e-06 -1.326582178694167e-05
16.94166666666645 -6.44088966946973e-06 -1.351337119191596e-05
16.94444444444423 -6.64794226804224e-06 -1.376420859762863e-05
16.94722222222201 -6.859938310957209e-06 -1.40183484907637e-05
16.94999999999978 -7.076958794446444e-06 -1.427580478340481e-05
16.95277777777756 -7.299085202113807e-06 -1.453659080014099e-05
16.95555555555534 -7.526399487179507e-06 -1.480071926524318e-05
16.95833333333311 -7.758984054173362e-06 -1.506820228994003e-05
16.96111111111089 -7.996921740063318e-06 -1.533905135978031e-05
16.96388888888866 -8.240295794829573e-06 -1.561327732210978e-05
16.96666666666644 -8.48918986147294e-06 -1.58908903736526e-05
16.96944444444422 -8.743687955465418e-06 -1.617190004822264e-05
16.97222222222199 -9.003874443633146e-06 -1.645631520455929e-05
16.97499999999977 -9.269834022482161e-06 -1.674414401430863e-05
16.97777777777755 -9.541651695955559e-06 -1.703539395014662e-05
16.98055555555532 -9.819412752634126e-06 -1.733007177406519e-05
16.9833333333331 -1.010320274236854e-05 -1.762818352581439e-05
16.98611111111088 -1.039310745235863e-05 -1.792973451153322e-05
16.98888888888865 -1.068921288266423e-05 -1.823472929254507e-05
16.99166666666643 -1.099160522116858e-05 -1.854317167436502e-05
16.99444444444421 -1.130037081797507e-05 -1.885506469588804e-05
16.99722222222198 -1.16155961592609e-05 -1.917041061880058e-05
16.99999999999976 -1.193736784057119e-05 -1.948921091720173e-05
17.00277777777753 -1.226577253957425e-05 -1.981146626745737e-05
17.00555555555531 -1.260089698826333e-05 -2.013717653828191e-05
17.00833333333309 -1.294282794462694e-05 -2.046634078106911e-05
17.01111111111086 -1.329165216377625e-05 -2.079895722047575e-05
17.01388888888864 -1.364745636854555e-05 -2.113502324526131e-05
17.01666666666642 -1.401032721956124e-05 -2.147453539940185e-05
17.01944444444419 -1.438035128479551e-05 -2.181748937348279e-05
17.02222222222197 -1.47576150085961e-05 -2.216387999636494e-05
17.02499999999975 -1.51422046802148e-05 -2.251370122716817e-05
17.02777777777752 -1.553420640182361e-05 -2.28669461475305e-05
17.0305555555553 -1.593370605604307e-05 -2.322360695420206e-05
17.03333333333308 -1.634078927297429e-05 -2.358367495194182e-05
17.03611111111085 -1.675554139675006e-05 -2.394714054674628e-05
17.03888888888863 -1.717804745161573e-05 -2.43139932394094e-05
17.0416666666664 -1.760839210753781e-05 -2.468422161943012e-05
17.04444444444418 -1.804665964536378e-05 -2.505781335926635e-05
17.04722222222196 -1.849293392152322e-05 -2.543475520893626e-05
17.04999999999973 -1.894729833230199e-05 -2.581503299100267e-05
17.05277777777751 -1.940983577767573e-05 -2.619863159590718e-05
17.05555555555529 -1.988062862473736e-05 -2.658553497770026e-05
17.05833333333306 -2.035975867070406e-05 -2.697572615014103e-05
17.06111111111084 -2.084730710553948e-05 -2.736918718319819e-05
17.06388888888862 -2.134335447417801e-05 -2.776589919993739e-05
17.06666666666639 -2.184798063838873e-05 -2.816584237383078e-05
17.06944444444417 -2.236126473826493e-05 -2.856899592645122e-05
17.07222222222195 -2.288328515337615e-05 -2.897533812560365e-05
17.07499999999972 -2.341411946357281e-05 -2.938484628386039e-05
17.0777777777775 -2.39538444094812e-05 -2.979749675753647e-05
17.08055555555528 -2.450253585267429e-05 -3.021326494608367e-05
17.08333333333305 -2.506026873556268e-05 -3.063212529192902e-05
17.08611111111083 -2.56271170409921e-05 -3.105405128075408e-05
17.0888888888886 -2.620315375158435e-05 -3.147901544220876e-05
17.09166666666638 -2.678845080882018e-05 -3.190698935108805e-05
17.09444444444416 -2.738307907189366e-05 -3.233794362894968e-05
17.09722222222193 -2.798710827634051e-05 -3.277184794620468e-05
17.09999999999971 -2.860060699246944e-05 -3.320867102464207e-05
17.10277777777749 -2.922364258360047e-05 -3.364838064044814e-05
17.10555555555526 -2.98562811641396e-05 -3.409094362766036e-05
17.10833333333304 -3.049858755749271e-05 -3.453632588211361e-05
17.11111111111082 -3.115062525385489e-05 -3.498449236584843e-05
17.11388888888859 -3.181245636786897e-05 -3.54354071119843e-05
17.11666666666637 -3.248414159619911e-05 -3.588903323008183e-05
17.11944444444415 -3.316574017500936e-05 -3.634533291196777e-05
17.12222222222192 -3.385730983739072e-05 -3.680426743803893e-05
17.1249999999997 -3.455890677073776e-05 -3.72657971840545e-05
17.12777777777747 -3.527058557410699e-05 -3.77298816283861e-05
17.13055555555525 -3.599239921556266e-05 -3.819647935976062e-05
17.13333333333303 -3.672439898954917e-05 -3.866554808547992e-05
17.1361111111108 -3.746663447428392e-05 -3.913704464010293e-05
17.13888888888858 -3.821915348922382e-05 -3.961092499462459e-05
17.14166666666636 -3.898200205258836e-05 -4.008714426611205e-05
17.14444444444413 -3.975522433899493e-05 -4.056565672781381e-05
17.14722222222191 -4.053886263720461e-05 -4.104641581976411e-05
17.14999999999969 -4.133295730800708e-05 -4.152937415981186e-05
17.15277777777746 -4.213754674227079e-05 -4.201448355516751e-05
17.15555555555524 -4.295266731916457e-05 -4.250169501436363e-05
17.15833333333302 -4.377835336459647e-05 -4.29909587597113e-05
17.16111111111079 -4.461463710986612e-05 -4.348222424019943e-05
17.16388888888857 -4.546154865057357e-05 -4.397544014483785e-05
17.16666666666634 -4.631911590578835e-05 -4.447055441645813e-05
17.16944444444412 -4.718736457752354e-05 -4.496751426596343e-05
17.1722222222219 -4.806631811050661e-05 -4.546626618699334e-05
17.17499999999967 -4.895599765230833e-05 -4.5966755971048e-05
17.17777777777745 -4.985642201381084e-05 -4.646892872301961e-05
17.18055555555523 -5.076760763007378e-05 -4.697272887715407e-05
17.183333333333 -5.168956852159287e-05 -4.747810021341464e-05
17.18611111111078 -5.26223162560009e-05 -4.798498587428283e-05
17.18888888888856 -5.356585991019947e-05 -4.849332838190509e-05
17.19166666666633 -5.452020603299139e-05 -4.900306965570735e-05
17.19444444444411 -5.548535860817828e-05 -4.951415103031462e-05
17.19722222222189 -5.646131901820597e-05 -5.002651327390384e-05
17.19999999999966 -5.744808600833141e-05 -5.054009660690034e-05
17.20277777777744 -5.844565565137487e-05 -5.105484072105265e-05
17.20555555555521 -5.945402131303336e-05 -5.157068479881533e-05
17.20833333333299 -6.047317361783825e-05 -5.208756753313661e-05
17.21111111111077 -6.150310041571408e-05 -5.26054271475098e-05
17.21388888888854 -6.254378674922378e-05 -5.312420141641186e-05
17.21666666666632 -6.359521482146062e-05 -5.364382768597304e-05
17.2194444444441 -6.465736396468057e-05 -5.416424289505085e-05
17.22222222222187 -6.573021060961683e-05 -5.468538359647806e-05
17.22499999999965 -6.681372825557535e-05 -5.520718597867463e-05
17.22777777777743 -6.790788744127399e-05 -5.572958588748949e-05
17.2305555555552 -6.901265571649299e-05 -5.625251884830979e-05
17.23333333333298 -7.012799761451135e-05 -5.677592008838941e-05
17.23611111111076 -7.125387462540735e-05 -5.729972455944714e-05
17.23888888888853 -7.239024517017923e-05 -5.782386696041929e-05
17.24166666666631 -7.353706457577918e-05 -5.834828176051067e-05
17.24444444444408 -7.469428505100744e-05 -5.887290322233684e-05
17.24722222222186 -7.586185566335294e-05 -5.939766542530531e-05
17.24999999999964 -7.703972231675017e-05 -5.992250228916043e-05
17.25277777777741 -7.82278277303111e-05 -6.044734759764185e-05
17.25555555555519 -7.942611141801874e-05 -6.097213502232491e-05
17.25833333333297 -8.063450966943182e-05 -6.149679814654497e-05
17.26111111111074 -8.185295553139124e-05 -6.202127048945509e-05
17.26388888888852 -8.308137879077975e-05 -6.254548553018251e-05
17.2666666666663 -8.431970595831023e-05 -6.306937673201942e-05
17.26944444444407 -8.556786025341595e-05 -6.359287756676396e-05
17.27222222222185 -8.682576159020243e-05 -6.411592153900192e-05
17.27499999999963 -8.809332656451665e-05 -6.463844221051887e-05
17.2777777777774 -8.93704684421519e-05 -6.516037322467655e-05
17.28055555555518 -9.065709714816837e-05 -6.568164833082594e-05
17.28333333333295 -9.195311925739429e-05 -6.620220140867304e-05
17.28611111111073 -9.325843798607838e-05 -6.67219664926496e-05
17.28888888888851 -9.457295318474717e-05 -6.724087779622621e-05
17.29166666666628 -9.589656133225004e-05 -6.775886973618667e-05
17.29444444444406 -9.7229155531032e-05 -6.82758769567869e-05
17.29722222222184 -9.85706255036263e-05 -6.87918343538868e-05
17.29999999999961 -9.992085759039881e-05 -6.930667709889654e-05
17.30277777777739 -0.0001012797347485412 -6.982034066270297e-05
17.30555555555517 -0.000102647136552344 -7.033276083937234e-05
17.30833333333294 -0.00010402293919473 -7.084387376972892e-05
17.31111111111072 -0.0001054070154901036 -7.135361596478672e-05
17.3138888888885 -0.0001067992348784797 -7.186192432900211e-05
17.31666666666627 -0.0001081994634309406 -7.236873618323468e-05
17.31944444444405 -0.0001096075638564035 -7.287398928767319e-05
17.32222222222182 -0.0001110233955097278 -7.337762186431553e-05
17.3249999999996 -0.0001124468144011496 -7.387957261940326e-05
17.32777777777738 -0.0001138776732070773 -7.43797807654413e-05
17.33055555555515 -0.0001153158212822223 -7.48781860430422e-05
17.33333333333293 -0.0001167611046731126 -7.53747287424363e-05
17.33611111111071 -0.0001182133661329442 -7.586934972466012e-05
17.33888888888848 -0.0001196724451378323 -7.636199044246519e-05
17.34166666666626 -0.0001211381779044127 -7.685259296090554e-05
17.34444444444404 -0.000122610397408844 -7.734109997746044e-05
17.34722222222181 -0.0001240889334071721 -7.782745484197092e-05
17.34999999999959 -0.0001255736124570997 -7.831160157601752e-05
17.35277777777737 -0.0001270642579411241 -7.879348489207735e-05
17.35555555555514 -0.0001285606900910827 -7.927305021211516e-05
17.35833333333292 -0.0001300627260140643 -7.975024368586738e-05
17.3611111111107 -0.0001315701797197356 -8.022501220869895e-05
17.36388888888847 -0.0001330828621490282 -8.06973034388795e-05
17.36666666666625 -0.0001346005812042388 -8.116706581460904e-05
17.36944444444402 -0.0001361231417804874 -8.163424857038675e-05
17.3722222222218 -0.0001376503457985806 -8.209880175298671e-05
17.37499999999958 -0.0001391819922392315 -8.256067623700305e-05
17.37777777777735 -0.0001407178771786724 -8.301982373970901e-05
17.38055555555513 -0.0001422577938256154 -8.347619683560103e-05
17.38333333333291 -0.0001438015325595963 -8.392974897030715e-05
17.38611111111068 -0.0001453488809706534 -8.438043447392425e-05
17.38888888888846 -0.0001468996239003777 -8.482820857393445e-05
17.39166666666624 -0.0001484535434842768 -8.527302740750755e-05
17.39444444444401 -0.0001500104191955004 -8.571484803313907e-05
17.39722222222179 -0.0001515700278898679 -8.615362844189397e-05
17.39999999999957 -0.0001531321438522112 -8.658932756793024e-05
17.40277777777734 -0.0001546965388440325 -8.702190529852989e-05
17.40555555555512 -0.0001562629821524352 -8.745132248341851e-05
17.40833333333289 -0.0001578312406403517 -8.787754094361057e-05
17.41111111111067 -0.0001594010787980155 -8.830052347955229e-05
17.41388888888845 -0.000160972258795711 -8.872023387865503e-05
17.41666666666622 -0.0001625445405377326 -8.913663692227833e-05
17.419444444444 -0.0001641176817175944 -8.954969839201285e-05
17.42222222222178 -0.0001656914378744254 -8.995938507530572e-05
17.42499999999955 -0.0001672655624505686 -9.036566477061028e-05
17.42777777777733 -0.0001688398068503453 -9.076850629164338e-05
17.43055555555511 -0.0001704139204999936 -9.11678794711873e-05
17.43333333333288 -0.0001719876509087113 -9.156375516423069e-05
17.43611111111066 -0.0001735607437308539 -9.195610525040118e-05
17.43888888888844 -0.0001751329428292062 -9.234490263572557e-05
17.44166666666621 -0.000176703990339355 -9.273012125380562e-05
17.44444444444399 -0.0001782736267350937 -9.311173606627656e-05
17.44722222222176 -0.0001798415908948867 -9.348972306274528e-05
17.44999999999954 -0.000181407620169335 -9.386405925982251e-05
17.45277777777732 -0.0001829714504496405 -9.423472269980104e-05
17.45555555555509 -0.0001845328162370283 -9.460169244842791e-05
17.45833333333287 -0.0001860914507131368 -9.496494859214137e-05
17.46111111111065 -0.0001876470858112857 -9.532447223473786e-05
17.46388888888842 -0.0001891994522886975 -9.568024549312333e-05
17.4666666666662 -0.0001907482797995169 -9.603225149281764e-05
17.46944444444398 -0.0001922932969687443 -9.638047436242865e-05
17.47222222222175 -0.0001938342314669228 -9.672489922776963e-05
17.47499999999953 -0.0001953708100856717 -9.706551220514557e-05
17.47777777777731 -0.0001969027588139271 -9.740230039416832e-05
17.48055555555508 -0.0001984298029149461 -9.773525186995013e-05
17.48333333333286 -0.0001999516670040151 -9.806435567447428e-05
17.48611111111063 -0.0002014680751268195 -9.838960180765503e-05
17.48888888888841 -0.0002029787508384689 -9.871098121751236e-05
17.49166666666619 -0.0002044834172831296 -9.902848579002076e-05
17.49444444444396 -0.0002059817972742289 -9.93421083382412e-05
17.49722222222174 -0.0002074736133752628 -9.965184259074255e-05
17.49999999999952 -0.0002089585879810452 -9.995768317979845e-05
17.50277777777729 -0.0002104364433995279 -0.0001002596256286825
17.50555555555507 -0.0002119069019340223 -0.0001005576663385825
17.50833333333285 -0.0002133696859658693 -0.000100851802575038
17.51111111111062 -0.0002148245180375019 -0.0001011420324536433
17.5138888888884 -0.0002162711209358452 -0.0001014283549255498
17.51666666666618 -0.0002177092177760817 -0.000101710769762105
17.51944444444395 -0.0002191385320856721 -0.0001019892775392461
17.52222222222173 -0.0002205587878886449 -0.0001022638796214094
17.5249999999995 -0.0002219697097901013 -0.0001025345781449036
17.52777777777728 -0.0002233710230609728 -0.0001028013760006269
17.53055555555506 -0.0002247624537227804 -0.0001030642768170224
17.53333333333283 -0.0002261437286327185 -0.0001033232849416513
17.53611111111061 -0.000227514575568637 -0.0001035784054232076
17.53888888888839 -0.0002288747233141704 -0.0001038296439927524
17.54166666666616 -0.0002302239017438813 -0.000104077007044432
17.54444444444394 -0.0002315618419083369 -0.0001043205016162011
17.54722222222172 -0.0002328882761191456 -0.0001045601353699613
17.54999999999949 -0.0002342029380339331 -0.0001047959165713408
17.55277777777727 -0.0002355055627410991 -0.0001050278540694685
17.55555555555505 -0.000236795886844525 -0.0001052559572760007
17.55833333333282 -0.000238073648548005 -0.0001054802361441259
17.5611111111106 -0.0002393385877394402 -0.0001057007011473944
17.56388888888837 -0.0002405904460747772 -0.0001059173632581126
17.56666666666615 -0.0002418289670616512 -0.000106130233925558
17.56944444444393 -0.000243053896142609 -0.0001063393250541972
17.5722222222217 -0.0002442649807780977 -0.0001065446489811736
17.57499999999948 -0.0002454619705288602 -0.0001067462184542848
17.57777777777726 -0.0002466446171379681 -0.0001069440466095109
17.58055555555503 -0.0002478126746124248 -0.0001071381469480442
17.58333333333281 -0.0002489658993040918 -0.0001073285333139679
17.58611111111059 -0.0002501040499901669 -0.0001075152198712382
17.58888888888836 -0.0002512268879530498 -0.0001076982210807731
17.59166666666614 -0.0002523341770595519 -0.0001078775516774883
17.59444444444392 -0.0002534256838394684 -0.0001080532266472701
17.59722222222169 -0.0002545011775634035 -0.0001082252612040246
17.59999999999947 -0.000255560430319906 -0.0001083936707666344
17.60277777777724 -0.0002566032170918807 -0.0001085584709356675
17.60555555555502 -0.0002576293158320137 -0.0001087196774709459
17.6083333333328 -0.0002586385075375941 -0.0001088773062681482
17.61111111111057 -0.0002596305763243425 -0.0001090313733360785
17.61388888888835 -0.0002606053094993015 -0.0001091818947740752
17.61666666666613 -0.0002615624976329158 -0.0001093288867491357
17.6194444444439 -0.0002625019346300293 -0.0001094723654735433
17.62222222222168 -0.0002634234177999268 -0.0001096123471825497
17.62499999999946 -0.0002643267479253505 -0.0001097488481121419
17.62777777777723 -0.0002652117293304985 -0.0001098818844769033
17.63055555555501 -0.0002660781699478116 -0.0001100114724484636
17.63333333333279 -0.0002669258813837664 -0.0001101376281337635
17.63611111111056 -0.0002677546789834348 -0.0001102603675538037
17.63888888888834 -0.0002685643818939147 -0.0001103797066225234
17.64166666666612 -0.0002693548131265208 -0.0001104956611260313
17.64444444444389 -0.0002701257996176794 -0.000110608246702351
17.64722222222167 -0.0002708771722887826 -0.0001107174788206938
17.64999999999944 -0.0002716087661043769 -0.0001108233727623727
17.65277777777722 -0.0002723204201294651 -0.0001109259436005511
17.655555555555 -0.0002730119775851146 -0.000111025206181566
17.65833333333277 -0.00027368328590279 -0.0001111211751063386
17.66111111111055 -0.0002743341967774787 -0.0001112138647114643
17.66388888888833 -0.000274964566219163 -0.0001113032890516029
17.6666666666661 -0.0002755742546028713 -0.0001113894618821619
17.66944444444388 -0.0002761631267174459 -0.0001114723966418362
17.67222222222166 -0.000276731051812623 -0.0001115521064362573
17.67499999999943 -0.0002772779036448018 -0.0001116286040214678
17.67777777777721 -0.0002778035605209184 -0.0001117019017891067
17.68055555555499 -0.0002783079053413337 -0.0001117720117501737
17.68333333333276 -0.0002787908256405893 -0.0001118389455212155
17.68611111111054 -0.0002792522136269347 -0.000111902714309823
17.68888888888831 -0.0002796919662201576 -0.0001119633289009478
17.69166666666609 -0.0002801099850876408 -0.0001120207996443038
17.69444444444387 -0.0002805061766791073 -0.0001120751364411714
17.69722222222164 -0.0002808804522592267 -0.0001121263487334473
17.69999999999942 -0.0002812327279391122 -0.0001121744454913249
17.7027777777772 -0.0002815629247057517 -0.0001122194352028871
17.70555555555497 -0.0002818709684496756 -0.0001122613258644808
17.70833333333275 -0.0002821567899913452 -0.0001123001249702553
17.71111111111053 -0.0002824203251053083 -0.0001123358395040131
17.7138888888883 -0.0002826615145430169 -0.0001123684759303569
17.71666666666608 -0.0002828803040536165 -0.0001123980401873986
17.71944444444386 -0.0002830766444032559 -0.0001124245376791917
17.72222222222163 -0.0002832504913923182 -0.0001124479732698403
17.72499999999941 -0.0002834018058710026 -0.0001124683512778583
17.72777777777718 -0.0002835305537534284 -0.0001124856754701512
17.73055555555496 -0.000283636706029377 -0.0001124999490585948
17.73333333333274 -0.000283720238774782 -0.0001125111746954568
17.73611111111051 -0.0002837811331600323 -0.0001125193544707916
17.73888888888829 -0.0002838193754566292 -0.00011252448990998
17.74166666666607 -0.0002838349570422504 -0.0001125265819712372
17.74444444444384 -0.0002838278744035125 -0.0001125256310454408
17.74722222222162 -0.0002837981291374579 -0.0001125216369548581
17.7499999999994 -0.0002837457279508684 -0.000112514598953757
17.75277777777717 -0.0002836706826577702 -0.0001125045157296974
17.75555555555495 -0.0002835730101756666 -0.0001124913854037059
17.75833333333273 -0.0002834527325190125 -0.0001124752055342974
17.7611111111105 -0.0002833098767918484 -0.0001124559731189631
17.76388888888828 -0.0002831444751780454 -0.0001124336845982862
17.76666666666605 -0.0002829565649299305 -0.00011240833586014
17.76944444444383 -0.0002827461883551222 -0.0001123799222445508
17.77222222222161 -0.0002825133928016111 -0.0001123484385491123
17.77499999999938 -0.0002822582306410495 -0.000112313879035114
17.77777777777716 -0.0002819807592502056 -0.0001122762374345209
17.78055555555494 -0.0002816810409907199 -0.0001122355069574065
17.78333333333271 -0.000281359143187175 -0.000112191680299779
17.78611111111049 -0.0002810151381032044 -0.0001121447496528022
17.78888888888827 -0.0002806491029162089 -0.0001120947067114732
17.79166666666604 -0.000280261119689982 -0.0001120415426851963
17.79444444444382 -0.0002798512753460003 -0.0001119852483076816
17.7972222222216 -0.0002794196616326987 -0.0001119258138485584
17.79999999999937 -0.0002789663750933038 -0.0001118632291247455
17.80277777777715 -0.0002784915170318211 -0.0001117974835130474
17.80555555555492 -0.0002779951934774843 -0.0001117285659629108
17.8083333333327 -0.0002774775151476764 -0.0001116564650094135
17.81111111111048 -0.0002769385974089208 -0.0001115811687878459
17.81388888888825 -0.0002763785602366946 -0.0001115026650474147
17.81666666666603 -0.0002757975281731342 -0.0001114209411672693
17.81944444444381 -0.0002751956302839185 -0.000111335984170502
17.82222222222158 -0.000274573000112699 -0.0001112477807418018
17.82499999999936 -0.0002739297756349577 -0.0001111563172423144
17.82777777777714 -0.0002732660992095494 -0.0001110615797277951
17.83055555555491 -0.0002725821175294035 -0.0001109635539650345
17.83333333333269 -0.0002718779815703024 -0.0001108622254503296
17.83611111111047 -0.0002711538465385971 -0.0001107575794271307
17.83888888888824 -0.0002704098718172278 -0.0001106496009050782
17.84166666666602 -0.0002696462209106215 -0.00011053827467856
17.84444444444379 -0.0002688630613879257 -0.0001104235853466993
17.84722222222157 -0.000268060564825307 -0.0001103055173323336
17.84999999999935 -0.0002672389067465781 -0.0001101840549026131
17.85277777777712 -0.0002663982665628123 -0.0001100591821890176
17.8555555555549 -0.0002655388275105767 -0.0001099308832081087
17.85833333333268 -0.0002646607765888584 -0.0001097991418829557
17.86111111111045 -0.0002637643044951498 -0.000109663942063459
17.86388888888823 -0.0002628496055599104 -0.0001095252675487142
17.86666666666601 -0.0002619168776802527 -0.0001093831021081995
17.86944444444378 -0.0002609663222523999 -0.0001092374295037192
17.87222222222156 -0.0002599981441029742 -0.0001090882335118378
17.87499999999934 -0.0002590125514194284 -0.0001089354979458627
17.87777777777711 -0.0002580097556792896 -0.0001087792066785919
17.88055555555489 -0.0002569899715786331 -0.0001086193436644386
17.88333333333266 -0.0002559534169593636 -0.0001084558929626383
17.88611111111044 -0.0002549003127357368 -0.0001082888387598977
17.88888888888822 -0.0002538308828200099 -0.0001081181653931671
17.89166666666599 -0.0002527453540471895 -0.0001079438573725899
17.89444444444377 -0.0002516439560988984 -0.0001077658994048696
17.89722222222155 -0.0002505269214266312 -0.0001075842764158717
17.89999999999932 -0.0002493944851741286 -0.0001073989735738699
17.9027777777771 -0.0002482468850990979 -0.0001072099763124414
17.90555555555488 -0.0002470843614941861 -0.0001070172703537115
17.90833333333265 -0.000245907157107454 -0.0001068208417308418
17.91111111111043 -0.0002447155170620375 -0.0001066206768114069
17.91388888888821 -0.0002435096887754107 -0.0001064167623198374
17.91666666666598 -0.0002422899218780349 -0.0001062090853601725
17.91944444444376 -0.0002410564681315183 -0.0001059976334385321
17.92222222222154 -0.0002398095813462782 -0.0001057823944856693
17.92499999999931 -0.0002385495172988222 -0.0001055633568790377
17.92777777777709 -0.0002372765336486084 -0.0001053405094648892
17.93055555555486 -0.0002359908898545362 -0.0001051138415801032
17.93333333333264 -0.0002346928470911347 -0.0001048833430738204
17.93611111111042 -0.000233382668164449 -0.0001046490043287706
17.93888888888819 -0.0002320606174276534 -0.0001044108162825861
17.94166666666597 -0.0002307269606965276 -0.0001041687704483306
17.94444444444375 -0.0002293819651646642 -0.0001039228589352972
17.94722222222152 -0.0002280258993185465 -0.0001036730744693017
17.9499999999993 -0.0002266590328525964 -0.0001034194104123998
17.95277777777708 -0.0002252816365840526 -0.0001031618607826194
17.95555555555485 -0.0002238939823678725 -0.0001029004202731756
17.95833333333263 -0.0002224963430115837 -0.0001026350842714097
17.96111111111041 -0.0002210889921902421 -0.0001023658488771553
17.96388888888818 -0.0002196722043614129 -0.0001020927109207564
17.96666666666596 -0.0002182462546802441 -0.0001018156679809208
17.96944444444373 -0.0002168114189147102 -0.0001015347184018275
17.97222222222151 -0.0002153679733610223 -0.0001012498613099856
17.97499999999929 -0.0002139161947592724 -0.0001009610966303472
17.97777777777706 -0.0002124563602092571 -0.00010066842510248
17.98055555555484 -0.0002109887470866572 -0.0001003718482956503
17.98333333333262 -0.0002095136329594784 -0.0001000713686238714
17.98611111111039 -0.0002080312955048461 -9.976698936023495e-05
17.98888888888817 -0.0002065420124262269 -9.945871465060677e-05
17.99166666666595 -0.0002050460613709756 -9.914654952714997e-05
17.99444444444372 -0.0002035437198484084 -9.883049992097461e-05
17.9972222222215 -0.0002020352651483206 -9.85105726742784e-05
17.99999999999928 -0.000200520974259999 -9.818677555219461e-05
18.00277777777705 -0.0001990011237918027 -9.785911725370565e-05
18.00555555555483 -0.0001974759898913109 -9.752760742214713e-05
18.0083333333326 -0.0001959458481660568 -9.719225665524916e-05
18.01111111111038 -0.0001944109736049084 -9.685307651431598e-05
18.01388888888816 -0.0001928716405001255 -9.651007953295352e-05
18.01666666666593 -0.0001913281223700721 -9.616327922522158e-05
18.01944444444371 -0.0001897806918826895 -9.58126900930894e-05
18.02222222222149 -0.0001882296207796987 -9.545832763323687e-05
18.02499999999926 -0.0001866751798015885 -9.510020834334034e-05
18.02777777777704 -0.0001851176386133979 -9.473834972765706e-05
18.03055555555482 -0.0001835572657313521 -9.437277030197617e-05
18.03333333333259 -0.0001819943284503321 -9.400348959790893e-05
18.03611111111037 -0.0001804290927722587 -9.363052816658945e-05
18.03888888888815 -0.0001788618233353536 -9.325390758166384e-05
18.04166666666592 -0.0001772927833443712 -9.287365044165334e-05
18.0444444444437 -0.0001757222345017518 -9.248978037171236e-05
18.04722222222147 -0.0001741504369397951 -9.210232202467801e-05
18.04999999999925 -0.0001725776491538079 -9.171130108142997e-05
18.05277777777703 -0.000171004127936309 -9.131674425069191e-05
18.0555555555548 -0.0001694301283122497 -9.091867926814499e-05
18.05833333333258 -0.0001678559034753476 -9.051713489480457e-05
18.06111111111036 -0.0001662817047254718 -9.011214091486592e-05
18.06388888888813 -0.0001647077814071653 -8.970372813289216e-05
18.06666666666591 -0.0001631343808492909 -8.92919283701812e-05
18.06944444444369 -0.0001615617483058323 -8.887677446069274e-05
18.07222222222146 -0.0001599901268978369 -8.845830024631445e-05
18.07499999999924 -0.0001584197575565926 -8.803654057126689e-05
18.07777777777702 -0.0001568508789679484 -8.761153127620464e-05
18.08055555555479 -0.0001552837275179015 -8.718330919140988e-05
18.08333333333257 -0.0001537185372393792 -8.675191212951092e-05
18.08611111111034 -0.0001521555397602995 -8.631737887754806e-05
18.08888888888812 -0.0001505949642528592 -8.58797491883997e-05
18.0916666666659 -0.0001490370373841331 -8.5439063771601e-05
18.09444444444367 -0.000147481983267918 -8.49953642836483e-05
18.09722222222145 -0.0001459300234179177 -8.454869331762493e-05
18.09999999999923 -0.0001443813767021965 -8.409909439216811e-05
18.102777777777 -0.0001428362592989876 -8.364661194011664e-05
18.10555555555478 -0.0001412948846537983 -8.319129129629229e-05
18.10833333333256 -0.0001397574634378813 -8.273317868495531e-05
18.11111111111033 -0.0001382242035080268 -8.227232120653813e-05
18.11388888888811 -0.000136695309867732 -8.180876682396507e-05
18.11666666666589 -0.0001351709846297072 -8.134256434835537e-05
18.11944444444366 -0.000133651426979769 -8.087376342432798e-05
18.12222222222144 -0.000132136833142087 -8.040241451456985e-05
18.12499999999921 -0.0001306273963458159 -7.99285688842176e-05
18.12777777777699 -0.000129123306793117 -7.945227858446306e-05
18.13055555555477 -0.0001276247516285329 -7.897359643587339e-05
18.13333333333254 -0.0001261319149097866 -7.849257601115324e-05
18.13611111111032 -0.0001246449775799308 -7.800927161754911e-05
18.1388888888881 -0.0001231641174409187 -7.752373827869352e-05
18.14166666666587 -0.000121689509128535 -7.703603171612205e-05
18.14444444444365 -0.0001202213240887378 -7.6546208330364e-05
18.14722222222143 -0.0001187597305553702 -7.605432518159181e-05
18.1499999999992 -0.0001173048935292789 -7.556043996996498e-05
18.15277777777698 -0.0001158569747587892 -7.506461101549621e-05
18.15555555555476 -0.0001144161327215876 -7.456689723768252e-05
18.15833333333253 -0.0001129825226079601 -7.40673581347148e-05
18.16111111111031 -0.0001115562963054227 -7.356605376238538e-05
18.16388888888808 -0.0001101376023846953 -7.306304471267802e-05
18.16666666666586 -0.0001087265860870662 -7.255839209207946e-05
18.16944444444364 -0.0001073233893130867 -7.205215749960077e-05
18.17222222222141 -0.0001059281506126343 -7.154440300452295e-05
18.17499999999919 -0.0001045410051763006 -7.10351911238777e-05
18.17777777777697 -0.0001031620848281339 -7.052458479977109e-05
18.18055555555474 -0.0001017915180196776 -7.001264737634636e-05
18.18333333333252 -0.0001004294298253587 -6.949944257670219e-05
18.1861111111103 -9.907594193914631e-05 -6.898503447947444e-05
18.18888888888807 -9.773117267253917e-05 -6.846948749537965e-05
18.19166666666585 -9.639523695380868e-05 -6.795286634347438e-05
18.19444444444363 -9.506824632854128e-05 -6.743523602739067e-05
18.1972222222214 -9.375030896141097e-05 -6.691666181132729e-05
18.19999999999918 -9.244152963923463e-05 -6.639720919603213e-05
18.20277777777696 -9.114200977522859e-05 -6.587694389463276e-05
18.20555555555473 -8.985184741452019e-05 -6.535593180840695e-05
18.20833333333251 -8.857113724083185e-05 -6.48342390024738e-05
18.21111111111028 -8.729997058438988e-05 -6.431193168145635e-05
18.21388888888806 -8.603843543098732e-05 -6.378907616510887e-05
18.21666666666584 -8.478661643222743e-05 -6.326573886392248e-05
18.21944444444361 -8.354459491688894e-05 -6.274198625469419e-05
18.22222222222139 -8.231244890345936e-05 -6.221788485620817e-05
18.22499999999917 -8.109025311373548e-05 -6.169350120481975e-05
18.22777777777694 -7.987807898756058e-05 -6.116890183018935e-05
18.23055555555472 -7.867599469861039e-05 -6.064415323100731e-05
18.2333333333325 -7.748406517125939e-05 -6.011932185082422e-05
18.23611111111027 -7.630235209847371e-05 -5.959447405397077e-05
18.23888888888805 -7.513091396074193e-05 -5.906967610156385e-05
18.24166666666583 -7.396980604599289e-05 -5.85449941276478e-05
18.2444444444436 -7.281908047052176e-05 -5.802049411545902e-05
18.24722222222138 -7.167878620084884e-05 -5.749624187381969e-05
18.24999999999915 -7.054896907655787e-05 -5.697230301373549e-05
18.25277777777693 -6.94296718340373e-05 -5.644874292511838e-05
18.25555555555471 -6.832093413112785e-05 -5.5925626753722e-05
18.25833333333248 -6.722279257266806e-05 -5.540301937828189e-05
18.26111111111026 -6.613528073687956e-05 -5.48809853878406e-05
18.26388888888804 -6.50584292026182e-05 -5.43595890593278e-05
18.26666666666581 -6.399226557742231e-05 -5.383889433536224e-05
18.26944444444359 -6.293681452637779e-05 -5.331896480229615e-05
18.27222222222137 -6.189209780174877e-05 -5.279986366856342e-05
18.27499999999914 -6.0858134273363e-05 -5.228165374322321e-05
18.27777777777692 -5.983493995973664e-05 -5.176439741488202e-05
18.2805555555547 -5.882252805990251e-05 -5.124815663083547e-05
18.28333333333247 -5.78209089859221e-05 -5.073299287654511e-05
18.28611111111025 -5.683009039608008e-05 -5.021896715546123e-05
18.28888888888802 -5.585007722869463e-05 -4.970613996910958e-05
18.2916666666658 -5.488087173657336e-05 -4.919457129757165e-05
18.29444444444358 -5.392247352204746e-05 -4.868432058028949e-05
18.29722222222135 -5.297487957259067e-05 -4.817544669722746e-05
18.29999999999913 -5.203808429697924e-05 -4.766800795037882e-05
18.30277777777691 -5.111207956199682e-05 -4.716206204570221e-05
18.30555555555468 -5.019685472961986e-05 -4.665766607537257e-05
18.30833333333246 -4.929239669471431e-05 -4.615487650047587e-05
18.31111111111024 -4.839868992316211e-05 -4.565374913405538e-05
18.31388888888801 -4.751571649045126e-05 -4.515433912461065e-05
18.31666666666579 -4.664345612065684e-05 -4.465670093995867e-05
18.31944444444357 -4.578188622583049e-05 -4.416088835155936e-05
18.32222222222134 -4.493098194574443e-05 -4.366695441922314e-05
18.32499999999912 -4.409071618799476e-05 -4.317495147629131e-05
18.32777777777689 -4.326105966840695e-05 -4.268493111520041e-05
18.33055555555467 -4.244198095177093e-05 -4.219694417355288e-05
18.33333333333245 -4.163344649282214e-05 -4.171104072056339e-05
18.33611111111022 -4.083542067750645e-05 -4.122727004401681e-05
18.338888888888 -4.004786586445694e-05 -4.074568063763872e-05
18.34166666666578 -3.927074242669799e-05 -4.026632018893814e-05
18.34444444444355 -3.850400879353064e-05 -3.978923556752728e-05
18.34722222222133 -3.774762149258956e-05 -3.931447281387744e-05
18.34999999999911 -3.700153519204489e-05 -3.884207712856042e-05
18.35277777777688 -3.626570274293468e-05 -3.837209286196483e-05
18.35555555555466 -3.554007522159114e-05 -3.790456350446254e-05
18.35833333333244 -3.482460197216883e-05 -3.743953167707887e-05
18.36111111111021 -3.411923064921455e-05 -3.697703912260883e-05
18.36388888888799 -3.342390726029679e-05 -3.651712669722724e-05
18.36666666666576 -3.273857620864989e-05 -3.605983436257743e-05
18.36944444444354 -3.206318033582093e-05 -3.560520117831569e-05
18.37222222222132 -3.139766096430799e-05 -3.515326529516979e-05
18.37499999999909 -3.074195794014754e-05 -3.47040639484363e-05
18.37777777777687 -3.009600967546173e-05 -3.425763345198513e-05
18.38055555555465 -2.945975319092051e-05 -3.381400919271916e-05
18.38333333333242 -2.883312415811828e-05 -3.337322562551685e-05
18.3861111111102 -2.821605694183467e-05 -3.293531626865229e-05
18.38888888888798 -2.760848464217057e-05 -3.250031369967774e-05
18.39166666666575 -2.701033913653504e-05 -3.206824955178281e-05
18.39444444444353 -2.642155112147063e-05 -3.163915451061065e-05
18.39722222222131 -2.584205015429414e-05 -3.121305831155175e-05
18.39999999999908 -2.527176469455071e-05 -3.07899897374932e-05
18.40277777777686 -2.471062214523685e-05 -3.036997661701134e-05
18.40555555555463 -2.415854889381275e-05 -2.995304582304801e-05
18.40833333333241 -2.361547035295612e-05 -2.953922327201437e-05
18.41111111111019 -2.308131100106329e-05 -2.912853392334491e-05
18.41388888888796 -2.255599442246948e-05 -2.872100177949945e-05
18.41666666666574 -2.203944334738768e-05 -2.831664988640921e-05
18.41944444444352 -2.153157969153071e-05 -2.791550033432709e-05
18.42222222222129 -2.103232459543222e-05 -2.75175742591502e-05
18.42499999999907 -2.054159846341914e-05 -2.712289184412292e-05
18.42777777777685 -2.00593210022549e-05 -2.673147232197817e-05
18.43055555555462 -1.958541125941486e-05 -2.634333397749559e-05
18.4333333333324 -1.911978766100115e-05 -2.595849415044913e-05
18.43611111111018 -1.866236804926756e-05 -2.557696923895991e-05
18.43888888888795 -1.821306971976095e-05 -2.519877470325385e-05
18.44166666666573 -1.777180945805123e-05 -2.482392506978831e-05
18.4444444444435 -1.733850357605263e-05 -2.445243393577128e-05
18.44722222222128 -1.691306794791367e-05 -2.40843139740451e-05
18.44999999999906 -1.649541804548155e-05 -2.371957693835017e-05
18.45277777777683 -1.608546897330913e-05 -2.335823366893033e-05
18.45555555555461 -1.568313550322213e-05 -2.300029409850279e-05
18.45833333333239 -1.528833210841159e-05 -2.264576725857079e-05
18.46111111111016 -1.490097299706356e-05 -2.229466128606707e-05
18.46388888888794 -1.452097214550415e-05 -2.194698343033206e-05
18.46666666666572 -1.41482433308634e-05 -2.160274006041547e-05
18.46944444444349 -1.378270016323756e-05 -2.126193667267971e-05
18.47222222222127 -1.34242561173583e-05 -2.092457789872989e-05
18.47499999999905 -1.307282456374779e-05 -2.05906675136174e-05
18.47777777777682 -1.272831879936479e-05 -2.026020844434899e-05
18.4805555555546 -1.239065207772748e-05 -1.993320277867035e-05
18.48333333333238 -1.205973763851501e-05 -1.960965177412429e-05
18.48611111111015 -1.173548873663572e-05 -1.928955586737106e-05
18.48888888888793 -1.141781867076482e-05 -1.897291468376701e-05
18.4916666666657 -1.110664081133764e-05 -1.86597270471857e-05
18.49444444444348 -1.080186862800496e-05 -1.834999099008068e-05
18.49722222222126 -1.050341571654177e-05 -1.804370376377989e-05
18.49999999999903 -1.021119582520308e-05 -1.774086184899823e-05
18.50277777777681 -9.92512288053086e-06 -1.744146096655978e-05
