16.5 -1.84439661063285e-07 -1.135110582815267e-07
16.50277777777778 -2.178188954744068e-07 -5.08913796426633e-08
16.50555555555555 -2.300272736866708e-07 2.135962656893974e-08
16.50833333333333 -2.183544969709519e-07 9.611363391731616e-08
16.51111111111111 -1.82480772067607e-07 1.655057480502647e-07
16.51388888888888 -1.246668166908519e-07 2.217329770003921e-07
16.51666666666666 -4.967822607708838e-08 2.578976195200957e-07
16.51944444444444 3.556468119711628e-08 2.688075538916124e-07
16.52222222222221 1.225913759776937e-07 2.516444568858128e-07
16.52499999999999 2.021911257987188e-07 2.06419573017682e-07
16.52777777777776 2.653543945054336e-07 1.361544580844193e-07
16.53055555555554 3.042526994669652e-07 4.674979178005339e-08
16.53333333333332 3.13153996272269e-07 -5.346338803240283e-08
16.53611111111109 2.891711305850976e-07 -1.544618565286931e-07
16.53888888888887 2.327524301743579e-07 -2.454967106911116e-07
16.54166666666665 1.478455484740754e-07 -3.161987804319598e-07
16.54444444444442 4.169648844103562e-08 -3.577130025914071e-07
16.5472222222222 -7.571744605598681e-08 -3.637418688158596e-07
16.54999999999998 -1.92582798878476e-07 -3.313803822318214e-07
16.55277777777775 -2.963976782702925e-07 -2.616400565187579e-07
16.55555555555553 -3.752647559265332e-07 -1.595865209300935e-07
16.55833333333331 -4.19200081606265e-07 -3.405207746941901e-08
16.56111111111108 -4.213186016918849e-07 1.030722673299772e-07
16.56388888888886 -3.787619568577528e-07 2.379154525616739e-07
16.56666666666663 -2.932535150534584e-07 3.559831204008575e-07
16.56944444444441 -1.71198477493879e-07 4.436645048774049e-07
16.57222222222219 -2.329056277321835e-08 4.897376408792674e-07
16.57499999999996 1.363628061093839e-07 4.867120610181128e-07
16.57777777777774 2.915327127468982e-07 4.318557923021049e-07
16.58055555555552 4.254658102609206e-07 3.2777794925143e-07
16.58333333333329 5.226343768572719e-07 1.824779257788388e-07
16.58611111111107 5.704620720442053e-07 8.823769734348995e-09
16.58888888888885 5.60840089421159e-07 -1.765190315772562e-07
16.59166666666662 4.912596936099256e-07 -3.546272702560497e-07
16.5944444444444 3.65417653191501e-07 -5.061924106662198e-07
16.59722222222218 1.931987071097482e-07 -6.135463354764342e-07
16.59999999999995 -1.000015355061491e-08 -6.626341882221704e-07
16.60277777777773 -2.24570852682887e-07 -6.447215128662991e-07
16.6055555555555 -4.285196660106209e-07 -5.576386243895998e-07
16.60833333333328 -5.996540804797413e-07 -4.064027695819362e-07
16.61111111111106 -7.179202965203147e-07 -2.031154124076486e-07
16.61388888888883 -7.676522913783749e-07 3.389703630408857e-08
16.61666666666661 -7.394888304032658e-07 2.81652265721168e-07
16.61944444444439 -6.317358976265471e-07 5.146660918482994e-07
16.62222222222216 -4.509979406581496e-07 7.074974110254596e-07
16.62499999999994 -2.119686247565519e-07 8.374373888019754e-07
16.62777777777772 6.364546480444319e-08 8.870667087913221e-07
16.63055555555549 3.490044515823901e-07 8.464028182208323e-07
16.63333333333327 6.146657412692745e-07 7.143865757588595e-07
16.63611111111105 8.315355949153789e-07 4.995132749791316e-07
16.63888888888882 9.739541529950696e-07 2.194923734824783e-07
16.6416666666666 1.022595930818201e-06 -1.000836700866064e-07
16.64444444444437 9.668692904338712e-07 -4.27977499396137e-07
16.64722222222215 8.065334153959964e-07 -7.302674677072309e-07
16.64999999999993 5.523180317036697e-07 -9.737596921728782e-07
16.6527777777777 2.254242334081214e-07 -1.129517668236143e-06
16.65555555555548 -1.441040965362327e-07 -1.176144471489768e-06
16.65833333333326 -5.200303758431203e-07 -1.102458264819028e-06
16.66111111111103 -8.633754532669296e-07 -9.092457145757653e-07
16.66388888888881 -1.1363498114726e-06 -6.098574620660709e-07
16.66666666666659 -1.306381561250269e-06 -2.295185541867158e-07
16.66944444444436 -1.349822554066749e-06 1.96645163678934e-07
16.67222222222214 -1.254925780408305e-06 6.267286941821237e-07
16.67499999999992 -1.023741438307023e-06 1.016053526337803e-06
16.67777777777769 -6.726732842237235e-07 1.32168596610546e-06
16.68055555555547 -2.315633575407402e-07 1.507022806180732e-06
16.68333333333324 2.58679667741598e-07 1.545967693382161e-06
16.68611111111102 7.4973976343526e-07 1.426238603304886e-06
16.6888888888888 1.190527690965083e-06 1.151413009338372e-06
16.69166666666657 1.532358293176806e-06 7.414283008493998e-07
16.69444444444435 1.734159163016581e-06 2.314014938091555e-07
16.69722222222213 1.767168203134737e-06 -3.3119919910119e-07
16.6999999999999 1.618602034756761e-06 -8.908243159399803e-07
16.70277777777768 1.293857153259601e-06 -1.389186343241199e-06
16.70555555555546 8.169356967235331e-07 -1.771176238823604e-06
16.70833333333323 2.289567018805204e-07 -1.990767026208451e-06
16.71111111111101 -4.151938773005221e-07 -2.016288596561359e-06
16.71388888888879 -1.051824220484591e-06 -1.834490998525711e-06
16.71666666666656 -1.614577549338408e-06 -1.452909177355638e-06
16.71944444444434 -2.04117621011601e-06 -9.001935736745534e-07
16.72222222222211 -2.280099360235312e-06 -2.242652665667432e-07
16.72499999999989 -2.296496770102706e-06 5.11626628110628e-07
16.72777777777767 -2.076684529620997e-06 1.234645388803329e-06
16.73055555555544 -1.630682037742545e-06 1.86940264547584e-06
16.73333333333322 -9.924252894640832e-07 2.345627074127676e-06
16.736111111111 -2.175140120269019e-07 2.60570328305395e-06
16.73888888888877 6.214011488195911e-07 2.61129275856004e-06
16.74166666666655 1.441234976083696e-06 2.348303709828809e-06
16.74444444444433 2.156505291720221e-06 1.829610505405082e-06
16.7472222222221 2.688032745024691e-06 1.095126161801358e-06
16.74999999999988 2.971436718957221e-06 2.090854059636673e-07
16.75277777777766 2.964538723378573e-06 -7.453226311270287e-07
16.75555555555543 2.652852993083335e-06 -1.67355186272195e-06
16.75833333333321 2.052500674309552e-06 -2.478854969328315e-06
16.76111111111098 1.210117074389396e-06 -3.0721309396928e-06
16.76388888888876 1.996105727354712e-07 -3.381483377041078e-06
16.76666666666654 -8.840502387774025e-07 -3.360489679571646e-06
16.76944444444431 -1.933529287099532e-06 -2.994264731114453e-06
16.77222222222209 -2.839523756080584e-06 -2.302584958886708e-06
16.77499999999987 -3.501887000936107e-06 -1.339605473277188e-06
16.77777777777764 -3.84036511804717e-06 -1.900310196061434e-07
16.78055555555542 -3.803824277851114e-06 1.038040273818198e-06
16.7833333333332 -3.376946542329946e-06 2.223028380621839e-06
16.78611111111097 -2.583582598130324e-06 3.24165504761538e-06
16.78888888888875 -1.486254163107987e-06 3.981481484543665e-06
16.79166666666653 -1.816698627349935e-07 4.352950549199576e-06
16.7944444444443 1.207478916388767e-06 4.299674733378859e-06
16.79722222222208 2.543781241274227e-06 3.805830959482034e-06
16.79999999999986 3.688422717801894e-06 2.899765513397186e-06
16.80277777777763 4.515289983704445e-06 1.653258196950366e-06
16.80555555555541 4.924458432704087e-06 1.763132915961957e-07
16.80833333333318 4.853654728137357e-06 -1.392203394941767e-06
16.81111111111096 4.286426539506501e-06 -2.897322075927434e-06
16.81388888888874 3.256029149946022e-06 -4.182979032092377e-06
16.81666666666651 1.844429992825729e-06 -5.107853423446002e-06
16.81944444444429 1.763029236159362e-07 -5.560454208849333e-06
16.82222222222207 -1.591610444974718e-06 -5.471883807773145e-06
16.82499999999984 -3.28490485206508e-06 -4.824869317120803e-06
16.82777777777762 -4.728389450205367e-06 -3.657967661625598e-06
16.8305555555554 -5.763836802832978e-06 -2.064292596102965e-06
16.83333333333317 -6.266837620328219e-06 -1.846395656496774e-07
16.83611111111095 -6.161006444346166e-06 1.804550954358278e-06
16.83888888888873 -5.427973127920599e-06 3.707405835709858e-06
16.8416666666665 -4.111952466822881e-06 5.327552286294799e-06
16.84444444444428 -2.318180730542623e-06 6.48797409917432e-06
16.84722222222205 -2.050987048831003e-07 7.049819083373392e-06
16.84999999999983 2.029209783714539e-06 6.928203543437572e-06
16.85277777777761 4.165209365034698e-06 6.103276913375293e-06
16.85555555555538 5.983101046013038e-06 4.625212804933074e-06
16.85833333333316 7.284996784351857e-06 2.6123489323129e-06
16.86111111111094 7.915882088613816e-06 2.423577865719624e-07
16.86388888888871 7.781193739052086e-06 -2.262969903974392e-06
16.86666666666649 6.859086646645615e-06 -4.658075232375662e-06
16.86944444444427 5.205916450115621e-06 -6.697287143014967e-06
16.87222222222204 2.95408563067597e-06 -8.159543149294307e-06
16.87499999999982 3.021349874874978e-07 -8.871728537735453e-06
16.8777777777776 -2.502260225611077e-06 -8.728221346351116e-06
16.88055555555537 -5.184986136253015e-06 -7.704508984272597e-06
16.88333333333315 -7.471840628071129e-06 -5.863248187519964e-06
16.88611111111092 -9.116045402108304e-06 -3.351831517006757e-06
16.8888888888887 -9.924203541869469e-06 -3.913387477837558e-07
16.89166666666648 -9.778027337286415e-06 2.74238682078784e-06
16.89444444444425 -8.649473155785951e-06 5.743973838654844e-06
16.89722222222203 -6.607483023060177e-06 8.307806560477864e-06
16.89999999999981 -3.81529992087721e-06 1.015859131593461e-05
16.90277777777758 -5.182267671552299e-07 1.108019583848936e-05
16.90555555555536 2.977347679700173e-06 1.093979917767701e-05
16.90833333333314 6.331922940862623e-06 9.704736956609626e-06
16.91111111111091 9.205354735687126e-06 7.450050379955308e-06
16.91388888888869 1.129075707514688e-05 4.355596181178346e-06
16.91666666666647 1.234650964429215e-05 6.925724891435247e-07
16.91944444444424 1.222309483092077e-05 -3.19963171361824e-06
16.92222222222202 1.088187201755742e-05 -6.944351597430217e-06
16.92499999999979 8.403584735728224e-06 -1.016356068020573e-05
16.92777777777757 4.985332155873747e-06 -1.251540792873181e-05
16.93055555555535 9.258362788040156e-07 -1.372970347553856e-05
16.93333333333312 -3.400003439259025e-06 -1.363773571289396e-05
16.9361111111109 -7.575169046163666e-06 -1.219322280113852e-05
16.93888888888868 -1.118015616312965e-05 -9.481957278700156e-06
16.94166666666645 -1.383446333719341e-05 -5.718731054756596e-06
16.94444444444423 -1.523589126374322e-05 -1.231337531974688e-06
16.94722222222201 -1.519366290017543e-05 3.567275671218628e-06
16.94999999999978 -1.365183304004036e-05 8.216410569040397e-06
16.95277777777756 -1.070028222512842e-05 1.225124798463655e-05
16.95555555555534 -6.571716707580568e-06 1.524862352884558e-05
16.95833333333311 -1.624422832906971e-06 1.687050100807326e-05
16.96111111111089 3.688073627524264e-06 1.690075048193528e-05
16.96388888888866 8.857951440655231e-06 1.527133261370426e-05
16.96666666666644 1.337100451911389e-05 1.207489045587642e-05
16.96944444444422 1.675705480151922e-05 7.561980204360236e-06
16.97222222222199 1.863798627730735e-05 2.122623997655297e-06
16.97499999999977 1.87685696439772e-05 -3.746595133645121e-06
16.97777777777755 1.706577718973566e-05 -9.487202592646658e-06
16.98055555555532 1.362326213200097e-05 -1.453131044963368e-05
16.9833333333331 8.709015582293239e-06 -1.83570315590667e-05
16.98611111111088 2.745798407794764e-06 -2.054148615057074e-05
16.98888888888865 -3.724373100758111e-06 -2.080609692925767e-05
16.99166666666643 -1.008879214870064e-05 -1.904943238165667e-05
16.99444444444421 -1.572139136709808e-05 -1.536390896850148e-05
16.99722222222198 -2.004353400517782e-05 -1.003411490923534e-05
16.99999999999976 -2.258242972010654e-05 -3.516242465008202e-06
17.00277777777753 -2.302136018812437e-05 3.600048159096924e-06
17.00555555555531 -2.123649374820949e-05 1.064423868226443e-05
17.00833333333309 -1.731619593287551e-05 1.692741145554552e-05
17.01111111111086 -1.156031176705355e-05 2.180880167617014e-05
17.01388888888864 -4.45876730487814e-06 2.476008212890337e-05
17.01666666666642 3.349161238965523e-06 2.542101607754404e-05
17.01944444444419 1.113162403305618e-05 2.364073374544116e-05
17.02222222222197 1.813204937582863e-05 1.950009135024037e-05
17.02499999999975 2.364184462928436e-05 1.331226081657397e-05
17.02777777777752 2.707103034260812e-05 5.600724135154994e-06
17.0305555555553 2.800985366284782e-05 -2.943977994057777e-06
17.03333333333308 2.627506681847706e-05 -1.152527578790052e-05
17.03611111111085 2.193583381369989e-05 -1.931405971725171e-05
17.03888888888863 1.531603989953513e-05 -2.552791615647183e-05
17.0416666666664 6.971964760141451e-06 -2.95086085228241e-05
17.04444444444418 -2.35335921881479e-06 -3.079021979607564e-05
17.04722222222196 -1.179547207931498e-05 -2.915102427000525e-05
17.04999999999973 -2.044783002507415e-05 -2.464350400583257e-05
17.05277777777751 -2.744795340762383e-05 -1.759886008090633e-05
17.05555555555529 -3.206226503997326e-05 -8.604721092037695e-06
17.05833333333306 -3.376136357400649e-05 1.542693774039412e-06
17.06111111111084 -3.227813146453754e-05 1.19081841512318e-05
17.06388888888862 -2.764248963704617e-05 2.150294643199609e-05
17.06666666666639 -2.01886682620157e-05 2.937799530957091e-05
17.06944444444417 -1.053338582110272e-05 3.471687589752496e-05
17.07222222222195 4.739129276966912e-07 3.691869940072033e-05
17.07499999999972 1.182487513916059e-05 3.566318142459847e-05
17.0777777777775 2.244378430551443e-05 3.095083231605532e-05
17.08055555555528 3.128859067532907e-05 2.311362661863232e-05
17.08333333333305 3.745201268541428e-05 1.279417503439067e-05
17.08611111111083 4.025299107588037e-05 8.943926573419524e-07
17.0888888888886 3.930940105689232e-05 -1.150237663652079e-05
17.09166666666638 3.458444641617138e-05 -2.32291440280092e-05
17.09444444444416 2.640145327974677e-05 -3.314421340632564e-05
17.09722222222193 1.542465257802265e-05 -4.024117717373669e-05
17.09999999999971 2.606729925341372e-06 -4.374946297564032e-05
17.10277777777749 -1.089286776604448e-05 -4.321550922307848e-05
17.10555555555526 -2.381195598353339e-05 -3.855620202528696e-05
17.10833333333304 -3.490270616860034e-05 -3.007860951816003e-05
17.11111111111082 -4.305101931382265e-05 -1.846309551085838e-05
17.11388888888859 -4.73868488490757e-05 -4.710309279069551e-06
17.11666666666637 -4.737466974582163e-05 9.943984508544076e-06
17.11944444444415 -4.287486701313208e-05 2.413908292467294e-05
17.12222222222192 -3.416932044506427e-05 3.651477880801525e-05
17.1249999999997 -2.194768028935576e-05 4.584056071720605e-05
17.12777777777747 -7.254472902035978e-06 5.113639405888977e-05
17.13055555555525 8.599089782177574e-06 5.177334731008904e-05
17.13333333333303 2.415125199128572e-05 4.754390725579439e-05
17.1361111111108 3.792359295417716e-05 3.869441897014213e-05
17.13888888888858 4.856045158271711e-05 2.591547056190977e-05
17.14166666666636 5.496083325933699e-05 1.028991870130377e-05
17.14444444444413 5.639008015325889e-05 -6.797736999301962e-06
17.14722222222191 5.256014925987749e-05 -2.378315255273201e-05
17.14999999999969 4.367000679208354e-05 -3.906446959464011e-05
17.15277777777746 3.040118986471211e-05 -5.115229543895583e-05
17.15555555555524 1.386769356287525e-05 -5.88133724944506e-05
17.15833333333302 -4.476361295862235e-06 -6.119419047543303e-05
17.16111111111079 -2.296373950700732e-05 -5.791231593689155e-05
17.16388888888857 -3.986476167190143e-05 -4.91059316018257e-05
17.16666666666634 -5.354808280957886e-05 -3.543576633599878e-05
17.16944444444412 -6.263671242995413e-05 -1.803793145011306e-05
17.1722222222219 -6.614446163803453e-05 1.569233029707745e-06
17.17499999999967 -6.357945417517157e-05 2.16167843913463e-05
17.17777777777745 -5.50040866768441e-05 4.024393869305663e-05
17.18055555555523 -4.104464204198701e-05 5.566978176976177e-05
17.183333333333 -2.284831530583661e-05 6.636215775205445e-05
17.18611111111078 -1.990292855728133e-06 7.118782038979797e-05
17.18888888888856 1.966171829438879e-05 6.952928217079833e-05
17.19166666666633 4.011393461186517e-05 6.13565477477094e-05
17.19444444444411 5.742914004922612e-05 4.724584685808183e-05
17.19722222222189 6.990886644750835e-05 2.834224704648778e-05
17.19999999999966 7.625807242576317e-05 6.268200775543488e-06
17.20277777777744 7.571649517940196e-05 -1.701481070475789e-05
17.20555555555521 6.814357251218148e-05 -3.937981343514027e-05
17.20833333333299 5.404784626802743e-05 -5.8727759473012e-05
17.21111111111077 3.455671746318579e-05 -7.318330140330457e-05
17.21388888888854 1.132788585004693e-05 -8.127475031787045e-05
17.21666666666632 -1.359072664043111e-05 -8.208108031925001e-05
17.2194444444441 -3.794080865304167e-05 -7.533150046301027e-05
17.22222222222187 -5.94575086496261e-05 -6.144718407753259e-05
17.22499999999965 -7.607895511549917e-05 -4.151987783734075e-05
17.22777777777743 -8.61421439196124e-05 -1.722785421521183e-05
17.2305555555552 -8.854670407056844e-05 9.304500204837466e-06
17.23333333333298 -8.287060470353021e-05 3.569179215695575e-05
17.23611111111076 -6.942595494997097e-05 5.950134337144315e-05
17.23888888888853 -4.924832776759206e-05 7.8476425747805e-05
17.24166666666631 -2.401904422535457e-05 9.074859428843359e-05
17.24444444444408 4.073955609108629e-06 9.501924983287759e-05
17.24722222222186 3.252522521229648e-05 9.069296294395337e-05
17.24999999999964 5.873460554732161e-05 7.794915783019691e-05
17.25277777777741 8.024392870318626e-05 5.774414922112306e-05
17.25555555555519 9.496614240050564e-05 3.174177407983101e-05
17.25833333333297 0.0001013855968305617 2.17740377913331e-06
17.26111111111074 9.871043155651135e-05 -2.833363768169122e-05
17.26388888888852 8.696199955145563e-05 -5.702686994738472e-05
17.2666666666663 6.699173520968375e-05 -8.123833151817504e-05
17.26944444444407 4.042233846314381e-05 -9.865063273360488e-05
17.27222222222185 9.517032108047678e-06 -0.0001075127451531608
17.27499999999963 -2.301267143764582e-05 -0.000106812823901946
17.2777777777774 -5.424440284731472e-05 -9.638723789012241e-05
17.28055555555518 -8.130680043389746e-05 -7.695448261140544e-05
17.28333333333295 -0.0001016423783032406 -5.006929743245862e-05
17.28611111111073 -0.0001132474039631119 -1.79995156564069e-05
17.28888888888851 -0.0001148664114205923 1.646470917588986e-05
17.29166666666628 -0.0001061226745031871 5.025328705235218e-05
17.29444444444406 -8.757144221908572e-05 8.028914351993827e-05
17.29722222222184 -6.066952495378451e-05 0.0001037674969719847
17.29999999999961 -2.766232049010363e-05 0.0001184161699143924
17.30277777777739 8.603090153220125e-06 0.0001227128822936138
17.30555555555517 4.49232530019979e-05 0.0001160389298011766
17.30833333333294 7.802092678477219e-05 9.875404454024656e-05
17.31111111111072 0.0001048400277196792 7.218411191888494e-05
17.3138888888885 0.0001228264294479174 3.852117557878611e-05
17.31666666666627 0.0001301689067027589 6.431106518385231e-07
17.31944444444405 0.0001259776528603274 -3.813223503859044e-05
17.32222222222182 0.0001103830464083264 -7.433742534275171e-05
17.3249999999996 8.454424863566611e-05 -0.0001046649289018195
17.32777777777738 5.056518535152309e-05 -0.0001262681205694419
17.33055555555515 1.132379397319898e-05 -0.0001370264685129936
17.33333333333293 -2.977164492458502e-05 -0.0001357503386955842
17.33611111111071 -6.907845054491703e-05 -0.0001223058699753931
17.33888888888848 -0.0001030420471512379 -9.76472438345532e-05
17.34166666666626 -0.000128516485569415 -6.3751800976146e-05
17.34444444444404 -0.0001430541290490446 -2.346212821756546e-05
17.34722222222181 -0.000145137941065708 1.975232099059969e-05
17.34999999999959 -0.0001343345307275059 6.209406526510858e-05
17.35277777777737 -0.000111352869971156 9.977112436348192e-05
17.35555555555514 -7.800181782565807e-05 0.0001293359344595337
17.35833333333292 -3.704855273797485e-05 0.0001479993878574715
17.3611111111107 8.011070871582146e-06 0.0001538914796824694
17.36388888888847 5.325116275190278e-05 0.0001462443730392872
17.36666666666625 9.465788014216195e-05 0.000125480256456799
17.36944444444402 0.0001284851182480749 9.319460637086554e-05
17.3722222222218 0.0001515922961738306 5.20346681404873e-05
17.37499999999958 0.000161733844265205 5.482321004023488e-06
17.37777777777735 0.0001577738484086337 -4.244083940939148e-05
17.38055555555513 0.0001398055814237802 -8.752116741123863e-05
17.38333333333291 0.0001091638233624528 -0.0001257232802530964
17.38611111111068 6.832723699677974e-05 -0.0001535504594777081
17.38888888888846 2.071780230869939e-05 -0.0001683629921907811
17.39166666666624 -2.958643880966542e-05 -0.0001686255805470853
17.39444444444401 -7.820114921317875e-05 -0.0001540608363676247
17.39722222222179 -0.0001208179113955982 -0.0001256938874179832
17.39999999999957 -0.0001535855343527199 -8.578256680136193e-05
17.40277777777734 -0.0001734567193681331 -3.763771563411216e-05
17.40555555555512 -0.0001784689604130918 1.465208395899409e-05
17.40833333333289 -0.0001679339537746396 6.656838509371965e-05
17.41111111111067 -0.0001425175352869363 0.0001135536811577281
17.41388888888845 -0.000104201593802899 0.0001514112804589284
17.41666666666622 -5.612971120401517e-05 0.0001766791533276932
17.419444444444 -2.348551202487883e-06 0.0001869445004318324
17.42222222222178 5.253364663546139e-05 0.0001810705926405561
17.42499999999955 0.0001037425494951718 0.0001593147989848439
17.42777777777733 0.0001467531697654446 0.0001233260283779243
17.43055555555511 0.0001776890715178199 7.602026315783288e-05
17.43333333333288 0.0001936701479633591 2.134354967484281e-05
17.43611111111066 0.0001930778674561085 -3.605820511106186e-05
17.43888888888844 0.000175713756127939 -9.123488704564091e-05
17.44166666666621 0.0001428359562509454 -0.0001393594818857848
17.44444444444399 9.706919657340267e-05 -0.000176150085038735
17.44722222222176 4.219452733180273e-05 -0.0001982497112159268
17.44999999999954 -1.716425225078341e-05 -0.0002035302796168291
17.45277777777732 -7.593134292879825e-05 -0.0001912934024031746
17.45555555555509 -0.0001290137267950218 -0.0001623493109961828
17.45833333333287 -0.0001717426477778849 -0.0001189656775035103
17.46111111111065 -0.0002002834843673304 -6.46893322734177e-05
17.46388888888842 -0.0002119780633724581 -4.054968906118702e-06
17.4666666666662 -0.0002055889723527195 5.779510377365301e-05
17.46944444444398 -0.0001814236374094749 0.000115548135798687
17.47222222222175 -0.0001413261502480933 0.0001641777532890743
17.47499999999953 -8.853618144155484e-05 0.0001993810714910694
17.47777777777731 -2.742582781088969e-05 0.0002179580889058692
17.48055555555508 3.686408798003812e-05 0.0002180999889049675
17.48333333333286 9.885785094700487e-05 0.0001995605479489223
17.48611111111063 0.0001532120680843292 0.0001636947196231374
17.48888888888841 0.0001951763008233032 0.000113359793144663
17.49166666666619 0.0002210073712449679 5.268634355352239e-05
17.49444444444396 0.000228301250210631 -1.326252048711888e-05
17.49722222222174 0.0002162132310584775 -7.891532610318207e-05
17.49999999999952 0.000185546465676554 -0.0001386641229469416
17.50277777777729 0.0001387000991140319 -0.000187343993091863
17.50555555555507 7.948023395797161e-05 -0.0002206791149083282
17.50833333333285 1.278875840290607e-05 -0.0002356568620480215
17.51111111111062 -5.578433495962126e-05 -0.0002307972968906083
17.5138888888884 -0.000120431047678361 -0.00020629413876512
17.51666666666618 -0.0001756182027741345 -0.0001640141184308726
17.51944444444395 -0.0002165610813787243 -0.0001073536539188027
17.52222222222173 -0.0002396372943009506 -4.096397405342842e-05
17.5249999999995 -0.0002427051396936574 2.963286935039138e-05
17.52777777777728 -0.0002252986092896557 9.850519531006995e-05
17.53055555555506 -0.0001886815416772744 0.0001598113938040332
17.53333333333283 -0.0001357553102112812 0.0002082959024092435
17.53611111111061 -7.082686723568461e-05 0.0002397392813949565
17.53888888888839 7.441134950818251e-07 0.0002513238552921433
17.54166666666616 7.298986697591092e-05 0.0002418833347883683
17.54444444444394 0.0001398338479583831 0.0002120145010384649
17.54722222222172 0.0001956027816345936 0.0001640406135051364
17.54999999999949 0.000235508201784183 0.0001018287150372342
17.55277777777727 0.0002560565768774957 3.047539417658852e-05
17.55555555555505 0.0002553529551553411 -4.411322774414421e-05
17.55833333333282 0.0002332718859109497 -0.0001157124435552565
17.5611111111106 0.0001914804581981526 -0.0001782998371630946
17.56388888888837 0.0001333107085563992 -0.0002265623657322683
17.56666666666615 6.349133991831271e-05 -0.0002563468853303587
17.56944444444393 -1.223940764645692e-05 -0.0002650159342068855
17.5722222222217 -8.760779485041642e-05 -0.0002516784006276527
17.57499999999948 -0.0001563261483909565 -0.0002172751008731778
17.57777777777726 -0.0002126184215672266 -0.0001645114071382689
17.58055555555503 -0.0002517057168984824 -9.76418778529237e-05
17.58333333333281 -0.0002702109350871643 -2.212427713944554e-05
17.58611111111059 -0.0002664483503339926 5.582862106248468e-05
17.58888888888836 -0.0002405734344255314 0.0001297623932549098
17.59166666666614 -0.0001945798665569243 0.0001935168690293949
17.59444444444392 -0.000132143401360217 0.0002417399398017239
17.59722222222169 -5.832505806634044e-05 0.0002703363537251259
17.59999999999947 2.08421320947099e-05 0.0002768138850153794
17.60277777777724 9.884881170167773e-05 0.0002604977256310682
17.60555555555502 0.0001692464578377863 0.0002225948542864826
17.6083333333328 0.000226181514126119 0.0001661025829693763
17.61111111111057 0.0002648821480116743 9.556842678826016e-05
17.61388888888835 0.0002820571360656072 1.672080979353288e-05
17.61666666666613 0.0002761736009812931 -6.399912317211813e-05
17.6194444444439 0.0002475903163901883 -0.000139966066304257
17.62222222222168 0.0001985352286924154 -0.0002049159014530422
17.62499999999946 0.0001329287269333198 -0.0002534628037535699
17.62777777777723 5.606695262539126e-05 -0.0002815453546659423
17.63055555555501 -2.580897712482861e-05 -0.0002867647350927684
17.63333333333279 -0.0001060225169090661 -0.0002685869490345696
17.63611111111056 -0.0001780081703454518 -0.0002283922241690525
17.63888888888834 -0.0002358499888862119 -0.000169367321518965
17.64166666666612 -0.0002747678212240443 -9.624942026782987e-05
17.64444444444389 -0.0002915113288150818 -1.494245729872119e-05
17.64722222222167 -0.0002846293594972082 6.796271253994073e-05
17.64999999999944 -0.000254592508154627 0.0001457250718534944
17.65277777777722 -0.0002037587433064713 0.0002120031856112745
17.655555555555 -0.0001361848465273185 0.0002613729593682657
17.65833333333277 -5.72990382371106e-05 0.0002897710764666896
17.66111111111055 2.653848795432878e-05 0.0002948278885768818
17.66388888888833 0.0001085512578338037 0.0002760626002422207
17.6666666666661 0.0001820963797280889 0.0002349248614094502
17.66944444444388 0.000241203779916322 0.00017467943303523
17.67222222222166 0.0002810609348754682 0.0001001433890709444
17.67499999999943 0.0002984037264109182 1.729731625182317e-05
17.67777777777721 0.0002917817470382871 -6.71978064871754e-05
17.68055555555499 0.0002616766452605837 -0.0001465387529335786
17.68333333333276 0.0002104640780929417 -0.0002143295267319625
17.68611111111054 0.0001422225494736121 -0.0002650976474936642
17.68888888888831 6.240482071442804e-05 -0.0002947355108199209
17.69166666666609 -2.260132489730563e-05 -0.0003008312540472383
17.69444444444387 -0.0001059872930648033 -0.0002828625904431925
17.69722222222164 -0.0001810712265691103 -0.0002422382245856345
17.69999999999942 -0.0002418346752954121 -0.0001821838173662072
17.7027777777772 -0.0002834051811872124 -0.0001074820239963647
17.70555555555497 -0.0003024460660711475 -2.408786536196831e-05
17.70833333333275 -0.0002974223117371806 6.134933322756158e-05
17.71111111111053 -0.0002687215000560923 0.0001420187884656921
17.7138888888883 -0.0002186205101144086 0.0002114929756374408
17.71666666666608 -0.0001511010946827767 0.0002642405060642693
17.71944444444386 -7.152957491480031e-05 0.0002960661804250788
17.72222222222163 1.377327363300067e-05 0.0003044432369094689
17.72499999999941 9.803738279567276e-05 0.0002887115951683962
17.72777777777718 0.0001745829845721578 0.0002501267350676045
17.73055555555496 0.0002373514468653741 0.0001917558609698676
17.73333333333274 0.0002813850637527202 0.0001182302170286789
17.73611111111051 0.0003032177879380926 3.537385681609412e-05
17.73888888888829 0.0003011461815259886 -5.026107904142677e-05
17.74166666666607 0.0002753595591062826 -0.0001319152292121699
17.74444444444384 0.0002279196131412535 -0.0002031574017261791
17.74722222222162 0.0001625918312089449 -0.0002583919373917152
17.7499999999994 8.454277423231559e-05 -0.0002932979584538506
17.75277777777717 -7.215065108625936e-08 -0.000305166048330057
17.75555555555495 -8.459725149858417e-05 -0.0002931062417094168
17.75833333333273 -0.0001624024293219396 -0.000258111554144346
17.7611111111105 -0.0002274046418839483 -0.0002029728085916399
17.76388888888828 -0.0002745438355523657 -0.0001320522987925362
17.76666666666605 -0.0003001760892506388 -5.093492956689464e-05
17.76944444444383 -0.0003023534933946377 3.4014981774217e-05
17.77222222222161 -0.0002809694215753098 0.0001161558130113897
17.77499999999938 -0.0002377586012063696 0.0001890898298188473
17.77777777777716 -0.0001761528883231311 0.0002471624203134324
17.78055555555494 -0.0001010049870282924 0.0002859003505961756
17.78333333333271 -1.820263345114617e-05 0.0003023550970613068
17.78611111111049 6.579581253494979e-05 0.0002953250137911085
17.78888888888827 0.000144467502912887 0.0002654397913699432
17.79166666666604 0.0002117331213545349 0.0002151015755837853
17.79444444444382 0.0002624271153717933 0.0001482883719950943
17.7972222222216 0.0002926937450356077 7.02360785467458e-05
17.79999999999937 0.0003002786462350618 -1.297517160394388e-05
17.80277777777715 0.0002846940119622445 -9.489742847610025e-05
17.80555555555492 0.0002472455312138961 -0.0001692165693526222
17.8083333333327 0.0001909200903049201 -0.0002302399980648204
17.81111111111048 0.000120144078528006 -0.0002733326624418282
17.81388888888825 4.0432103927319e-05 -0.0002952680101927649
17.81666666666603 -4.20457515565708e-05 -0.0002944674132277695
17.81944444444381 -0.0001209439553796239 -0.000271110486620693
17.82222222222158 -0.0001902313068718186 -0.0002271088967801662
17.82499999999936 -0.0002446525674152841 -0.0001659468893935712
17.82777777777714 -0.0002801265757385781 -9.240204020374952e-05
17.83055555555491 -0.00029405074433129 -1.216884807937871e-05
17.83333333333269 -0.000285489361539405 6.858494253379775e-05
17.83611111111047 -0.000255232312825333 0.0001436945245410053
17.83888888888824 -0.0002057209531262935 0.0002074698108194829
17.84166666666602 -0.0001408481171845091 0.0002551266401336232
17.84444444444379 -6.564885292984736e-05 0.0002831447369962976
17.84722222222157 1.409332742194226e-05 0.0002895257358001086
17.84999999999935 9.229367761122194e-05 0.0002739325397007157
17.85277777777712 0.0001630321769855729 0.0002377005874606358
17.8555555555549 0.0002210024282436244 0.0001837215140070109
17.85833333333268 0.0002619094184146441 0.0001162094435429149
17.86111111111045 0.0002827863720916596 4.036900139891073e-05
17.86388888888823 0.0002822074524178198 -3.80085934291425e-05
17.86666666666601 0.0002603812845029589 -0.0001129898248568182
17.86944444444378 0.0002191195355601096 -0.0001789493405700209
17.87222222222156 0.0001616843640970472 -0.0002309923029762197
17.87499999999934 9.252771112923775e-05 -0.0002653169183800751
17.87777777777711 1.694345691163871e-05 -0.0002794903738936173
17.88055555555489 -5.934019036581868e-05 -0.0002726183213165037
17.88333333333266 -0.0001305965300138413 -0.0002453963706329843
17.88611111111044 -0.0001915311584653027 -0.0002000411391931236
17.88888888888822 -0.0002376752630788484 -0.0001401075446989563
17.89166666666599 -0.0002657122357029196 -7.02075361672046e-05
17.89444444444377 -0.0002737138480737985 4.347308164639746e-06
17.89722222222155 -0.0002612693744491681 7.795145198373489e-05
17.89999999999932 -0.0002294993399582139 0.0001451282250933071
17.9027777777771 -0.0001809543712265758 0.0002009378274897824
17.90555555555488 -0.0001194082565544007 0.0002413401046564525
17.90833333333265 -4.956213792250546e-05 0.0002634855150274986
17.91111111111043 2.33168193590302e-05 0.0002659134801954222
17.91388888888821 9.379436252647701e-05 0.0002486445522998361
17.91666666666598 0.0001566753706647943 0.0002131609820857419
17.91944444444376 0.0002073869408088259 0.0001622786982464663
17.92222222222154 0.0002423101088041875 9.99217767050896e-05
17.92499999999931 0.0002590362344378299 3.081758860361751e-05
17.92777777777709 0.000256530064273174 -3.986354824426445e-05
17.93055555555486 0.0002351887146769475 -0.0001068966242435572
17.93333333333264 0.0001967937297498053 -0.0001653888631717506
17.93611111111042 0.0001443613615558632 -0.0002111366410557336
17.93888888888819 8.190369557505626e-05 -0.0002409264065411846
17.94166666666597 1.411965481003308e-05 -0.0002527581818201332
17.94444444444375 -5.396019656270113e-05 -0.0002459763072716629
17.94722222222152 -0.0001173481006652194 -0.0002212992101210819
17.9499999999993 -0.0001714648767183776 -0.0001807475799994964
17.95277777777708 -0.000212470193808513 -0.0001274778492330909
17.95555555555485 -0.0002375335948938955 -6.553474749874351e-05
17.95833333333263 -0.0002450272919670832 4.575677058957283e-07
17.96111111111041 -0.0002346278379646149 6.564211404340907e-05
17.96388888888818 -0.0002073207069533738 0.000125287363530824
17.96666666666596 -0.0001653090529078494 0.0001751307367513337
17.96944444444373 -0.0001118349291020555 0.000211682401359883
17.97222222222151 -5.09275226473183e-05 0.0002324678167014355
17.97499999999929 1.290195512736691e-05 0.0002361923389252511
17.97777777777706 7.499553234808202e-05 0.0002228172052014992
17.98055555555484 0.0001308889216759775 0.0001935428880377222
17.98333333333262 0.0001766322536267343 0.000150702648260987
17.98611111111039 0.0002090681030597358 9.757561354372048e-05
17.98888888888817 0.0002260473543036733 3.813439955389514e-05
17.99166666666595 0.0002265683407244214 -2.325322662066485e-05
17.99444444444372 0.0002108305494279273 -8.214616870113539e-05
17.9972222222215 0.000180200553781117 -0.0001343515601291822
17.99999999999928 0.0001370942501442913 -0.0001762227868037806
18.00277777777705 8.478546262063526e-05 -0.0002049128581331092
18.00555555555483 2.715611427478183e-05 -0.0002185656566126906
18.0083333333326 -3.15929097098491e-05 -0.0002164324333904707
18.01111111111038 -8.724862104716274e-05 -0.0001989065690560895
18.01388888888816 -0.0001358880762744265 -0.0001674756575956706
18.01666666666593 -0.0001741541720429917 -0.000124595951142183
18.01944444444371 -0.000199485783490141 -7.349969237807253e-05
18.02222222222149 -0.0002102866208894655 -1.79504743194656e-05
18.02499999999926 -0.0002060219057007962 3.803480974468466e-05
18.02777777777704 -0.0001872373750048143 9.047685027799641e-05
18.03055555555482 -0.0001555008079278172 0.0001357165734574664
18.03333333333259 -0.0001132718135350359 0.0001706695283381178
18.03611111111037 -6.371063121071794e-05 0.0001930344238577843
18.03888888888815 -1.044082415229066e-05 0.00020144188322471
18.04166666666592 4.27162814360433e-05 0.0001955340514402269
18.0444444444437 9.201593041276771e-05 0.0001759708263371203
18.04722222222147 0.0001340533648839514 0.0001443638035379687
18.04999999999925 0.0001659978699387035 0.0001031441462678168
18.05277777777703 0.0001857814635785606 5.537515094707893e-05
18.0555555555548 0.0001922298320821027 4.523967004278153e-06
18.05833333333258 0.0001851274868715049 -4.579049733001626e-05
18.06111111111036 0.0001652139610131324 -9.205514843299522e-05
18.06388888888813 0.0001341128168744869 -0.0001311074538193794
18.06666666666591 9.419994644382634e-05 -0.0001603503812815153
18.06944444444369 4.842178414868305e-05 -0.0001779230462138964
18.07222222222146 7.733953698257573e-08 -0.0001828160430756806
18.07499999999924 -4.741981751366276e-05 -0.0001749245922305289
18.07777777777702 -9.078245385441028e-05 -0.0001550371720515801
18.08055555555479 -0.0001270764900501856 -0.0001247618976688954
18.08333333333257 -0.0001539181671860787 -8.639722657133811e-05
18.08611111111034 -0.000169628446222038 -4.275731993864238e-05
18.08888888888812 -0.0001733348357453195 3.034682211611973e-06
18.0916666666659 -0.0001650147618364824 4.77702889509386e-05
18.09444444444367 -0.0001454788251464269 8.838019445760391e-05
18.09722222222145 -0.0001162965298188426 0.0001221440560509059
18.09999999999923 -7.967101904542824e-05 0.0001468712645151099
18.102777777777 -3.827274382246622e-05 0.0001610408325235807
18.10555555555478 4.955397505494869e-06 0.0001638916697469314
18.10833333333256 4.70072424564007e-05 0.000155458182797023
18.11111111111033 8.502202819608846e-05 0.0001365500640555094
18.11388888888811 0.0001164781072216743 0.0001086790348096141
18.11666666666589 0.0001393586914314808 7.393891386162092e-05
18.11944444444366 0.000152278872691492 3.484845012265345e-05
18.12222222222144 0.0001545661241576839 -5.831311641809179e-06
18.12499999999921 0.0001462899028888407 -4.529191001425684e-05
18.12777777777699 0.0001282396008544049 -8.087087054159523e-05
18.13055555555477 0.0001018536710850491 -0.0001102303762524629
18.13333333333254 6.910604205875475e-05 -0.0001315093129730739
18.13611111111032 3.235870763864585e-05 -0.0001434389449701811
18.1388888888881 -5.808534892048635e-06 -0.0001454152355983088
18.14166666666587 -4.277895386858691e-05 -0.0001375239903450321
18.14444444444365 -7.607771929641762e-05 -0.0001205183363727706
18.14722222222143 -0.00010353654931416 -9.575132864105829e-05
18.1499999999992 -0.0001234333136437183 -6.506946455367208e-05
18.15277777777698 -0.0001345977499006071 -3.067539973431625e-05
18.15555555555476 -0.0001364770053264099 5.02997094963127e-06
18.15833333333253 -0.000129157629172611 3.961477984824124e-05
18.16111111111031 -0.0001133436996255075 7.078119288876225e-05
18.16388888888808 -9.029376037313189e-05 9.651702854634229e-05
18.16666666666586 -6.172196347569646e-05 0.0001152240860664165
18.16944444444364 -2.967108968730074e-05 0.0001258151411029841
18.17222222222141 3.633196511982143e-06 0.0001277739197825279
18.17499999999919 3.593649887261552e-05 0.0001211750312154102
18.17777777777697 6.510762097114327e-05 0.0001066636325030473
18.18055555555474 8.927810865259088e-05 8.539732577084103e-05
18.18333333333252 0.0001069603669259421 5.89552610085547e-05
18.1861111111103 0.0001171370234223368 2.922148177314566e-05
18.18888888888807 0.0001193163613935676 -1.748923562991356e-06
18.19166666666585 0.000113551079174181 -3.187140050349041e-05
18.19444444444363 0.0001004201767429997 -5.917153556363723e-05
18.1972222222214 8.097624850596404e-05 -8.19134130422602e-05
18.19999999999918 5.666270983953933e-05 -9.870847534382912e-05
18.20277777777696 2.92073594324561e-05 -0.0001085981944497595
18.20555555555473 5.000661847994714e-07 -0.0001111058155100721
18.20833333333251 -2.753680886485274e-05 -0.0001062546425183612
18.21111111111028 -5.307642504676251e-05 -9.455264419830388e-05
18.21388888888806 -7.450545505879958e-05 -7.694540776350093e-05
18.21666666666584 -9.05245329133189e-05 -5.474151058245592e-05
18.21944444444361 -0.0001002250312132571 -2.951608539954017e-05
18.22222222222139 -0.0001031378044861318 -2.999621016967373e-06
18.22499999999917 -9.925153051416105e-05 2.304020250682145e-05
18.22777777777694 -8.900036900935517e-05 4.691563033843755e-05
18.23055555555472 -7.322269469470969e-05 6.712721091008474e-05
18.2333333333325 -5.309451619035263e-05 8.245656775405671e-05
18.23611111111027 -3.004274628723636e-05 9.203794689718799e-05
18.23888888888805 -5.644650482649063e-06 9.540450088045533e-05
18.24166666666583 1.847949432907465e-05 9.250706369369755e-05
18.2444444444436 4.077328125513618e-05 8.370505213942522e-05
18.24722222222138 5.984361195324761e-05 6.973097109053403e-05
18.24999999999915 7.454642643190166e-05 5.163168266372e-05
18.25277777777693 8.405356251455004e-05 3.069101721059183e-05
18.25555555555471 8.789698870055521e-05 8.33937322111224e-06
18.25833333333248 8.598825753004714e-05 -1.39433842536354e-05
18.26111111111026 7.861271571583055e-05 -3.472519032443529e-05
18.26388888888804 6.639966844037582e-05 -5.271288423164905e-05
18.26666666666581 5.027122053802124e-05 -6.683143708318174e-05
18.26944444444359 3.137381187805817e-05 -7.628655555572287e-05
18.27222222222137 1.099745185196194e-05 -8.060715493356589e-05
18.27499999999914 -9.511714912470856e-06 -7.966562059498969e-05
18.27777777777692 -2.883964043229169e-05 -7.367528771200869e-05
18.2805555555547 -4.578768221251309e-05 -6.316606306413735e-05
18.28333333333247 -5.934578449546592e-05 -4.894049391646534e-05
18.28611111111025 -6.875116203606563e-05 -3.201377133795042e-05
18.28888888888802 -7.352920388505284e-05 -1.354206974986464e-05
18.2916666666658 -7.351457488806141e-05 5.255778414819987e-06
18.29444444444358 -6.885183771681591e-05 2.317802114326318e-05
18.29722222222135 -5.997625810731761e-05 3.911598130754624e-05
18.29999999999913 -4.757670428455898e-05 5.21215733518907e-05
18.30277777777691 -3.254363125041204e-05 6.146232047841803e-05
18.30555555555468 -1.590598852738992e-05 6.666079475459374e-05
18.30833333333246 1.238539656332529e-06 6.751650921221381e-05
18.31111111111024 1.779528597164204e-05 6.410948286689838e-05
18.31388888888801 3.274170993171926e-05 5.678589689463788e-05
18.31666666666579 4.518956956947052e-05 4.612738600708402e-05
18.31944444444357 5.443645668125064e-05 3.290649404576702e-05
18.32222222222134 6.000380911336947e-05 1.803160943303842e-05
18.32499999999912 6.165947828123898e-05 2.485241846547518e-06
18.32777777777689 5.942398038953926e-05 -1.274021909570332e-05
18.33055555555467 5.356062538755922e-05 -2.670511660318994e-05
18.33333333333245 4.455073014065985e-05 -3.85796219369408e-05
18.33611111111022 3.30560193688404e-05 -4.769191714198598e-05
18.338888888888 1.987104721941787e-05 -5.35647601817244e-05
18.34166666666578 5.868994334486421e-06 -5.593856145633271e-05
18.34444444444355 -8.055514836866525e-06 -5.478002045393454e-05
18.34722222222133 -2.104288097967191e-05 -5.027631511016176e-05
18.34999999999911 -3.232077736717417e-05 -4.281574374702296e-05
18.35277777777688 -4.124906717556975e-05 -3.295653445360249e-05
18.35555555555466 -4.735486062149121e-05 -2.138621183705359e-05
18.35833333333244 -5.035589630029264e-05 -8.874409417710585e-06
18.36111111111021 -5.017123086688705e-05 3.777686550094549e-06
18.36388888888799 -4.691905259202134e-05 1.578798982243791e-05
18.36666666666576 -4.090224391169297e-05 2.644111324083147e-05
18.36944444444354 -3.258305605398828e-05 3.513007746046634e-05
18.37222222222132 -2.254888198153801e-05 4.13897704309276e-05
18.37499999999909 -1.14715880658885e-05 4.492040404735381e-05
18.37777777777687 -6.316674522933715e-08 4.559990414549524e-05
18.38055555555465 1.096940968868678e-05 4.348489768686356e-05
18.38333333333242 2.096731967433341e-05 3.880067967244169e-05
18.3861111111102 2.935843019919888e-05 3.1921207735607e-05
18.38888888888798 3.568905178754555e-05 2.334074543197627e-05
18.39166666666575 3.964722699874275e-05 1.363922435097461e-05
18.39444444444353 4.107645806724242e-05 3.443697788839053e-06
18.39722222222131 3.997941148205989e-05 -6.611597604627857e-06
18.39999999999908 3.651177144763331e-05 -1.592407311486186e-05
18.40277777777686 3.096701106929737e-05 -2.3958183402681e-05
18.40555555555463 2.375337458914877e-05 -3.027536348848576e-05
18.40833333333241 1.536478691782249e-05 -3.455690198028716e-05
18.41111111111019 6.347706489299689e-06 -3.661864318044789e-05
18.41388888888796 -2.733898917171304e-06 -3.641695517633475e-05
18.41666666666574 -1.133325035353884e-05 -3.404595659217407e-05
18.41944444444352 -1.895303894187334e-05 -2.972652683709258e-05
18.42222222222129 -2.517343398369358e-05 -2.378810190965412e-05
18.42499999999907 -2.967429936814878e-05 -1.664465338869565e-05
18.42777777777685 -3.225051502030928e-05 -8.76654164976106e-06
18.43055555555462 -3.281976436975002e-05 -6.501122705923689e-07
18.4333333333324 -3.142263153314153e-05 7.213038631055101e-06
18.43611111111018 -2.821532292247141e-05 1.436526675831965e-05
18.43888888888795 -2.345575924470325e-05 2.040885869951423e-05
18.44166666666573 -1.748415099712672e-05 2.502736364848317e-05
18.4444444444435 -1.069945426268183e-05 2.800119479809439e-05
18.44722222222128 -3.533290509528822e-06 2.92168086071426e-05
18.44999999999906 3.577002668535569e-06 2.866918552276645e-05
18.45277777777683 1.021454364301184e-05 2.645774915575109e-05
18.45555555555461 1.600677406656105e-05 2.277624753580179e-05
18.45833333333239 2.064569869163775e-05 1.789745788989467e-05
18.46111111111016 2.39034498101688e-05 1.21538473452819e-05
18.46388888888794 2.564245348750439e-05 5.915512901089075e-06
18.46666666666572 2.581982821029134e-05 -4.33172781051243e-07
18.46944444444349 2.448600591962156e-05 -6.516769826149204e-06
18.47222222222127 2.177790889577557e-05 -1.199046690799597e-05
18.47499999999905 1.790732383394037e-05 -1.655904839769658e-05
18.47777777777682 1.314537002130725e-05 -1.999213326960507e-05
18.4805555555546 7.804149048267157e-06 -2.213495176320279e-05
18.48333333333238 2.216780715381354e-06 -2.291422261112397e-05
18.48611111111015 -3.282929740584738e-06 -2.233900252398297e-05
18.48888888888793 -8.37998301690357e-06 -2.049668166880618e-05
18.4916666666657 -1.279573047182683e-05 -1.754457652039247e-05
18.49444444444348 -1.630253205931108e-05 -1.369780944705592e-05
18.49722222222126 -1.873479999767924e-05 -9.214350561840966e-06
18.49999999999903 -1.999594610267663e-05 -4.378223245191757e-06
18.50277777777681 -2.006101279494325e-05 5.180641686013289e-07
