16.5 -1.595962310627284e-07 1.463960107240079e-07
16.50277777777778 -1.599543057022083e-07 1.563637548632954e-07
16.50555555555555 -1.599969744487868e-07 1.666425769547548e-07
16.50833333333333 -1.597053353197875e-07 1.772307051349272e-07
16.51111111111111 -1.590600734575557e-07 1.881256969256051e-07
16.51388888888888 -1.580414746286456e-07 1.993244103728644e-07
16.51666666666666 -1.566294399937118e-07 2.108229750941643e-07
16.51944444444444 -1.548035021734798e-07 2.22616763278667e-07
16.52222222222221 -1.525428426341895e-07 2.347003606868572e-07
16.52499999999999 -1.49826310414752e-07 2.470675376978081e-07
16.52777777777776 -1.46632442216311e-07 2.597112204531938e-07
16.53055555555554 -1.429394838733825e-07 2.726234621495824e-07
16.53333333333332 -1.387254132239328e-07 2.857954145311723e-07
16.53611111111109 -1.339679643941679e-07 2.992172996372989e-07
16.53888888888887 -1.286446535116742e-07 3.12878381859607e-07
16.54166666666665 -1.227328058591881e-07 3.267669403660501e-07
16.54444444444442 -1.162095844786591e-07 3.408702419492949e-07
16.5472222222222 -1.090520202335942e-07 3.551745143585995e-07
16.54999999999998 -1.012370433355011e-07 3.696649201759093e-07
16.55277777777775 -9.274151633793523e-08 3.843255312967109e-07
16.55555555555553 -8.354226859928166e-08 3.991393040787353e-07
16.55833333333331 -7.361613221351372e-08 4.140880552208733e-07
16.56111111111108 -6.293997940509857e-08 4.291524384372449e-07
16.56388888888886 -5.149076138236735e-08 4.443119219901761e-07
16.56666666666663 -3.924554864060684e-08 4.595447671483575e-07
16.56944444444441 -2.618157270413058e-08 4.748280076354735e-07
16.57222222222219 -1.227626929319429e-08 4.901374301362063e-07
16.57499999999996 2.492677100196026e-09 5.054475559258337e-07
16.57777777777774 1.81472872471035e-08 5.207316236911441e-07
16.58055555555552 3.470923984874715e-08 5.359615736091319e-07
16.58333333333329 5.219982286079709e-08 5.511080327511456e-07
16.58611111111107 7.063988350221466e-08 5.661403018793897e-07
16.58888888888885 9.004977697947537e-08 5.810263437029794e-07
16.59166666666662 1.104493139588859e-07 5.957327726598452e-07
16.5944444444444 1.318577068242666e-07 6.102248462911918e-07
16.59722222222218 1.542935147579388e-07 6.244664582738461e-07
16.59999999999995 1.77774587688668e-07 6.384201331756499e-07
16.60277777777773 2.023180091502486e-07 6.520470229981947e-07
16.6055555555555 2.279400381001256e-07 6.653069055705738e-07
16.60833333333328 2.546560497479685e-07 6.78158184855593e-07
16.61111111111106 2.82480475449287e-07 6.90557893230749e-07
16.61388888888883 3.11426741720044e-07 7.02461695802915e-07
16.61666666666661 3.415072084329398e-07 7.138238968158732e-07
16.61944444444439 3.727331062574852e-07 7.245974482069804e-07
16.62222222222216 4.051144734100851e-07 7.347339603688463e-07
16.62499999999994 4.386600917818046e-07 7.441837151689314e-07
16.62777777777772 4.733774225160187e-07 7.528956812787098e-07
16.63055555555549 5.092725411087624e-07 7.608175318623487e-07
16.63333333333327 5.463500721097341e-07 7.67895664670835e-07
16.63611111111105 5.846131235016643e-07 7.740752245882041e-07
16.63888888888882 6.240632208416007e-07 7.7930012867067e-07
16.6416666666666 6.647002412467517e-07 7.835130937198546e-07
16.64444444444437 7.065223473130246e-07 7.866556664263992e-07
16.64722222222215 7.495259210541555e-07 7.886682561189987e-07
16.64999999999993 7.93705497953956e-07 7.894901701498867e-07
16.6527777777777 8.390537012235539e-07 7.890596519454709e-07
16.65555555555548 8.855611763610818e-07 7.873139217468768e-07
16.65833333333326 9.332165261092443e-07 7.84189220063572e-07
16.66111111111103 9.820062459119967e-07 7.796208538566018e-07
16.66388888888881 1.031914659969783e-06 7.735432454691397e-07
16.66666666666659 1.08292385799684e-06 7.658899843136035e-07
16.66944444444436 1.135013632784991e-06 7.565938813245946e-07
16.67222222222214 1.188161418677943e-06 7.455870261812775e-07
16.67499999999992 1.242342231065118e-06 7.32800847299293e-07
16.67777777777769 1.297528607000284e-06 7.181661745893876e-07
16.68055555555547 1.353690547055964e-06 7.016133049734131e-07
16.68333333333324 1.41079545852146e-06 6.830720706481016e-07
16.68611111111102 1.468808100056045e-06 6.624719100782934e-07
16.6888888888888 1.527690527906602e-06 6.397419417020789e-07
16.69166666666657 1.58740204380243e-06 6.148110403205435e-07
16.69444444444435 1.647899144636434e-06 5.876079161464608e-07
16.69722222222213 1.70913547404618e-06 5.58061196476394e-07
16.6999999999999 1.771061776003093e-06 5.26099509949812e-07
16.70277777777768 1.833625850523491e-06 4.916515733534226e-07
16.70555555555546 1.896772511609146e-06 4.54646280924442e-07
16.70833333333323 1.960443547528815e-06 4.150127961008946e-07
16.71111111111101 2.024577683547272e-06 3.72680645665398e-07
16.71388888888879 2.089110547212506e-06 3.275798162209321e-07
16.71666666666656 2.153974636303974e-06 2.796408529364397e-07
16.71944444444434 2.219099289550306e-06 2.287949604905012e-07
16.72222222222211 2.28441066021696e-06 1.749741061438652e-07
16.72499999999989 2.349831692668326e-06 1.181111248592745e-07
16.72777777777767 2.415282102001299e-06 5.813982639029656e-08
16.73055555555544 2.480678356850555e-06 -5.004895750573806e-09
16.73333333333322 2.545933665458331e-06 -7.138695353172735e-08
16.736111111111 2.610957965104456e-06 -1.410689519482485e-07
16.73888888888877 2.675657914983648e-06 -2.141120749695527e-07
16.74166666666655 2.739936892620722e-06 -2.905759699951471e-07
16.74444444444433 2.803694993904542e-06 -3.705186309223479e-07
16.7472222222221 2.86682903682572e-06 -4.539962799403355e-07
16.74999999999988 2.929232568991747e-06 -5.410632481625952e-07
16.75277777777766 2.990795878998596e-06 -6.317718552184754e-07
16.75555555555543 3.05140601172349e-06 -7.261722879241974e-07
16.75833333333321 3.110946787611617e-06 -8.243124781621408e-07
16.76111111111098 3.16929882601476e-06 -9.262379800936609e-07
16.76388888888876 3.226339572643429e-06 -1.03199184684179e-06
16.76666666666654 3.281943331184804e-06 -1.141614506776048e-06
16.76944444444431 3.335981299136107e-06 -1.255143639541589e-06
16.77222222222209 3.388321607901375e-06 -1.372614051970156e-06
16.77499999999987 3.438829367187771e-06 -1.494057554020741e-06
16.77777777777764 3.48736671373943e-06 -1.619502834893555e-06
16.78055555555542 3.533792864440045e-06 -1.74897533946901e-06
16.7833333333332 3.577964173806333e-06 -1.882497145220334e-06
16.78611111111097 3.619734195896047e-06 -2.020086839755386e-06
16.78888888888875 3.658953750642768e-06 -2.161759399141602e-06
16.79166666666653 3.695470994628089e-06 -2.307526067169236e-06
16.7944444444443 3.729131496294241e-06 -2.457394235715188e-06
16.79722222222208 3.75977831559562e-06 -2.611367326361336e-06
16.79999999999986 3.787252088081323e-06 -2.769444673433362e-06
16.80277777777763 3.811391113395749e-06 -2.931621408615577e-06
16.80555555555541 3.832031448178848e-06 -3.097888347308889e-06
16.80833333333318 3.849007003337728e-06 -3.26823187688919e-06
16.81111111111096 3.862149645663712e-06 -3.442633847033664e-06
16.81388888888874 3.871289303751928e-06 -3.621071462271715e-06
16.81666666666651 3.876254078186022e-06 -3.803517176928534e-06
16.81944444444429 3.876870355936193e-06 -3.989938592616304e-06
16.82222222222207 3.872962928912937e-06 -4.180298358441496e-06
16.82499999999984 3.864355116622394e-06 -4.374554074079871e-06
16.82777777777762 3.850868892848105e-06 -4.572658195886378e-06
16.8305555555554 3.832325016293048e-06 -4.774557946188515e-06
16.83333333333317 3.808543165096894e-06 -4.980195225928205e-06
16.83611111111095 3.779342075146617e-06 -5.18950653079624e-06
16.83888888888873 3.744539682091148e-06 -5.402422871020776e-06
16.8416666666665 3.703953266955886e-06 -5.618869694949558e-06
16.84444444444428 3.657399605264735e-06 -5.838766816582532e-06
16.84722222222205 3.6046951195512e-06 -6.062028347189094e-06
16.84999999999983 3.545656035150103e-06 -6.28856263116043e-06
16.85277777777761 3.480098539149524e-06 -6.518272186225575e-06
16.85555555555538 3.407838942376055e-06 -6.751053648175552e-06
16.85833333333316 3.328693844283746e-06 -6.986797720214944e-06
16.86111111111094 3.242480300609181e-06 -7.225389127078935e-06
16.86388888888871 3.149015993656769e-06 -7.466706574029217e-06
16.86666666666649 3.048119405061114e-06 -7.710622710855047e-06
16.86944444444427 2.939609990879311e-06 -7.957004100985531e-06
16.87222222222204 2.823308358857624e-06 -8.205711195829803e-06
16.87499999999982 2.699036447713437e-06 -8.456598314443471e-06
16.8777777777776 2.566617708261295e-06 -8.70951362862554e-06
16.88055555555537 2.425877286224304e-06 -8.964299153534209e-06
16.88333333333315 2.276642206548331e-06 -9.220790743917425e-06
16.88611111111092 2.11874155904801e-06 -9.478818096031939e-06
16.8888888888887 1.952006685202073e-06 -9.738204755338528e-06
16.89166666666648 1.776271365914391e-06 -9.998768130034015e-06
16.89444444444425 1.591372010049425e-06 -1.026031951049499e-05
16.89722222222203 1.397147843564871e-06 -1.052266409468484e-05
16.89999999999981 1.193441099024673e-06 -1.078560101958099e-05
16.90277777777758 9.800972053241664e-07 -1.104892339866599e-05
16.90555555555536 7.569649774071497e-07 -1.131241836552634e-05
16.90833333333314 5.238968057833003e-07 -1.157586712358504e-05
16.91111111111091 2.807488456488171e-07 -1.18390450019998e-05
16.91388888888869 2.738120539153534e-08 -1.210172151774556e-05
16.91666666666647 -2.363418657057028e-07 -1.236366044389089e-05
16.91944444444424 -5.105517907930571e-07 -1.262461988407539e-05
16.92222222222202 -7.953754799937256e-07 -1.288435235318623e-05
16.92499999999979 -1.09093514639453e-06 -1.314260486422496e-05
16.92777777777757 -1.397348123664283e-06 -1.339911902134777e-05
16.93055555555535 -1.714726685539791e-06 -1.365363111905632e-05
16.93333333333312 -2.043177867358492e-06 -1.390587224750943e-05
16.9361111111109 -2.382803289876363e-06 -1.415556840391494e-05
16.93888888888868 -2.733698985545853e-06 -1.440244060996213e-05
16.94166666666645 -3.095955227496474e-06 -1.464620503523432e-05
16.94444444444423 -3.46965636139025e-06 -1.488657312655e-05
16.94722222222201 -3.854880640382937e-06 -1.512325174316147e-05
16.94999999999978 -4.251700063373941e-06 -1.535594329773597e-05
16.95277777777756 -4.660180216760566e-06 -1.558434590304559e-05
16.95555555555534 -5.080380119884563e-06 -1.580815352426203e-05
16.95833333333311 -5.512352074375578e-06 -1.602705613678313e-05
16.96111111111089 -5.956141517573128e-06 -1.624073988946677e-05
16.96388888888866 -6.411786880231041e-06 -1.644888727318327e-05
16.96666666666644 -6.879319448681672e-06 -1.665117729455097e-05
16.96944444444422 -7.358763231650546e-06 -1.684728565475051e-05
16.97222222222199 -7.850134831888773e-06 -1.703688493327597e-05
16.97499999999977 -8.353443322818774e-06 -1.72196447764967e-05
16.97777777777755 -8.868690130342419e-06 -1.739523209088026e-05
16.98055555555532 -9.395868920001593e-06 -1.756331124073683e-05
16.9833333333331 -9.934965489632606e-06 -1.772354425031874e-05
16.98611111111088 -1.048595766768795e-05 -1.787559101013989e-05
16.98888888888865 -1.104881521736646e-05 -1.801910948731395e-05
16.99166666666643 -1.162349974671063e-05 -1.815375593978313e-05
16.99444444444421 -1.220996462479672e-05 -1.827918513421971e-05
16.99722222222198 -1.280815490417698e-05 -1.839505056745062e-05
16.99999999999976 -1.341800724967253e-05 -1.850100469120566e-05
17.00277777777753 -1.403944987367762e-05 -1.859669913999978e-05
17.00555555555531 -1.467240247805379e-05 -1.868178496195575e-05
17.00833333333309 -1.531677620276596e-05 -1.875591285236341e-05
17.01111111111086 -1.597247358132315e-05 -1.881873338978828e-05
17.01388888888864 -1.663938850316273e-05 -1.886989727449268e-05
17.01666666666642 -1.731740618302971e-05 -1.890905556899408e-05
17.01944444444419 -1.800640313747173e-05 -1.893585994052033e-05
17.02222222222197 -1.870624716849978e-05 -1.894996290514049e-05
17.02499999999975 -1.941679735449417e-05 -1.895101807339702e-05
17.02777777777752 -2.013790404842074e-05 -1.893868039714269e-05
17.0305555555553 -2.086940888340905e-05 -1.891260641743314e-05
17.03333333333308 -2.161114478573725e-05 -1.887245451319202e-05
17.03611111111085 -2.236293599526318e-05 -1.881788515045161e-05
17.03888888888863 -2.312459809334928e-05 -1.87485611319129e-05
17.0416666666664 -2.38959380382702e-05 -1.866414784663615e-05
17.04444444444418 -2.467675420816598e-05 -1.856431351957812e-05
17.04722222222196 -2.546683645150522e-05 -1.844872946076828e-05
17.04999999999973 -2.626596614509263e-05 -1.831707031390821e-05
17.05277777777751 -2.7073916259587e-05 -1.81690143041189e-05
17.05555555555529 -2.789045143254389e-05 -1.800424348463887e-05
17.05833333333306 -2.871532804892438e-05 -1.782244398221997e-05
17.06111111111084 -2.954829432907934e-05 -1.762330624098992e-05
17.06388888888862 -3.038909042412832e-05 -1.740652526455672e-05
17.06666666666639 -3.12374485187264e-05 -1.717180085613644e-05
17.06944444444417 -3.209309294113294e-05 -1.691883785642975e-05
17.07222222222195 -3.295574028054572e-05 -1.664734637907801e-05
17.07499999999972 -3.382509951160445e-05 -1.635704204343254e-05
17.0777777777775 -3.470087212602091e-05 -1.604764620443058e-05
17.08055555555528 -3.558275227120721e-05 -1.571888617936193e-05
17.08333333333305 -3.647042689586011e-05 -1.537049547128464e-05
17.08611111111083 -3.736357590235253e-05 -1.500221398892684e-05
17.0888888888886 -3.826187230587016e-05 -1.461378826277678e-05
17.09166666666638 -3.916498240014174e-05 -1.420497165726187e-05
17.09444444444416 -4.007256592967484e-05 -1.377552457870737e-05
17.09722222222193 -4.098427626834141e-05 -1.33252146789849e-05
17.09999999999971 -4.189976060420621e-05 -1.285381705450966e-05
17.10277777777749 -4.281866013043095e-05 -1.236111444058159e-05
17.10555555555526 -4.374061024213289e-05 -1.184689740068231e-05
17.10833333333304 -4.466524073901897e-05 -1.13109645107338e-05
17.11111111111082 -4.559217603366704e-05 -1.07531225380038e-05
17.11388888888859 -4.652103536525241e-05 -1.017318661455544e-05
17.11666666666637 -4.745143301859063e-05 -9.570980405059813e-06
17.11944444444415 -4.838297854827935e-05 -8.946336268816271e-06
17.12222222222192 -4.931527700779187e-05 -8.299095415798116e-06
17.1249999999997 -5.024792918331634e-05 -7.629108056650814e-06
17.12777777777747 -5.118053183215775e-05 -6.936233546379371e-06
17.13055555555525 -5.211267792549963e-05 -6.220340521723806e-06
17.13333333333303 -5.30439568953441e-05 -5.481307031998588e-06
17.1361111111108 -5.397395488539165e-05 -4.71902066330684e-06
17.13888888888858 -5.490225500570063e-05 -3.93337865602136e-06
17.14166666666636 -5.582843759086199e-05 -3.124288015422126e-06
17.14444444444413 -5.67520804615136e-05 -2.291665615338826e-06
17.14722222222191 -5.767275918896926e-05 -1.435438294837174e-06
17.14999999999969 -5.859004736270918e-05 -5.555429476465194e-07
17.15277777777746 -5.950351686056755e-05 3.480733954921038e-07
17.15555555555524 -6.04127381213174e-05 1.275453491873777e-06
17.15833333333302 -6.131728041949577e-05 2.226629819164474e-06
17.16111111111079 -6.221671214218921e-05 3.201624515147843e-06
17.16388888888857 -6.311060106756209e-05 4.200449324978877e-06
17.16666666666634 -6.399851464489717e-05 5.223105555883564e-06
17.16944444444412 -6.488002027592517e-05 6.269584039414864e-06
17.1722222222219 -6.575468559716382e-05 7.339865101286739e-06
17.17499999999967 -6.662207876309467e-05 8.433918538775814e-06
17.17777777777745 -6.748176872987858e-05 9.551703605716646e-06
17.18055555555523 -6.833332553941611e-05 1.069316900511402e-05
17.183333333333 -6.917632060348137e-05 1.185825288935297e-05
17.18611111111078 -7.001032698774964e-05 1.304688286795258e-05
17.18888888888856 -7.083491969537565e-05 1.425897602298573e-05
17.19166666666633 -7.164967595005077e-05 1.549443893190895e-05
17.19444444444411 -7.245417547810704e-05 1.67531676980391e-05
17.19722222222189 -7.3248000789612e-05 1.803504798842252e-05
17.19999999999966 -7.403073745811476e-05 1.933995507913987e-05
17.20277777777744 -7.480197439887661e-05 2.06677539079831e-05
17.20555555555521 -7.556130414526875e-05 2.201829913448313e-05
17.20833333333299 -7.630832312326499e-05 2.339143520709358e-05
17.21111111111077 -7.704263192361844e-05 2.478699643763274e-05
17.21388888888854 -7.776383557169611e-05 2.620480708271077e-05
17.21666666666632 -7.847154379453738e-05 2.764468143227725e-05
17.2194444444441 -7.916537128520276e-05 2.910642390489138e-05
17.22222222222187 -7.984493796386413e-05 3.058982914998423e-05
17.22499999999965 -8.050986923574035e-05 3.209468215667243e-05
17.22777777777743 -8.115979624548827e-05 3.362075836917773e-05
17.2305555555552 -8.179435612792187e-05 3.516782380872222e-05
17.23333333333298 -8.241319225481118e-05 3.673563520174414e-05
17.23611111111076 -8.301595447766847e-05 3.832394011428702e-05
17.23888888888853 -8.360229936616683e-05 3.993247709252145e-05
17.24166666666631 -8.417189044227652e-05 4.156097580904061e-05
17.24444444444408 -8.472439840960587e-05 4.320915721508774e-05
17.24722222222186 -8.525950137805113e-05 4.487673369832082e-05
17.24999999999964 -8.577688508349549e-05 4.656340924598647e-05
17.25277777777741 -8.62762431023039e-05 4.826887961353075e-05
17.25555555555519 -8.675727706063654e-05 4.999283249819015e-05
17.25833333333297 -8.721969683824697e-05 5.17349477176781e-05
17.26111111111074 -8.766322076676334e-05 5.34948973935625e-05
17.26388888888852 -8.808757582225649e-05 5.527234613929023e-05
17.2666666666663 -8.84924978118749e-05 5.706695125268747e-05
17.26944444444407 -8.887773155467308e-05 5.887836291257612e-05
17.27222222222185 -8.9243031056116e-05 6.070622437964029e-05
17.27499999999963 -8.958815967657614e-05 6.255017220095765e-05
17.2777777777774 -8.991289029337307e-05 6.440983641836606e-05
17.28055555555518 -9.021700545647566e-05 6.628484078017365e-05
17.28333333333295 -9.050029753757675e-05 6.817480295629146e-05
17.28611111111073 -9.076256887263834e-05 7.007933475632501e-05
17.28888888888851 -9.100363189768451e-05 7.199804235062329e-05
17.29166666666628 -9.122330927787056e-05 7.393052649392862e-05
17.29444444444406 -9.142143402958551e-05 7.587638275161815e-05
17.29722222222184 -9.15978496357965e-05 7.783520172805335e-05
17.29999999999961 -9.175241015420384e-05 7.980656929718395e-05
17.30277777777739 -9.188498031862488e-05 8.179006683477318e-05
17.30555555555517 -9.199543563306576e-05 8.378527145248354e-05
17.30833333333294 -9.20836624587594e-05 8.579175623329463e-05
17.31111111111072 -9.214955809408242e-05 8.780909046816582e-05
17.3138888888885 -9.219303084732218e-05 8.983683989366838e-05
17.31666666666627 -9.221400010197525e-05 9.187456693065265e-05
17.31944444444405 -9.221239637532105e-05 9.392183092314665e-05
17.32222222222182 -9.218816136917003e-05 9.597818837810906e-05
17.3249999999996 -9.214124801393839e-05 9.804319320496527e-05
17.32777777777738 -9.2071620505054e-05 0.0001001163969554754
17.33055555555515 -9.197925433243864e-05 0.0001021973490631653
17.33333333333293 -9.186413630264055e-05 0.0001042855970824892
17.33611111111071 -9.172626455376522e-05 0.00010638068692736
17.33888888888848 -9.156564856333296e-05 0.000108482163108867
17.34166666666626 -9.138230914907979e-05 0.0001105895689719324
17.34444444444404 -9.117627846230968e-05 0.0001127024469310296
17.34722222222181 -9.094759997474151e-05 0.0001148203387041817
17.34999999999959 -9.069632845780592e-05 0.0001169427855457555
17.35277777777737 -9.042252995552466e-05 0.0001190693284771893
17.35555555555514 -9.012628175000496e-05 0.0001211995085161102
17.35833333333292 -8.9807672320471e-05 0.000123332866903124
17.3611111111107 -8.94668012955309e-05 0.000125468945326385
17.36388888888847 -8.9103779398379e-05 0.0001276072861438908
17.36666666666625 -8.871872838599953e-05 0.0001297474326028966
17.36944444444402 -8.831178098130659e-05 0.0001318889290568094
17.3722222222218 -8.788308079909559e-05 0.0001340313211790612
17.37499999999958 -8.743278226587844e-05 0.000136174156173777
17.37777777777735 -8.696105053287897e-05 0.0001383169829835164
17.38055555555513 -8.646806138354006e-05 0.000140459352493309
17.38333333333291 -8.5954001134617e-05 0.000142600817731378
17.38611111111068 -8.541906653125028e-05 0.000144740934066211
17.38888888888846 -8.486346463658492e-05 0.0001468792593997207
17.39166666666624 -8.428741271553232e-05 0.0001490153543565264
17.39444444444401 -8.369113811257432e-05 0.0001511487824693798
17.39722222222179 -8.307487812470277e-05 0.0001532791103601696
17.39999999999957 -8.24388798685585e-05 0.0001554059079168421
17.40277777777734 -8.178340014264534e-05 0.0001575287484658515
17.40555555555512 -8.110870528409581e-05 0.0001596472089402406
17.40833333333289 -8.041507102087707e-05 0.0001617608700430232
17.41111111111067 -7.970278231888988e-05 0.0001638693164059757
17.41388888888845 -7.897213322436081e-05 0.0001659721367437029
17.41666666666622 -7.822342670195637e-05 0.0001680689240027445
17.419444444444 -7.745697446819667e-05 0.0001701592755058954
17.42222222222178 -7.667309682053441e-05 0.0001722427930915272
17.42499999999955 -7.587212246282511e-05 0.0001743190832477198
17.42777777777733 -7.505438832596113e-05 0.0001763877572415213
17.43055555555511 -7.422023938527036e-05 0.0001784484312428782
17.43333333333288 -7.337002847421422e-05 0.0001805007264433163
17.43611111111066 -7.250411609427373e-05 0.0001825442691694759
17.43888888888844 -7.162287022138875e-05 0.0001845786909913216
17.44166666666621 -7.072666610933636e-05 0.0001866036288249905
17.44444444444399 -6.981588608981183e-05 0.0001886187250302946
17.44722222222176 -6.889091936997465e-05 0.0001906236275027633
17.44999999999954 -6.795216182631711e-05 0.0001926179897604666
17.45277777777732 -6.700001579689628e-05 0.0001946014710251937
17.45555555555509 -6.603488987017234e-05 0.0001965737362983926
17.45833333333287 -6.505719867184105e-05 0.0001985344564316242
17.46111111111065 -6.406736264977843e-05 0.0002004833081914829
17.46388888888842 -6.306580785586821e-05 0.0002024199743193694
17.4666666666662 -6.205296572739712e-05 0.0002043441435854942
17.46944444444398 -6.102927286517506e-05 0.0002062555108378548
17.47222222222175 -5.999517081108835e-05 0.0002081537770455851
17.47499999999953 -5.895110582335586e-05 0.0002100386493371693
17.47777777777731 -5.789752865105257e-05 0.0002119098410331901
17.48055555555508 -5.683489430736777e-05 0.0002137670716738602
17.48333333333286 -5.576366184103493e-05 0.0002156100670414372
17.48611111111063 -5.468429410790228e-05 0.0002174385591772883
17.48888888888841 -5.359725754066282e-05 0.0002192522863939831
17.49166666666619 -5.250302191888414e-05 0.0002210509932821747
17.49444444444396 -5.140206013804773e-05 0.0002228344307125201
17.49722222222174 -5.029484797762332e-05 0.0002246023558327604
17.49999999999952 -4.918186387022384e-05 0.0002263545320596783
17.50277777777729 -4.806358866925409e-05 0.0002280907290664814
17.50555555555507 -4.694050541722023e-05 0.0002298107227653073
17.50833333333285 -4.58130991143323e-05 0.0002315142952850828
17.51111111111062 -4.468185648657315e-05 0.0002332012349448692
17.5138888888884 -4.354726575528581e-05 0.0002348713362225982
17.51666666666618 -4.24098164058588e-05 0.0002365243997195525
17.51944444444395 -4.126999895792835e-05 0.0002381602321204216
17.52222222222173 -4.012830473623994e-05 0.0002397786461491636
17.5249999999995 -3.898522564206082e-05 0.0002413794605207591
17.52777777777728 -3.784125392465906e-05 0.0002429624998890516
17.53055555555506 -3.669688195649394e-05 0.0002445275947903876
17.53333333333283 -3.555260200571434e-05 0.0002460745815838474
17.53611111111061 -3.440890601325982e-05 0.0002476033023874319
17.53888888888839 -3.326628536972158e-05 0.0002491136050108464
17.54166666666616 -3.212523069310204e-05 0.0002506053428848196
17.54444444444394 -3.098623160949973e-05 0.0002520783749869867
17.54722222222172 -2.984977653448748e-05 0.0002535325657645842
17.54999999999949 -2.871635245601812e-05 0.0002549677850540642
17.55277777777727 -2.758644472036803e-05 0.0002563839079976148
17.55555555555505 -2.646053681809814e-05 0.0002577808149569522
17.55833333333282 -2.533911017300804e-05 0.0002591583914242789
17.5611111111106 -2.42226439334154e-05 0.0002605165279306391
17.56388888888837 -2.311161476479252e-05 0.0002618551199518068
17.56666666666615 -2.200649664470924e-05 0.0002631740678118291
17.56944444444393 -2.090776066089463e-05 0.0002644732765842914
17.5722222222217 -1.981587480937592e-05 0.0002657526559915912
17.57499999999948 -1.873130379768206e-05 0.0002670121203021314
17.57777777777726 -1.76545088492365e-05 0.0002682515882257631
17.58055555555503 -1.65859475087947e-05 0.0002694709828075367
17.58333333333281 -1.552607345347218e-05 0.0002706702313198482
17.58611111111059 -1.447533630397493e-05 0.0002718492651531937
17.58888888888836 -1.34341814391835e-05 0.0002730080197056424
17.59166666666614 -1.240304981348545e-05 0.0002741464342711294
17.59444444444392 -1.138237777671875e-05 0.0002752644519267545
17.59722222222169 -1.037259689732708e-05 0.000276362019419174
17.59999999999947 -9.374133787935876e-06 0.0002774390870502693
17.60277777777724 -8.387409932746175e-06 0.0002784956085621694
17.60555555555502 -7.412841521152711e-06 0.0002795315410218322
17.6083333333328 -6.450839280167457e-06 0.0002805468447052358
17.61111111111057 -5.50180831219426e-06 0.0002815414829813849
17.61388888888835 -4.566147936030025e-06 0.0002825154221962232
17.61666666666613 -3.644251529243859e-06 0.0002834686315565905
17.6194444444439 -2.736506375166956e-06 0.0002844010830143582
17.62222222222168 -1.843293512547886e-06 0.0002853127511508892
17.62499999999946 -9.649875880069151e-07 0.0002862036130619053
17.62777777777723 -1.019567112076439e-07 0.0002870736482429172
17.63055555555501 7.454376852127914e-07 0.0002879228384753683
17.63333333333279 1.576840984251041e-06 0.0002887511677135559
17.63611111111056 2.391905518928925e-06 0.0002895586219724956
17.63888888888834 3.190290704040164e-06 0.0002903451892168329
17.64166666666612 3.971663164346803e-06 0.0002911108592509229
17.64444444444389 4.735696858639908e-06 0.0002918556236102397
17.64722222222167 5.48207320379456e-06 0.0002925794754540479
17.64999999999944 6.210481190143297e-06 0.0002932824094598188
17.65277777777722 6.920617499822633e-06 0.0002939644217189933
17.655555555555 7.612186616829693e-06 0.000294625509634697
17.65833333333277 8.284900935006102e-06 0.0002952656718212583
17.66111111111055 8.938480865657187e-06 0.0002958849080054921
17.66388888888833 9.572654938224455e-06 0.0002964832189302302
17.6666666666661 1.018715989816325e-05 0.00029706060625996
17.66944444444388 1.078174080395165e-05 0.000297617072488571
17.67222222222166 1.135615111805086e-05 0.0002981526208495755
17.67499999999943 1.191015279723074e-05 0.0002986672552285977
17.67777777777721 1.244351637447161e-05 0.0002991609800786879
17.68055555555499 1.295602104549132e-05 0.0002996338003377299
17.68333333333276 1.344745474401365e-05 0.0003000857213490282
17.68611111111054 1.391761421873456e-05 0.0003005167487843357
17.68888888888831 1.436630510576309e-05 0.0003009268885697782
17.69166666666609 1.479334199551431e-05 0.0003013161468148552
17.69444444444387 1.519854850103241e-05 0.0003016845297440681
17.69722222222164 1.558175731605325e-05 0.0003020320436321053
17.69999999999942 1.594281027778378e-05 0.0003023586947415397
17.7027777777772 1.628155842087909e-05 0.0003026644892641013
17.70555555555497 1.659786202731427e-05 0.0003029494332652422
17.70833333333275 1.68915906789065e-05 0.000303213532631529
17.71111111111053 1.716262329946961e-05 0.000303456793021906
17.7138888888883 1.741084819913606e-05 0.00030367921982192
17.71666666666608 1.76361631114837e-05 0.0003038808181016692
17.71944444444386 1.783847523112355e-05 0.0003040615925769251
17.72222222222163 1.801770124366625e-05 0.0003042215475740968
17.72499999999941 1.817376735401836e-05 0.0003043606869986122
17.72777777777718 1.830660931562082e-05 0.0003044790143065153
17.73055555555496 1.841617244832639e-05 0.0003045765324803196
17.73333333333274 1.850241166048856e-05 0.0003046532440078666
17.73611111111051 1.856529146230597e-05 0.0003047091508652723
17.73888888888829 1.860478597800815e-05 0.0003047442545033536
17.74166666666607 1.862087895762885e-05 0.0003047585558374876
17.74444444444384 1.861356377861945e-05 0.0003047520552417162
17.74722222222162 1.858284345149326e-05 0.0003047247525459319
17.7499999999994 1.852873061712482e-05 0.000304676647037168
17.75277777777717 1.845124754069541e-05 0.000304607737464581
17.75555555555495 1.835042610973404e-05 0.0003045180220475054
17.75833333333273 1.822630781565835e-05 0.0003044074984882702
17.7611111111105 1.807894374527689e-05 0.0003042761639875861
17.76388888888828 1.790839456082964e-05 0.0003041240152642526
17.76666666666605 1.771473047911106e-05 0.000303951048578294
17.76944444444383 1.74980312472485e-05 0.0003037572597577082
17.77222222222161 1.725838611557673e-05 0.0003035426442287587
17.77499999999938 1.699589380693335e-05 0.0003033071970498451
17.77777777777716 1.671066248175421e-05 0.0003030509129489569
17.78055555555494 1.640280970062727e-05 0.0003027737863645508
17.78333333333271 1.607246238449325e-05 0.0003024758114897919
17.78611111111049 1.571975676833964e-05 0.0003021569823204437
17.78888888888827 1.534483835636526e-05 0.0003018172927057379
17.79166666666604 1.494786186849152e-05 0.0003014567364029565
17.79444444444382 1.452899118881954e-05 0.0003010753071348615
17.7972222222216 1.408839930611215e-05 0.0003006729986506695
17.79999999999937 1.362626825435381e-05 0.0003002498047899008
17.80277777777715 1.314278904727748e-05 0.0002998057195495008
17.80555555555492 1.263816161121108e-05 0.000299340737153835
17.8083333333327 1.211259471591629e-05 0.0002988548521275426
17.81111111111048 1.156630589772621e-05 0.0002983480593715372
17.81388888888825 1.09995213851706e-05 0.0002978203542414141
17.81666666666603 1.041247601378614e-05 0.0002972717326290429
17.81944444444381 9.805413148056894e-06 0.0002967021910461285
17.82222222222158 9.178584586937786e-06 0.0002961117267111261
17.82499999999936 8.532250479573105e-06 0.0002955003376377871
17.82777777777714 7.866679225976367e-06 0.0002948680227267655
17.83055555555491 7.182147383394259e-06 0.0002942147818589813
17.83333333333269 6.478939562672708e-06 0.0002935406159915262
17.83611111111047 5.757348326456007e-06 0.000292845527255381
17.83888888888824 5.017674079989816e-06 0.000292129519055315
17.84166666666602 4.260224962213874e-06 0.0002913925961714947
17.84444444444379 3.485316729174505e-06 0.0002906347648630573
17.84722222222157 2.693272639794689e-06 0.0002898560329731022
17.84999999999935 1.88442333306672e-06 0.0002890564100354637
17.85277777777712 1.059106705720712e-06 0.0002882359073827764
17.8555555555549 2.176677848454429e-07 0.0002873945382559349
17.85833333333268 -6.395414042982487e-07 0.0002865323179148266
17.86111111111045 -1.512161968074219e-06 0.0002856492637499528
17.86388888888823 -2.399828284802072e-06 0.0002847453953952923
17.86666666666601 -3.30216814251664e-06 0.0002838207348418079
17.86944444444378 -4.218802882090966e-06 0.0002828753065517836
17.87222222222156 -5.149347544744558e-06 0.0002819091375737714
17.87499999999934 -6.093411020070109e-06 0.0002809222576579784
17.87777777777711 -7.050596199675445e-06 0.0002799146993720402
17.88055555555489 -8.020500130759033e-06 0.0002788864982169852
17.88333333333266 -9.002714176667394e-06 0.0002778376927433539
17.88611111111044 -9.99682417779107e-06 0.000276768324667224
17.88888888888822 -1.100241061558751e-05 0.0002756784389861055
17.89166666666599 -1.20190487800546e-05 0.0002745680840945209
17.89444444444377 -1.30463089416076e-05 0.0002734373118991718
17.89722222222155 -1.40837565226527e-05 0.0002722861779335168
17.89999999999932 -1.513095227456932e-05 0.0002711147414716768
17.9027777777771 -1.618745245615095e-05 0.0002699230656414876
17.90555555555488 -1.72528090163195e-05 0.0002687112175365878
17.90833333333265 -1.83265697767253e-05 0.0002674792683274247
17.91111111111043 -1.940827862085794e-05 0.0002662272933709803
17.91388888888821 -2.049747568238758e-05 0.0002649553723191588
17.91666666666598 -2.159369753772072e-05 0.000263663589225661
17.91944444444376 -2.269647740047069e-05 0.000262352032651209
17.92222222222154 -2.380534531925492e-05 0.0002610207957669848
17.92499999999931 -2.491982837661147e-05 0.0002596699764561787
17.92777777777709 -2.603945089106605e-05 0.0002582996774134906
17.93055555555486 -2.716373462121494e-05 0.000256910006242441
17.93333333333264 -2.829219897204899e-05 0.0002555010755503966
17.93611111111042 -2.9424361203163e-05 0.000254073003041146
17.93888888888819 -3.055973663991828e-05 0.0002526259116048837
17.94166666666597 -3.169783888457233e-05 0.0002511599294055915
17.94444444444375 -3.283818003147552e-05 0.0002496751899655015
17.94722222222152 -3.398027088332961e-05 0.0002481718322466206
17.9499999999993 -3.512362116811296e-05 0.0002466500007292959
17.95277777777708 -3.626773975909291e-05 0.0002451098454874639
17.95555555555485 -3.741213489569706e-05 0.0002435515222606656
17.95833333333263 -3.855631440626026e-05 0.0002419751925225669
17.96111111111041 -3.969978593134063e-05 0.000240381023546043
17.96388888888818 -4.084205714856823e-05 0.00023876918846456
17.96666666666596 -4.198263599959081e-05 0.0002371398663297273
17.96944444444373 -4.312103091688712e-05 0.0002354932421650635
17.97222222222151 -4.42567510522622e-05 0.0002338295070157388
17.97499999999929 -4.538930650511082e-05 0.000232148857994336
17.97777777777706 -4.651820855344968e-05 0.0002304514983222218
17.98055555555484 -4.764296988325854e-05 0.0002287376373668867
17.98333333333262 -4.876310482009386e-05 0.0002270074906747314
17.98611111111039 -4.987812956032499e-05 0.0002252612799994559
17.98888888888817 -5.098756240216767e-05 0.000223499233326004
17.99166666666595 -5.209092397829665e-05 0.0002217215848896467
17.99444444444372 -5.318773748717182e-05 0.0002199285751905668
17.9972222222215 -5.427752892448174e-05 0.0002181204510036107
17.99999999999928 -5.535982731535733e-05 0.0002162974653830462
18.00277777777705 -5.643416494488868e-05 0.0002144598776625781
18.00555555555483 -5.750007758878362e-05 0.0002126079534503012
18.0083333333326 -5.855710474388879e-05 0.000210741964618508
18.01111111111038 -5.960478985699043e-05 0.0002088621892885362
18.01388888888816 -6.064268055325478e-05 0.0002069689118104034
18.01666666666593 -6.167032886382655e-05 0.0002050624227371575
18.01944444444371 -6.268729145192159e-05 0.0002031430187940717
18.02222222222149 -6.36931298375373e-05 0.0002012110028425438
18.02499999999926 -6.468741062110564e-05 0.0001992666838386151
18.02777777777704 -6.566970570533367e-05 0.0001973103767861571
18.03055555555482 -6.663959251529179e-05 0.0001953424026847106
18.03333333333259 -6.759665421659491e-05 0.0001933630884719046
18.03611111111037 -6.854047993170995e-05 0.0001913727669604683
18.03888888888815 -6.947066495391445e-05 0.0001893717767698178
18.04166666666592 -7.038681095897075e-05 0.000187360462252255
18.0444444444437 -7.128852621454848e-05 0.0001853391734136469
18.04722222222147 -7.21754257867864e-05 0.0001833082658287813
18.04999999999925 -7.304713174401162e-05 0.0001812681005513009
18.05277777777703 -7.390327335783887e-05 0.0001792190440182079
18.0555555555548 -7.474348730113895e-05 0.0001771614679489693
18.05833333333258 -7.556741784245358e-05 0.0001750957492394189
18.06111111111036 -7.637471703752683e-05 0.0001730222698501766
18.06388888888813 -7.716504491726997e-05 0.00017094141668983
18.06666666666591 -7.793806967149672e-05 0.0001688535814930439
18.06944444444369 -7.869346782955887e-05 0.0001667591606932949
18.07222222222146 -7.943092443700611e-05 0.0001646585552904425
18.07499999999924 -8.015013322734551e-05 0.0001625521707135425
18.07777777777702 -8.085079679076697e-05 0.0001604404166782095
18.08055555555479 -8.153262673749744e-05 0.0001583237070394158
18.08333333333257 -8.219534385720192e-05 0.0001562024596392039
18.08611111111034 -8.283867827358357e-05 0.0001540770961497003
18.08888888888812 -8.346236959415858e-05 0.0001519480419114062
18.0916666666659 -8.406616705506423e-05 0.0001498157257669475
18.09444444444367 -8.464982966115744e-05 0.0001476805798901316
18.09722222222145 -8.52131263205951e-05 0.0001455430396107698
18.09999999999923 -8.575583597392608e-05 0.0001434035432352265
18.102777777777 -8.627774771854577e-05 0.0001412625318624973
18.10555555555478 -8.677866092667681e-05 0.0001391204491965418
18.10833333333256 -8.725838535839917e-05 0.0001369777413543988
18.11111111111033 -8.771674126837842e-05 0.0001348348566706568
18.11388888888811 -8.815355950707326e-05 0.0001326922454980925
18.11666666666589 -8.856868161569479e-05 0.0001305503600048218
18.11944444444366 -8.896195991541319e-05 0.0001284096539678817
18.12222222222144 -8.93332575896659e-05 0.0001262705825638373
18.12499999999921 -8.968244876112024e-05 0.0001241336021558024
18.12777777777699 -9.000941856132308e-05 0.0001219991700779357
18.13055555555477 -9.031406319448566e-05 0.000119867744416767
18.13333333333254 -9.059628999435683e-05 0.0001177397837900796
18.13611111111032 -9.085601747476522e-05 0.0001156157471230764
18.1388888888881 -9.109317537302576e-05 0.0001134960934224741
18.14166666666587 -9.130770468687515e-05 0.0001113812815482277
18.14444444444365 -9.149955770446887e-05 0.0001092717699833373
18.14722222222143 -9.166869802734592e-05 0.0001071680166018887
18.1499999999992 -9.181510058662043e-05 0.0001050704784353764
18.15277777777698 -9.193875165185638e-05 0.0001029796114377246
18.15555555555476 -9.20396488331893e-05 0.000100895870248897
18.15833333333253 -9.211780107612222e-05 9.881970795754407e-05
18.16111111111031 -9.217322864922312e-05 9.675157586278107e-05
18.16388888888808 -9.22059631246558e-05 9.469192323525083e-05
18.16666666666586 -9.221604735153204e-05 9.26411970777373e-05
18.16944444444364 -9.22035354220508e-05 9.059984188545953e-05
18.17222222222141 -9.216849263036328e-05 8.856829940635202e-05
18.17499999999919 -9.211099542418874e-05 8.654700840145904e-05
18.17777777777697 -9.203113134938924e-05 8.453640440554977e-05
18.18055555555474 -9.192899898697058e-05 8.253691948848425e-05
18.18333333333252 -9.180470788326983e-05 8.054898201707119e-05
18.1861111111103 -9.165837847259155e-05 7.857301641809694e-05
18.18888888888807 -9.149014199300494e-05 7.660944294229926e-05
18.19166666666585 -9.130014039470253e-05 7.465867742990512e-05
18.19444444444363 -9.108852624154522e-05 7.272113107754455e-05
18.1972222222214 -9.085546260528218e-05 7.079721020712427e-05
18.19999999999918 -9.060112295299903e-05 6.888731603654404e-05
18.20277777777696 -9.032569102750787e-05 6.699184445264695e-05
18.20555555555473 -9.002936072087781e-05 6.511118578660215e-05
18.20833333333251 -8.971233594114689e-05 6.324572459184075e-05
18.21111111111028 -8.93748304723226e-05 6.139583942482787e-05
18.21388888888806 -8.901706782774213e-05 5.956190262878941e-05
18.21666666666584 -8.863928109684666e-05 5.774428012070017e-05
18.21944444444361 -8.824171278542767e-05 5.594333118170024e-05
18.22222222222139 -8.782461464970577e-05 5.415940825097401e-05
18.22499999999917 -8.738824752389819e-05 5.239285672360959e-05
18.22777777777694 -8.693288114185367e-05 5.064401475229481e-05
18.23055555555472 -8.645879395253126e-05 4.891321305327843e-05
18.2333333333325 -8.596627292964057e-05 4.720077471666655e-05
18.23611111111027 -8.545561337552455e-05 4.550701502122195e-05
18.23888888888805 -8.492711871937238e-05 4.383224125396398e-05
18.24166666666583 -8.438110030999179e-05 4.217675253458027e-05
18.2444444444436 -8.381787720321785e-05 4.054083964498798e-05
18.24722222222138 -8.323777594412275e-05 3.892478486409132e-05
18.24999999999915 -8.264113034427564e-05 3.732886180791556e-05
18.25277777777693 -8.202828125406226e-05 3.575333527536518e-05
18.25555555555471 -8.139957633036768e-05 3.419846109963403e-05
18.25833333333248 -8.075536979975144e-05 3.266448600550188e-05
18.26111111111026 -8.009602221724885e-05 3.115164747264944e-05
18.26388888888804 -7.942190022107243e-05 2.966017360510709e-05
18.26666666666581 -7.87333762833334e-05 2.819028300696328e-05
18.26944444444359 -7.803082845698373e-05 2.67421846645511e-05
18.27222222222137 -7.731464011926339e-05 2.531607783502227e-05
18.27499999999914 -7.65851997116563e-05 2.391215194177817e-05
18.27777777777692 -7.584290047683749e-05 2.253058647642483e-05
18.2805555555547 -7.508814019255042e-05 2.11715509077762e-05
18.28333333333247 -7.432132090279385e-05 1.983520459772978e-05
18.28611111111025 -7.354284864652814e-05 1.852169672416058e-05
18.28888888888802 -7.275313318398728e-05 1.723116621105134e-05
18.2916666666658 -7.19525877209933e-05 1.596374166575122e-05
18.29444444444358 -7.11416286313803e-05 1.471954132352902e-05
18.29722222222135 -7.032067517779118e-05 1.349867299950159e-05
18.29999999999913 -6.949014923104827e-05 1.230123404799443e-05
18.30277777777691 -6.865047498842616e-05 1.1127311329249e-05
18.30555555555468 -6.78020786908981e-05 9.976981183744634e-06
18.30833333333246 -6.694538833975036e-05 8.850309413985376e-06
18.31111111111024 -6.608083341266642e-05 7.747351273892549e-06
18.31388888888801 -6.520884457963877e-05 6.668151465721324e-06
18.31666666666579 -6.432985341882323e-05 5.612744144646509e-06
18.31944444444357 -6.344429213268726e-05 4.581152930869581e-06
18.32222222222134 -6.255259326458791e-05 3.573390929405046e-06
18.32499999999912 -6.165518941611018e-05 2.589460757375623e-06
18.32777777777689 -6.075251296529936e-05 1.62935457896753e-06
18.33055555555467 -5.984499578615239e-05 6.930541478316529e-07
18.33333333333245 -5.893306896945466e-05 -2.194691428921023e-07
18.33611111111022 -5.801716254533968e-05 -1.108254203168932e-06
18.338888888888 -5.709770520769139e-05 -1.973350181177653e-06
18.34166666666578 -5.617512404068964e-05 -2.814816391041989e-06
18.34444444444355 -5.524984424770826e-05 -3.632722233317856e-06
18.34722222222133 -5.432228888277554e-05 -4.427147108149543e-06
18.34999999999911 -5.339287858484716e-05 -5.198180321318413e-06
18.35277777777688 -5.246203131510982e-05 -5.945920983211134e-06
18.35555555555466 -5.153016209750885e-05 -6.670477900769402e-06
18.35833333333244 -5.059768276276808e-05 -7.371969462583211e-06
18.36111111111021 -4.966500169604937e-05 -8.050523517179425e-06
18.36388888888799 -4.873252358852031e-05 -8.706277244642475e-06
18.36666666666576 -4.780064919300204e-05 -9.339377021710301e-06
18.36944444444354 -4.686977508390191e-05 -9.949978280386072e-06
18.37222222222132 -4.594029342165284e-05 -1.053824536033681e-05
18.37499999999909 -4.501259172180646e-05 -1.110435135507324e-05
18.37777777777687 -4.408705262901984e-05 -1.16484779521657e-05
18.38055555555465 -4.316405369607618e-05 -1.217081526757756e-05
18.38333333333242 -4.224396716814618e-05 -1.267156167430463e-05
18.3861111111102 -4.132715977244404e-05 -1.315092362550598e-05
18.38888888888798 -4.041399251345804e-05 -1.360911547223354e-05
18.39166666666575 -3.950482047390694e-05 -1.404635927599882e-05
18.39444444444353 -3.859999262158595e-05 -1.446288461629597e-05
18.39722222222131 -3.769985162223926e-05 -1.48589283933441e-05
18.39999999999908 -3.680473365862742e-05 -1.523473462614872e-05
18.40277777777686 -3.591496825588284e-05 -1.559055424612649e-05
18.40555555555463 -3.503087811333412e-05 -1.592664488651277e-05
18.40833333333241 -3.41527789428786e-05 -1.624327066769907e-05
18.41111111111019 -3.328097931405132e-05 -1.654070197872355e-05
18.41388888888796 -3.241578050587352e-05 -1.681921525516322e-05
18.41666666666574 -3.155747636560774e-05 -1.707909275360663e-05
18.41944444444352 -3.070635317448874e-05 -1.732062232288776e-05
18.42222222222129 -2.986268952054411e-05 -1.754409717241255e-05
18.42499999999907 -2.902675617855441e-05 -1.774981563766469e-05
18.42777777777685 -2.819881599726377e-05 -1.793808094319597e-05
18.43055555555462 -2.737912379385598e-05 -1.810920096335001e-05
18.4333333333324 -2.656792625580921e-05 -1.82634879808474e-05
18.43611111111018 -2.576546185012761e-05 -1.840125844355877e-05
18.43888888888795 -2.497196074002668e-05 -1.852283271966753e-05
18.44166666666573 -2.41876447090879e-05 -1.862853485142285e-05
18.4444444444435 -2.341272709291935e-05 -1.871869230775828e-05
18.44722222222128 -2.264741271832627e-05 -1.879363573598578e-05
18.44999999999906 -2.189189785002254e-05 -1.885369871281733e-05
18.45277777777683 -2.114637014485539e-05 -1.889921749492316e-05
18.45555555555461 -2.041100861358057e-05 -1.893053076927291e-05
18.45833333333239 -1.968598359011984e-05 -1.894797940351366e-05
18.46111111111016 -1.89714567083361e-05 -1.895190619656514e-05
18.46388888888794 -1.826758088625099e-05 -1.894265562971716e-05
18.46666666666572 -1.757450031770036e-05 -1.892057361842791e-05
18.46944444444349 -1.68923504713619e-05 -1.888600726504759e-05
18.47222222222127 -1.622125809711149e-05 -1.883930461273297e-05
18.47499999999905 -1.556134123965511e-05 -1.878081440070894e-05
18.47777777777682 -1.49127092593595e-05 -1.871088582116162e-05
18.4805555555546 -1.427546286020654e-05 -1.862986827794946e-05
18.48333333333238 -1.364969412480308e-05 -1.853811114735123e-05
18.48611111111015 -1.303548655634065e-05 -1.843596354106819e-05
18.48888888888793 -1.243291512742779e-05 -1.832377407168471e-05
18.4916666666657 -1.184204633567131e-05 -1.820189062079426e-05
18.49444444444348 -1.126293826592087e-05 -1.807066010998976e-05
18.49722222222126 -1.069564065904759e-05 -1.793042827492051e-05
18.49999999999903 -1.014019498713067e-05 -1.778153944260328e-05
18.50277777777681 -9.596634534946301e-06 -1.762433631216624e-05
