4
78715128.8288290351629257202148
0.0654191872027997667338183873653
0.0654828291368533821348307810695
0.0655465561019612230619912907059
0.065610368243816233335685694783
0.0656742657084118941490658016846
0.0657382486420463457710283705637
0.0658023171913227483686981145183
0.0658664715031496983410619350252
0.0659307117247423524197813549108
0.0659950380036226635915852511971
0.0660594504876207827548384443617
0.0661239493248750587195416983377
0.0661885346638334814972637332176
0.0662532066532540014902608049852
0.0663179654422055980811379072293
0.0663828111800686543331195821338
0.0664477440165362059909526237789
0.0665127641016141912810866188011
0.0665778715856228803238181512825
0.0666430666191966530886858777194
0.0667083493532859006514001976029
0.0667737199391571778495091393779
0.0668391785283938555384253277225
0.0669047252728971614255115696324
0.0669703603248870821262883623604
0.0670360838369029599093096294382
0.0671018959618041033188262645126
0.0671677968527710361756888346463
0.0672337866633058722776183913084
0.0672998655472332729665652095719
0.0673660336587012381626138335378
0.067432291152182077809129623347
0.0674986381824726755507271036549
0.0675650749046959875343532075931
0.0676316014743013754761946643157
0.0676982180470655642290367381975
0.0677649247790934050605926586286
0.06783172182681876383192332014
0.067898609347005325909130135642
0.0679655874967471651526551568168
0.0680326564334700484293350086773
0.068099816314931810312671700558
0.0681670672992234216724938278276
0.0682344095447697668310738094988
0.0683018432103302819413670476933
0.0683693684550000513322487449841
0.0684369854382106124202067576334
0.0685046943197306634765197941306
0.0685724952596669518056771153169
0.0686403884184649260014055016654
0.068708373956910054336510995654
0.0687764520361282827298765596424
0.0688446228175868951693061603692
0.0689128864630954574010957003338
0.0689812431348068855196942195107
0.0690496929952177790346112828956
0.0691182362071696143601684525493
0.0691868729338497301384336424235
0.0692556033387919239840968543831
0.0693244275858773961740411095889
0.069393345839335554559035301736
0.0694623582637451664201222456541
0.0695314650240349274579187976997
0.0696006662854842250709452855517
0.0696699622137245677677697131003
0.0697393529747399321117029558081
0.0698088387348677757993087311661
0.0698784196608001201278526082206
0.0699480959195842022513289748531
0.0700178676786234327478197769778
0.0700877351056784503313679124403
0.0701576983688676075745505045234
0.0702277576366684280761987224651
0.0702979130779180505506076315214
0.0703681648618142835394095868651
0.0704385131579165213455695493394
0.0705089581361467848674706715428
0.070579499966790276710426610407
0.0706501388204966440653720383125
0.0707208748682807281094042650693
0.0707917082815235215731419771146
0.070862639231973098552508361081
0.070933667891745377787060533592
0.0710047944333254549276190914497
0.0710760190295680049921145382541
0.0711473418536986423887924502196
0.0712187630793145037833014043827
0.071290282880385635877473760047
0.0713619014312553701095964697743
0.0714336189066417659443430920874
0.07150543548163826312880075875
0.0715773513317147225265557608509
0.0716493666327183004183254411146
0.0717214815608745726027706268724
0.0717936962927883254304006754865
0.0718660110054446521488102916919
0.071938425876209688425433341763
0.0720109410828318752262333646286
0.0720835568034425416827915000795
0.0721562732165573622600263092863
0.0722290905010768979899182795634
0.0723020088362878593502003354843
0.07237502840186391117605069212
0.0724481493778666302274515942372
0.0725213719447466431677895570829
0.0725946962833446673979409524691
0.0726681225748920384122087057222
0.0727416510010123334994958099742
0.0728152817437219684881810621846
0.0728890149854312940913558804823
0.0729628509089454979630318121053
0.0730367896974658675768310445164
0.0731108315345905118709524117548
0.073184976604315540860135058665
0.0732592250910360370808049879088
0.0733335771795470825473728382349
0.0734080330550447163195926236767
0.0734825929031269198254960883787
0.0735572569097948658622954098973
0.0736320252614537235080760524397
0.0737068981449137544670335842056
0.0737818757473915065592251494309
0.0738569582565103965876573965943
0.0739321458603022646505209536372
0.074007438747208192930671089016
0.0740828371060794216296230274565
0.07415834112617886164642300173
0.0742339509971813860111922167562
0.0743096669091756478753296732975
0.0743854890526645801118732492796
0.0744614176185668663610073281234
0.0745374527982177736973312676128
0.0746135947833701934639449859787
0.0746898437661958486399882417572
0.0747661999392863485525140276877
0.074842663495654090932696078653
0.0749192346287336219390340374957
0.0749959135323824271912585004429
0.0750727004008823056713239907367
0.075149595428940174635101811873
0.0752265988116894573911608290473
0.0753037107446908188235212833206
0.0753809314239336780705258433954
0.0754582610458368885364421885242
0.0755356998072502644481218680994
0.0756132479054552747443906923763
0.0756909055381666112660710155069
0.0757686729035327022341306246744
0.0758465502001375718732489872309
0.0759245376270012151120880616872
0.0760026353835813600623438901494
0.076080843669774134152561373412
0.076159162685915340884612589889
0.0762375926327819725125678473887
0.0763161337115924598428762237745
0.0763947861240088510470513938344
0.0764735500721371030952155933846
0.0765524257585288997463024429635
0.0766314133861823038040839151108
0.0767105131585430477514364611125
0.0767897252795059076513339846315
0.0768690499534156607142065809057
0.0769484873850682093987529697188
0.0770280377797120108240847002889
0.0771077013430488678036311966935
0.0771874782812354554017986174586
0.0772673688008843478902676338294
0.0773473731090650595820790158541
0.0774274914133055436327168763455
0.0775077239215932467519820647794
0.0775880708423761084047143299358
0.0776685323845641290008146029322
0.0777491087575301192957866192046
0.077829800171111365725273856242
0.0779106068356106712391451196709
0.0779915289617970908242483574213
0.0780725667609082352171867569268
0.0781537204446503680488333998255
0.0782349902252000017899291606227
0.0783163763152057296190733381991
0.0783978789277884752229041964711
0.0784794982765432691529383646412
0.0785612345755406921155028499015
0.0786430880393274300832473500122
0.0787250588829280922853470769951
0.0788071473218464602084054604347
0.0788893535720662369969957694593
0.0789716778500528931994395520633
0.0790541203727545271906507196036
0.0791366813576033778510065985756
0.0792193610225167266225554385528
0.0793021595858988126437338905816
6727.10255605141901469323784113
0.120408924630069483208139047292
0.119340696233287982264137383481
0.11827031742508281597636710103
0.117197783848714487398012806807
0.116123091137583650533926515891
0.115046234914812958716190394171
0.113967210793616949282558437062
0.11288601437700211682635398347
0.111802641258084700659480859031
0.110717087019547064108415668215
0.109629347234177942915778203314
0.108539417464340218200113952207
0.107447293262281598491547640606
0.106352970169962091073756482729
0.105256443719268108494269142739
0.104157709431402942246158715989
0.103056762817519992347925494869
0.101953599378247120044171936115
0.10084821460420370642374621184
0.0997406039749780121139721700274
0.0986307629602418550751607995153
0.0975186870190944132819055312211
0.0964043715999522154991296929438
0.0952878121407674666398790463973
0.0941690040690634083686560984461
0.0930479428018360088525895434941
0.0919246237451966652365342724806
0.0907990422948456027407715396293
0.0896711938357892812678784366653
0.0885410737422932525575447471056
0.0874086773779530895600586859473
0.0862740000957323560637490800218
0.0851370372374757045097481977791
0.083997784134578132309023601465
0.0828562361074143965966598557316
0.0817123884655889809458528816322
0.0805662365078017722597181204947
0.0794177755217652520114413050578
0.0782670007844625675863525771092
0.0771139075615568103660990573189
0.0759584911079386609911168193321
0.0748007466674810994611277692456
0.0736406694729353772377322684406
0.072478254745989234564262915228
0.0713134976971388223621062252278
0.0701463935257510412535353339081
0.0689769374200907559036011207354
0.0678051245572167671227248320065
0.0666309501028956446821993608864
0.0654544092114956316263985058868
0.0642754970263664654472890447323
0.0630942086794109013858644630091
0.0619105392910158508490425788295
0.060724483970402975963054359454
0.0595360378153270350387593623509
0.0583451959120093177624255531555
0.0571519533352028430428504179872
0.0559563051482294682159590593074
0.054758246402872912117487658179
0.0535577721392780370379682608473
0.0523548773859156962862115847201
0.0511495571598714268701790786054
0.0499418064664131147734060789389
0.0487316202990036514974825365698
0.0475189936395807241420463640225
0.0463039214582712313483803256986
0.0450863987133064622603306759174
0.0438664203512083086811124132964
0.0426439813066569126109861542773
0.0414190765023924947763056536587
0.0401917008492713168088528163935
0.0389618492460865190052388129516
0.0377295165799031925746298554714
0.0364946977255702006970317086143
0.0352573875459597299575342788103
0.03401758089186306122098102378
0.032775272601992505583368142652
0.0315304575028661146496311573628
0.0302831304088676742103380945537
0.0290332861221829011122430586056
0.0277809194327349809339189334878
0.026526025118213142350853672724
0.0252685979439564722959232767607
0.0240086326630266043424821731378
0.0227461240160605100701918246386
0.0214810667312800296357977458683
0.0202134555245958268121508893955
0.0189432850993529085237288001053
0.0176705501463292752317713052435
0.0163952453439105728938418593543
0.0151173653578293605559412782213
0.0138369048412148708954161335782
0.0125538584345849003887085615361
0.0112682207657646936416195870834
0.00997998644993640209033269883321
0.00868915008950206513294034493811
0.00739570627404959046735655192606
0.00609964958041470627081448441231
0.00480097457248580914562774424326
0.00349967580147528137604617803902
0.00219574780549889768052618244099
0.000889185109816805407598194754826
-0.0004200177732905610475215574251
-0.00173186634466332184563441831671
-0.00304636611808788626207245009425
-0.00436352262032599618607475733256
-0.00568334139161520875138666752946
-0.00700582798499393543528723782288
-0.00833098796688222335837803456116
-0.00965882691682410331190933305834
-0.0109893504277765920867926396909
-0.0123225641058403948685517903527
-0.0136584735705765174251791194138
-0.0149970844548075517982388404903
-0.0163384024048304696274946934409
-0.0176824330803999965611161826473
-0.0190291821546555439681469579227
-0.020378655314438987727898577873
-0.0217308582600103487869613871908
-0.0230857967051493542798290548035
-0.0244434763775285036901951940536
-0.0258039030181251433093692071452
-0.027167082381957020215113018935
-0.0285330202376103264638729228864
-0.0299017223674749588191446036944
-0.0312731945677595310484342405744
-0.0326474426484625809830042442172
-0.0340244724336180373591709269476
-0.035404289761073161335591663601
-0.0367869004827209716834701680455
-0.0381723104643777733091525306008
-0.0395605255858700807780614638887
-0.0409515517412402732522203052667
-0.0423453948386012871130112955598
-0.0437420608001699851019594689205
-0.0451415555623541492336059377521
-0.0465438850759059968842379362286
-0.0479490553057670271241974546683
-0.0493570722311624313083378012834
-0.0507679418457750858406640759313
-0.05218167015750802689710852178
-0.0535982631889884778009225385631
-0.0550177269769007992739062729015
-0.0564400675728121553609284433151
-0.0578652910426059596815662189329
-0.0592934034670057480420624074213
-0.0607244109409942195432208222883
-0.0621583195746195776854037262638
-0.0635951354922515699197305139023
-0.0650348648333339135474417957994
-0.0664775137519323933155135364359
-0.0679230884169919058024333935464
-0.0693715950124550728705941082808
-0.0708230397367855257773072708005
-0.0722774288038559586944131751807
-0.0737347684422379606727915302145
-0.0751950648956610651074683460138
-0.0766583244229905869104868543218
-0.0781245532979707585363726707328
-0.0795937578098086240263597801459
-0.0810659442627351539689684045698
-0.0825411189761925123686836514025
-0.0840192882850542416273142976024
-0.0855004585393087518374599653725
-0.0869846361046518745663291838355
-0.0884718273618214645637181092752
-0.0899620387072169874764782093735
-0.0914552765527553435109808788184
-0.092951547325778177688349046548
-0.0944508574692479313528181705806
-0.0959532134418571991396618159342
-0.0974586217177044050741230307722
-0.0989670887870697513211126761234
-0.100478621155475025816805612067
-0.101993225344316054692406225968
-0.103510907891500428257280930211
-0.105031675349801095764590286308
-0.106555534288577766210970310112
-0.108082491293301385937297709461
-0.109612552964709702996159990107
-0.111145725920384505491789184362
-0.112682016793576769697615702626
-0.114221432233856542981520476587
-0.115763978906960246506585576753
-0.117309663494936433636439687689
-0.118858492695901193925145378216
-0.120410473224564662508839774091
-0.121965611811790927698773145949
-0.123523915205137946315971930744
-0.125085390168270832456087759965
-0.126650043481852186966207796104
-0.128217881942487593738277951161
0.231638686706748558874480181657
0.15601896447583227245381465309
0.151510928711411113622986590599
0.147041810175390835757625040969
0.142611830247655196890477213856
0.138221082507797937699578483262
0.133869686384118585786850985642
0.12955776600429361189448229652
0.125285441947496911652137896453
0.121052842909932498183245286327
0.116860087384200159177360944796
0.112707305347912803417109728343
0.108594617416117547592513403742
0.104522148707591674976491447069
0.100490024343455844335615267937
0.0964983744829509687557234087762
0.0925473185607274123620769046283
0.0886369857500635682789891234279
0.0847674994752719429547127560909
0.0809389964794568345096692496554
0.0771515905005454860621227908268
0.0734054185629431227289032335648
0.0697006087943419644359366316166
0.0660372878887555692095645554218
0.0624155801459850972934262358649
0.0588356193902060051192925982377
0.0552975367081741664421201676305
0.0518014570774811208830890052468
0.0483475130311030384944182003437
0.0449358356828981481134732689497
0.041566553744391776525901605055
0.0382397995719980302031792973594
0.0349557094509303431517643900861
0.0317144075666851016359615300644
0.0285160302502950636915901583279
0.0253607077820444115623388370295
0.0222485771565923765025196701117
0.0191797693675537957169741076768
0.0161544163695849923856329155569
0.0131726591163406209217257014643
0.0102346238511182349023576065861
0.00734044899267489916322437792928
0.00449027024960469908765325897093
0.00168422295918967948255562383508
-0.00107755589260311122196123179151
-0.00379493126339554200793235949618
-0.00646776795429732792586108303112
-0.00909592725687374467624657370379
-0.0116792701775728195723313973531
-0.0142176580502379572290561071668
-0.0167109589307515571388051967006
-0.0191590285613309346812727085307
-0.0215617267577916174592367326568
-0.0239189193812983542930528102488
-0.0262304651109970879407917720982
-0.0284962197436716829779257409427
-0.0307160455316342825837772068098
-0.0328898042842409726871366615342
-0.0350173505779530214176986646635
-0.0370985437796732403503696673397
-0.0391332411349002082245895905999
-0.0411213051740469751060835790213
-0.0430625859803513352797033064689
-0.044956941310220072116621281566
-0.0468042322460247364745988818413
-0.0486043113422236008891452740954
-0.0503570333136851081001772456602
-0.0520622553409065338958505719802
-0.053719832981894359569263741605
-0.0553296171401526579169960484705
-0.0568914633963187033049990759537
-0.058405224812312937776592747241
-0.0598707588598158188530895529311
-0.0612879122203001946989076031969
-0.0626565390259089943780779208282
-0.06397649162876065109806233977
-0.0652476216112012341596937403665
-0.0664697802018731215278890545051
-0.067642817449482570135721459792
-0.0687665843817902855406032358587
-0.0698409302969803386096359076873
-0.0708657052050512825669414951335
-0.0718407569516118227337386770159
-0.0727659354825525156451604402719
-0.0736410869002900730917460236924
-0.0744660606372178068834699615763
-0.075240705483415409871028600719
-0.0759648655904709146913234008025
-0.0766383866973306404624111110024
-0.0772611186468603466925841871671
-0.0778329037342616186778698761373
-0.0783535885435252404951356197671
-0.0788230181637617210999025019191
-0.0792410367013880456710239741369
-0.0796074890778397936674792845224
-0.0799222157423613993598721094713
-0.0801850611993775164165754176793
-0.0803958685108070447711270389846
-0.0805544792180127866565442218416
-0.080660737209263089209088093412
-0.0807144805846760904355363663853
-0.0807155527027985375543295276657
-0.0806637923645098231517636122589
-0.0805590395960015109855234527458
-0.0804011355408466299454772752142
-0.08018991956822942024363243263
-0.0799252246809462885135388887647
-0.079606897224069161911330638759
-0.0792347693609730535646562543661
-0.0788086803084219467141480208738
-0.0783284652390023872214896982769
-0.0777939634750334368940016815941
-0.0772050084177394596585131125721
-0.0765614377775296200967503068568
-0.0758630843684278272087695427217
-0.0751097831083757661030375629707
-0.074301369426215638225308168785
-0.0734376737387429923131776376977
-0.0725185342064785382065750241054
-0.0715437813082754336946322837321
-0.0705132445186635592460078214572
-0.0694267610714533883742305420128
-0.0682841552917309163595049881224
-0.0670852633789453395296575877182
-0.0658299143432140715370692873876
-0.0645179383580611609527721839186
-0.0631491642262667629559302895359
-0.0617234192725217775676860298972
-0.0602405343076479610209261750242
-0.0587003365667868731714307273251
-0.0571026543712257195206660753684
-0.0554473139260127922955945223293
-0.0537341402730648828867110466945
-0.051962960846078015686444473431
-0.0501336029992491896689621455607
-0.0482458887896837496089830210622
-0.0462996433144803945514134113637
-0.0442946927986613489536260601653
-0.042230859496215460147094944432
-0.0401079657380487841766836254465
-0.0379258356137494520576858292316
-0.0356842888761259788288349170671
-0.0333831524436537657729573425058
-0.0310222397852939549278694641998
-0.0286013766072261456374636878763
-0.026120380072988794162291981138
-0.0235790760683421939114534637838
-0.020977275320029416250111609088
-0.0183148034803091615263515024026
-0.0155914722117341496276932133469
-0.0128071033387142877574271793151
-0.00996151272486787281446041220079
-0.00705451608973326361323730182562
-0.0040859357063873181711843862729
-0.00105557620852698031549410373486
0.00203673887499029133626993193218
0.00519119978551838695546294388805
0.00840799009913385103631711103844
0.0116872951551472842313117439517
0.0150293075480774068058975601048
0.018434208202424376410455408859
0.0219021880922684944459355449453
0.0254334365386889270366221893482
0.02902814121108517400604576153
0.0326864968159951835291465727096
0.0364086851195198277220121951814
0.0401949028814696102118730891561
0.0440453413336439891789808598332
0.0479601889729189961864008751036
0.0519396404520425514217407680917
0.0559838896272544933596648775165
0.0600931268701254545083756397617
0.0642675524211410026387270022497
0.0685073505864964987788212624764
0.0728127239485830413112665837616
0.0771838751125488026216814319014
0.0816209799554996895398772949193
0.0861242548486218228998012591546
0.0906938907739003180585868335584
0.0953300757402322229694391353405
0.100033024546860208059406716075
0.104802925501750007764023564505
0.109639982579204903201386400724
0.114544395452698843929084659976
0.119516362740286388732791067468
0.124556084670971775607561937704
0.129663767339189300864532583546
0.134839609535266580220280729918
0.140083818132738097128608956154
0.145396591121838586468939524821
0.150778140445701314131810022445
0.156228660310248956832879230205
0.161748368900741207321303249955
5.12401579390232513299676883611e-06
0.182678877953491552998954716713
0.173292091890119015484827968976
0.161385191245534853621279580693
0.150973858337983796173986661415
0.140940982662866309826910082847
0.131115981706512868543157424028
0.121589805168521331024678033828
0.112174044069991665772967337489
0.103162079616423221772869567303
0.0942524509008334648862970084338
0.085771277475897148012684567675
0.0774667437089068405819958229586
0.0693855235116118268523521805946
0.061479932565961389889785948526
0.0540264065075451854758270542334
0.0466535280150276732147318625721
0.0395024117771374666530093122674
0.0324321154398331604196137334384
0.025921545305280142140746946211
0.0192892978630588782240629086573
0.0129690025570936631749141554337
0.00702935174443764226176467602158
0.00129426306052007867274100672006
-0.00436547840052416320777428637712
-0.00982514525196675862772632825681
-0.0149093024696482796126462133657
-0.0198835149483810001702632774823
-0.0246706692000727353941691433192
-0.0292161687831874669618592577081
-0.0336257097815110816974026874959
-0.0378500564219108465158214471558
-0.0416601134606939191296071101078
-0.0454667525528932095491008169574
-0.0490413617153309042140385543007
-0.0525001906202075541152396453981
-0.0557126006038354895655295706547
-0.0587168251643546412754659513666
-0.0616613398575043200611212057538
-0.0641718066012478688397990822523
-0.0666901720983181928170679952927
-0.0690542100951692522370350957317
-0.0712361962229277473346300553203
-0.0732155615539590159945859682011
-0.0749754730132421026711497802353
-0.0765914763486559013738741441557
-0.0781425876072457392673697995633
-0.0795456952850235876617546182388
-0.0807115807567689164114810296269
-0.0816293127987387096000659880701
-0.0825951414578414699896313777572
-0.0833614026254245882308069326427
-0.083845682810637783832774516668
-0.0843282366906553254581879741636
-0.0847244296942320646026658437222
-0.0848325855499082320809733914757
-0.0848087931405272915652560072886
-0.0847883342085552493827549369598
-0.0845965798136507490800894970562
-0.0842213117538261335504046201095
-0.0836909722716386722529691155614
-0.08323547686523101452049644422
-0.0825281189318513852537506636509
-0.081624545129747122507168910488
-0.0807214958379463692894617565798
-0.0796955190543698205329903316851
-0.0785083881559861113119680453565
-0.0772698231899282828027963887507
-0.0759601277849134143282938680386
-0.0744803196879321588452782521017
-0.0729379100787720391352308979549
-0.0712224145666543739796594536529
-0.0696115587416551023780542095665
-0.0678144459910935970547996021196
-0.0659165384106417118204035432427
-0.0639590006697925012035810254929
-0.0618943187225613061785978175067
-0.0597603233077739354195401233483
-0.0575439987494713103832744138799
-0.055307393032641989638609203439
-0.0529633053815875415315517216186
-0.0506159469714976065213285494337
-0.0481402789581263090834539752905
-0.045647132301091408734805554559
-0.0430701580887509066775109545233
-0.0404544125037467824923531622971
-0.037855512797683628367639840917
-0.0351632810210852284060756289819
-0.032355446677984241177217228369
-0.0296158735174797474454244650133
-0.0267828703863191609768623635546
-0.023918778327262607552583517645
-0.0210423527448999544975372089084
-0.0181512450033185328279738968149
-0.0153271478309222383001886313991
-0.0124018443255474435787943932041
-0.00940040795182021417242257399494
-0.00641785024560262342546712588387
-0.00340224874306140328411585116442
-0.000466560111240119741379817064342
0.00254785731016520444400241807159
0.00551045976905066223205942321783
0.00849983726645021399337398548823
0.0115172100773554206276649836127
0.0144746059493874694446002848736
0.0173379962501791773377135541523
0.020395247523727611654864588786
0.0232340881469651726332070751369
0.0261308312938774572886657665549
0.0289901480971091161931152413445
0.0318833142136611472072793560528
0.0346655524592774794134797389233
0.0374761014541904607932920612257
0.0401487986422853493362339349915
0.0428258831992113439546265851732
0.0454715324641914719894231211583
0.0480602942418166603766316313795
0.0506729395158294695922229777807
0.0531063137805580440242714246324
0.0554600088026822313214125870218
0.0578845471581126078119972078184
0.0600487725080921380671483689184
0.0623359958584715975749013239238
0.0644779274491625864484944941069
0.0665343490818810501252755784662
0.068464316103780162303671374957
0.0702903383243125984281007845311
0.0721425957933965328328085320209
0.0738737695485530282413222380455
0.0754995636285378524110711850881
0.0769662851382702656310996758293
0.0783178901195009935509716569868
0.0796552723338710272349416641191
0.0809042326933309546843631210322
0.0819092100427749048030534595455
0.0828626601031280662912337220405
0.083763777868992195241304443698
0.0844550492767123656134842235588
0.08500382446254670099072825451
0.0854516927255160457788107919441
0.0857383436430361467461835900394
0.0859720895880286967161154620953
0.0858424779675051874416880082208
0.0857732934208126213126988091062
0.0855007897995211652020230985727
0.0851529792286065956297136381181
0.0844193260037793130612371328425
0.0837276919522171592102921522383
0.0826786525902781788133211193781
0.0816163927490371476913821879862
0.0803673768570045965464743176199
0.0789328460171130480427237330332
0.0773774125837606019384651290238
0.075355791273325992141174367589
0.073415659413205561212301120122
0.0711264625326214067202457158601
0.0687558626537716766069507912107
0.0661731818960693551900931197451
0.0632533763495916750985159637821
0.0603096172026477000960298369137
0.0570202046624608618885510225027
0.0534923127128376155181577189524
0.0497697947932272052873337031542
0.0457807919214965330922950670356
0.0417229892854375922217613492649
0.0372290289460108780872360512149
0.0325685331785964121698029316576
0.0277157194723594707541636239512
0.0225380011368710442276608318934
0.01709952946360867101494029896
0.0114811031705956689830117056772
0.00545726584188647306783437329614
-0.000593682778729304997007709676637
-0.00722554398435097926939318924155
-0.0140288423695543486291459345239
-0.0207248280869293637074246561269
-0.0283042830849227974865378598679
-0.0357734118068410641977372677047
-0.0435088203683782898112397674595
-0.0519652486756063888839740627645
-0.0602959628355050764048073119739
-0.0691145588086225365342940563096
-0.0781503665634685068530629337147
-0.0875216018439705784048854297907
-0.097233104992658261900295713076
-0.107366680676304532271458924697
-0.117746128734655564063160682053
-0.1285245108147765047412747208
-0.139502652720903980165800817304
-0.151021620991022675895010252134
-0.162635643787892358869129338927
-0.174887281827830309843818668014
-0.187176377048402370339985623104
