9
22.0318635819787616014764353167
0.189204292374087729156073578451
0.192917776714810584870463117113
0.196356666840421939523864125476
0.19950387175782952065006270459
0.202343566614114317436801115946
0.204861324675078892987301060202
0.207044238925815776708461157796
0.208881031865445598860731024615
0.21036215219469645010264002849
0.211479857241248458965543477461
0.212228280131663671337349796886
0.212603480897870816823669315454
0.212603480897870816823669315454
0.212228280131663699092925412515
0.211479857241248458965543477461
0.210362152194696505613791259748
0.208881031865445598860731024615
0.207044238925815804464036773425
0.204861324675078976254027907089
0.20234356661411420641449865343
0.199503871757829437383335857703
0.196356666840421884012712894219
0.192917776714810668137189964
0.189204292374087701400497962823
1.895508281910825987282009919
0.324703829537356436496509104472
0.302495056834905184928175003733
0.278738766086154332590751891985
0.253537900288512529911599813204
0.227007846330168044923780712452
0.199275579131181879155576552876
0.170478664674459851058330173146
0.140764132669076141857189554685
0.110287231647454200822444647656
0.0792100811722948050519477192211
0.0477002374824500238736924018212
0.0159291903067269383087456446901
-0.0159291903067268758587005095251
-0.0477002374824499891792228822851
-0.0792100811722947911741599114066
-0.110287231647454103677929992955
-0.140764132669075947568160245282
-0.170478664674459878813905788775
-0.199275579131182045689030246649
-0.227007846330168072679356328081
-0.253537900288512696445053506977
-0.278738766086154332590751891985
-0.302495056834904962883570078702
-0.324703829537356547518811566988
0.0709246697352878957554267458363
0.396488786552498417847800737945
0.30300242557595968850847611975
0.214520453245336500947004765294
0.131960161270824521961841924167
0.0561862762153354858285503325988
-0.0120004047782366132790521362494
-0.0718736551543197460523160202683
-0.122791561000016480331709090024
-0.164205201210799373034987524989
-0.195666119494779411347451514303
-0.216832461420288447051518687658
-0.227473671781483588461014733184
-0.227473671781482866816048726832
-0.216832461420285199649171659075
-0.195666119494778356635578120404
-0.164205201210798346078689746719
-0.122791561000018922822363265368
-0.0718736551543218693538506158802
-0.0120004047782357823465071433588
0.0561862762153320163815983789846
0.131960161270818027157147867001
0.214520453245333753145018818032
0.303002425575977230032265197224
0.396488786552491867531955449522
0.00167421407453486638383655105144
-0.419617363421815547930293632817
-0.214812438426471685737340067135
-0.0502791255920326668471531661453
0.0752529584338718915415000765279
0.163743359953239991932960606391
0.217808862392707358601739997539
0.240679292810069167529718470178
0.236141781686487750580027977776
0.208474445711768291422671950386
0.162370693180399400246116670132
0.102855556954410121139886769015
0.0351956355609308463305850978031
-0.03519563556097301398883914203
-0.102855556954462384888770998259
-0.162370693180350383899579469471
-0.208474445711705869133112400959
-0.236141781686485530133978727463
-0.240679292810009270997539942982
-0.217808862392751684255998156914
-0.163743359953275380291870533256
-0.0752529584338759438555399583493
0.0502791255919736931878638586113
0.214812438426567414717638371258
0.419617363421782685328764728183
2.88587219375115932803749912994e-05
-0.406145559924477539404108483723
-0.0705199570977411427374903496457
0.137583093058091271432274993458
0.241088650969097345599934101301
0.262899145968100100834163868058
0.225268426514829700479936036572
0.149197090083020261763735447857
0.053864350245539233119629329849
-0.0438891364434445402364914912141
-0.130014288602842503772549775931
-0.193630857037088488503684402531
-0.227319223779572560095729727436
-0.227319223780511114885172219147
-0.193630857033933928557090098366
-0.130014288594813537391914337604
-0.0438891364438961997795907166164
0.053864350246940972954945436868
0.149197090081067740285902800679
0.225268426518091008370348049539
0.262899145963663039005098198686
0.241088650966057832514266578983
0.137583093056487776317808879867
-0.0705199570972981498728771043716
-0.40614555992184508959041977505
3.89263232422918260721209212857e-07
0.366446077403470682476438469166
-0.0919199703792509675848165784373
-0.272283544709107927506153146169
-0.271070608654667866144194476874
-0.168488730681147641510264634235
-0.0278780215942037688792165539553
0.10426801109589393934395928909
0.197625727123491412573486059046
0.236744367842637637444624942873
0.219184846438410213531611248072
0.153169023408056687030054376919
0.0548303099285926479056207938356
-0.0548303100563973661030203743394
-0.153169023207492677185470597578
-0.21918484638365601235854285278
-0.236744367706548192176185807512
-0.197625727760975228308737428051
-0.104268010831657279013917616339
0.0278780214526490183191143046315
0.168488730889372495536093765622
0.271070609085315661346271554066
0.272283544745830108357864673962
0.091919969541075896568571579337
-0.366446076989700941783922871764
4.2759057765922216286223201656e-09
0.310851505189147725438658653729
-0.236707076433843588425531834218
-0.303951126663220605461646073309
-0.150850485229415964827381912983
0.0494425045607436650096921937347
0.196823166014525180456118391703
0.249177693742357181383439979072
0.206870687777772649384999681388
0.0976012269978151630889229295462
-0.0375903051384689768088520622769
-0.156454066434350197445368735316
-0.225195652690582948096675863781
-0.225195601585365279273531768922
-0.15645410704652923383761731202
-0.037590357005644982335557102715
0.0976012143609119725562450753387
0.206870711487427416663820167742
0.249177717631221734562174674465
0.196823144757113877023613213169
0.0494425182842721036569066939137
-0.150850425954828670782603694533
-0.303951135481636935953275724387
-0.236707168682034813089742897319
0.310851553449322748345906575196
3.92304737170347913968793956471e-11
-0.24895893702193197527527956936
0.338126293697663671267150675703
0.225225737832568662089016697792
-0.0521014150793028679720109153095
-0.235040947192080684757797826023
-0.250277228297998866057838540655
-0.132234736877164721358113297356
0.0386178587064500075665129941171
0.180507338642167947106997871742
0.238320456272833464117510970937
0.195873119818529423108444120771
0.0750843109214962278752381052982
-0.0750787472160177604685316055111
-0.195872613087853253421855015404
-0.238323980262937495933073250853
-0.180512652445682597601717134239
-0.0386128245215341669993591722232
0.132227413363551926650529821927
0.250277330069726577921329635501
0.235047481616258074899050711792
0.0520988868036234425984432050427
-0.225216063888486611732631104132
-0.338139740200922966906205147097
0.248963658347162164474752898968
3.06035838375659482014193375966e-13
0.188706132706717211178215620748
-0.385201126927678882960748296682
-0.0682474566851543895662501881816
0.231522557505289827695094118098
0.259996352169941880028147807025
0.0868188322362074271776322120786
-0.124801993109576833673735052344
-0.241270433418980939643816441276
-0.209803281737709651499912411055
-0.0662743656635147448952238846687
0.107257924966923712251087863478
0.221254228991223378386621334357
0.221728691609378858462520156536
0.10686850198848651949390387017
-0.0666605389236816087139558817398
-0.209951582989380630683839967787
-0.240540615965195825332045842515
-0.124102164501274855878953928823
0.0857946679315469418192208195251
0.259549977735293868619237400708
0.232034789803012286846239931037
-0.0678035085144119559208419900642
-0.385706221751398625752216275941
0.188830919040120170926400078315
