17.6 -0.04712184708623793 0.05325042292826784
17.60277777777778 -0.03761762961583415 0.05444697551351469
17.60555555555555 -0.02806748240122544 0.05485143421966469
17.60833333333333 -0.01841644456872818 0.05351595637116543
17.61111111111111 -0.009071348545449746 0.05054230506155358
17.61388888888888 9.069802455936339e-05 0.04658851064177764
17.61666666666666 0.008163604510850152 0.04024218132294072
17.61944444444444 0.01570518219840474 0.03315773998356176
17.62222222222221 0.02187657940608542 0.02434159989956571
17.62499999999999 0.02666223093724454 0.01445002388774302
17.62777777777777 0.03037727521675031 0.003727581489304677
17.63055555555554 0.03146466019204361 -0.00816704519250524
17.63333333333332 0.03153657139404264 -0.02034420025131227
17.6361111111111 0.02884733055883957 -0.03302544048957488
17.63888888888887 0.0243216447349544 -0.04560212905769626
17.64166666666665 0.01797877733133121 -0.05807536265151543
17.64444444444442 0.008617193106266708 -0.06963936494384672
17.6472222222222 -0.001880477746493524 -0.08073442401081703
17.64999999999998 -0.01545587500406311 -0.09004123014092989
17.65277777777775 -0.03041193794121407 -0.09804053450428447
17.65555555555553 -0.047117210783211 -0.1043833226850171
17.65833333333331 -0.06570907187992818 -0.1078639511253893
17.66111111111108 -0.08502779066223744 -0.1101105681269989
17.66388888888886 -0.1059002134724241 -0.1081654530319005
17.66666666666664 -0.1270190035473948 -0.1043229821331886
17.66944444444441 -0.1485404216060287 -0.0973797399442229
17.67222222222219 -0.169714938197519 -0.08678693361972858
17.67499999999997 -0.1907262568080812 -0.07454531586993433
17.67777777777774 -0.2100174297163045 -0.05705647691851884
17.68055555555552 -0.2283633479083371 -0.03797987342442861
17.68333333333329 -0.2446829742224922 -0.01549966417022162
17.68611111111107 -0.2583788318350772 0.009766340452792878
17.68888888888885 -0.2705398943854052 0.03666191896848547
17.69166666666662 -0.2777743538158545 0.06691726849411861
17.6944444444444 -0.2831526546698098 0.09800286405633588
17.69722222222218 -0.2840037524296482 0.1309138385255319
17.69999999999995 -0.2810348146216358 0.1644785580390784
17.70277777777773 -0.2751772696711475 0.198537621799145
17.70555555555551 -0.2631175585020604 0.2323306357357474
17.70833333333328 -0.2488601848012252 0.2657326518511068
17.71111111111106 -0.2289504995166657 0.2976678747754273
17.71388888888884 -0.2056521970662649 0.3279086766538967
17.71666666666661 -0.1790708053200872 0.356507824923853
17.71944444444439 -0.1475781204719524 0.3811979729483762
17.72222222222216 -0.1143470416820267 0.404229589059612
17.72499999999994 -0.07679772524181927 0.4220409449829125
17.72777777777772 -0.03759021857044674 0.4367039228598713
17.73055555555549 0.003673705119998961 0.4474624161515938
17.73333333333327 0.04663451370434857 0.4523077461816878
17.73611111111105 0.09017788700369407 0.4546877512695969
17.73888888888882 0.1342934608190349 0.4494686043523098
17.7416666666666 0.178000735929888 0.4410813870393035
17.74444444444438 0.221055478864579 0.4276310435227826
17.74722222222215 0.2622164855196447 0.4086619170133576
17.74999999999993 0.3025120921199642 0.3872254324607616
17.75277777777771 0.3385908283321894 0.3586248867521617
17.75555555555548 0.3728494891205016 0.3280009202981899
17.75833333333326 0.4032998399182835 0.2931431658712566
17.76111111111103 0.4294562200077275 0.2550974991900172
17.76388888888881 0.4531572080068703 0.2152289103079818
17.76666666666659 0.4696697370354649 0.1719769050647405
17.76944444444436 0.4836828567846196 0.1280213007322226
17.77222222222214 0.4917388475960633 0.08259457705885638
17.77499999999992 0.4950695150872138 0.03695401702080513
17.77777777777769 0.4949031543104909 -0.008844795005801293
17.78055555555547 0.4876067041427752 -0.05356068773268299
17.78333333333325 0.4778988324762636 -0.0975962365696041
17.78611111111102 0.462172962341406 -0.1394641389358532
17.7888888888888 0.4429905478469986 -0.1792612493475217
17.79166666666658 0.4205291512030386 -0.2170939441034943
17.79444444444435 0.3933491909134383 -0.2506802545725866
17.79722222222213 0.3645483947934074 -0.2825405942730362
17.7999999999999 0.3318590727027022 -0.3092434072763135
17.80277777777768 0.2977205336228415 -0.3329847591306611
17.80555555555546 0.2618226338400451 -0.353130874103516
17.80833333333323 0.224504816220603 -0.3680505825408049
17.81111111111101 0.1867090231646144 -0.3808317212190936
17.81388888888879 0.1484290911063093 -0.3873057455333283
17.81666666666656 0.1104347365496248 -0.3912141823162141
17.81944444444434 0.07288675763740701 -0.3911124439934185
17.82222222222212 0.03664906923715672 -0.3867303602181351
17.82499999999989 0.001009784753235909 -0.3804541727765591
17.82777777777767 -0.03184155995105475 -0.3688481721098024
17.83055555555545 -0.06350590233109657 -0.355729782522838
17.83333333333322 -0.09274545921428425 -0.3395219139648505
17.836111111111 -0.1192996550489525 -0.3209429093625333
17.83888888888877 -0.1443529915577152 -0.3010386670805062
17.84166666666655 -0.165061589355221 -0.2785131320318991
17.84444444444433 -0.1843016395268749 -0.2553818152630149
17.8472222222221 -0.2000835738415468 -0.2309329194434536
17.84999999999988 -0.2131397772107292 -0.2059684563894758
17.85277777777766 -0.2242218905919101 -0.1806305976717447
17.85555555555543 -0.2312691906854616 -0.1552455392042498
17.85833333333321 -0.2369673800695312 -0.1299957486478175
17.86111111111099 -0.2393253458062519 -0.1052904272375713
17.86388888888876 -0.2397200296347904 -0.08126368441383752
17.86666666666654 -0.2382911906060401 -0.05786721458239044
17.86944444444432 -0.234122262172482 -0.03597396924747434
17.87222222222209 -0.2289990338777888 -0.01470025155812667
17.87499999999987 -0.2215110536763658 0.004706038166873764
17.87777777777764 -0.2130113369808723 0.02300024200773092
17.88055555555542 -0.2033092103749799 0.03997277454766592
17.8833333333332 -0.1923189434748251 0.05496446900575725
17.88611111111097 -0.1808476070416065 0.0691478548935016
17.88888888888875 -0.1683122365972445 0.08093374886565995
17.89166666666653 -0.1555048513607409 0.09170369835050537
17.8944444444443 -0.1422815857308662 0.1009203815967755
17.89722222222208 -0.1288689318791341 0.108396814162806
17.89999999999986 -0.1153802941425137 0.1151080582359273
