17.6 -0.000563043421835585 0.0007220469386230139
17.60277777777778 -0.0007640179213071494 0.0005215361212751802
17.60555555555555 -0.0009285167893382789 0.0002925632991252526
17.60833333333333 -0.001012892219766925 1.070005752607092e-06
17.61111111111111 -0.0009996664852593878 -0.0003059391430459543
17.61388888888888 -0.0009280445481352982 -0.0006222316547819699
17.61666666666666 -0.000707663958583332 -0.0008846697565775087
17.61944444444444 -0.0004477953295713957 -0.001109573657310527
17.62222222222221 -9.933675188307576e-05 -0.001233177684515437
17.62499999999999 0.000272050880228562 -0.001251237829200052
17.62777777777777 0.000661153171209479 -0.001187756282715537
17.63055555555554 0.0009991168964762773 -0.0009531444271551825
17.63333333333332 0.001300612309115426 -0.0006657472666482176
17.6361111111111 0.001477063324570184 -0.0002555062018375855
17.63888888888887 0.001542437830835233 0.0001858458951381137
17.64166666666665 0.001497900966117154 0.0006579826847811213
17.64444444444442 0.001260396221755614 0.001084967943956452
17.6472222222222 0.0009547132329192669 0.001479699840812337
17.64999999999998 0.0004824901305811545 0.001724708482146223
17.65277777777775 -2.922942652889497e-05 0.001856849057120479
17.65555555555553 -0.0005909883167773782 0.001845993436464708
17.65833333333331 -0.001117443802445195 0.001622820570071785
17.66111111111108 -0.001620004626683459 0.001314601171101752
17.66388888888886 -0.001949658759554644 0.0007861725323880342
17.66666666666664 -0.002169524720098783 0.000210707994722751
17.66944444444441 -0.002209968343455145 -0.0004416253963239184
17.67222222222219 -0.002023461189884782 -0.001072301395713556
17.67499999999997 -0.001734649681808091 -0.001692342744055223
17.67777777777774 -0.001162584521052946 -0.002120840032385336
17.68055555555552 -0.0005382076224072926 -0.002448159846666338
17.68333333333329 0.000198307145311762 -0.002558590932038267
17.68611111111107 0.0009297880364612585 -0.002434316435459875
17.68888888888885 0.001658324320146558 -0.00217274898007533
17.69166666666662 0.002206084629425065 -0.001595224122634708
17.6944444444444 0.002655998661504038 -0.0009451015920367422
17.69722222222218 0.002853637290874407 -0.0001391943281282536
17.69999999999995 0.002817400952073636 0.0006797335326111243
17.70277777777773 0.002604314714494157 0.001508507215028588
17.70555555555551 0.002053709540431862 0.002177688699790428
17.70833333333328 0.001408014899975749 0.002757233483370938
17.71111111111106 0.0005558401678100145 0.003054813053711489
17.71388888888884 -0.0003267618939459961 0.003128800423067849
17.71666666666661 -0.001238843721396376 0.002986158670353348
17.71944444444439 -0.002019369376032461 0.002495451148018241
17.72222222222216 -0.002724547872319389 0.001888413299751578
17.72499999999994 -0.003127353498428048 0.001019907741071962
17.72777777777772 -0.003326046804299368 0.0001064731585259777
17.73055555555549 -0.003271608689390543 -0.0008626804890540759
17.73333333333327 -0.00287143656738028 -0.001732589371556959
17.73611111111105 -0.002337029209349202 -0.002546906492267639
17.73888888888882 -0.001485915366616326 -0.003050626889189154
17.7416666666666 -0.000580260781306931 -0.003377453398828373
17.74444444444438 0.000412559374335571 -0.003421572782656656
17.74722222222215 0.001339508063519178 -0.003135571337169898
17.74999999999993 0.002234667200460587 -0.002702630221568626
17.75277777777771 0.002824794731265971 -0.001902328913507153
17.75555555555548 0.003270500225973405 -0.001044040451042341
17.75833333333326 0.003414018308171255 -6.442017093126538e-05
17.76111111111103 0.003255076483286879 0.0008804967982433828
17.76388888888881 0.002923181065113923 0.001805569608952975
17.76666666666659 0.002222340879132353 0.002472603337944436
17.76944444444436 0.001446696150029258 0.003015988448835647
17.77222222222214 0.0005160436766109239 0.003249895675424694
17.77499999999992 -0.0004061529222420905 0.00321835831037579
17.77777777777769 -0.001322091656737438 0.002990375712357212
17.78055555555547 -0.00203496230845783 0.002414287261533499
17.78333333333325 -0.002645946027608214 0.001747768564337265
17.78611111111102 -0.002952991456645039 0.0008964006848247578
17.7888888888888 -0.003037308045166719 3.387089877393296e-05
17.79166666666658 -0.002910337343183369 -0.0008392474082061843
17.79444444444435 -0.002467991544365208 -0.001561460176410488
17.79722222222213 -0.001925677756640124 -0.002205706600930702
17.7999999999999 -0.001175343987848258 -0.002563520995684496
17.80277777777768 -0.0004013853393049787 -0.002743085664596355
17.80555555555546 0.0004012540971101278 -0.002706253779160548
17.80833333333323 0.001099113019405068 -0.002394823924081995
17.81111111111101 0.001742984420286646 -0.0019801416297558
17.81388888888879 0.002127812402408365 -0.00134276818350533
17.81666666666656 0.00237707532914528 -0.0006759262541705415
17.81944444444434 0.002414441525148313 3.697677260214858e-05
17.82222222222212 0.002221826521304102 0.0006833068420878212
17.82499999999989 0.001928376187474282 0.001297900543880218
17.82777777777767 0.001406677753063919 0.001687915999514351
17.83055555555545 0.0008550320009574294 0.001980550819688114
17.83333333333322 0.000242210444780629 0.002074258352429506
17.836111111111 -0.0003337408688044859 0.001982601281491809
17.83888888888877 -0.0008890852522813978 0.001787343171774641
17.84166666666655 -0.001274660153822722 0.001386588586099832
17.84444444444433 -0.001586755098215093 0.0009493724586080756
17.8472222222221 -0.001719564646478403 0.0004391211636459428
17.84999999999988 -0.001708642010668902 -5.585775447280249e-05
17.85277777777766 -0.001593622429413905 -0.0005397757693613862
17.85555555555543 -0.001305469627720013 -0.0009058382844558046
17.85833333333321 -0.0009755146112896142 -0.001217615528001276
17.86111111111099 -0.0005643827292477995 -0.001374347763937353
17.86388888888876 -0.0001540370014022963 -0.001424050605633134
17.86666666666654 0.0002555785357658755 -0.001374343094701728
17.86944444444432 0.0005888596238617996 -0.001183488263307414
17.87222222222209 0.0008850498481536611 -0.0009495880818597175
17.87499999999987 0.001052968804319561 -0.0006301771516025942
17.87777777777764 0.00114464824736917 -0.0003029308517006706
17.88055555555542 0.001145719961358621 3.362748366479701e-05
17.8833333333332 0.00103542804738436 0.0003255018528552661
17.88611111111097 0.0008840711242898527 0.0005949293883056781
17.88888888888875 0.000646555072795174 0.0007634837427437098
17.89166666666653 0.0003971590314379476 0.0008804375206103348
17.8944444444443 0.0001295998055774835 0.0009184997502867885
17.89722222222208 -0.0001160514396787619 0.0008716663095806058
17.89999999999986 -0.0003510722375113198 0.0007880670805245542
