17.6 -0.1068259666573807 0.01157734665890282
17.60277777777778 -0.1115932658675663 -0.006279885783576234
17.60555555555555 -0.1147375981440811 -0.02473739205388307
17.60833333333333 -0.1143168738415696 -0.04451347735048872
17.61111111111111 -0.1102265028132819 -0.06451961900665421
17.61388888888888 -0.1039405285473717 -0.0846634067431187
17.61666666666666 -0.09196101006324352 -0.1034814875859299
17.61944444444444 -0.07817195544613524 -0.1213901713458299
17.62222222222221 -0.06010394305706671 -0.1368485919352257
17.62499999999999 -0.03933827722353774 -0.1494652803519326
17.62777777777777 -0.01648844299676031 -0.1598864872146402
17.63055555555554 0.00925020505410884 -0.1645900614762107
17.63333333333332 0.0356486094975066 -0.1670599612398131
17.6361111111111 0.06313340299078622 -0.1634190422584872
17.63888888888887 0.09015058023092044 -0.1557789107826663
17.64166666666665 0.1167050462834945 -0.1441815165937
17.64444444444442 0.1405492769255794 -0.1263362985440473
17.6472222222222 0.1630604058209204 -0.1062275597048977
17.64999999999998 0.180680878474309 -0.08034564355373608
17.65277777777775 0.1949696389520089 -0.05231076351164528
17.65555555555553 0.2050373457568331 -0.02154822403795983
17.65833333333331 0.2083737305304715 0.01113992343123864
17.66111111111108 0.2088752175045125 0.04444541018335359
17.66388888888886 0.200458755512099 0.07759628847748322
17.66666666666664 0.188502964341396 0.1095968054765028
17.66944444444441 0.1707629916893412 0.1397173338774414
17.67222222222219 0.1473441192266658 0.1658501806828988
17.67499999999997 0.1213699144294837 0.1901693183673663
17.67777777777774 0.08917379281835969 0.2064643217156342
17.68055555555552 0.05581872349647328 0.219674268516596
17.68333333333329 0.01997928007628393 0.2262709449286066
17.68611111111107 -0.01624271902751667 0.2262688047442565
17.68888888888885 -0.05268849722201744 0.222406632567462
17.69166666666662 -0.08671962579961774 0.208880560007128
17.6944444444444 -0.1191884888128929 0.1924599812377582
17.69722222222218 -0.1475479478824122 0.1693217240379766
17.69999999999995 -0.171358523065802 0.1422245074636519
17.70277777777773 -0.191729355804291 0.1121336333374654
17.70555555555551 -0.2035631913179735 0.07834270246404912
17.70833333333328 -0.2122273348144017 0.04385399547926318
17.71111111111106 -0.2125142374902414 0.008523790503237261
17.71388888888884 -0.2076693312193737 -0.02570979688348275
17.71666666666661 -0.1978524301210156 -0.05888091740162175
17.71944444444439 -0.1808096882269677 -0.08788536247602324
17.72222222222216 -0.1612989434140713 -0.1149917917551887
17.72499999999994 -0.1360164148259645 -0.135689547722152
17.72777777777772 -0.1089811837592196 -0.1524241393685578
17.73055555555549 -0.07977232560271029 -0.1642437831368474
17.73333333333327 -0.04986864756638704 -0.1689412764312931
17.73611111111105 -0.01989073631911725 -0.1707401374403081
17.73888888888882 0.008205501918167001 -0.164297210221339
17.7416666666666 0.0345412144622226 -0.154976194270429
17.74444444444438 0.05806330146898248 -0.1410554931312039
17.74722222222215 0.0770834059861232 -0.1233870136600229
17.74999999999993 0.09407413649164925 -0.1040648219266761
17.75277777777771 0.1036620801204269 -0.08192860044528584
17.75555555555548 0.1107948734269279 -0.05972224616451886
17.75833333333326 0.1127905315478557 -0.03736914662417584
17.76111111111103 0.110439582876403 -0.01640976515784847
17.76388888888881 0.1056031435804015 0.003752655973280773
17.76666666666659 0.09568366190775078 0.0200208515530185
17.76944444444436 0.08460050164704937 0.03468563831712624
17.77222222222214 0.07100664231079684 0.04542025540461445
17.77499999999992 0.05669285135592393 0.05284549559250903
17.77777777777769 0.04184626697071807 0.05782159446615209
17.78055555555547 0.02770880172444452 0.05798791626922156
17.78333333333325 0.01416130567393056 0.05665872035145937
17.78611111111102 0.002609825302410393 0.05179344876916396
17.7888888888888 -0.007069653988467236 0.04540842897945243
17.79166666666658 -0.01497329663763902 0.0375817302394435
17.79444444444435 -0.01944704697432326 0.02869779317437097
17.79722222222213 -0.02264225368718421 0.01964245963865915
17.7999999999999 -0.02238837554988259 0.01090530611829033
17.80277777777768 -0.02064728370046128 0.002962968710275173
17.80555555555546 -0.0171007028307276 -0.004014455751922256
17.80833333333323 -0.01189264703513973 -0.008912477619850553
17.81111111111101 -0.006107149284754707 -0.01292593549102684
17.81388888888879 0.0004614490603912762 -0.01402788185483035
17.81666666666656 0.006847345340919275 -0.01393774694396369
17.81944444444434 0.01294766677267086 -0.01198431382431685
17.82222222222212 0.01793310477047251 -0.008282941955966194
17.82499999999989 0.02241018765958719 -0.003818123659434291
17.82777777777767 0.0245653327270798 0.002198660394208693
17.83055555555545 0.02583084465417752 0.008377092799573709
17.83333333333322 0.02527903112850882 0.01488573734592505
17.836111111111 0.02304843532517551 0.02101310631540924
17.83888888888877 0.01987956120765163 0.02692737879807406
17.84166666666655 0.01466683342525349 0.0313867433506084
17.84444444444433 0.008986811355019719 0.03519416033643083
17.8472222222221 0.002293286674378885 0.03740412860039036
17.84999999999988 -0.004674180715286664 0.03816872643066851
17.85277777777766 -0.01184004903666067 0.03788652567401889
17.85555555555543 -0.01860315215156495 0.03541744732841754
17.85833333333321 -0.02505838411198811 0.03225606810792683
17.86111111111099 -0.0305110738296422 0.02743463826482298
17.86388888888876 -0.03499704671794913 0.02184074249269626
17.86666666666654 -0.03858511990703628 0.01552936989150103
17.86944444444432 -0.04034249063141696 0.008594584902838992
17.87222222222209 -0.04140259072203281 0.001536789853056171
17.87499999999987 -0.0405282818473354 -0.005500114015488011
17.87777777777764 -0.03871220489589092 -0.01220041299705499
17.88055555555542 -0.03577687280695304 -0.0185006700167454
17.8833333333332 -0.03156630390712316 -0.023791578642958
17.88611111111097 -0.02688214607398934 -0.02864017602711113
17.88888888888875 -0.02117417420479248 -0.03192912067164001
17.89166666666653 -0.01526312566509647 -0.03447306863637209
17.8944444444443 -0.009041595460242868 -0.03587799945496101
17.89722222222208 -0.002877479328500882 -0.03595861477085841
17.89999999999986 0.003250110135425433 -0.03545820890478206
