17.6 -0.0001218696517634445 -0.0003250402206217068
17.60277777777778 -7.3965277582855e-06 -0.0003500576349501274
17.60555555555555 0.0001073560887437829 -0.0003548934405289735
17.60833333333333 0.0002227226466295131 -0.0003153977347533176
17.61111111111111 0.0003182866385608869 -0.0002409811148331547
17.61388888888888 0.000402002466030757 -0.0001456708018994788
17.61666666666666 0.0004349126474596838 -1.833850816384863e-05
17.61944444444444 0.0004482931018073186 0.0001128593780420182
17.62222222222221 0.000413414104426227 0.0002493205195808297
17.62499999999999 0.000342097685805614 0.0003740008610442323
17.62777777777777 0.0002426302376912622 0.0004895795251907187
17.63055555555554 9.409656753748018e-05 0.0005621932208794647
17.63333333333332 -6.816598551115567e-05 0.0006141145610235651
17.6361111111111 -0.0002596501578544728 0.0006034371992259969
17.63888888888887 -0.0004509447896360254 0.0005419848341571741
17.64166666666665 -0.0006420518690435216 0.0004302900707457385
17.64444444444442 -0.0007877383752830726 0.0002304225936591955
17.6472222222222 -0.0009075274874043791 5.252687159893328e-08
17.64999999999998 -0.0009211927679996572 -0.0003019977795219218
17.65277777777775 -0.0008571235694245223 -0.0006094432230055364
17.65555555555553 -0.0006945700506233942 -0.0009237239397747562
17.65833333333331 -0.0003907064480518385 -0.001165572441945117
17.66111111111108 -3.218306613321588e-05 -0.001369545925670877
17.66388888888886 0.0004457398647890093 -0.001374569557014034
17.66666666666664 0.0009207648546752816 -0.001269344921244273
17.66944444444441 0.001391053857590625 -0.0009839460341227605
17.67222222222219 0.001729798238900083 -0.0005065677811861184
17.67499999999997 0.002008237291970134 5.685224497350997e-05
17.67777777777774 0.001932332310512313 0.0007658758341083337
17.68055555555552 0.00171992328704658 0.001447984990943191
17.68333333333329 0.001214897864127388 0.002072399121630078
17.68611111111107 0.0004894807419782745 0.002477681549207461
17.68888888888885 -0.0003648563156583382 0.002754781086381737
17.69166666666662 -0.001321321966306385 0.002522537279107934
17.6944444444444 -0.002223673070490226 0.002115303168238713
17.69722222222218 -0.002951607884530634 0.001289014046757193
17.69999999999995 -0.003359745623810599 0.0002519855849428763
17.70277777777773 -0.003526061500993181 -0.0009443982422531453
17.70555555555551 -0.00304301006816484 -0.002132902707300156
17.70833333333328 -0.002345073160453705 -0.003231182186581525
17.71111111111106 -0.001118097030026151 -0.003961521144671703
17.71388888888884 0.0002666412620113823 -0.004281500436036432
17.71666666666661 0.001804228707172944 -0.0042038994274411
17.71944444444439 0.003168168749272357 -0.003382540109843414
17.72222222222216 0.004396478575868425 -0.00230864058318619
17.72499999999994 0.004991004822026855 -0.0006503289483165491
17.72777777777772 0.005118297928918247 0.001077808221920191
17.73055555555549 0.004666148363065986 0.002892540052164008
17.73333333333327 0.003447680788990197 0.004338909361606783
17.73611111111105 0.001943492335248274 0.005594997808242502
17.73888888888882 -0.0001105724917664307 0.00590503654960984
17.7416666666666 -0.002131662065051734 0.005740622596966548
17.74444444444438 -0.004100051461140701 0.004817950914122849
17.74722222222215 -0.005513669658057068 0.003187646599949915
17.74999999999993 -0.00667350232743568 0.00124644589958709
17.75277777777771 -0.006573035583276668 -0.001099645095844061
17.75555555555548 -0.006043373252434589 -0.003320607212165346
17.75833333333326 -0.004615665808086939 -0.005279750749895274
17.76111111111103 -0.002609807182271768 -0.006542879841706385
17.76388888888881 -0.0002733482952072264 -0.00740801172270141
17.76666666666659 0.002200866134612075 -0.006897686320382752
17.76944444444436 0.004498462280740174 -0.005970859821915713
17.77222222222214 0.006277354856693513 -0.004078219516627545
17.77499999999992 0.007290041451654968 -0.00178085969357949
17.77777777777769 0.007735688757889816 0.0008160173261201171
17.78055555555547 0.006836125526711251 0.003270744120414236
17.78333333333325 0.005530175840838744 0.005510461153864465
17.78611111111102 0.00328267818246333 0.006963927479677716
17.7888888888888 0.0008130965697728879 0.007660369417724753
17.79166666666658 -0.001867160574938181 0.007638675207047588
17.79444444444435 -0.004168708464865558 0.006407720419165003
17.79722222222213 -0.006225825585136578 0.004789087591019595
17.7999999999999 -0.007261633243888423 0.002345757157988541
17.80277777777768 -0.007619107608545671 -0.0001602689656311971
17.80555555555546 -0.00715308007524466 -0.00274240814553619
17.80833333333323 -0.005686880623222786 -0.004785843612594216
17.81111111111101 -0.003859383414380478 -0.006563943750076476
17.81388888888879 -0.001397127546852348 -0.007156142649548082
17.81666666666656 0.001013598670618823 -0.007195089362654021
17.81944444444434 0.003343780795425872 -0.006369268018612106
17.82222222222212 0.005064466781821543 -0.004783848597563548
17.82499999999989 0.006507441967438976 -0.002870977474038592
17.82777777777767 0.006693610254295405 -0.0005523232001911835
17.83055555555545 0.006469699042431704 0.001653313815773744
17.83333333333322 0.005408085325071201 0.003628081353044864
17.836111111111 0.003819626705997499 0.005004290768049384
17.83888888888877 0.001936712306209318 0.006045963588656054
17.84166666666655 -0.000107661638142019 0.005964752576492312
17.84444444444433 -0.002032359991025449 0.005555543714025693
17.8472222222221 -0.003607528341988314 0.004394001630563102
17.84999999999988 -0.004655142760409478 0.002902141386019399
17.85277777777766 -0.005320680239767842 0.001171050715697862
17.85555555555543 -0.005081784037219594 -0.0005458373512590077
17.85833333333321 -0.004571504795580566 -0.002152172669996859
17.86111111111099 -0.003432366908917952 -0.003338003821915815
17.86388888888876 -0.002109378300190779 -0.004099927840956073
17.86666666666654 -0.000615626647900385 -0.004468121167042588
17.86944444444432 0.0007672277652823875 -0.004154981602662849
17.87222222222209 0.002053527063501588 -0.003620849600866469
17.87499999999987 0.002900056868422376 -0.00259550546958121
17.87777777777764 0.003433602837973303 -0.001482325525674212
17.88055555555542 0.00359517955698423 -0.0002647560967547675
17.8833333333332 0.003274492678788155 0.0008081657786227094
17.88611111111097 0.00277708938893537 0.00180053781628821
17.88888888888875 0.00191897570421096 0.002378778711890813
17.89166666666653 0.001027336695952518 0.002743967173236186
17.8944444444443 8.444119304006526e-05 0.002783422135054122
17.89722222222208 -0.0007214362393387594 0.002500456471028444
17.89999999999986 -0.001463177337557673 0.002079258466991413
