17.6 -0.0008833134828079271 5.910717860134587e-05
17.60277777777778 -0.0008666611258329229 -0.0002219500792728677
17.60555555555555 -0.0008027017225138776 -0.0004940220736972393
17.60833333333333 -0.0006348262791916772 -0.0007463567759368011
17.61111111111111 -0.0003890701651227754 -0.0009301244887949334
17.61388888888888 -9.671690816309881e-05 -0.001072867570365693
17.61666666666666 0.000247288989025536 -0.00105642277794307
17.61944444444444 0.0005840639771797879 -0.0009826259682182061
17.62222222222221 0.0008892125415023505 -0.0007690583942023084
17.62499999999999 0.00111463036341953 -0.0004716096742274462
17.62777777777777 0.001278449356312632 -0.0001093555829191647
17.63055555555554 0.001256786790229768 0.0003046309530701015
17.63333333333332 0.001166133178797503 0.0007140747072295285
17.6361111111111 0.0008920545474544398 0.001073150633523702
17.63888888888887 0.0005309707684565013 0.001340992085680664
17.64166666666665 8.379448321132359e-05 0.001518556068672488
17.64444444444442 -0.0004109304012041821 0.001483007646169132
17.6472222222222 -0.0009047638976890655 0.001364482638230939
17.64999999999998 -0.001319432342541824 0.001009843164062489
17.65277777777775 -0.001631628035883043 0.0005682638230525264
17.65555555555553 -0.001813997693441903 1.653755910950528e-05
17.65833333333331 -0.001754671316970906 -0.0005740337123972133
17.66111111111108 -0.001595064464893059 -0.001168603388117116
17.66388888888886 -0.0011363465287203 -0.001641905404579519
17.66666666666664 -0.0005940537401596347 -0.002003183559459301
17.66944444444441 8.482202476111842e-05 -0.002181385681284447
17.67222222222219 0.0007897891952557436 -0.002089655802698886
17.67499999999997 0.001505394513708615 -0.001876054330701702
17.67777777777774 0.00204163927783671 -0.001289281812828717
17.68055555555552 0.002460205023054999 -0.0006256287166811576
17.68333333333329 0.002626508561981938 0.0002028291550004595
17.68611111111107 0.002497376660721214 0.001041655991419465
17.68888888888885 0.002195427371043422 0.001886548238966417
17.69166666666662 0.001484428809845055 0.002503707219612841
17.6944444444444 0.0006821703050515341 0.002990559494556009
17.69722222222218 -0.0003138702015798515 0.003139197170289398
17.69999999999995 -0.001303113851539496 0.002972923519518737
17.70277777777773 -0.002287217903089741 0.002568522476782995
17.70555555555551 -0.002997174115967879 0.0017295775699922
17.70833333333328 -0.003564005395870258 0.0007788718877436586
17.71111111111106 -0.003691257846702694 -0.0003936703660073486
17.71388888888884 -0.003493818666232261 -0.001542589367168259
17.71666666666661 -0.002981799358533381 -0.002668620787964
17.71944444444439 -0.002019809327373 -0.003478793176675366
17.72222222222216 -0.0009215275948828348 -0.004134836485368713
17.72499999999994 0.0004233265169594331 -0.004238586180429198
17.72777777777772 0.001729913152816719 -0.004020798157875444
17.73055555555549 0.002989042092075948 -0.003404252729597939
17.73333333333327 0.003900016855330713 -0.002335724363278794
17.73611111111105 0.004648590303766418 -0.001103276435238426
17.73888888888882 0.004727617126743067 0.0003942323861368432
17.7416666666666 0.004503136765542076 0.001842705066935192
17.74444444444438 0.003793599260648484 0.003212809486532752
17.74722222222215 0.002645642441719142 0.004215879961311037
17.74999999999993 0.001304817271067272 0.005051595545651951
17.75277777777771 -0.0003103258953196899 0.005104960233155883
17.75555555555548 -0.001870865659048171 0.004887702416344595
17.75833333333326 -0.003317153737857915 0.004104196424702037
17.76111111111103 -0.004393515411285889 0.002911668283664851
17.76388888888881 -0.005258344582173909 0.001485251786465516
17.76666666666659 -0.005327874919121929 -0.0001867780623451248
17.76944444444436 -0.005129580796721082 -0.001817778581002681
17.77222222222214 -0.004296737238772868 -0.003295945111299581
17.77499999999992 -0.003098162596264784 -0.004417941458656028
17.77777777777769 -0.001628924582288924 -0.005276350086508207
17.78055555555547 4.541617595202481e-05 -0.005372684761229922
17.78333333333325 0.001697878269476092 -0.005201312579312395
17.78611111111102 0.003159272756595541 -0.004346932763737301
17.7888888888888 0.004293520547049189 -0.003180124440211335
17.79166666666658 0.005117427121806128 -0.001716937018366573
17.79444444444435 0.005238700468219264 -9.160537087274292e-05
17.79722222222213 0.005098016059799532 0.001531533362680793
17.7999999999999 0.00425051417142268 0.00292923055383757
17.80277777777768 0.003148817117850021 0.004040903680492669
17.80555555555546 0.001738525155531269 0.004805341366945392
17.80833333333323 0.0002076641969672953 0.004946626553725164
17.81111111111101 -0.001339179821249639 0.004836932603225233
17.81388888888879 -0.0026335735970381 0.004023028510447839
17.81666666666656 -0.003690787506348328 0.003012827300843079
17.81944444444434 -0.004377274327029564 0.001695801318511019
17.82222222222212 -0.004532253644155873 0.0002950192294829633
17.82499999999989 -0.004451796173059499 -0.001136824179939125
17.82777777777767 -0.003694680250963025 -0.002299516986096723
17.83055555555545 -0.002794356770964727 -0.003276763934670497
17.83333333333322 -0.001601491648590127 -0.003875185655412059
17.836111111111 -0.0003546421689943786 -0.004037727667951896
17.83888888888877 0.0009223793897089624 -0.003956654720265719
17.84166666666655 0.001949622248623479 -0.003302141180864748
17.84444444444433 0.002829551803710335 -0.002522233349330248
17.8472222222221 0.003338150084707166 -0.00147364382658164
17.84999999999988 0.003503238837503487 -0.0003929559379166331
17.85277777777766 0.00341954341681934 0.0007109789490963303
17.85555555555543 0.002880135378090257 0.001600633602717738
17.85833333333321 0.002224187960836759 0.002374022951227239
17.86111111111099 0.001329422358755699 0.002797653909110266
17.86388888888876 0.0004170902964204043 0.002961427715878666
17.86666666666654 -0.000511557732390085 0.002883842677178841
17.86944444444432 -0.001264829078993838 0.002455376860356731
17.87222222222209 -0.001929132371775834 0.00192096361747767
17.87499999999987 -0.002276448361908681 0.001180271887529358
17.87777777777764 -0.002435492134585123 0.0004307059012867565
17.88055555555542 -0.00237078161802805 -0.0003294067972452715
17.8833333333332 -0.002044285922199279 -0.0009525167823012725
17.88611111111097 -0.001623874332948958 -0.001509731454040858
17.88888888888875 -0.001029987562612804 -0.001790179327802311
17.89166666666653 -0.000432002569492998 -0.001940510805678257
17.8944444444443 0.0001722481509057089 -0.00189190877159765
17.89722222222208 0.0006740936761885257 -0.001654385382373633
17.89999999999986 0.001128733869108389 -0.001335992075455381
