17.6 0.037303164594597 0.04291789361019095
17.60277777777778 0.03940439240050869 0.04801908983527627
17.60555555555555 0.04146560629257807 0.05306406050282369
17.60833333333333 0.04343892445255549 0.0579855244681387
17.61111111111111 0.04531539599952473 0.06273885155411038
17.61388888888888 0.04713392280331749 0.06739157988923855
17.61666666666666 0.04878567653859685 0.07170400522254984
17.61944444444444 0.05037722965861326 0.07587851323640082
17.62222222222221 0.05182200702221947 0.07970860824714608
17.62499999999999 0.05314869128357439 0.08322308805801625
17.62777777777777 0.05438413850642897 0.08649372808829514
17.63055555555554 0.05542910126876385 0.08918629543775324
17.63333333333332 0.05640568595311423 0.09165403788213147
17.6361111111111 0.05720445776838292 0.09350825529626772
17.63888888888887 0.05789462033315216 0.09493437752238788
17.64166666666665 0.05847731290529265 0.09593689506945061
17.64444444444442 0.058891076231654 0.09617257756696822
17.6472222222222 0.05924185238984708 0.09610373128083292
17.64999999999998 0.05942439863215892 0.09514480755596195
17.65277777777775 0.05953017846356494 0.09370432288780653
17.65555555555553 0.05953870045166984 0.09165373312017797
17.65833333333331 0.05943348442257525 0.08873607889633565
17.66111111111108 0.05928285599200985 0.08545571629205326
17.66388888888886 0.05901631445606074 0.08106094841965908
17.66666666666664 0.05871374069165305 0.0762021968306959
17.66944444444441 0.05835228092425349 0.07058517555676248
17.67222222222219 0.05794657103304734 0.06411455066192999
17.67499999999997 0.05752103743975798 0.0572583318733934
17.67777777777774 0.0570635325298573 0.04918422643444947
17.68055555555552 0.05660582862408253 0.04072963388297646
17.68333333333329 0.05614769814151688 0.03145941149908975
17.68611111111107 0.05570827568271506 0.02146518222215388
17.68888888888885 0.05527979663614317 0.01104743916375281
17.69166666666662 0.05490581096242154 -0.0003880846609290878
17.6944444444444 0.05455630891715608 -0.01213807085484027
17.69722222222218 0.05426833410834714 -0.02462341789644617
17.69999999999995 0.05403954543388661 -0.03761016056964728
17.70277777777773 0.05385551170669757 -0.05097604500132343
17.70555555555551 0.05377789342150294 -0.06500694595455321
17.70833333333328 0.05374028404309789 -0.07924571597530408
17.71111111111106 0.05380915367765861 -0.09397595664584564
17.71388888888884 0.05394841511751185 -0.1089363238403462
17.71666666666661 0.05415587623031605 -0.1241196509888657
17.71944444444439 0.05447771327075687 -0.1395358958960934
17.72222222222216 0.05484250687821501 -0.1550171090441501
17.72499999999994 0.05532390212784059 -0.1705897568997269
17.72777777777772 0.05586083593414624 -0.1861273209843036
17.73055555555549 0.05646664629696824 -0.2016213756678345
17.73333333333327 0.05715536599634179 -0.2169140202566527
17.73611111111105 0.05787682191428014 -0.232110284987744
17.73888888888882 0.05868125382255441 -0.24688792621966
17.7416666666666 0.05951096488594854 -0.2614220523410539
17.74444444444438 0.06038107642556412 -0.2755669990620458
17.74722222222215 0.06127819575085131 -0.2891491731743333
17.74999999999993 0.06218711444667203 -0.3024773022908295
17.75277777777771 0.06310525361850973 -0.3148460683857838
17.75555555555548 0.06401640156140376 -0.3268530881913193
17.75833333333326 0.06491292111764828 -0.3381031932064398
17.76111111111103 0.06577559236185028 -0.3485573427436527
17.76388888888881 0.06661890835579455 -0.3585563464688806
17.76666666666659 0.06738200496268829 -0.3672603345844473
17.76944444444436 0.06811075533111907 -0.3755132084177721
17.77222222222214 0.06875483437529691 -0.3826905238482996
17.77499999999992 0.06931677981507896 -0.3889900892876283
17.77777777777769 0.06981794136414167 -0.3946400660484077
17.78055555555547 0.0701696515155143 -0.3988928606710418
17.78333333333325 0.07046426140479151 -0.4026485401251849
17.78611111111102 0.0706065664821446 -0.4051268408407765
17.7888888888888 0.07064183390038964 -0.4067856214846888
17.79166666666658 0.07057556216940447 -0.4076669806906809
17.79444444444435 0.07032567757686281 -0.4072487107679978
17.79722222222213 0.07000500489166477 -0.4063445694898965
17.7999999999999 0.06948515531918727 -0.4041247491350276
17.80277777777768 0.06885898364871695 -0.4012447299110423
17.80555555555546 0.0681037361238632 -0.3975632241221483
17.80833333333323 0.06716916280895223 -0.3928290685253414
17.81111111111101 0.06616165051122107 -0.3876720015677259
17.81388888888879 0.0649429641868034 -0.3813378986625576
17.81666666666656 0.0636390231237616 -0.3745510386611063
17.81944444444434 0.06220182352781289 -0.367056490765849
17.82222222222212 0.06062135872192406 -0.3588351644918958
17.82499999999989 0.05897743630578808 -0.3502925605337176
17.82777777777767 0.05715132354905966 -0.340865541157798
17.83055555555545 0.05527165236266719 -0.3311895380371091
17.83333333333322 0.05328257304721666 -0.3210049157158206
17.836111111111 0.05120504299253346 -0.3104267271344738
17.83888888888877 0.04907807745619176 -0.2996285727529618
17.84166666666655 0.04684568756692532 -0.2883827601672872
17.84444444444433 0.0445865181657259 -0.2770282099598519
17.8472222222221 0.04226772992145103 -0.2654341514386725
17.84999999999988 0.03991927048820071 -0.253730474086453
17.85277777777766 0.0375493219211144 -0.24194740612629
17.85555555555543 0.03516103554832141 -0.23011276363709
17.85833333333321 0.0327725808577639 -0.2182853166498422
17.86111111111099 0.03039198271083892 -0.2065095927814405
17.86388888888876 0.02803188366177 -0.1948262179812213
17.86666666666654 0.02569082445274572 -0.1832286182477301
17.86944444444432 0.02340617417181785 -0.171863842994741
17.87222222222209 0.02114656960537858 -0.1605996576483424
17.87499999999987 0.01896771776342736 -0.1496522354500185
17.87777777777764 0.01684304925151166 -0.1389093503110999
17.88055555555542 0.01478277554337635 -0.1284095496005024
17.8833333333332 0.01283040235488341 -0.1183041643864202
17.88611111111097 0.01092342038052602 -0.1083633626480795
17.88888888888875 0.009162149680863711 -0.09894032963977928
17.89166666666653 0.0074698126558034 -0.08975610209451014
17.8944444444443 0.005882867559925569 -0.08093698156832084
17.89722222222208 0.004428013091822653 -0.07256508973689015
17.89999999999986 0.003031686329818462 -0.06439107544463861
