17.6 0.0002496080083889747 0.0001695371964438164
17.60277777777778 0.0002877766261402049 3.172871613380134e-05
17.60555555555555 0.0002903896317815464 -0.0001038982666657385
17.60833333333333 0.0002149001411588557 -0.000234733308304617
17.61111111111111 9.022629930633262e-05 -0.0003090589578363794
17.61388888888888 -6.387525831022845e-05 -0.0003495742126522277
17.61666666666666 -0.0002092046039282203 -0.0002724449157146528
17.61944444444444 -0.0003288218828516745 -0.0001660708791445086
17.62222222222221 -0.0003735551867732039 4.45325936034347e-06
17.62499999999999 -0.0003408526596333016 0.0001689896869101955
17.62777777777777 -0.0002483243190870948 0.0003289000947813727
17.63055555555554 -7.370867954296575e-05 0.0003933943428958577
17.63333333333332 0.0001104252280535566 0.0004162603594346129
17.6361111111111 0.0002860349711314173 0.0003185697573999063
17.63888888888887 0.0004033094694708966 0.0001696059788225093
17.64166666666665 0.0004628606312326934 -3.009314577518779e-05
17.64444444444442 0.0003925871177581795 -0.0002224488284584985
17.6472222222222 0.0002787885593705895 -0.000397586642754867
17.64999999999998 6.887052619222319e-05 -0.0004670282286830596
17.65277777777775 -0.0001382760882744066 -0.000462535708857463
17.65555555555553 -0.0003419115029388404 -0.00036437368452903
17.65833333333331 -0.000452029652684905 -0.0001776262136703364
17.66111111111108 -0.0005200642441042642 3.783697662354272e-05
17.66388888888886 -0.0004264917303045188 0.0002505992760050171
17.66666666666664 -0.0002863514204210843 0.0004161484724716897
17.66944444444441 -7.010725860239771e-05 0.0005045392183392703
17.67222222222219 0.0001463628893466866 0.000471558601026792
17.67499999999997 0.0003622870575560692 0.0003840114027507551
17.67777777777774 0.0004562657162040473 0.0001723252044580664
17.68055555555552 0.0004950089964678752 -4.011327499444494e-05
17.68333333333329 0.000415347156213129 -0.000254164379253709
17.68611111111107 0.0002580312742135109 -0.0003928967657874129
17.68888888888885 5.529102238929052e-05 -0.0004875708494716501
17.69166666666662 -0.0001495282008659699 -0.0004233225825784059
17.6944444444444 -0.0003247975989689579 -0.0003195575554267398
17.69722222222218 -0.0004140945309256642 -0.0001287399190046764
17.69999999999995 -0.0004122303573804488 6.151948395147248e-05
17.70277777777773 -0.0003414326318324702 0.0002513567659225758
17.70555555555551 -0.0001763052212575264 0.0003420466554133173
17.70833333333328 -7.592679325759847e-08 0.0003903150094544232
17.71111111111106 0.0001700139617135822 0.0003181470392618385
17.71388888888884 0.0002840226592189827 0.0001987013675642407
17.71666666666661 0.0003436966387965919 3.345031032332826e-05
17.71944444444439 0.0002901033418646892 -0.0001172781904952515
17.72222222222216 0.000201550195897093 -0.0002501073415106028
17.72499999999994 4.669808857011453e-05 -0.000287402176832225
17.72777777777772 -9.447543945329852e-05 -0.0002683623825500703
17.73055555555549 -0.0002186853750324178 -0.0001794587759603299
17.73333333333327 -0.0002578723260690279 -4.624181831716738e-05
17.73611111111105 -0.0002618162811316604 9.774710074677763e-05
17.73888888888882 -0.000159134005404205 0.0001994816583631353
17.7416666666666 -4.115210370313275e-05 0.0002568745371755903
17.74444444444438 0.0001012812550348976 0.00024340171926514
17.74722222222215 0.0002009945545780187 0.0001570464966380314
17.74999999999993 0.0002809425835730689 3.888738189501323e-05
17.75277777777771 0.0002429578949383306 -0.0001006315931128346
17.75555555555548 0.0001743216588419716 -0.0002153827732517687
17.75833333333326 4.155039136743819e-05 -0.0002783100347753395
17.76111111111103 -9.404324997278604e-05 -0.0002629690328820221
17.76388888888881 -0.0002312507901810752 -0.0002028724217941023
17.76666666666659 -0.0002823592937681563 -6.163337417546436e-05
17.76944444444436 -0.0002958889247825124 8.094242489487262e-05
17.77222222222214 -0.0002165251673584679 0.0002150029412395558
17.77499999999992 -9.345537799333905e-05 0.0002898148397421147
17.77777777777769 6.195954816235919e-05 0.0003207791372696186
17.78055555555547 0.0001938554434316734 0.0002389828698502382
17.78333333333325 0.0003000083706241882 0.0001296864484985378
17.78611111111102 0.0003153116137638216 -3.233292262385155e-05
17.7888888888888 0.0002657443215035281 -0.0001734049070932948
17.79166666666658 0.0001546388843556655 -0.0002946055692911113
17.79444444444435 -1.782648109525063e-06 -0.000314583051489472
17.79722222222213 -0.0001601311305431881 -0.0002960048620580009
17.7999999999999 -0.000271226523650018 -0.0001705310433624993
17.80277777777768 -0.0003234211415397786 -2.568022345477202e-05
17.80555555555546 -0.0003041097599382255 0.0001426944267203549
17.80833333333323 -0.0001924507362444971 0.0002584133076297977
17.81111111111101 -4.998622543401478e-05 0.0003472582504284099
17.81388888888879 0.0001206155110034781 0.0003089870882884557
17.81666666666656 0.0002589227313319853 0.0002249828249224581
17.81944444444434 0.0003467515863863257 6.949484026402922e-05
17.82222222222212 0.0003325866966581484 -9.893459810094021e-05
17.82499999999989 0.0002735222424933419 -0.000271310466150945
17.82777777777767 0.0001020093363450272 -0.0003490255203175827
17.83055555555545 -7.199842202778632e-05 -0.0003766027006986609
17.83333333333322 -0.0002511026164961121 -0.0003017591977207052
17.836111111111 -0.0003606395367768663 -0.0001546612691762041
17.83888888888877 -0.000431295021617194 3.281995475767744e-05
17.84166666666655 -0.0003491856610465214 0.00021934751977062
17.84444444444433 -0.0002296250231649089 0.0003741061394290708
17.8472222222221 -2.738708424148269e-05 0.0004418344390276891
17.84999999999988 0.0001710429428332522 0.0004125638559815011
17.85277777777766 0.0003667151185990993 0.0003130425670124456
17.85555555555543 0.0004496609502719252 0.0001109516812172087
17.85833333333321 0.0004834032860802402 -0.0001016858663179396
17.86111111111099 0.0003793533891074463 -0.0003074863682501334
17.86388888888876 0.0002138103210751612 -0.0004457456683457032
17.86666666666654 -8.848438049079913e-06 -0.00052127178435571
17.86944444444432 -0.0002256971196610856 -0.0004488183382780255
17.87222222222209 -0.0004225828811752861 -0.0003285397536861915
17.87499999999987 -0.0005079117442073678 -0.0001025986105752627
17.87777777777764 -0.0005108741534975896 0.0001224507400508834
17.88055555555542 -0.0004159472004448913 0.0003464402296084545
17.8833333333332 -0.0002219391828500628 0.000473184242702499
17.88611111111097 2.194221453940705e-06 0.0005560015417376126
17.88888888888875 0.000231786994214864 0.000473979239865268
17.89166666666653 0.000414544745816926 0.0003391162892212536
17.8944444444443 0.0005256969539493545 0.0001234658577784278
17.89722222222208 0.0005121912102729202 -0.0001034747220706352
17.89999999999986 0.0004444381417148135 -0.0003328059399006803
