17.6 -0.0002579089501174657 0.0008279810370199901
17.60277777777778 -0.0005779791454890412 0.0006122131390212222
17.60555555555555 -0.0008270072525531815 0.0003388661845354807
17.60833333333333 -0.0009199822330540091 -6.096060751462729e-05
17.61111111111111 -0.0008192088059312246 -0.0004461929891944863
17.61388888888888 -0.0006025128764938344 -0.0008226933219730086
17.61666666666666 -0.0001785607354986571 -0.0009712354543694419
17.61944444444444 0.0002571277852354305 -0.001018065596617092
17.62222222222221 0.0006873115849579907 -0.0008064033787978703
17.62499999999999 0.0009737865922370489 -0.0004500128222426397
17.62777777777777 0.0011492342458515 1.819277483247584e-05
17.63055555555554 0.0009944736625474601 0.0004952874581525865
17.63333333333332 0.0007384792781923076 0.0009238278530467728
17.6361111111111 0.0002480919866407523 0.001139790671146686
17.63888888888887 -0.0002562610579592722 0.001153648022463855
17.64166666666665 -0.0007744333616948835 0.0009675198944089918
17.64444444444442 -0.001075659537447564 0.0005227561905327171
17.6472222222222 -0.001273793094923421 1.383310554307027e-05
17.64999999999998 -0.001105027939729202 -0.0005333562707149839
17.65277777777775 -0.0007870506799744975 -0.0009630175836878994
17.65555555555553 -0.0002800317897366943 -0.001243778800543365
17.65833333333331 0.0002696437830223301 -0.001198526200421571
17.66111111111108 0.0008155601009215498 -0.001023438041281764
17.66388888888886 0.001114423770253639 -0.0005207493819312077
17.66666666666664 0.001247513177366104 6.209867254041037e-06
17.66944444444441 0.001109684461491489 0.0005728335526054592
17.67222222222219 0.0007263394540105519 0.0009576868304646399
17.67499999999997 0.0002336060114986259 0.001259513654661772
17.67777777777774 -0.0003231459431351677 0.001129130317703407
17.68055555555552 -0.0007967253180762977 0.0008878598832310789
17.68333333333329 -0.001092012091238556 0.0004088867203772744
17.68611111111107 -0.001117786413318421 -0.0001059079216435467
17.68888888888885 -0.0009859072124751185 -0.0006416566322586701
17.69166666666662 -0.0005390702991787339 -0.0009289852241830806
17.6944444444444 -6.297483890990583e-05 -0.001094656523798945
17.69722222222218 0.0004435132211262213 -0.0009507443832062803
17.69999999999995 0.0007968248597530031 -0.0006295233515093119
17.70277777777773 0.001034308648852492 -0.0001742261521507618
17.70555555555551 0.000915172516585397 0.0002963040232218503
17.70833333333328 0.0006931116004280454 0.00071436417774138
17.71111111111106 0.0002427599605773982 0.0009075376372865786
17.71388888888884 -0.0002011914532728841 0.000901482984986534
17.71666666666661 -0.0006389419561190646 0.0007024045564952895
17.71944444444439 -0.0008352626234070404 0.0002958002819078714
17.72222222222216 -0.0009278484740042537 -0.0001499187892463285
17.72499999999994 -0.0006895870950587803 -0.0005553412873858303
17.72777777777772 -0.0003524269216348115 -0.0008213666132049864
17.73055555555549 0.000107383331562271 -0.0009145174930271842
17.73333333333327 0.0005051019513842422 -0.0007239729782463737
17.73611111111105 0.0008592099232314181 -0.0004296348758991773
17.73888888888882 0.0009052807468486934 4.274704333380713e-05
17.7416666666666 0.000809867860520408 0.0004706201360509184
17.74444444444438 0.0004883394560004385 0.0008273604009985799
17.74722222222215 5.141183491893012e-05 0.0009392105339126758
17.74999999999993 -0.000433977440094103 0.0009411358101224611
17.75277777777771 -0.0007753340516451479 0.0005840208592886201
17.75555555555548 -0.0009980096805112921 0.0001806747674644015
17.75833333333326 -0.0009723582531979951 -0.0003194049617652115
17.76111111111103 -0.0007188431185223626 -0.0007115660261187791
17.76388888888881 -0.0003350302285225534 -0.001042016693701829
17.76666666666659 0.0001670683328653877 -0.001013841529752489
17.76944444444436 0.0006266308467906245 -0.0008742464953890528
17.77222222222214 0.0009483870589068805 -0.0004748706509062268
17.77499999999992 0.001050588672139179 -1.238473977088793e-05
17.77777777777769 0.0009903064537696289 0.0004968064806336417
17.78055555555547 0.000625835821291205 0.0008315935531466704
17.78333333333325 0.0002032898293960543 0.00106841503376817
17.78611111111102 -0.0002971838868351439 0.001002450426298788
17.7888888888888 -0.0006952223576955818 0.0007674176076370423
17.79166666666658 -0.000996087667700211 0.0003720015886194459
17.79444444444435 -0.0009931928451450832 -9.472854846215897e-05
17.79722222222213 -0.000883060021081095 -0.0005491077739385814
17.7999999999999 -0.0005046398898079412 -0.0008337088466677476
17.80277777777768 -9.218488689058984e-05 -0.0009601651639984832
17.80555555555546 0.0003615887150690989 -0.0008946325175609295
17.80833333333323 0.0006696258568032787 -0.0006080624868405459
17.81111111111101 0.0009074649604401473 -0.0002484761465409867
17.81388888888879 0.0008433752775483115 0.0001698938778940756
17.81666666666656 0.0006766970224936624 0.0005174075806052312
17.81944444444434 0.0003496663595839585 0.0007541683840348872
17.82222222222212 -1.324903078336328e-05 0.000779465729706086
17.82499999999989 -0.0003886134062825 0.0007117155425613968
17.82777777777767 -0.0005952116877990884 0.0004134804366506131
17.83055555555545 -0.0007121899255849393 0.0001029371593962358
17.83333333333322 -0.0006460940633236456 -0.0002327490133327801
17.836111111111 -0.0004489196202041107 -0.0004649696233923668
17.83888888888877 -0.0001784848195561082 -0.0006393629052689912
17.84166666666655 0.0001142694678370471 -0.0005803615296901721
17.84444444444433 0.0003675665753743693 -0.0004634654366676156
17.8472222222221 0.0005096841180122331 -0.0002183986800643352
17.84999999999988 0.0005255017058644735 3.220806777334361e-05
17.85277777777766 0.0004498475082714482 0.0002868271122933267
17.85555555555543 0.0002427994347312567 0.0004137888496221244
17.85833333333321 2.065107996155269e-05 0.0004856923553823705
17.86111111111099 -0.000198880581662035 0.0004041117164072048
17.86388888888876 -0.0003483658531680159 0.0002591763033897945
17.86666666666654 -0.0004327910877441502 5.539611718778485e-05
17.86944444444432 -0.000374746115201005 -0.0001363561644312183
17.87222222222209 -0.0002732864899486002 -0.0003072416949030815
17.87499999999987 -8.57174040031405e-05 -0.0003686973176947455
17.87777777777764 9.112277810198063e-05 -0.0003605061110783496
17.88055555555542 0.000255212070641542 -0.0002695423264251713
17.8833333333332 0.0003261913071373245 -0.0001149537948975328
17.88611111111097 0.0003580736426066365 5.617992287832615e-05
17.88888888888875 0.0002650212063543304 0.0001997239078914351
17.89166666666653 0.0001449715541866947 0.0002981226244667171
17.8944444444443 -1.6353841429996e-05 0.0003274992417328483
17.89722222222208 -0.000153429567807392 0.0002701874479115468
17.89999999999986 -0.0002782532200139743 0.0001759620368532458
