17.6 -0.004551204250968438 0.0150365931873129
17.60277777777778 -0.003204560828251225 0.01560415733676333
17.60555555555555 -0.001824332998911035 0.01610728417813423
17.60833333333333 -0.0003703326808651511 0.01646886614613909
17.61111111111111 0.00113048346559307 0.01669036491513147
17.61388888888888 0.002659310206017216 0.01682804985999524
17.61666666666666 0.004225577491674556 0.01674382209568497
17.61944444444444 0.005795164194548316 0.01658384252708008
17.62222222222221 0.007367329087839058 0.01624152612923511
17.62499999999999 0.008920465543320122 0.01576090329409216
17.62777777777777 0.01045890090043095 0.01517342688745314
17.63055555555554 0.01193514358706044 0.01437426187091728
17.63333333333332 0.01338226085098656 0.01350130358229215
17.6361111111111 0.0147422960686557 0.01244011440454039
17.63888888888887 0.01603053793448634 0.01126929419420251
17.64166666666665 0.01724773952559457 0.009989992927143131
17.64444444444442 0.01832110731504631 0.008548529639357275
17.6472222222222 0.01933530276765882 0.007047956315454121
17.64999999999998 0.02016860267529887 0.005395091360920258
17.65277777777775 0.02089797753309272 0.003677894463732576
17.65555555555553 0.02149568639147699 0.001879193352344274
17.65833333333331 0.02189744480352781 -4.33608692118159e-06
17.66111111111108 0.02221657712633614 -0.001920564367145215
17.66388888888886 0.02227468722347314 -0.003906883763615936
17.66666666666664 0.0222210901961878 -0.005906165076162766
17.66944444444441 0.02198493476648477 -0.007926629520075328
17.67222222222219 0.02153905042258825 -0.009940384194172536
17.67499999999997 0.02099840465890391 -0.01195086577222082
17.67777777777774 0.0201544368078097 -0.01390609285690443
17.68055555555552 0.01921506655701534 -0.01582873919437178
17.68333333333329 0.01807118729470132 -0.017681543930069
17.68611111111107 0.01674591496280796 -0.01944022423627491
17.68888888888885 0.01531453526430434 -0.02114384568400194
17.69166666666662 0.01363063327482613 -0.0226638042771917
17.6944444444444 0.01187004659293157 -0.02411189767711782
17.69722222222218 0.009930882032455499 -0.02538348805267869
17.69999999999995 0.007874554349643757 -0.02649771486964369
17.70277777777773 0.00572963109592638 -0.02749294763766554
17.70555555555551 0.00343935047052682 -0.02821452814710141
17.70833333333328 0.001106652106508836 -0.02883370209784926
17.71111111111106 -0.001321019167395228 -0.02918103345248503
17.71388888888884 -0.00378243872563668 -0.0293465438886456
17.71666666666661 -0.006276555583583691 -0.02933589564945872
17.71944444444439 -0.008779949895397715 -0.02902151894555393
17.72222222222216 -0.01127921470206053 -0.02859094027193194
17.72499999999994 -0.01373854751994227 -0.02783690825352379
17.72777777777772 -0.01615134526745042 -0.02691892161790686
17.73055555555549 -0.01850643219933473 -0.02579760543731553
17.73333333333327 -0.02073883502377405 -0.02440919990255622
17.73611111111105 -0.02291673116738884 -0.02291253385781675
17.73888888888882 -0.0248937308411921 -0.02111247950226907
17.7416666666666 -0.02676783209708263 -0.01919959063118508
17.74444444444438 -0.02847748382661853 -0.01710637262567131
17.74722222222215 -0.02996902392774248 -0.01483791600474294
17.74999999999993 -0.0313623672725102 -0.01249140788279142
17.75277777777771 -0.03240852440369264 -0.009945083437415864
17.75555555555548 -0.03333147568784654 -0.007351293450163177
17.75833333333326 -0.03399663212901431 -0.004658186975823387
17.76111111111103 -0.03440601257718985 -0.001909647752681524
17.76388888888881 -0.03466913437742852 0.0008705892025123924
17.76666666666659 -0.03453995324988516 0.003674157370248293
17.76944444444436 -0.03428110773772722 0.006468710993361559
17.77222222222214 -0.03371615195001938 0.009234322621825507
17.77499999999992 -0.03291784831323782 0.01194095731086088
17.77777777777769 -0.03194685299608938 0.01460394545756365
17.78055555555547 -0.03063182116951512 0.01712127833285003
17.78333333333325 -0.02920106531164214 0.01957562004350706
17.78611111111102 -0.02748244865583108 0.0218522248538777
17.7888888888888 -0.02559770242406974 0.02398728323856792
17.79166666666658 -0.02355536066990503 0.0259880664180646
17.79444444444435 -0.02128205823813742 0.02772150882640533
17.79722222222213 -0.0189283881405517 0.02934799555669598
17.7999999999999 -0.01637798303173271 0.03066036454267343
17.80277777777768 -0.01375028846525655 0.03179286829332689
17.80555555555546 -0.01102876389570234 0.03270701424854921
17.80833333333323 -0.008224267744612442 0.03329766013282762
17.81111111111101 -0.005390987412220404 0.03375473100816314
17.81388888888879 -0.002519225541511952 0.03380704939258438
17.81666666666656 0.000341542420447373 0.0336861698040757
17.81944444444434 0.003185126209720647 0.03329457086145756
17.82222222222212 0.005958601894806624 0.03259503126984906
17.82499999999989 0.008699747859016678 0.03175873833759221
17.82777777777767 0.01127233090764243 0.03050876615982642
17.83055555555545 0.01376576850405706 0.02913054383896323
17.83333333333322 0.01609752929433325 0.02749033459473929
17.836111111111 0.01823294184862807 0.02562716046421927
17.83888888888877 0.02025861456691081 0.02363937034244122
17.84166666666655 0.02193641531657804 0.02137231768987835
17.84444444444433 0.02348710768149201 0.01903144982400133
17.8472222222221 0.02473478498891091 0.01652475991432264
17.84999999999988 0.02572133351912897 0.01393105903410778
17.85277777777766 0.02651876151068775 0.01127434111764949
17.85555555555543 0.02689438558366842 0.008558521795906469
17.85833333333321 0.02712104955045434 0.005840181057942048
17.86111111111099 0.02696791598541641 0.003139516247698752
17.86388888888876 0.0265732284028858 0.0004967913963110494
17.86666666666654 0.02595418217357496 -0.002092118035659184
17.86944444444432 0.02497316974711999 -0.004516158386100399
17.87222222222209 0.02386288884710304 -0.006866700208056045
17.87499999999987 0.02242118736996566 -0.008979462928374073
17.87777777777764 0.02083193119635011 -0.01093405523426457
17.88055555555542 0.01906731194113075 -0.01270066808606382
17.8833333333332 0.01711396617032173 -0.01415962277347785
17.88611111111097 0.01509115930007498 -0.01549059462096938
17.88888888888875 0.01292379732728094 -0.01642211033364635
17.89166666666653 0.01073096270276214 -0.01717514195662884
17.8944444444443 0.008499183224045949 -0.01765529123799981
17.89722222222208 0.006288320305884863 -0.01781912804830034
17.89999999999986 0.004088591071920052 -0.01784378388061452
