17.6 -0.02199695701070818 0.05385494188622305
17.60277777777778 -0.01927923776925787 0.05609708004269492
17.60555555555555 -0.01645795154196964 0.05823530424270858
17.60833333333333 -0.01340916704803691 0.06014526801027698
17.61111111111111 -0.01015975790555323 0.06181292922861462
17.61388888888888 -0.006790312105368613 0.06333561729249618
17.61666666666666 -0.003134485846929085 0.06444110389494825
17.61944444444444 0.0006114178231195787 0.06539272029661942
17.62222222222221 0.004569747009393217 0.06596741447303887
17.62499999999999 0.008672260327947344 0.06622436119870209
17.62777777777777 0.01288616824091241 0.06623582079729887
17.63055555555554 0.01729290203939293 0.06570098602921945
17.63333333333332 0.02176006831236898 0.06496020031968187
17.6361111111111 0.02636972947651432 0.06366742490091788
17.63888888888887 0.03104119816312899 0.06200425988904558
17.64166666666665 0.03577382604155865 0.0599745904895814
17.64444444444442 0.04055596686838838 0.05730234786364016
17.6472222222222 0.04534789617182015 0.05437786928827541
17.64999999999998 0.05013020469131051 0.05072755885446432
17.65277777777775 0.05487186809394839 0.04669398048017653
17.65555555555553 0.05956203688638962 0.0421748275836807
17.65833333333331 0.06411494308864964 0.03698136432136648
17.66111111111108 0.06860436683089742 0.03150727092027241
17.66388888888886 0.07283264838480213 0.02518671497539238
17.66666666666664 0.07691513896783414 0.01852270312149843
17.66944444444441 0.08075936930679414 0.01129739526813505
17.67222222222219 0.08426232852613767 0.003458874706210708
17.67499999999997 0.08761052383852901 -0.004656482278984156
17.67777777777774 0.09035798657236724 -0.01361524954459994
17.68055555555552 0.0928781557457103 -0.02282545045990599
17.68333333333329 0.0949110878943271 -0.03257463621545247
17.68611111111107 0.09642562479289243 -0.04277333092711261
17.68888888888885 0.09763692213013499 -0.05323496959639782
17.69166666666662 0.09797814670472892 -0.06427592079023592
17.6944444444444 0.09800786933934152 -0.07547842385181426
17.69722222222218 0.09728530667186445 -0.08704896719268164
17.69999999999995 0.09594308383247112 -0.09882300863209507
17.70277777777773 0.09413229080133158 -0.1107509298065266
17.70555555555551 0.09130914979315946 -0.1228576761736392
17.70833333333328 0.08811941799314227 -0.1349948560132929
17.71111111111106 0.08397458446534758 -0.1471591295037427
17.71388888888884 0.07921876603110523 -0.1592490389131039
17.71666666666661 0.07387098990200718 -0.1712669000778086
17.71944444444439 0.06754286292353931 -0.1830109325498547
17.72222222222216 0.06084570458193952 -0.1946252130045546
17.72499999999994 0.0531436849489603 -0.2057857803107363
17.72777777777772 0.04495143576966121 -0.2166286101654575
17.73055555555549 0.03615122475139004 -0.2270773955429529
17.73333333333327 0.02658423622456075 -0.236848077668742
17.73611111111105 0.01670950989341189 -0.2463271246651584
17.73888888888882 0.006003248763595479 -0.2548198612700899
17.7416666666666 -0.004994990515785645 -0.262844443243879
17.74444444444438 -0.01645986154107502 -0.2701208328847462
17.74722222222215 -0.02834351978425398 -0.2764558853775871
17.74999999999993 -0.04041309325590026 -0.2823677343102224
17.75277777777771 -0.05290265816205685 -0.2868373805235198
17.75555555555548 -0.06546837150026036 -0.2908095381896402
17.75833333333326 -0.07819341715553016 -0.2937407551455586
17.76111111111103 -0.09094258137512773 -0.2956607802687484
17.76388888888881 -0.1037055371494662 -0.297002582437823
17.76666666666659 -0.1163135455719577 -0.2968173022983126
17.76944444444436 -0.1288181960427522 -0.2961318253254903
17.77222222222214 -0.1410549578148063 -0.2942675666067247
17.77499999999992 -0.1529722134161219 -0.2915105170648992
17.77777777777769 -0.164653014909412 -0.2880927477090178
17.78055555555547 -0.1756792810382695 -0.2833613363934479
17.78333333333325 -0.1864416782128423 -0.2781871412001155
17.78611111111102 -0.1964819906356372 -0.2719101596311155
17.7888888888888 -0.2059842077577752 -0.2649899196147825
17.79166666666658 -0.2149759714610998 -0.257459465249391
17.79444444444435 -0.2230006131208741 -0.2490146173669176
17.79722222222213 -0.2306455837793005 -0.2402461110814527
17.7999999999999 -0.2371991690006624 -0.2306647499429229
17.80277777777768 -0.2431491454144607 -0.2207361537830842
17.80555555555546 -0.2483663360384704 -0.2103860116051228
17.80833333333323 -0.2525306743817984 -0.1995875765037613
17.81111111111101 -0.2562632179931763 -0.1886199990668683
17.81388888888879 -0.2587134750861679 -0.1772819684578611
17.81666666666656 -0.2606272623212662 -0.1658585958450651
17.81944444444434 -0.2617025133369665 -0.1543018282984065
17.82222222222212 -0.2618395703315926 -0.1427152483881227
17.82499999999989 -0.2615601399562905 -0.1311180279379157
17.82777777777767 -0.2600300182736277 -0.1196424633631654
17.83055555555545 -0.2581099567005468 -0.108257601059289
17.83333333333322 -0.2553933334260983 -0.0970580236082339
17.836111111111 -0.2519807115076265 -0.08612273946147493
17.83888888888877 -0.2481790930867008 -0.07533516992863944
17.84166666666655 -0.2434519508494208 -0.06505303007671663
17.84444444444433 -0.2384548308500547 -0.05496271960109321
17.8472222222221 -0.2328386257795576 -0.04533228419702842
17.84999999999988 -0.2268086535017637 -0.03611069880651908
17.85277777777766 -0.2204790134586536 -0.02718521994100982
17.85555555555543 -0.2136319935083284 -0.01894002385688547
17.85833333333321 -0.206631070351753 -0.01094083328165206
17.86111111111099 -0.1992755903642309 -0.003576443905728529
17.86388888888876 -0.1917557769415803 0.003364110296900451
17.86666666666654 -0.1840833283961159 0.009911000643613178
17.86944444444432 -0.1762495553604998 0.01577736924421279
17.87222222222209 -0.1683715342438731 0.02138969329357802
17.87499999999987 -0.1604251805550698 0.02631353016336994
17.87777777777764 -0.1524897861855886 0.03088235556503641
17.88055555555542 -0.144567416545611 0.03502926349107455
17.8833333333332 -0.1367344571671147 0.03860773968877515
17.88611111111097 -0.1289444199855589 0.0419591068896926
17.88888888888875 -0.1213340926514495 0.04467631523798922
17.89166666666653 -0.1138277135871825 0.04714137921628652
17.8944444444443 -0.1064802598777167 0.04922094246884768
17.89722222222208 -0.09935745120227583 0.05088987971500378
17.89999999999986 -0.09233475238258101 0.05237871719791645
