17.6 -0.001659084628892781 -9.305051489142047e-05
17.60277777777778 -0.001513737472194704 -0.0004120742159072114
17.60555555555555 -0.001340408536407276 -0.0006989009176922243
17.60833333333333 -0.001105614007226807 -0.0009150027503802566
17.61111111111111 -0.000851268071537105 -0.001056169727249891
17.61388888888888 -0.0005852242437505372 -0.00115250208532912
17.61666666666666 -0.0003418968711995139 -0.00114892510357089
17.61944444444444 -0.0001156184107614012 -0.001121459971803783
17.62222222222221 6.430646575330333e-05 -0.001042339256635959
17.62499999999999 0.0002036564443054318 -0.0009515500927398365
17.62777777777777 0.000311658838138502 -0.0008517460525675561
17.63055555555554 0.0003733535636204654 -0.0007706898333518025
17.63333333333332 0.0004261046454766336 -0.0007001200990668599
17.6361111111111 0.0004684081956339172 -0.0006630861089509074
17.63888888888887 0.0005264969900200943 -0.0006412390257758414
17.64166666666665 0.0006002054491504882 -0.0006344195463222345
17.64444444444442 0.0007229924653254172 -0.0006188525356673923
17.6472222222222 0.0008641193329084466 -0.0005925305999764188
17.64999999999998 0.001054395808178786 -0.0005065838992101869
17.65277777777775 0.001250055999224316 -0.0003673419425223409
17.65555555555553 0.001452536993523022 -0.000160578506219201
17.65833333333331 0.001604888943941568 0.0001540720789990116
17.66111111111108 0.001730226342694461 0.0005116463936943797
17.66388888888886 0.001706668223537823 0.0009770388902537168
17.66666666666664 0.001593311423102648 0.00145436030398059
17.66944444444441 0.001333200296314535 0.001951176661042006
17.67222222222219 0.0008896749621756645 0.002380153882536001
17.67499999999997 0.000363523715764738 0.00277771650503206
17.67777777777774 -0.0003815206795362555 0.002933219180678873
17.68055555555552 -0.001156898661034785 0.002973233126834564
17.68333333333329 -0.001997301125655358 0.002765680072745769
17.68611111111107 -0.002779411481207305 0.002297039355818554
17.68888888888885 -0.003527423388556277 0.001675673265080431
17.69166666666662 -0.0039891056806966 0.0007109910968770659
17.6944444444444 -0.004309897290479552 -0.0003266078479151848
17.69722222222218 -0.00427192634678874 -0.001516192613147887
17.69999999999995 -0.003907472272655813 -0.002681562398371425
17.70277777777773 -0.003296140522715389 -0.00382862147340209
17.70555555555551 -0.002213780026742941 -0.004687647837861633
17.70833333333328 -0.0009999333440639745 -0.005395541189397173
17.71111111111106 0.0004970472893295111 -0.005638459736658295
17.71388888888884 0.002020415097239445 -0.005513515566967034
17.71666666666661 0.003569348333747817 -0.00503216461266869
17.71944444444439 0.004868215144545569 -0.003966152782737624
17.72222222222216 0.006027824073273147 -0.002702535097293001
17.72499999999994 0.006638389804528127 -0.0009854423490734561
17.72777777777772 0.006870719903453462 0.000813662417760658
17.73055555555549 0.006633978253598762 0.002714475002960731
17.73333333333327 0.005730460533938803 0.004435103525223827
17.73611111111105 0.004565048585508299 0.006052344754072675
17.73888888888882 0.002750070680717491 0.007074033041229262
17.7416666666666 0.0008049279960180907 0.007739037838129724
17.74444444444438 -0.001348240592657554 0.007834000527280012
17.74722222222215 -0.003409382144269391 0.007223381831554804
17.74999999999993 -0.005424312669085884 0.006298001288155167
17.75277777777771 -0.006844305053511836 0.004521631513896242
17.75555555555548 -0.00795586680772091 0.002584945796352153
17.75833333333326 -0.008422070993222633 0.0003128163931054142
17.76111111111103 -0.008190828675578878 -0.001957278610313946
17.76388888888881 -0.007560770263566714 -0.004226210296704861
17.76666666666659 -0.005996615742299586 -0.006001476614486889
17.76944444444436 -0.004215759067464746 -0.007506951822659401
17.77222222222214 -0.001965467172422941 -0.008326672873826626
17.77499999999992 0.0003595015475117208 -0.008498942665178852
17.77777777777769 0.002739735685261041 -0.008192058924767494
17.78055555555547 0.004753056906627026 -0.006944201957501979
17.78333333333325 0.006547187302900873 -0.00542831370096046
17.78611111111102 0.00765206865083069 -0.003318613578405707
17.7888888888888 0.008189549489487169 -0.001080812760106343
17.79166666666658 0.008188777105263934 0.001278508238754674
17.79444444444435 0.007291558176004176 0.003391329197445641
17.79722222222213 0.006093382160427172 0.005345649818067559
17.7999999999999 0.004199709374650105 0.006638917087998093
17.80277777777768 0.002150781044527005 0.007460290137067346
17.80555555555546 -8.662872466234971e-05 0.007708779929634367
17.80833333333323 -0.002178850354354518 0.007142279468560219
17.81111111111101 -0.004175176780342254 0.00626034507260591
17.81388888888879 -0.00556094513241525 0.004610246594503728
17.81666666666656 -0.006572639695101363 0.002800704002196405
17.81944444444434 -0.006999633334682178 0.00074194020432893
17.82222222222212 -0.006713162682195242 -0.001249383784136567
17.82499999999989 -0.006112188889159719 -0.003203427720064625
17.82777777777767 -0.004698314296511041 -0.004610741597986528
17.83055555555545 -0.00313703498704859 -0.005735228930335602
17.83333333333322 -0.001274640159784509 -0.00628196364011561
17.836111111111 0.0005768526781881953 -0.006222715139564959
17.83888888888877 0.002422252349542614 -0.005824780132382958
17.84166666666655 0.003834832035022017 -0.004664384968490882
17.84444444444433 0.005024306611214801 -0.003341548775847796
17.8472222222221 0.005658565539481207 -0.001673225867576902
17.84999999999988 0.005791681213451552 2.496512024319653e-05
17.85277777777766 0.005561847681999619 0.001744787838405751
17.85555555555543 0.00465337141951591 0.003148051602248934
17.85833333333321 0.003563756851383988 0.004379407176534414
17.86111111111099 0.002089178358890846 0.005093488584193426
17.86388888888876 0.0005550368192910694 0.005405261784884942
17.86666666666654 -0.001034427686101884 0.005343365667878009
17.86944444444432 -0.002411821072445461 0.004689091513473792
17.87222222222209 -0.003668483955084105 0.00384385968434041
17.87499999999987 -0.004463752435019256 0.002578568211897502
17.87777777777764 -0.004948967270805621 0.001233251156648175
17.88055555555542 -0.005065695275618974 -0.0002071732258704777
17.8833333333332 -0.004678766987890015 -0.001529332981633848
17.88611111111097 -0.004100960931029745 -0.00278146599381303
17.88888888888875 -0.003076224677704767 -0.00364870330789186
17.89166666666653 -0.001960959725667195 -0.004290959282755205
17.8944444444443 -0.0007072864520250191 -0.004589243787841544
17.89722222222208 0.0005086319230013903 -0.004476223119423859
17.89999999999986 0.001702785081273298 -0.004183921640609801
