17.6 0.004428917259409793 0.01832507663969715
17.60277777777778 0.009424085892539492 0.0163527999363977
17.60555555555555 0.01401128472525032 0.01367661146650915
17.60833333333333 0.01770232517614015 0.009454189846412955
17.61111111111111 0.01996158919307079 0.004324879655234193
17.61388888888888 0.02136420045597176 -0.001347035214712505
17.61666666666666 0.02013398450598166 -0.007240536840987483
17.61944444444444 0.01805443516587472 -0.01286521410526052
17.62222222222221 0.01395877436753298 -0.01764579221415197
17.62499999999999 0.008773340006081641 -0.02111651067399873
17.62777777777777 0.00274596220645637 -0.02357525033955803
17.63055555555554 -0.003861025883769511 -0.02336215483343814
17.63333333333332 -0.01038872863090289 -0.02218648291506863
17.6361111111111 -0.01623093547662879 -0.0185019044000232
17.63888888888887 -0.02094675762407423 -0.01360128468844542
17.64166666666665 -0.0245480102973298 -0.007497379457203378
17.64444444444442 -0.02555396023249771 -0.0004664170990469904
17.6472222222222 -0.02553353155076357 0.006713485270175742
17.64999999999998 -0.02252976814391257 0.01347996400734703
17.65277777777775 -0.01825968285172201 0.01934480879623521
17.65555555555553 -0.01238525349759256 0.02406734443946519
17.65833333333331 -0.005284750965814638 0.02638038838835409
17.66111111111108 0.002213192709809461 0.02766402723930116
17.66388888888886 0.009673743126797496 0.02555079212700952
17.66666666666664 0.01647172046731973 0.02220465113657851
17.66944444444441 0.02218688162266072 0.01684362229894518
17.67222222222219 0.02576533443256739 0.01003608339164572
17.67499999999997 0.02837505189365602 0.002583843322482935
17.67777777777774 0.02726996722968593 -0.005286430160886424
17.68055555555552 0.02504380302171516 -0.01271993192309812
17.68333333333329 0.02041444067513256 -0.01921714955373198
17.68611111111107 0.01421319316376801 -0.02390460281472403
17.68888888888885 0.007092458508624803 -0.02753341953633174
17.69166666666662 -0.0008495477016084744 -0.02766218908820755
17.6944444444444 -0.008593892836756588 -0.02663564772688112
17.69722222222218 -0.01562377096033445 -0.02286614839563031
17.69999999999995 -0.02118960827170504 -0.01749552808953221
17.70277777777773 -0.02564837768491009 -0.01091418358944085
17.70555555555551 -0.02694908202228211 -0.003202967898815082
17.70833333333328 -0.02709689361003446 0.004553338813649319
17.71111111111106 -0.02422686476660116 0.01187347884184256
17.71388888888884 -0.01981105541039659 0.01806359503992963
17.71666666666661 -0.01389760403482854 0.02315887846139244
17.71944444444439 -0.006642897125293618 0.02548633087310356
17.72222222222216 0.0008860701667034961 0.02671255975422833
17.72499999999994 0.008293795103454002 0.02471686131327935
17.72777777777772 0.01487271245139957 0.02129678446103413
17.73055555555549 0.02042377786829263 0.01611025406712746
17.73333333333327 0.02361219331735853 0.00946224267841286
17.73611111111105 0.02579074315531504 0.002334129551190026
17.73888888888882 0.02461328247166642 -0.005008052958333974
17.7416666666666 0.02217940328802552 -0.01177867635898976
17.74444444444438 0.0177375493325845 -0.0176358491289783
17.74722222222215 0.01179250394071091 -0.0215276535317034
17.74999999999993 0.005190250925348442 -0.02453149570262417
17.75277777777771 -0.001970393016491559 -0.02411345912499056
17.75555555555548 -0.008768945741883145 -0.0226368925466187
17.75833333333326 -0.01480986195454212 -0.01894546699914942
17.76111111111103 -0.01926173166983933 -0.0137744589779186
17.76388888888881 -0.02280494772497842 -0.007757391365277888
17.76666666666659 -0.02326192188923637 -0.0009251783881461606
17.76944444444436 -0.02270946674220243 0.005750337158321201
17.77222222222214 -0.01977883434468196 0.01186075889641493
17.77499999999992 -0.01544697478174555 0.01673036563241833
17.77777777777769 -0.01007812141435817 0.0206816933759819
17.78055555555547 -0.003723334071409038 0.0219706203272581
17.78333333333325 0.00267079691219571 0.02229934805971271
17.78611111111102 0.00872325319814005 0.02014239463121724
17.7888888888888 0.01384954644278834 0.01670907946477863
17.79166666666658 0.01809725351463231 0.01206496908793727
17.79444444444435 0.02011256965775322 0.00633666114090674
17.79722222222213 0.02125086188779372 0.0003957240515017042
17.7999999999999 0.01986598354872464 -0.005447557970602148
17.80277777777768 0.01736772143496525 -0.01063950290200284
17.80555555555546 0.01351780275415324 -0.01504071953645243
17.80833333333323 0.008556988588462187 -0.0176340345764301
17.81111111111101 0.00324135430943279 -0.019462696165354
17.81388888888879 -0.002224778716412214 -0.01881268195946362
17.81666666666656 -0.007267880533535087 -0.01723925166393891
17.81944444444434 -0.0116497578937197 -0.01422246378673379
17.82222222222212 -0.01462719337142446 -0.01013559967121754
17.82499999999989 -0.01697352259150728 -0.005590499402703525
17.82777777777767 -0.01697223460393618 -0.000664042726199683
17.83055555555545 -0.01624980860089905 0.004016241630066779
17.83333333333322 -0.01405425574258071 0.008193649909644616
17.836111111111 -0.01088694079541007 0.01133182308092005
17.83888888888877 -0.007176504023179987 0.01388916347927503
17.84166666666655 -0.002943435850713939 0.01449669124375872
17.84444444444433 0.001193173071169183 0.01448755271357873
17.8472222222221 0.004996500343628602 0.01304276795394955
17.84999999999988 0.008072554501988157 0.01076565360936528
17.85277777777766 0.01062188661705031 0.007885730868341066
17.85555555555543 0.01166848535480644 0.004435758672373891
17.85833333333321 0.01218896158592527 0.0009616777622435066
17.86111111111099 0.01137400506910401 -0.002341098600704527
17.86388888888876 0.009886891591609021 -0.005166241864396363
17.86666666666654 0.007775469614979904 -0.007547753029069949
17.86944444444432 0.005112080396711431 -0.008822698757980191
17.87222222222209 0.002342193702136079 -0.009673272570989384
17.87499999999987 -0.0003948519590325052 -0.00933732681644297
17.87777777777764 -0.002840243270541774 -0.00848974568988956
17.88055555555542 -0.004939014604916103 -0.007034105601919508
17.8833333333332 -0.006260065141964827 -0.005088470218407436
17.88611111111097 -0.00725761804384984 -0.002989755411213972
17.88888888888875 -0.007245693546047965 -0.0008185345898282263
17.89166666666653 -0.006866559683118665 0.001189217274441445
17.8944444444443 -0.005926003501879738 0.002947043266466773
17.89722222222208 -0.004578950139518543 0.004182663315410521
17.89999999999986 -0.00306138132971335 0.005185368517572083
