17.6 -0.0986190559453612 0.05725548041655099
17.60277777777778 -0.1105636090589829 0.04009781386248405
17.60555555555555 -0.1208675254743383 0.02167363909634911
17.60833333333333 -0.1275675713895613 0.000467415392463047
17.61111111111111 -0.1301249822246888 -0.02222913419613413
17.61388888888888 -0.1302037939809848 -0.04581736753036271
17.61666666666666 -0.1232924587160445 -0.06962806319030306
17.61944444444444 -0.1140243989530243 -0.09290090253089411
17.62222222222221 -0.09910046292122626 -0.114528019912545
17.62499999999999 -0.08032035939395739 -0.1335193571624301
17.62777777777777 -0.05856103611937954 -0.1504743284537971
17.63055555555554 -0.0321731129065199 -0.161382493550676
17.63333333333332 -0.004571356442332359 -0.169815228870808
17.6361111111111 0.02544010957601366 -0.1713023144744709
17.63888888888887 0.05551351518514741 -0.1680410418298698
17.64166666666665 0.08564821066908254 -0.1600812188905852
17.64444444444442 0.1133495430319332 -0.1445098128962349
17.6472222222222 0.1397312648745388 -0.1261690650469482
17.64999999999998 0.1608882910325315 -0.1007151804961492
17.65277777777775 0.1782819613577651 -0.07262265682089318
17.65555555555553 0.1909077147314323 -0.04118715608748797
17.65833333333331 0.1958041697952259 -0.007496259512829687
17.66111111111108 0.19745100456475 0.02689751508030367
17.66388888888886 0.1889356373310235 0.06082808165514746
17.66666666666664 0.1765092997106268 0.09321001860490519
17.66944444444441 0.1576914225229418 0.1230610932506301
17.67222222222219 0.1329867046164497 0.1478454895647435
17.67499999999997 0.1056374357362449 0.170327847499991
17.67777777777774 0.07265883340940844 0.1830730836971942
17.68055555555552 0.03901351480112204 0.192269976117913
17.68333333333329 0.003938992230336232 0.1938604741445535
17.68611111111107 -0.03002732448388617 0.1883789101514469
17.68888888888885 -0.06334538707586061 0.1787604853666902
17.69166666666662 -0.09155714453493999 0.1597850636752535
17.6944444444444 -0.1173117250575323 0.1383488159323051
17.69722222222218 -0.1368288211787838 0.1113983875779172
17.69999999999995 -0.1504811172950039 0.08215211765002239
17.70277777777773 -0.1596986109381 0.05116979468036068
17.70555555555551 -0.1593157300671547 0.02000949922627092
17.70833333333328 -0.1556888586554427 -0.01047995309502453
17.71111111111106 -0.1439637812059922 -0.03810341292881846
17.71388888888884 -0.1281970585376827 -0.06230016225185296
17.71666666666661 -0.1085145550343109 -0.08317691523212913
17.71944444444439 -0.08483188139944661 -0.09672701527462796
17.72222222222216 -0.06010815152380696 -0.1073659673792312
17.72499999999994 -0.03429880054692192 -0.1095013572370438
17.72777777777772 -0.009554719042171545 -0.1074810303602753
17.73055555555549 0.01386826055809009 -0.100306960288774
17.73333333333327 0.03309571661013892 -0.08742747404546283
17.73611111111105 0.05043592323891614 -0.07239846116362945
17.73888888888882 0.06060660338445119 -0.0529887208697567
17.7416666666666 0.06743203416017059 -0.03305484605472533
17.74444444444438 0.06891117598836861 -0.0122833133291152
17.74722222222215 0.06458905697796281 0.007056722113111424
17.74999999999993 0.05768299007686075 0.02572372999761197
17.75277777777771 0.044156485554501 0.0394333107079544
17.75555555555548 0.02930371507967567 0.05085212774655903
17.75833333333326 0.01167587725845651 0.05747777079775426
17.76111111111103 -0.006566318235700918 0.05902225245710889
17.76388888888881 -0.02515981770308278 0.05766120812700033
17.76666666666659 -0.04164241816516508 0.04907090518368259
17.76944444444436 -0.05670693028304995 0.03850244203153167
17.77222222222214 -0.06809369337536847 0.02345231885631162
17.77499999999992 -0.0755129060566108 0.006321618021111709
17.77777777777769 -0.07999588876980826 -0.0123488375350422
17.78055555555547 -0.07762365262664918 -0.03160848609181446
17.78333333333325 -0.07290884658667116 -0.05047490020191402
17.78611111111102 -0.06231180978505359 -0.06747380093389949
17.7888888888888 -0.04868880528002072 -0.08194433404061126
17.79166666666658 -0.03219527661775877 -0.09401638142042235
17.79444444444435 -0.01272561378898225 -0.1005204398413978
17.79722222222213 0.007488502574765295 -0.1048045220170825
17.7999999999999 0.02843182391214329 -0.1025936571175971
17.80277777777768 0.04849405964382535 -0.09710403013343194
17.80555555555546 0.06748665059340549 -0.08763396046247335
17.80833333333323 0.08312662377746916 -0.07358745470379066
17.81111111111101 0.09725969466353852 -0.05782514169015828
17.81388888888879 0.105735390810553 -0.03841104168274212
17.81666666666656 0.1114852395373718 -0.01841006302623854
17.81944444444434 0.1129744168457388 0.002508243969239661
17.82222222222212 0.1096181485701465 0.02271872387476321
17.82499999999989 0.1041208172446949 0.04257907509441687
17.82777777777767 0.09278316561811971 0.05926162913315225
17.83055555555545 0.08002831751434358 0.07433801974205732
17.83333333333322 0.06437844772955759 0.08613337061694618
17.836111111111 0.04725117402059456 0.09419912807219642
17.83888888888877 0.02929817318679928 0.1001804004378954
17.84166666666655 0.01114559941132778 0.100471360938565
17.84444444444433 -0.006565035738232751 0.09904699890248152
17.8472222222221 -0.02303703108393015 0.09366426917125906
17.84999999999988 -0.03766654454682727 0.08579464849739084
17.85277777777766 -0.05096165446416206 0.07612391589820496
17.85555555555543 -0.06057854546813041 0.06392056385794613
17.85833333333321 -0.06883214450077837 0.05115066198297161
17.86111111111099 -0.07352531218854871 0.03736690447152112
17.86388888888876 -0.07598307485829417 0.02367953867008377
17.86666666666654 -0.07636456303649654 0.01008170279592258
17.86944444444432 -0.07365256906518811 -0.002359194856471005
17.87222222222209 -0.06990064897914663 -0.01424137809928667
17.87499999999987 -0.06370141432098864 -0.02419989694714188
17.87777777777764 -0.05664287248031129 -0.03291266586919894
17.88055555555542 -0.04856307710336861 -0.04014490891773344
17.8833333333332 -0.03977453926466255 -0.04517731735138293
17.88611111111097 -0.03076743696178296 -0.04932781039221351
17.88888888888875 -0.0216871549346669 -0.0509907625259816
17.89166666666653 -0.01283844153548417 -0.05171428724624868
17.8944444444443 -0.004343770838608336 -0.05100153183191641
17.89722222222208 0.003400246106577464 -0.04891636640013261
17.89999999999986 0.01080639643056619 -0.0462349063512115
