17.6 -5.522498207335701e-05 2.407889214955307e-05
17.60277777777778 -3.88135517594843e-05 4.485220226387095e-05
17.60555555555555 -1.856836387792155e-05 6.079832491834495e-05
17.60833333333333 1.009816787426016e-05 6.614090657954256e-05
17.61111111111111 3.81365137307597e-05 5.761869149595423e-05
17.61388888888888 6.579900679012202e-05 4.080096600042324e-05
17.61666666666666 7.692596827024487e-05 7.215703663100821e-06
17.61944444444444 7.983253207161289e-05 -2.778640860644592e-05
17.62222222222221 6.147899045774968e-05 -6.373541482410134e-05
17.62499999999999 2.943132836089315e-05 -8.777153549149378e-05
17.62777777777777 -1.319621498149523e-05 -0.0001026039314969104
17.63055555555554 -5.848903225665018e-05 -8.568063551466857e-05
17.63333333333332 -9.917384030072426e-05 -5.834431133421704e-05
17.6361111111111 -0.0001185933357687849 -5.574779752874138e-06
17.63888888888887 -0.0001150195197353056 4.919203282201649e-05
17.64166666666665 -8.869358078211871e-05 0.0001059351758905531
17.64444444444442 -3.055720091763408e-05 0.000135465958003435
17.6472222222222 3.524084518933838e-05 0.0001515190369714735
17.64999999999998 0.0001041859966637957 0.0001178380360496853
17.65277777777775 0.0001542358896913142 6.353261038567645e-05
17.65555555555553 0.0001803467700245852 -1.690256455390048e-05
17.65833333333331 0.0001536555433466584 -9.839049237465237e-05
17.66111111111108 0.0001061217245845417 -0.0001765548979937726
17.66388888888886 8.127042190098907e-06 -0.0002034767147720941
17.66666666666664 -8.862690769802177e-05 -0.0001983701473588674
17.66944444444441 -0.0001833531789993634 -0.0001409208965199861
17.67222222222219 -0.0002298091327318451 -4.176470811099911e-05
17.67499999999997 -0.0002543006154203473 7.585836875245929e-05
17.67777777777774 -0.0001798158328755512 0.0001825828216077616
17.68055555555552 -8.485507460243453e-05 0.000261596605419198
17.68333333333329 5.39989355098495e-05 0.0002812085130459536
17.68611111111107 0.0001788992894044134 0.0002285187603145298
17.68888888888885 0.0002956373374331537 0.0001335355572327302
17.69166666666662 0.0003116849288967438 -2.332876811213258e-05
17.6944444444444 0.0002887356274494779 -0.000174395359767738
17.69722222222218 0.0001701862494522266 -0.0002979807152756
17.69999999999995 1.577980847512514e-05 -0.0003488611228376796
17.70277777777773 -0.0001657407696329236 -0.0003447640234631728
17.70555555555551 -0.000298381284035055 -0.0002168909755489306
17.70833333333328 -0.0003954308740038991 -6.159228875640311e-05
17.71111111111106 -0.0003725459794344375 0.0001387048623991821
17.71388888888884 -0.0002742632240720456 0.0002999258176792593
17.71666666666661 -0.0001029306381802415 0.0004232874828359801
17.71944444444439 0.0001045202839374805 0.0004076981335999921
17.72222222222216 0.0003064150024735983 0.0003414681230086417
17.72499999999994 0.0004210940960030097 0.0001436095934640588
17.72777777777772 0.0004522589911380075 -6.645045139875338e-05
17.73055555555549 0.000379853128416197 -0.0002916422967554441
17.73333333333327 0.0001936794786795193 -0.0004216950250647207
17.73611111111105 -2.903489360088725e-05 -0.0005071022827896388
17.73888888888882 -0.0002576935978166935 -0.0004061121778310287
17.7416666666666 -0.0004288712842640421 -0.0002505587570387005
17.74444444444438 -0.0005081843304365405 -7.803689931437088e-06
17.74722222222215 -0.0004414262506878968 0.0002225421492035667
17.74999999999993 -0.0003100362663256046 0.0004457074242835915
17.75277777777771 -5.22826875708367e-05 0.0004995716695218624
17.75555555555548 0.0001912890302253672 0.0004850152669872245
17.75833333333326 0.0004051867454702391 0.0003272960960042719
17.76111111111103 0.0004988512956652255 0.0001007052388535626
17.76388888888881 0.0005237637321389601 -0.0001652680465781904
17.76666666666659 0.0003521544768235057 -0.0003646629664063949
17.76944444444436 0.0001478722056048773 -0.0005076845528187943
17.77222222222214 -0.0001187591309935929 -0.0005018800451913281
17.77499999999992 -0.0003308318089831725 -0.0003834877885570873
17.77777777777769 -0.0005025277426782033 -0.0001817737115508808
17.78055555555547 -0.0004895652458353657 7.125914154959507e-05
17.78333333333325 -0.0004173934844643837 0.0003074438329352556
17.78611111111102 -0.0002023077877161156 0.0004504256561813818
17.7888888888888 2.818851992117093e-05 0.0004867440332423894
17.79166666666658 0.0002733037974782808 0.0004218782507295477
17.79444444444435 0.0004080274187140047 0.0002276287538914804
17.79722222222213 0.000491578475238765 5.729440866840978e-06
17.7999999999999 0.0004019557530094787 -0.0002186301114521987
17.80277777777768 0.0002530980100523325 -0.000377382454593062
17.80555555555546 3.232849095260656e-05 -0.0004564871352229973
17.80833333333323 -0.000171575717554941 -0.0003915303455794491
17.81111111111101 -0.0003586126103259018 -0.0002741590953397704
17.81388888888879 -0.0004063810270333515 -6.089296504448942e-05
17.81666666666656 -0.0003874478696905518 0.0001354463811863461
17.81944444444434 -0.0002642559456919006 0.0003053280964671304
17.82222222222212 -8.715830228940417e-05 0.0003692184914925878
17.82499999999989 0.0001117625160899656 0.0003859544821335088
17.82777777777767 0.0002514483093490599 0.0002550326858652902
17.83055555555545 0.0003433848504414569 0.0001073763917875646
17.83333333333322 0.0003377801384341962 -7.446481225763571e-05
17.836111111111 0.0002506090790812496 -0.0002101153668767375
17.83888888888877 0.0001178502529878423 -0.0003199497777042938
17.84166666666655 -4.15090853796553e-05 -0.0003005739051467083
17.84444444444433 -0.0001810815214975352 -0.0002472825572395754
17.8472222222221 -0.0002628758872202665 -0.0001179199542870586
17.84999999999988 -0.0002737844567639735 1.630875614260485e-05
17.85277777777766 -0.0002333545254332318 0.0001540617080485117
17.85555555555543 -0.0001203725153991781 0.000219434767065476
17.85833333333321 -1.372319839707013e-07 0.0002541174083449615
17.86111111111099 0.0001144627749334804 0.0002038119522970216
17.86388888888876 0.0001879046931770283 0.0001221038787127061
17.86666666666654 0.0002231184205803325 1.122862815923945e-05
17.86944444444432 0.000182808736236668 -8.424987793387189e-05
17.87222222222209 0.0001210580142215512 -0.0001658469993317474
17.87499999999987 2.300311228870756e-05 -0.000183561218410657
17.87777777777764 -6.31030104611925e-05 -0.0001670824614314782
17.88055555555542 -0.0001350084687189625 -0.0001099666675170557
17.8833333333332 -0.0001547680298800351 -3.192906488295044e-05
17.88611111111097 -0.0001539988264168914 4.985018654082468e-05
17.88888888888875 -9.844608592803702e-05 0.0001036881423436819
17.89166666666653 -3.698569864014527e-05 0.0001339733824489503
17.8944444444443 3.35068241994068e-05 0.0001282491372165031
17.89722222222208 8.129917645543477e-05 8.99027390869361e-05
17.89999999999986 0.0001186686392602768 3.800181642648779e-05
