17.6 -0.0003798143503691178 0.0002637988511566018
17.60277777777778 -0.0003522042360625809 0.000290072221027678
17.60555555555555 -0.00032301133134658 0.0003152016105947201
17.60833333333333 -0.0002903416229783219 0.0003378180996062654
17.61111111111111 -0.0002546223359968388 0.0003576534451158604
17.61388888888888 -0.0002170784415866489 0.0003758247918447871
17.61666666666666 -0.0001752351936637313 0.0003890974749972522
17.61944444444444 -0.0001320598011019812 0.0004005504401244911
17.62222222222221 -8.57553884759814e-05 0.0004075389116380583
17.62499999999999 -3.738042557790198e-05 0.0004107713557072888
17.62777777777777 1.259421478896492e-05 0.0004111019467976885
17.63055555555554 6.525107550102483e-05 0.0004050430668796713
17.63333333333332 0.0001187305315612226 0.0003966017752511715
17.6361111111111 0.0001741151639138353 0.0003818170675678198
17.63888888888887 0.0002302838650507984 0.000362874058478618
17.64166666666665 0.0002872284104743861 0.0003398163665297178
17.64444444444442 0.000344741056416461 0.0003097447179721209
17.6472222222222 0.0004023537675275263 0.0002769566888677946
17.64999999999998 0.0004597728887486582 0.0002364964873388633
17.65277777777775 0.0005166721727292271 0.0001921264718793341
17.65555555555553 0.0005729128581340887 0.0001428029869777456
17.65833333333331 0.0006275304888781592 8.686010139315591e-05
17.66111111111108 0.0006814098402997594 2.818630124711566e-05
17.66388888888886 0.0007323741256008115 -3.846280005260581e-05
17.66666666666664 0.0007817934146415583 -0.0001082102281214576
17.66944444444441 0.0008286877792383078 -0.0001830211254011171
17.67222222222219 0.0008721411421530337 -0.0002631150372484025
17.67499999999997 0.0009140355560858796 -0.0003455921366094382
17.67777777777774 0.0009501595451886464 -0.0004349878107481832
17.68055555555552 0.0009842016098058019 -0.0005263393801597368
17.68333333333329 0.001013780764475732 -0.0006218836974490722
17.68611111111107 0.001038828300799112 -0.0007207229032528037
17.68888888888885 0.001061225029733046 -0.0008214894811680924
17.69166666666662 0.001076356731505337 -0.0009262119465555212
17.6944444444444 0.001088982665952512 -0.001031959113782055
17.69722222222218 0.00109560303745468 -0.001139992130280692
17.69999999999995 0.001097489462349231 -0.001249102317893269
17.70277777777773 0.001095796205395282 -0.001359027033045742
17.70555555555551 0.001086694240535161 -0.001469537089111107
17.70833333333328 0.00107497900901819 -0.001580010722547397
17.71111111111106 0.001056561071103911 -0.001690011725488675
17.71388888888884 0.001034027331833667 -0.001799079232467474
17.71666666666661 0.001007505964951923 -0.001907242314292273
17.71944444444439 0.0009746391418453993 -0.002012888844941809
17.72222222222216 0.0009394221383847568 -0.002117417991423127
17.72499999999994 0.0008979502954845839 -0.002218264359192699
17.72777777777772 0.0008535419552828214 -0.002316713357066862
17.73055555555549 0.0008054918959863755 -0.002412189238731996
17.73333333333327 0.0007530206494428303 -0.002502800476359021
17.73611111111105 0.000698789099037626 -0.002591339726129129
17.73888888888882 0.0006399444462771636 -0.00267306307419023
17.7416666666666 0.0005795442997520406 -0.002751642105994155
17.74444444444438 0.0005166582042878095 -0.002825195974829682
17.74722222222215 0.0004516412719451626 -0.0028925616338595
17.74999999999993 0.0003856797425840441 -0.00295714675973555
17.75277777777771 0.0003177089335294735 -0.003012395923824621
17.75555555555548 0.0002494170574258295 -0.003064455495856916
17.75833333333326 0.0001804533834205425 -0.003109841193204707
17.76111111111103 0.000111513630677927 -0.003148769563207466
17.76388888888881 4.258755666838716e-05 -0.003184005483595537
17.76666666666659 -2.535121385675535e-05 -0.003209471235545287
17.76944444444436 -9.271432034350431e-05 -0.003231714693134235
17.77222222222214 -0.0001586042072494161 -0.003246354177202624
17.77499999999992 -0.0002228352276138684 -0.003255146128347536
17.77777777777769 -0.0002858385852778237 -0.003259610547481485
17.78055555555547 -0.0003455610239704438 -0.003255267936910773
17.78333333333325 -0.0004039834100469597 -0.00324789484168011
17.78611111111102 -0.0004588765407921154 -0.003232881153992527
17.7888888888888 -0.0005111903966687122 -0.003213206814019249
17.79166666666658 -0.0005610574746732332 -0.003189111238829405
17.79444444444435 -0.0006063592410795287 -0.00315798097253196
17.79722222222213 -0.0006498786886499417 -0.003124275976812417
17.7999999999999 -0.0006883077844219332 -0.003083791898941649
17.80277777777768 -0.0007239472636503963 -0.003040072613309402
17.80555555555546 -0.0007562001266856531 -0.002992425760277677
17.80833333333323 -0.0007836188936494245 -0.002939883670397564
17.81111111111101 -0.0008090571135311685 -0.00288539997093131
17.81388888888879 -0.0008286317607262359 -0.002825742019796279
17.81666666666656 -0.0008457573039335473 -0.002764214817965351
17.81944444444434 -0.0008590547431596395 -0.002699765859415789
17.82222222222212 -0.0008680659006075518 -0.002632528448172885
17.82499999999989 -0.0008751739741745399 -0.002564063133605517
17.82777777777767 -0.0008765495250118812 -0.002492500268546551
17.83055555555545 -0.0008761273498588536 -0.002420166490025893
17.83333333333322 -0.0008720328146609346 -0.002346257904326638
17.836111111111 -0.0008647016344920786 -0.002271340726766286
17.83888888888877 -0.0008555614801474951 -0.00219585984306981
17.84166666666655 -0.0008420659706406651 -0.00211958018508643
17.84444444444433 -0.0008272831994711388 -0.002043222670708959
17.8472222222221 -0.0008095410507587033 -0.001966756491138747
17.84999999999988 -0.0007897797931474604 -0.001890572909328635
17.85277777777766 -0.0007685562112123816 -0.001814593996805404
17.85555555555543 -0.0007447373252265486 -0.001739565094943613
17.85833333333321 -0.000720128300247635 -0.001664974821386738
17.86111111111099 -0.000693670718304152 -0.001591638373506375
17.86388888888876 -0.0006663039790859016 -0.001519353139125217
17.86666666666654 -0.0006380928022631995 -0.001448044286095968
17.86944444444432 -0.0006088864707336068 -0.001378739601399597
17.87222222222209 -0.0005793819984451733 -0.001310234876302253
17.87499999999987 -0.0005493064038683093 -0.00124406533956409
17.87777777777764 -0.0005191521390401843 -0.001179258316633209
17.88055555555542 -0.0004889043776442039 -0.001116070588958094
17.8833333333332 -0.0004588732356441101 -0.001055325849688277
17.88611111111097 -0.0004289637294962886 -0.0009955849792002151
17.88888888888875 -0.0003996855974470385 -0.0009388784091907013
17.89166666666653 -0.000370820493291541 -0.0008835114716178633
17.8944444444443 -0.000342586862893682 -0.0008301926831929111
17.89722222222208 -0.0003153079403295932 -0.0007792957136226611
17.89999999999986 -0.0002884559680180319 -0.0007294681842331479
