17.6 0.0002550615929611579 6.977253926456304e-05
17.60277777777778 0.0002863117024101764 -5.432865835929084e-05
17.60555555555555 0.0002837412224610468 -0.0001832099475736378
17.60833333333333 0.0002068794478225596 -0.0003225913256188105
17.61111111111111 6.433451808719462e-05 -0.0004130021644874779
17.61388888888888 -0.0001175096027596666 -0.000474113214466711
17.61666666666666 -0.0003227078776668659 -0.0003926296315564729
17.61944444444444 -0.000504281887942524 -0.0002647893399365791
17.62222222222221 -0.0006109187219715056 -2.669363924203506e-05
17.62499999999999 -0.0006057485193498394 0.0002364163236979343
17.62777777777777 -0.0005141978024302508 0.0005188519471890764
17.63055555555554 -0.0002494481334498793 0.0006997949035506535
17.63333333333332 5.359088861394218e-05 0.0008200896009361732
17.6361111111111 0.0004163588929178529 0.0007422788934662599
17.63888888888887 0.0007169003562022617 0.0005368834805194564
17.64166666666665 0.0009558680044209664 0.0002052416632002113
17.64444444444442 0.0009593435848855613 -0.0002180112035554099
17.6472222222222 0.0008692199247716452 -0.0006461327338325901
17.64999999999998 0.0005052158697854683 -0.0009664776416063309
17.65277777777775 7.109482009069434e-05 -0.001141562105006439
17.65555555555553 -0.0004518597129419867 -0.001132611423737976
17.65833333333331 -0.000887920222066053 -0.0008397401423458652
17.66111111111108 -0.001271251769419329 -0.000440052205011886
17.66388888888886 -0.001314017556410951 0.0001575298553361498
17.66666666666664 -0.00119000388798492 0.0007174985196718832
17.66944444444441 -0.0007934293502805385 0.001215997143300561
17.67222222222219 -0.0002097119278714029 0.001440924635106896
17.67499999999997 0.000456728313305083 0.001541699208003137
17.67777777777774 0.001047886613386907 0.001143846943699247
17.68055555555552 0.001505658069775213 0.0006402194030841787
17.68333333333329 0.001677495297682604 -9.015292874796864e-05
17.68611111111107 0.001495095832143042 -0.000791915591439117
17.68888888888885 0.001105482701905321 -0.001476942793072231
17.69166666666662 0.0003401209216667657 -0.001749452556265277
17.6944444444444 -0.0004455982362676948 -0.001838565952661549
17.69722222222218 -0.00122542551610833 -0.001467552922839213
17.69999999999995 -0.001750517199516959 -0.0008308462102626212
17.70277777777773 -0.002082984743640327 6.770848849424688e-06
17.70555555555551 -0.001822274601868924 0.0008771569526729715
17.70833333333328 -0.001377611147542243 0.001664447052756625
17.71111111111106 -0.00050059495390371 0.002090826709866142
17.71388888888884 0.000422395783098947 0.002151786493628185
17.71666666666661 0.001389929330283445 0.001858706261673822
17.71944444444439 0.001998061440587663 0.001066454191309173
17.72222222222216 0.00242656772712997 0.0001448189429973903
17.72499999999994 0.002199079074626554 -0.0009088647493044263
17.72777777777772 0.001669344729324594 -0.00177793059541918
17.73055555555549 0.0007647781271857522 -0.002418041238573322
17.73333333333327 -0.0003082866459566987 -0.002464864291777166
17.73611111111105 -0.001407862640378443 -0.002270234210456046
17.73888888888882 -0.002160703078624437 -0.001389151833215041
17.7416666666666 -0.002610121156624105 -0.0003938896318996767
17.74444444444438 -0.002574617654291728 0.0007838517403219582
17.74722222222215 -0.001987102548550734 0.001739858428588545
17.74999999999993 -0.001156502060974419 0.002591632132102954
17.75277777777771 4.255398882745012e-05 0.00267710910990229
17.75555555555548 0.001161533413863162 0.002495518338424898
17.75833333333326 0.002112961205544427 0.001755117330648409
17.76111111111103 0.002594867075718658 0.0007326081163985489
17.76388888888881 0.002808289416172291 -0.000451217116481514
17.76666666666659 0.002225452961053291 -0.001476538897537847
17.76944444444436 0.00146804744822519 -0.002315409961768459
17.77222222222214 0.0003391053935421441 -0.002652709430972751
17.77499999999992 -0.0007428069333831485 -0.002514532025155309
17.77777777777769 -0.001789914385329209 -0.002024472650641605
17.78055555555547 -0.002302573587112973 -0.001049842370950878
17.78333333333325 -0.002589198735341306 -1.36436317339695e-05
17.78611111111102 -0.002244004505206102 0.001023183699219638
17.7888888888888 -0.001608041326732659 0.001797423864155111
17.79166666666658 -0.0006962459609444079 0.00232256592980068
17.79444444444435 0.0002763101072763645 0.002245184638900462
17.79722222222213 0.001203986212503421 0.0019627439241435
17.7999999999999 0.001773909633779069 0.001195606810593186
17.80277777777768 0.002050151819058054 0.0003696358846125236
17.80555555555546 0.001969862698350087 -0.0005277597475152558
17.80833333333323 0.001480367156425449 -0.001179412722869191
17.81111111111101 0.000851920709222102 -0.00171210432148072
17.81388888888879 6.959540841738887e-05 -0.001728609477538605
17.81666666666656 -0.0006202251669996852 -0.001554983978580931
17.81944444444434 -0.00116545502299104 -0.001084172275584684
17.82222222222212 -0.001383686318846315 -0.0004855740452050739
17.82499999999989 -0.001457041711989099 0.000164356945703564
17.82777777777767 -0.001112325306466351 0.0006489605490395163
17.83055555555545 -0.0007094993964695446 0.001010289555381306
17.83333333333322 -0.0001879685094060383 0.00111979558815719
17.836111111111 0.0002584025485452609 0.001001712824511415
17.83888888888877 0.0006627664691253241 0.0007564297472357858
17.84166666666655 0.0007850084863130957 0.0003623778725331705
17.84444444444433 0.0008177276446008464 -1.611113034420301e-05
17.8472222222221 0.000641907683140948 -0.0003323622257201746
17.84999999999988 0.0003938257352470956 -0.0005147058507023698
17.85277777777766 9.34085911122406e-05 -0.000600068004692209
17.85555555555543 -0.0001453577751256551 -0.0004887121411459295
17.85833333333321 -0.0003392047912494394 -0.0003354285176394623
17.86111111111099 -0.0003881166460473419 -0.0001114238605722291
17.86388888888876 -0.0003506587231881693 7.857844579578522e-05
17.86666666666654 -0.0002329793797167803 0.0002369989077821185
17.86944444444432 -6.979092717374318e-05 0.0002711378892604631
17.87222222222209 9.258712862430196e-05 0.0002619604203612484
17.87499999999987 0.0001952962943881301 0.0001453323279376278
17.87777777777764 0.0002388692416249953 1.683314853217016e-05
17.88055555555542 0.0002121610676044328 -0.0001257743611725535
17.8833333333332 0.0001105693035705313 -0.0002092891002820902
17.88611111111097 -1.384760844840019e-05 -0.0002653389258414535
17.88888888888875 -0.0001430231370812183 -0.0002126456184062041
17.89166666666653 -0.0002394053512130542 -0.0001282489877299322
17.8944444444443 -0.0002856502311682156 4.618501596466716e-06
17.89722222222208 -0.0002518470977898944 0.0001325481161797385
17.89999999999986 -0.0001835625307081435 0.0002566358524296393
