17.6 0.0003777915392115952 -0.0003890639226115386
17.60277777777778 0.000321275554324297 -0.0004582374323539678
17.60555555555555 0.0002580505717847166 -0.000522928223375841
17.60833333333333 0.0001800884090089106 -0.0005777721435002909
17.61111111111111 9.107494655577848e-05 -0.0006193192040932092
17.61388888888888 -4.550669917803525e-06 -0.0006529105594045884
17.61666666666666 -0.0001109760698051389 -0.0006610535903935369
17.61944444444444 -0.0002189402807427353 -0.0006597245886062019
17.62222222222221 -0.0003293799391837553 -0.0006351470942644374
17.62499999999999 -0.0004362791389463862 -0.0005923416152619951
17.62777777777777 -0.0005404430310696116 -0.0005354534565215701
17.63055555555554 -0.0006303221112496829 -0.0004519100025065993
17.63333333333332 -0.0007133378984954277 -0.0003598492683352742
17.6361111111111 -0.0007756111977665913 -0.0002473932949562915
17.63888888888887 -0.000821269375293418 -0.0001264201017394076
17.64166666666665 -0.0008504867155694752 2.980969848676739e-06
17.64444444444442 -0.0008490154262460103 0.0001376311375263629
17.6472222222222 -0.0008356444031571556 0.0002727932061034182
17.64999999999998 -0.000788605793325213 0.000403362631678092
17.65277777777775 -0.0007257988921017632 0.0005264910237042907
17.65555555555553 -0.0006430146336567699 0.000640192130198752
17.65833333333331 -0.0005381997434102987 0.0007335215873959532
17.66111111111108 -0.0004248765194011377 0.0008178964708531313
17.66388888888886 -0.0002931240993016718 0.0008700412883888972
17.66666666666664 -0.0001581743788376879 0.0009075457670531691
17.66944444444441 -1.799944064820726e-05 0.0009211241363573212
17.67222222222219 0.0001198011639205677 0.0009078917917602449
17.67499999999997 0.00025647103531227 0.0008825659706963334
17.67777777777774 0.0003787751907090305 0.0008223057891722397
17.68055555555552 0.0004936303686001429 0.0007530179145118429
17.68333333333329 0.00059251757261114 0.0006643778578789696
17.68611111111107 0.0006727973418326836 0.0005634420632577153
17.68888888888885 0.0007421925391714103 0.0004553137756624874
17.69166666666662 0.0007811478844996155 0.0003380855050096394
17.6944444444444 0.0008101374892568626 0.000220301565713231
17.69722222222218 0.0008155091493233898 0.0001024788095835241
17.69999999999995 0.0008046313279396804 -1.064829991231267e-05
17.70277777777773 0.0007814660900267344 -0.0001202246889595512
17.70555555555551 0.0007376913938321361 -0.0002169741667783282
17.70833333333328 0.0006878135412259878 -0.0003084013333303627
17.71111111111106 0.0006241028851907272 -0.0003849317280639722
17.71388888888884 0.0005548449295953781 -0.0004511867693974869
17.71666666666661 0.0004802124277131887 -0.000507486451034946
17.71944444444439 0.0004012379311145598 -0.0005472809612247023
17.72222222222216 0.0003212187690559479 -0.0005809676557957546
17.72499999999994 0.0002405748795322472 -0.0005984188762801083
17.72777777777772 0.0001611250346722585 -0.0006083943680244512
17.73055555555549 8.315599323388063e-05 -0.0006090987788505746
17.73333333333327 9.032665302895604e-06 -0.0005986712065937539
17.73611111111105 -6.338123094191038e-05 -0.0005837907654686243
17.73888888888882 -0.0001294869181971754 -0.0005570292014278191
17.7416666666666 -0.0001924090449609429 -0.0005259425539551015
17.74444444444438 -0.000250243289660362 -0.0004879436726866666
17.74722222222215 -0.0003012375367879623 -0.0004431059831031675
17.74999999999993 -0.0003491467573073502 -0.000395219050690239
17.75277777777771 -0.000385645659876788 -0.0003392311644433061
17.75555555555548 -0.0004178216133161859 -0.0002812850851432769
17.75833333333326 -0.0004409522655860909 -0.0002192416997264161
17.76111111111103 -0.0004545317774980409 -0.000155188464054456
17.76388888888881 -0.0004626497257242532 -8.998594936913932e-05
17.76666666666659 -0.0004555558901187009 -2.530937675773055e-05
17.76944444444436 -0.0004434665097363473 3.805805590766095e-05
17.77222222222214 -0.0004195984812266243 9.781491232000221e-05
17.77499999999992 -0.0003874300914179056 0.0001521570163712552
17.77777777777769 -0.0003491189265801229 0.0002024918724974952
17.78055555555547 -0.0003007380180266853 0.000240804094342186
17.78333333333325 -0.0002497172360884219 0.0002742647836339757
17.78611111111102 -0.0001932535851214726 0.0002944431769019735
17.7888888888888 -0.0001361458623323645 0.0003053642241540382
17.79166666666658 -7.842715360232579e-05 0.0003075034739861992
17.79444444444435 -2.454428349285889e-05 0.0002952158049345493
17.79722222222213 2.712850854703893e-05 0.0002778316537509694
17.7999999999999 7.010470893686995e-05 0.0002476850463348611
17.80277777777768 0.0001066086171931756 0.0002128573099397367
17.80555555555546 0.00013525511243069 0.0001723466465345906
17.80833333333323 0.0001511272197619452 0.0001282711868220194
17.81111111111101 0.000161758939927232 8.32138177344591e-05
17.81388888888879 0.0001568161966752034 3.95430665545211e-05
17.81666666666656 0.0001460919173693859 -1.292785352068451e-06
17.81944444444434 0.0001263307326092792 -3.76975109165687e-05
17.82222222222212 9.894435716765395e-05 -6.579343368852872e-05
17.82499999999989 6.824817059943948e-05 -9.014878689835793e-05
17.82777777777767 3.206597119567653e-05 -0.0001001867829908102
17.83055555555545 -4.0483439926519e-06 -0.0001052533745723025
17.83333333333322 -4.002398661253772e-05 -0.000100164476723899
17.836111111111 -7.237340814994125e-05 -8.637207183862826e-05
17.83888888888877 -0.0001026961198218541 -6.771524110210419e-05
17.84166666666655 -0.0001234662741556394 -3.932269531575769e-05
17.84444444444433 -0.0001403793807877779 -8.965081912966208e-06
17.8472222222221 -0.000147965813707695 2.550464744980619e-05
17.84999999999988 -0.0001477057188641875 6.027681965078503e-05
17.85277777777766 -0.0001417628357308144 9.526803378612431e-05
17.85555555555543 -0.0001247063886672521 0.0001264023889530044
17.85833333333321 -0.0001043034067320595 0.0001553740211421071
17.86111111111099 -7.612744602318262e-05 0.000177779691896701
17.86388888888876 -4.481767418238014e-05 0.0001945565016673372
17.86666666666654 -1.059717606957527e-05 0.0002061051490319679
17.86944444444432 2.514833734563466e-05 0.0002077791854225897
17.87222222222209 6.088083927206231e-05 0.000205811488576364
17.87499999999987 9.469783753991694e-05 0.0001941181412227579
17.87777777777764 0.0001259282736858763 0.0001780575122147678
17.88055555555542 0.0001540846802327686 0.0001568065369323175
17.8833333333332 0.0001760207660454259 0.0001302773317222677
17.88611111111097 0.0001953251390225901 0.0001018619600635908
17.88888888888875 0.0002060631890906732 7.003117826173425e-05
17.89166666666653 0.0002130616725649707 3.796161812538232e-05
17.8944444444443 0.0002143427742240529 5.526992446467226e-06
17.89722222222208 0.000209521396735203 -2.539724996267737e-05
17.89999999999986 0.0002020368210405721 -5.56099126061652e-05
