17.6 -0.0004623456245336486 0.0005215175549520208
17.60277777777778 -0.0006166591293183032 0.000346346109329241
17.60555555555555 -0.0007365292454141582 0.00014814171399868
17.60833333333333 -0.0007807400077046705 -0.0001006575315327948
17.61111111111111 -0.0007355910810295472 -0.0003529991411084553
17.61388888888888 -0.0006369769471921797 -0.000607460198834157
17.61666666666666 -0.0004122657237487857 -0.0007914625843920965
17.61944444444444 -0.0001589025996343755 -0.0009346291573470007
17.62222222222221 0.0001551941533297249 -0.0009699023384024557
17.62499999999999 0.0004657642089241865 -0.0009052115790112841
17.62777777777777 0.0007736095886691806 -0.0007632901117353554
17.63055555555554 0.0009899149142015397 -0.0004824597471991407
17.63333333333332 0.001158618260511012 -0.0001657261571847872
17.6361111111111 0.00117894496188045 0.0002210837330436747
17.63888888888887 0.001091397182981176 0.0005965040777348521
17.64166666666665 0.0008971064743038692 0.0009606543476459546
17.64444444444442 0.0005539588973023173 0.001211362089623416
17.6472222222222 0.0001657081876887951 0.001407304018643259
17.64999999999998 -0.0003001213377434598 0.001405562421368443
17.65277777777775 -0.0007465377225802264 0.00129162717360174
17.65555555555553 -0.001168358973116202 0.001035550169431893
17.65833333333331 -0.001455029246318856 0.0006242458996864373
17.66111111111108 -0.001679262128024637 0.0001564201905332996
17.66388888888886 -0.001647326951164358 -0.0003933545096953943
17.66666666666664 -0.001503257360698356 -0.0009162788965135287
17.66944444444441 -0.001175931066510331 -0.001395322910025182
17.67222222222219 -0.0006912232203880877 -0.001718819788761656
17.67499999999997 -0.0001361800603484433 -0.001971512571884995
17.67777777777774 0.0005004313106586173 -0.001900471988959759
17.68055555555552 0.001104223571769727 -0.001722420898697994
17.68333333333329 0.001637663265808398 -0.001314977118667465
17.68611111111107 0.001997784870001774 -0.0007528048062357422
17.68888888888885 0.002256522633334785 -0.0001001227673264012
17.69166666666662 0.002158369963666395 0.0006190942984149021
17.6944444444444 0.001942643975386003 0.001305997696760505
17.69722222222218 0.001447894135734461 0.00188779280722606
17.69999999999995 0.0008063424654900676 0.002282695817727296
17.70277777777773 5.378323815697825e-05 0.002536276098311393
17.70555555555551 -0.000744916563048668 0.002410262199848501
17.70833333333328 -0.001513718355790173 0.002153728018453012
17.71111111111106 -0.00213374766792031 0.001567692484044308
17.71388888888884 -0.002559281905439565 0.0008481949987713559
17.71666666666661 -0.002796378008378977 -6.081828466605876e-07
17.71944444444439 -0.002640873517744675 -0.0008713696825454457
17.72222222222216 -0.002341509672932588 -0.001715938403103042
17.72499999999994 -0.001665199769203307 -0.002359487577894553
17.72777777777772 -0.0008737334134277054 -0.002808645315925547
17.73055555555549 6.054507776721233e-05 -0.003016727059536083
17.73333333333327 0.0009902799091730124 -0.002831385931790514
17.73611111111105 0.00189837828503803 -0.002488937383639994
17.73888888888882 0.002546397686791376 -0.001729995083134458
17.7416666666666 0.003009117461127095 -0.0008779419084158861
17.74444444444438 0.003175696278384543 0.0001229185995289812
17.74722222222215 0.002961871653446735 0.001092658572134889
17.74999999999993 0.002578516683497442 0.00204547938806445
17.75277777777771 0.001752193949320758 0.002675869696551671
17.75555555555548 0.0008565521037491345 0.003139391964531439
17.75833333333326 -0.0001841324477409516 0.003253760995554401
17.76111111111103 -0.001169803204479147 0.003014788282336247
17.76388888888881 -0.002124015796812786 0.002573766560656482
17.76666666666659 -0.002732470874478901 0.001724679753159801
17.76944444444436 -0.003182322733908026 0.0008074118737721432
17.77222222222214 -0.003237445742120581 -0.0002402715457451435
17.77499999999992 -0.002978702845388726 -0.001214484033456913
17.77777777777769 -0.002487679982289581 -0.002134323537993647
17.78055555555547 -0.001645146284592835 -0.002706940601718732
17.78333333333325 -0.000731633336340019 -0.003128454258818549
17.78611111111102 0.0002873731292285927 -0.00312251146669272
17.7888888888888 0.001221999979204028 -0.002851203941721993
17.79166666666658 0.002076581782874264 -0.002328163433861797
17.79444444444435 0.002598228177799334 -0.001517288577923289
17.79722222222213 0.00297832603269409 -0.000634068864732062
17.7999999999999 0.002915441606648383 0.0003218192136235865
17.80277777777768 0.002640108386927653 0.001190904272334499
17.80555555555546 0.002106860678365799 0.001954609789677981
17.80833333333323 0.001350687343619691 0.002414006729110424
17.81111111111101 0.000522840462455193 0.00274287041290902
17.81388888888879 -0.0003408281720841631 0.00263273598806755
17.81666666666656 -0.001123271089411418 0.002362522510019293
17.81944444444434 -0.001778753088381772 0.001842095376710022
17.82222222222212 -0.002169513876941935 0.001159316966824662
17.82499999999989 -0.002441747077490461 0.0004079523116153822
17.82777777777767 -0.002298156844457906 -0.0003429662701836563
17.83055555555545 -0.002041943061583641 -0.001024467674665209
17.83333333333322 -0.001555664059221935 -0.001564165005680849
17.836111111111 -0.0009590288025168062 -0.001885027435125869
17.83888888888877 -0.0003007149817338046 -0.002083582138748707
17.84166666666655 0.0003285639694175618 -0.001938648856563569
17.84444444444433 0.0009024913325498291 -0.001704147960269183
17.8472222222221 0.001328380029262632 -0.001269046263254364
17.84999999999988 0.001582629264084633 -0.0007646753425727111
17.85277777777766 0.001712569918918106 -0.0002101367114119248
17.85555555555543 0.001579989893451546 0.0002999109311810404
17.85833333333321 0.001372944736803425 0.0007670014184550499
17.86111111111099 0.001000004072991568 0.001088776867032035
17.86388888888876 0.0005876302359302023 0.001283036491163162
17.86666666666654 0.0001386303328636262 0.00135885768850801
17.86944444444432 -0.0002611376647979154 0.001243211529161403
17.87222222222209 -0.0006282135958877792 0.001066808120778162
17.87499999999987 -0.0008604738670464153 0.0007603574991688364
17.87777777777764 -0.00100316781558608 0.0004343053635024777
17.88055555555542 -0.001039415634539429 8.495758228104465e-05
17.8833333333332 -0.0009425054618826779 -0.0002177591974166216
17.88611111111097 -0.000797093168039187 -0.0004958243822576224
17.88888888888875 -0.0005553182395580132 -0.0006549970723992752
17.89166666666653 -0.0003059363191352489 -0.0007548235178913272
17.8944444444443 -4.492415325366177e-05 -0.0007639161493299511
17.89722222222208 0.000175941831482998 -0.0006848370280006693
17.89999999999986 0.0003781067033078861 -0.00056799849873416
