17.6 0.02483944909318662 -0.04670498817450559
17.60277777777778 0.02949690908188464 -0.04619302701321194
17.60555555555555 0.03420716487275197 -0.04546599040451885
17.60833333333333 0.03903339346501395 -0.04426651278496409
17.61111111111111 0.04390626871652396 -0.04259507200599848
17.61388888888888 0.04880705334561786 -0.04064124877491229
17.61666666666666 0.05367189605966679 -0.03792783326827005
17.61944444444444 0.05849202913324589 -0.03495157356726162
17.62222222222221 0.06318598905919388 -0.03134060906696993
17.62499999999999 0.06770302483259318 -0.02724179163270598
17.62777777777777 0.07208337154109368 -0.02276606601269029
17.63055555555554 0.0760517110218949 -0.0175395839012173
17.63333333333332 0.07984225465776645 -0.01205249482728631
17.6361111111111 0.08312057931616143 -0.005902545717400407
17.63888888888887 0.08599929402272702 0.0006236137352563687
17.64166666666665 0.08848259049023853 0.007522037268353009
17.64444444444442 0.09018980596936019 0.01494707402965918
17.6472222222222 0.09158087791192003 0.02255673978509308
17.64999999999998 0.09201717186075738 0.03061117521161929
17.65277777777775 0.09191582855017071 0.03881712918912807
17.65555555555553 0.09113333524555804 0.04721504690852331
17.65833333333331 0.08935910791144669 0.05572510209502569
17.66111111111108 0.08716915275378052 0.06426712046336309
17.66388888888886 0.08369243065188468 0.07274441558018072
17.66666666666664 0.07968277740006272 0.08110601811930504
17.66944444444441 0.07480217648190131 0.08927854899210108
17.67222222222219 0.06896165161952222 0.0970700218508674
17.67499999999997 0.06268778758741661 0.1046880363592722
17.67777777777774 0.05509759400371241 0.1115123878605066
17.68055555555552 0.04712129697920044 0.118006338135044
17.68333333333329 0.03831733070032886 0.123792025006469
17.68611111111107 0.02884567529839902 0.1287804853565154
17.68888888888885 0.01898344965733972 0.1333026015018381
17.69166666666662 0.008310372823600086 0.1364435578857595
17.6944444444444 -0.002570303961878605 0.1390840752532601
17.69722222222218 -0.01391245947102879 0.140513145916719
17.69999999999995 -0.02545339305785501 0.1409435086294165
17.70277777777773 -0.03714463722811531 0.1406186755151183
17.70555555555551 -0.04888167243799198 0.1386797468427784
17.70833333333328 -0.06057379313465488 0.1361642976006606
17.71111111111106 -0.0720553738459853 0.1321589311440177
17.71388888888884 -0.08324192167136478 0.1272318358978662
17.71666666666661 -0.0941426244861211 0.1214117162189314
17.71944444444439 -0.1043089751747562 0.1141805561968114
17.72222222222216 -0.1141557903542887 0.106432136775598
17.72499999999994 -0.1229702785648413 0.097327536411787
17.72777777777772 -0.1311332843409452 0.08761760798028617
17.73055555555549 -0.138488349302631 0.07715697741755559
17.73333333333327 -0.1445621424618423 0.06586327008849542
17.73611111111105 -0.1500951380167943 0.05424794069429479
17.73888888888882 -0.1538964435741793 0.04189304120076347
17.7416666666666 -0.1569329997984156 0.0293590348794143
17.74444444444438 -0.1587473538919738 0.01653878476929763
17.74722222222215 -0.159135562710468 0.003638865164895397
17.74999999999993 -0.158884446889188 -0.009293004568005241
17.75277777777771 -0.1566207845936122 -0.02198403887721743
17.75555555555548 -0.1537244863030845 -0.03448308952754511
17.75833333333326 -0.1495044659578058 -0.04658043523941668
17.76111111111103 -0.1441306291016554 -0.05809057783984805
17.76388888888881 -0.1380970131908991 -0.06926494407542651
17.76666666666659 -0.1305343604316285 -0.07928309213833168
17.76944444444436 -0.1225341856929337 -0.08885469714980121
17.77222222222214 -0.1135321924590949 -0.09734261801106735
17.77499999999992 -0.1039196498466327 -0.1048748634656421
17.77777777777769 -0.09385526335148635 -0.1116998506681184
17.78055555555547 -0.08313492364141704 -0.1169310677150727
17.78333333333325 -0.07225112565772519 -0.121587134055948
17.78611111111102 -0.06104672202522803 -0.1247538019851152
17.7888888888888 -0.04981047039397279 -0.1269646764951982
17.79166666666658 -0.03854400679129064 -0.1282688565631346
17.79444444444435 -0.02749535338709466 -0.1280880446093367
17.79722222222213 -0.01657081226040115 -0.1273620563447753
17.7999999999999 -0.006131514462063588 -0.1251947230386388
17.80277777777768 0.003934641664842788 -0.1223507007535269
17.80555555555546 0.01354780089876746 -0.1186851727818077
17.80833333333323 0.0223637840120315 -0.1140401457900831
17.81111111111101 0.0308408649811707 -0.1090134006831635
17.81388888888879 0.03820428675094155 -0.1030322606704091
17.81666666666656 0.04505446728078855 -0.09675068674849292
17.81944444444434 0.0511024193859949 -0.08999951568023028
17.82222222222212 0.05618891579427506 -0.08289638283754036
17.82499999999989 0.06084759245439613 -0.07564077861146798
17.82777777777767 0.06416197566233577 -0.06815075006775462
17.83055555555545 0.06704420157492995 -0.0606629212817771
17.83333333333322 0.06904362488410339 -0.05317958611855461
17.836111111111 0.07025932952486881 -0.04584059764464277
17.83888888888877 0.07103701058105336 -0.03858228512860071
17.84166666666655 0.07077003400757624 -0.03171518288816834
17.84444444444433 0.0702010878662236 -0.02501559197702648
17.8472222222221 0.06894093918048118 -0.01872416545471308
17.84999999999988 0.0672302253911083 -0.01281779824927641
17.85277777777766 0.06519319323876877 -0.007190307337001005
17.85555555555543 0.06261572066341627 -0.002215590712571497
17.85833333333321 0.05988345851939049 0.002524269757864326
17.86111111111099 0.05680391294013244 0.00665964072712465
17.86388888888876 0.05357928359409119 0.01040230491787607
17.86666666666654 0.05021989847820958 0.01378021772787121
17.86944444444432 0.04674481219198498 0.01655453550870811
17.87222222222209 0.04324346139567719 0.01910933190640312
17.87499999999987 0.03972558930185534 0.02108794887532364
17.87777777777764 0.03624315160201873 0.02278993010443166
17.88055555555542 0.03280282631657711 0.02416314039657091
17.8833333333332 0.0294786469284979 0.02512892857890531
17.88611111111097 0.02620587566713539 0.02593562596778515
17.88888888888875 0.02311825255047048 0.02632876346458504
17.89166666666653 0.02012267784826623 0.0265735934826244
17.8944444444443 0.01726783494418838 0.02659167784421925
17.89722222222208 0.01458805105477335 0.02639304930536556
17.89999999999986 0.0119856264107656 0.02609996203404844
