17.6 -0.003453586400366322 -0.00133018869006483
17.60277777777778 -0.003634529799319896 -0.001912477874561985
17.60555555555555 -0.003768489543496681 -0.002520594160973319
17.60833333333333 -0.003799243619034328 -0.003185443013949075
17.61111111111111 -0.003723697255128684 -0.003876672635429776
17.61388888888888 -0.00358454978560081 -0.004583686256044119
17.61666666666666 -0.003278210728297333 -0.005289993516477393
17.61944444444444 -0.002916810173434562 -0.005985482838328404
17.62222222222221 -0.002424025119251645 -0.006648883213973551
17.62499999999999 -0.001839044692588277 -0.007266338890352373
17.62777777777777 -0.001182835442325606 -0.007848298350475244
17.63055555555554 -0.0004002595527629787 -0.008329712490304227
17.63333333333332 0.0004227934857645962 -0.00877013922702302
17.6361111111111 0.001342956882425911 -0.009095816024266007
17.63888888888887 0.002309826648875505 -0.00933982395500965
17.64166666666665 0.003322912858158271 -0.009503019685684509
17.64444444444442 0.004388971714993022 -0.009521028730508273
17.6472222222222 0.005471751121115882 -0.009481857455777907
17.64999999999998 0.006586690382305553 -0.00927740556979448
17.65277777777775 0.007705503460922776 -0.008985377016135663
17.65555555555553 0.00882922440385071 -0.008582394756017188
17.65833333333331 0.0099377793027681 -0.008024221469708378
17.66111111111108 0.0110379708663985 -0.007401254015779543
17.66388888888886 0.01209045566378309 -0.006580571821165584
17.66666666666664 0.01311037416533784 -0.005677881195421865
17.66944444444441 0.01407707089639137 -0.004641167531763159
17.67222222222219 0.01495689253735387 -0.003454368634218442
17.67499999999997 0.01579722691755846 -0.002199792365054691
17.67777777777774 0.01646764638698062 -0.0007348247558042395
17.68055555555552 0.01706762640249673 0.0007928637565846075
17.68333333333329 0.01751660913560079 0.002455003707750356
17.68611111111107 0.01779175251104201 0.004224670470270666
17.68888888888885 0.01796520712572958 0.00605723592467204
17.69166666666662 0.01782741910861434 0.008010912004391597
17.6944444444444 0.01757370251315047 0.009989492407397804
17.69722222222218 0.01703784627537163 0.01201931753011141
17.69999999999995 0.01626342594074256 0.01404450609115994
17.70277777777773 0.01530860991558658 0.01606618861020848
17.70555555555551 0.01396398196833926 0.01799852832468552
17.70833333333328 0.0124810804205539 0.01987864806393327
17.71111111111106 0.01064231324518535 0.02159250251255773
17.71388888888884 0.008592877830251528 0.0231448807386964
17.71666666666661 0.006339334778359179 0.02454081141363052
17.71944444444439 0.003793059188908849 0.02558598992261104
17.72222222222216 0.001147161066224071 0.02648435439736364
17.72499999999994 -0.001730221533670857 0.02692731431623065
17.72777777777772 -0.004673960019046365 0.02710110112764387
17.73055555555549 -0.007699990252167879 0.02694107089633103
17.73333333333327 -0.01073105053755383 0.02628720642775672
17.73611111111105 -0.01375286620956886 0.02542913318775307
17.73888888888882 -0.01663508651163126 0.02395807380609223
17.7416666666666 -0.01939733488237473 0.022245041684445
17.74444444444438 -0.02196784728981135 0.02014529513813831
17.74722222222215 -0.02421398434168353 0.0176594087471311
17.74999999999993 -0.0263132859419159 0.01500161563379798
17.75277777777771 -0.02782143443556344 0.01191107465680302
17.75555555555548 -0.02910396386448478 0.008727768605148845
17.75833333333326 -0.0299144099242435 0.005350361717916407
17.76111111111103 -0.03024374478875474 0.001901811212161664
17.76388888888881 -0.03029796910789774 -0.001587420865513419
17.76666666666659 -0.02962444665494838 -0.005005254331482368
17.76944444444436 -0.02872137636692586 -0.008351102249124998
17.77222222222214 -0.02728142448169616 -0.01150484617384051
17.77499999999992 -0.02547370767507293 -0.01441204648017182
17.77777777777769 -0.0233938223333312 -0.01713678942976507
17.78055555555547 -0.02086044298249233 -0.01935703810672901
17.78333333333325 -0.01819937493538112 -0.02137952052050274
17.78611111111102 -0.01525805806699952 -0.02286785546325892
17.7888888888888 -0.01222892094467743 -0.02398640539989335
17.79166666666658 -0.009116474882823165 -0.02475416613548788
17.79444444444435 -0.006014681858539487 -0.02492448291924682
17.79722222222213 -0.002941150545520248 -0.02487488627590119
17.7999999999999 -2.899529640073987e-05 -0.0242418246134788
17.80277777777768 0.002729859289684172 -0.02334281217712906
17.80555555555546 0.0053026056778282 -0.02212093343154862
17.80833333333323 0.007524887507519807 -0.02054273825500611
17.81111111111101 0.009597667183751043 -0.01882998117740132
17.81388888888879 0.01117476386053795 -0.01682131431736771
17.81666666666656 0.01252853309359661 -0.01474812373452464
17.81944444444434 0.01353322744836272 -0.01257407850385737
17.82222222222212 0.01414113736448216 -0.01039104139405415
17.82499999999989 0.01457322274724911 -0.008206189647282114
17.82777777777767 0.01449613696443815 -0.006144813667500961
17.83055555555545 0.01427503725292859 -0.004162265723078148
17.83333333333322 0.01375974866030262 -0.002340746171757565
17.836111111111 0.01302886878668808 -0.0007268302375871812
17.83888888888877 0.01217749406012482 0.0007710551817802166
17.84166666666655 0.01111498895676498 0.001912846910074692
17.84444444444433 0.01001458379489498 0.0029339692587751
17.8472222222221 0.008837937082637259 0.003670821464833736
17.84999999999988 0.00766473160826801 0.004192930073398149
17.85277777777766 0.006494018424369768 0.004559512258306452
17.85555555555543 0.005413079564613277 0.004635842403769744
17.85833333333321 0.004378647823894705 0.004624064495128844
17.86111111111099 0.003482238846828379 0.0044065494958456
17.86388888888876 0.002700800459332632 0.004095923150598486
17.86666666666654 0.002026148314364866 0.003698813724684031
17.86944444444432 0.001553665039424928 0.003222795160087897
17.87222222222209 0.00115665315677876 0.002728933975362327
17.87499999999987 0.0009641767166806129 0.002224220799269738
17.87777777777764 0.0008685518378378022 0.00174707254690006
17.88055555555542 0.0008880313145001361 0.001302684146189452
17.8833333333332 0.001035765155193458 0.0009495856626505273
17.88611111111097 0.001230823568902467 0.0006368632621098492
17.88888888888875 0.00152545504946322 0.000469328804661286
17.89166666666653 0.001837461620381912 0.0003718857155108128
17.8944444444443 0.002176032773895627 0.0003816045405717394
17.89722222222208 0.002499827549503134 0.0005155007050315688
17.89999999999986 0.002815850281750265 0.0007037940904488505
