17.6 0.9693922402500493 -0.1914035259084781
17.60277777777778 0.9992326586318663 -0.116683724412872
17.60555555555555 1.029073077013683 -0.04196392291726581
17.60833333333333 1.0589134953955 0.03275587857834036
17.61111111111111 1.074925848827233 0.1187338817081974
17.61388888888888 1.082687916624739 0.2114289041423152
17.61666666666666 1.090449984422244 0.3041239265764331
17.61944444444444 1.090185007590395 0.400027473232308
17.62222222222221 1.066173874003082 0.5054226974160381
17.62499999999999 1.04216274041577 0.6108179215997683
17.62777777777777 1.018151606828457 0.7162131457834985
17.63055555555554 0.958001770378728 0.8237618573064511
17.63333333333332 0.8928750357114359 0.9316071397201999
17.6361111111111 0.8277483010441438 1.039452422133949
17.63888888888887 0.7385769207853929 1.140442289929726
17.64166666666665 0.6258625992863224 1.234719784988918
17.64444444444442 0.5131482777872518 1.32899728004811
17.6472222222222 0.3941411135139853 1.418683634042382
17.64999999999998 0.2336049215535974 1.478071181719355
17.65277777777775 0.07306872959320937 1.537458729396329
17.65555555555553 -0.08746746236717862 1.596846277073302
17.65833333333331 -0.2769545785138839 1.611425751725489
17.66111111111108 -0.4756892850759598 1.611692498259964
17.66388888888886 -0.6744239916380356 1.611959244794439
17.66666666666664 -0.8792902853534627 1.580909193926024
17.66944444444441 -1.093983319862776 1.499669519575755
17.67222222222219 -1.30867635437209 1.418429845225487
17.67499999999997 -1.523166499099752 1.336186782369525
17.67777777777774 -1.718615062079778 1.159773850039117
17.68055555555552 -1.914063625059804 0.9833609177087095
17.68333333333329 -2.109512188039829 0.8069479853783019
17.68611111111107 -2.264339000032803 0.5716642605356586
17.68888888888885 -2.396003194968907 0.3028122726402973
17.69166666666662 -2.527667389905011 0.03396028474493595
17.6944444444444 -2.630567596201838 -0.2525973152605216
17.69722222222218 -2.652937169611815 -0.5887253752865386
17.69999999999995 -2.675306743021792 -0.9248534353125556
17.70277777777773 -2.697676316431769 -1.260981495338573
17.70555555555551 -2.592357006792428 -1.613458358917417
17.70833333333328 -2.471174679634256 -1.96796626349981
17.71111111111106 -2.349992352476084 -2.322474168082203
17.71388888888884 -2.149663985337757 -2.652038541126193
17.71666666666661 -1.875042590507413 -2.958188849742147
17.71944444444439 -1.60042119567707 -3.264339158358101
17.72222222222216 -1.307396040583777 -3.553515481575802
17.72499999999994 -0.9032910467460697 -3.740241678626418
17.72777777777772 -0.4991860529083619 -3.926967875677033
17.73055555555549 -0.09508105907065412 -4.113694072727649
17.73333333333327 0.3631540018264315 -4.164955472352652
17.73611111111105 0.837699596142876 -4.175398465025871
17.73888888888882 1.312245190459321 -4.185841457699089
17.7416666666666 1.781203155719586 -4.117030680181731
17.74444444444438 2.241594528459829 -3.926713133322318
17.74722222222215 2.701985901200073 -3.736395586462905
17.74999999999993 3.160160602857522 -3.542249799873904
17.75277777777771 3.515424296925548 -3.170374439004061
17.75555555555548 3.870687990993574 -2.798499078134218
17.75833333333326 4.2259516850616 -2.426623717264374
17.76111111111103 4.465461708296698 -1.977509585484348
17.76388888888881 4.641928568219587 -1.486328740713824
17.76666666666659 4.818395428142475 -0.9951478959433009
17.76944444444436 4.936130412460411 -0.4963674505181299
17.77222222222214 4.898029036382772 0.02257741319407269
17.77499999999992 4.859927660305131 0.5415222769062752
17.77777777777769 4.821826284227492 1.060467140618478
17.78055555555547 4.601779325893243 1.516582412185906
17.78333333333325 4.361524962322677 1.965719646619619
17.78611111111102 4.12127059875211 2.414856881053332
17.7888888888888 3.804476260742879 2.786069142159025
17.79166666666658 3.418807301811391 3.087160488831369
17.79444444444435 3.033138342879903 3.388251835503714
17.79722222222213 2.638135312255003 3.660663291506276
17.7999999999999 2.191329377336698 3.773905021765175
17.80277777777768 1.744523442418392 3.887146752024073
17.80555555555546 1.297717507500086 4.000388482282971
17.80833333333323 0.871845164001724 3.971527126363246
17.81111111111101 0.451911874511151 3.902349807140433
17.81388888888879 0.03197858502057804 3.83317248791762
17.81666666666656 -0.3490632324637262 3.70779990053852
17.81944444444434 -0.6730417437125255 3.49997510370662
17.82222222222212 -0.9970202549613247 3.29215030687472
17.82499999999989 -1.316831054985046 3.08199905259235
17.82777777777767 -1.509037856884193 2.800617989881705
17.83055555555545 -1.70124465878334 2.519236927171059
17.83333333333322 -1.893451460682487 2.237855864460414
17.836111111111 -1.998930585590468 1.951521929410135
17.83888888888877 -2.059321612543211 1.66261308862092
17.84166666666655 -2.119712639495954 1.373704247831705
17.84444444444433 -2.150452432505766 1.096948121445696
17.8472222222221 -2.106534654326184 0.850790793829683
17.84999999999988 -2.062616876146602 0.6046334662136701
17.85277777777766 -2.018699097967019 0.3584761385976571
17.85555555555543 -1.916940747707097 0.1750873949697598
17.85833333333321 -1.809502512793758 -0.002137538306892506
17.86111111111099 -1.70206427788042 -0.1793624715835448
17.86388888888876 -1.581830045117176 -0.3180053866174746
17.86666666666654 -1.450558682570604 -0.4233695571843746
17.86944444444432 -1.319287320024032 -0.5287337277512747
17.87222222222209 -1.188829693866771 -0.6244660739189851
17.87499999999987 -1.062543926759141 -0.6708180380464577
17.87777777777764 -0.9362581596515108 -0.7171700021739303
17.88055555555542 -0.8099723925438806 -0.763521966301403
17.8833333333332 -0.6992896541471367 -0.7781644497330896
17.88611111111097 -0.5927661800812649 -0.7843542080911862
17.88888888888875 -0.4862427060153929 -0.7905439664492826
17.89166666666653 -0.3892855215522606 -0.7870339841315468
17.8944444444443 -0.3057660546928187 -0.7698988261769021
17.89722222222208 -0.2222465878333768 -0.7527636682222573
17.89999999999986 -0.1395758983532355 -0.735103349850539
