17.6 -0.0003028291280125065 6.205415096992604e-05
17.60277777777778 -0.0002762596356042552 0.0001488868326969201
17.60555555555555 -0.0002365518634586443 0.0002302521216083269
17.60833333333333 -0.0001679841622269712 0.0002996075757393998
17.61111111111111 -8.001542098206285e-05 0.0003453375517112706
17.61388888888888 1.956124588878966e-05 0.0003769320590091785
17.61666666666666 0.0001287840032828608 0.0003603797124370006
17.61944444444444 0.0002345872824843434 0.00032723011988199
17.62222222222221 0.0003283204248785519 0.0002540378580154226
17.62499999999999 0.0003983682742697901 0.0001570858553070021
17.62777777777777 0.0004501172057021674 4.177741730625295e-05
17.63055555555554 0.0004489018370925651 -8.965195375998795e-05
17.63333333333332 0.0004278151297898107 -0.000220867246649067
17.6361111111111 0.0003536217476689701 -0.0003415156865758126
17.63888888888887 0.0002520422385106232 -0.0004396262597690908
17.64166666666665 0.000123363869381178 -0.0005154353774180685
17.64444444444442 -2.83370777808916e-05 -0.000535195658598535
17.6472222222222 -0.0001842186787757883 -0.0005323132578845579
17.64999999999998 -0.0003331073809668993 -0.0004617627543526373
17.65277777777775 -0.0004617532115962183 -0.0003613657063493241
17.65555555555553 -0.0005647526949873357 -0.0002231551079790488
17.65833333333331 -0.000610669586272686 -5.511365837557262e-05
17.66111111111108 -0.0006320122252026048 0.0001225912755855118
17.66388888888886 -0.0005702687265312386 0.0002992967366249709
17.66666666666664 -0.0004777865268329093 0.0004589708623190497
17.66944444444441 -0.0003350693203622203 0.0005908113705265914
17.67222222222219 -0.0001564488599776008 0.0006667005006006949
17.67499999999997 3.815810600587953e-05 0.0007172159419756569
17.67777777777774 0.0002402417169009909 0.0006692118651362645
17.68055555555552 0.0004290435136053817 0.0005914269358970522
17.68333333333329 0.0005893737970158787 0.000449802389356361
17.68611111111107 0.0006969176227412012 0.0002675900878741631
17.68888888888885 0.0007735835762818421 6.163564561749505e-05
17.69166666666662 0.0007492452413194551 -0.0001605262395870866
17.6944444444444 0.0006920031063246259 -0.000374206835417507
17.69722222222218 0.0005568683533855453 -0.0005605167352131352
17.69999999999995 0.0003783780286958636 -0.0006988833536130648
17.70277777777773 0.0001671033982057593 -0.000800996564783265
17.70555555555551 -6.812813037818496e-05 -0.0008038316728595507
17.70833333333328 -0.0003005987261447137 -0.0007712291794616105
17.71111111111106 -0.0005084843464127194 -0.0006470789363587487
17.71388888888884 -0.0006744472385518895 -0.0004790195818533352
17.71666666666661 -0.0007997929546473962 -0.0002684185277171774
17.71944444444439 -0.0008304728378446043 -2.771563702933734e-05
17.72222222222216 -0.0008244490040703756 0.0002164202793834797
17.72499999999994 -0.0007144589979492316 0.0004401766170925449
17.72777777777772 -0.0005622381729742414 0.0006286672554904352
17.73055555555549 -0.0003576444820950628 0.0007734228730867244
17.73333333333327 -0.0001188356034767815 0.0008305099475173407
17.73611111111105 0.0001296483469014291 0.0008509098649798042
17.73888888888882 0.0003629931457223725 0.0007568900660166219
17.7416666666666 0.0005678738521225562 0.0006243082054715051
17.74444444444438 0.0007272639998566392 0.0004300974793807099
17.74722222222215 0.0008077566328984027 0.0001997036188708461
17.74999999999993 0.0008527630508917808 -4.626791261312441e-05
17.75277777777771 0.000775418638144817 -0.0002829828581218918
17.75555555555548 0.0006647438799990292 -0.0004977883411175962
17.75833333333326 0.0004843289969647493 -0.0006667506552646917
17.76111111111103 0.0002677523266371029 -0.0007667325134737027
17.76388888888881 3.049750722034536e-05 -0.0008272697463230528
17.76666666666659 -0.0002040034212997349 -0.0007727765016078023
17.76944444444436 -0.0004224680168722631 -0.0006850495220580099
17.77222222222214 -0.0005961464090928661 -0.0005210568223516227
17.77499999999992 -0.0007113232912909034 -0.0003225833338131149
17.77777777777769 -0.0007832054779950674 -9.859195262022308e-05
17.78055555555547 -0.0007519195600389196 0.0001280074286571696
17.78333333333325 -0.0006872885259371993 0.0003443317602514944
17.78611111111102 -0.0005417539161079139 0.0005183268491206457
17.7888888888888 -0.0003646781924346028 0.0006443406036828574
17.79166666666658 -0.000157681617612418 0.0007248378185051697
17.79444444444435 5.60406727489338e-05 0.000715213161035143
17.79722222222213 0.0002649701339538665 0.0006731470935912486
17.7999999999999 0.0004353848357778108 0.0005476055429261364
17.80277777777768 0.0005679225262730961 0.0003943262900574161
17.80555555555546 0.0006544772302487971 0.0002073732508530853
17.80833333333323 0.0006644403868463173 1.071193529388032e-05
17.81111111111101 0.0006437773775605265 -0.0001861358594062249
17.81388888888879 0.000539204479277907 -0.000349525447834743
17.81666666666656 0.0004112108747357504 -0.0004843314915816759
17.81944444444434 0.0002466092293250408 -0.000574459652421236
17.82222222222212 7.036534441459157e-05 -0.000601377736275225
17.82499999999989 -0.0001103572510844682 -0.0006002679456897932
17.82777777777767 -0.0002636936313964756 -0.0005169242139082043
17.83055555555545 -0.0003966078809138323 -0.000414690676486481
17.83333333333322 -0.0004878041947927189 -0.0002738694077529621
17.836111111111 -0.0005284697085950176 -0.0001204501201920183
17.83888888888877 -0.0005408933505707215 4.00102518649931e-05
17.84166666666655 -0.0004816054375675903 0.0001816271129734738
17.84444444444433 -0.0004044811156586217 0.0003087236022076106
17.8472222222221 -0.0002878441056395399 0.000398459897363334
17.84999999999988 -0.0001585475766507864 0.0004491885287202701
17.85277777777766 -2.008248695273097e-05 0.0004716661550805686
17.85555555555543 0.0001073464476861696 0.0004351287466198399
17.85833333333321 0.0002251714103341488 0.0003813225719423639
17.86111111111099 0.0003110134541180936 0.0002881795898842423
17.86388888888876 0.0003678850473863742 0.000183084639482353
17.86666666666654 0.0003978484933931209 6.688853882098138e-05
17.86944444444432 0.000380573537777963 -4.434601289366678e-05
17.87222222222209 0.0003472978421587254 -0.000150189304870239
17.87499999999987 0.0002759337458806302 -0.0002299943424315002
17.87777777777764 0.0001939186482613012 -0.0002891939751733326
17.88055555555542 9.92452452003591e-05 -0.0003239048768000299
17.8833333333332 5.161257667581513e-06 -0.0003218912380620228
17.88611111111097 -8.694678989056454e-05 -0.0003056630337791524
17.88888888888875 -0.0001590671953838902 -0.0002535529734498132
17.89166666666653 -0.0002172372092338677 -0.0001924751129504362
17.8944444444443 -0.0002540786243020084 -0.0001176864824115941
17.89722222222208 -0.0002632302974669399 -4.064934600226413e-05
17.89999999999986 -0.0002602672831755098 3.700724034853056e-05
