17.6 -0.0004063597141865564 0.0009711595436279136
17.60277777777778 -0.0007666943585291869 0.0006953532782906545
17.60555555555555 -0.001044482186275149 0.000356076880831356
17.60833333333333 -0.001140945265204425 -0.0001226198630311632
17.61111111111111 -0.001014038045096564 -0.0005855962539130403
17.61388888888888 -0.000753485112361998 -0.001039166927983427
17.61666666666666 -0.0002418750086700444 -0.001235549997852202
17.61944444444444 0.0002907866591767347 -0.00131268273278356
17.62222222222221 0.0008371414152236453 -0.001084783173977192
17.62499999999999 0.001229252654061573 -0.0006679935146693572
17.62777777777777 0.001502197561845907 -0.0001052700705489875
17.63055555555554 0.001380028526299721 0.0005193272580700218
17.63333333333332 0.00112622549365649 0.001103070727811186
17.6361111111111 0.0005471306531944006 0.001475379270374363
17.63888888888887 -9.70631115741561e-05 0.001604687019788849
17.64166666666665 -0.0008056729448008076 0.001493542935419617
17.64444444444442 -0.001321256759919611 0.00100419287196868
17.6472222222222 -0.001728518356356947 0.0004046137233001063
17.64999999999998 -0.001696570172635943 -0.0003624074186794079
17.65277777777775 -0.001436153461790986 -0.001040427246252247
17.65555555555553 -0.0008862826010377261 -0.001605688436446868
17.65833333333331 -0.0001445396141877968 -0.001786137171854806
17.66111111111108 0.0006492399436523149 -0.001803570782740702
17.66388888888886 0.001295191319691259 -0.001297895298906919
17.66666666666664 0.001750216270667064 -0.0006735301085974946
17.66944444444441 0.0018932179436372 0.000144804833504084
17.67222222222219 0.001628241249901333 0.0008870678292700802
17.67499999999997 0.001180143280851748 0.001592997587775375
17.67777777777774 0.0003711995782284485 0.001818782711656083
17.68055555555552 -0.0004186987217061955 0.001852879808896763
17.68333333333329 -0.001167770412560849 0.001476065556197401
17.68611111111107 -0.001631711602551222 0.0008458262845152322
17.68888888888885 -0.001928863363060438 6.734396551167678e-05
17.69166666666662 -0.001658911067955893 -0.0006995997737662769
17.6944444444444 -0.001245498411549679 -0.001359694601317423
17.69722222222218 -0.0005143535029919605 -0.001712212441882455
17.69999999999995 0.0002337555350118645 -0.001731344876104643
17.70277777777773 0.0009946923869492334 -0.001498380320952207
17.70555555555551 0.001427837512674116 -0.0008778470889357641
17.70833333333328 0.001708236978100218 -0.0001931350911597525
17.71111111111106 0.001538902867498138 0.0005429532514910583
17.71388888888884 0.001147100335268398 0.001112194613746878
17.71666666666661 0.0005397574637354225 0.001519784922325308
17.71944444444439 -0.0001403855974613007 0.001497686668933208
17.72222222222216 -0.0007980800677046611 0.001324941356817608
17.72499999999994 -0.001207008847581907 0.0007837664281865835
17.72777777777772 -0.001400408018228714 0.0001959838568232971
17.73055555555549 -0.001326516531744921 -0.0004495995313173022
17.73333333333327 -0.0009464647317531749 -0.0009061586184942062
17.73611111111105 -0.0004612573023010826 -0.001271135339090545
17.73888888888882 0.0001277874136359945 -0.001228687169581236
17.7416666666666 0.0006342043226017568 -0.001042088109990164
17.74444444444438 0.001008567658774226 -0.0006251109155511167
17.74722222222215 0.001107988257598584 -0.0001295064937033716
17.74999999999993 0.001084692079718117 0.0003982218367168489
17.75277777777771 0.0007237827349481016 0.0007437926249078419
17.75555555555548 0.0003278114912894853 0.0009765474355927229
17.75833333333326 -0.0001415229647229097 0.0009732470759351103
17.76111111111103 -0.0005112037734574987 0.0007759613412225059
17.76388888888881 -0.0008239003142695176 0.0004677502677274871
17.76666666666659 -0.0008481377005005144 6.417673181579768e-05
17.76944444444436 -0.0007870614368175059 -0.0003100395359883142
17.77222222222214 -0.000529170565902379 -0.0005870678445562382
17.77499999999992 -0.0002196890951509416 -0.0007149886958087617
17.77777777777769 0.0001279725748705279 -0.0007325609089176559
17.78055555555547 0.0003790488586959537 -0.0005487262961128116
17.78333333333325 0.0005746950834561182 -0.0003240051178176965
17.78611111111102 0.0005979620242777436 -3.797173152787574e-05
17.7888888888888 0.0005257103176823466 0.0002027979054605368
17.79166666666658 0.0003628467434959821 0.0004006289857453184
17.79444444444435 0.0001494198632959082 0.0004557633870280946
17.79722222222213 -6.489528633587424e-05 0.0004607566246720471
17.7999999999999 -0.0002186594657192759 0.0003411795933296102
17.80277777777768 -0.0003128575926689314 0.0002020431491205354
17.80555555555546 -0.0003347420684089055 3.916142547604024e-05
17.80833333333323 -0.000277708261277691 -8.096331558305951e-05
17.81111111111101 -0.0001945825907276785 -0.0001806356868276943
17.81388888888879 -9.020153314798214e-05 -0.0001934294670771642
17.81666666666656 -3.686859459023927e-06 -0.0001816538300251549
17.81944444444434 5.490152949720735e-05 -0.0001314746443046328
17.82222222222212 7.064190664746593e-05 -8.067401943126295e-05
17.82499999999989 6.78785140878479e-05 -3.024898939030731e-05
17.82777777777767 4.01960722538837e-05 -1.953124937871748e-05
17.83055555555545 1.981707473944234e-05 -1.981323117852157e-05
17.83333333333322 1.435741268145638e-05 -4.256523293770241e-05
17.836111111111 3.424611922500624e-05 -6.006125466318072e-05
17.83888888888877 6.83021331528208e-05 -7.461968754759611e-05
17.84166666666655 0.0001142989371179968 -4.625567944743046e-05
17.84444444444433 0.0001511969648053692 -4.440902457761127e-06
17.8472222222221 0.0001615646656378093 6.86366682865433e-05
17.84999999999988 0.0001337088726131522 0.0001407105879441151
17.85277777777766 7.817000373150483e-05 0.0002120576209054617
17.85555555555543 -2.079501519141869e-05 0.0002318255251879784
17.85833333333321 -0.0001229737991174411 0.0002282024161319493
17.86111111111099 -0.000217423026135399 0.0001581412698078389
17.86388888888876 -0.0002742376177936696 5.90211818877678e-05
17.86666666666654 -0.000296096649825933 -6.708924500910461e-05
17.86944444444432 -0.0002372012842332151 -0.0001827883688734314
17.87222222222209 -0.0001527712663011898 -0.0002847027096894033
17.87499999999987 -1.403033456042144e-05 -0.000317298499453207
17.87777777777764 0.0001194513753865013 -0.0003014866542615692
17.88055555555542 0.0002466827025084817 -0.0002281441967508924
17.8833333333332 0.0003093501371539176 -0.0001011723167535597
17.88611111111097 0.0003436130173783514 4.116369499768198e-05
17.88888888888875 0.0002768705731417101 0.0001759949199299254
17.89166666666653 0.000180899768666524 0.0002781981737056284
17.8944444444443 4.024204897658425e-05 0.0003305168849068577
17.89722222222208 -9.76679310245744e-05 0.000304773831966952
17.89999999999986 -0.0002327947163999216 0.0002452755248322346
