17.6 0.0006897443270152249 0.0006232468948561406
17.60277777777778 0.000854693115879474 0.0002778832608764793
17.60555555555555 0.0009372055810349955 -8.109675453713375e-05
17.60833333333333 0.0008386360092793652 -0.0004699869111905617
17.61111111111111 0.0005883216989735459 -0.0007698966689434661
17.61388888888888 0.0002472162950965928 -0.001016568154320276
17.61666666666666 -0.0001877763108138404 -0.001001553446622518
17.61944444444444 -0.0006017520559051417 -0.0008957004353534392
17.62222222222221 -0.0009347862626789918 -0.0005703335361433566
17.62499999999999 -0.001106057460595091 -0.0001527175342525738
17.62777777777777 -0.001152352875965657 0.0003361688024202603
17.63055555555554 -0.0008975101981666864 0.000769565633121275
17.63333333333332 -0.0005558915481374222 0.001140908463704995
17.6361111111111 -2.418658456871509e-05 0.001280599216512826
17.63888888888887 0.0005045898319291605 0.001223128935366961
17.64166666666665 0.001030468420381378 0.000970565742998164
17.64444444444442 0.001333095370539117 0.000461982552420037
17.6472222222222 0.001529057027983665 -0.0001131026005494588
17.64999999999998 0.0013435404200754 -0.0007463923509905263
17.65277777777775 0.0009810690072830821 -0.001271053685341238
17.65555555555553 0.0003944078416846209 -0.001658090173805584
17.65833333333331 -0.0003105268271289446 -0.001686744888749338
17.66111111111108 -0.001040809114277465 -0.001565467516313878
17.66388888888886 -0.001585942945990738 -0.0009833707027484082
17.66666666666664 -0.001941571642110352 -0.0003005039982617837
17.66944444444441 -0.001987499815699947 0.0005470468335220146
17.67222222222219 -0.001627083408620679 0.001307793853263973
17.67499999999997 -0.001084122855108192 0.002027341223629562
17.67777777777774 -0.0001522924917393628 0.002247930026008242
17.68055555555552 0.0007719622014626371 0.002254643418836459
17.68333333333329 0.001679977336516344 0.001802883558025324
17.68611111111107 0.002288503575490585 0.001017811040997037
17.68888888888885 0.002721841323715417 3.776454678708872e-05
17.69166666666662 0.002456510624893567 -0.001042881646343797
17.6944444444444 0.001977920987930998 -0.002023814240160621
17.69722222222218 0.001002088870435816 -0.002698482180986013
17.69999999999995 -0.0001230465620924095 -0.002929125813620184
17.70277777777773 -0.00136108110630153 -0.002824010324305737
17.70555555555551 -0.002325527141230493 -0.002012244298884823
17.70833333333328 -0.003101135244942123 -0.001021323126202114
17.71111111111106 -0.003248238901584139 0.0003196636666313707
17.71388888888884 -0.002932560045561489 0.001574263442690716
17.71666666666661 -0.002168510589012475 0.00274516645508957
17.71944444444439 -0.0009016728436683974 0.003311753601695648
17.72222222222216 0.0004752483662984993 0.003614627547253119
17.72499999999994 0.001853899945113535 0.003063046225027336
17.72777777777772 0.002945271296554311 0.002163077015535564
17.73055555555549 0.003680369925051504 0.0008310519615769361
17.73333333333327 0.003644836504904813 -0.000649141255290078
17.73611111111105 0.003298426889313009 -0.00213990984477648
17.73888888888882 0.002095808104536663 -0.003161748215107315
17.7416666666666 0.0007413275830871462 -0.003802237316920438
17.74444444444438 -0.0008558543440192851 -0.003833264117412223
17.74722222222215 -0.002222738746329677 -0.003149175968263391
17.74999999999993 -0.003480228458355408 -0.002149114022283543
17.75277777777771 -0.00383518856892525 -0.0005719118423752386
17.75555555555548 -0.003842141340841152 0.0009629213560856185
17.75833333333326 -0.003120926583455241 0.0024091020661853
17.76111111111103 -0.001926051648395569 0.003356700702402197
17.76388888888881 -0.0004603268327131654 0.004019198539444887
17.76666666666659 0.001076742727872108 0.003665732434610314
17.76944444444436 0.002456393600896724 0.003031519729482356
17.77222222222214 0.003381513808556324 0.001759736950593968
17.77499999999992 0.003727220429478228 0.0003324355255775385
17.77777777777769 0.003644125558043004 -0.001209959209425861
17.78055555555547 0.002734814474539951 -0.002376641907586323
17.78333333333325 0.001632952178934862 -0.003316255794704352
17.78611111111102 0.000180489941289151 -0.003539628557152471
17.7888888888888 -0.001157102216120009 -0.00327974959642429
17.79166666666658 -0.002385725153570311 -0.002561443487305036
17.79444444444435 -0.002999097206881975 -0.001376346326103956
17.79722222222213 -0.003358192132965494 -9.780802003128659e-05
17.7999999999999 -0.002943944694065537 0.001150443771743636
17.80277777777768 -0.002239665357956816 0.002140617502974434
17.80555555555546 -0.001183285041549547 0.002817482460288799
17.80833333333323 -2.992106071882724e-05 0.00287666102467224
17.81111111111101 0.00112295089847065 0.002693979649803297
17.81388888888879 0.001913483973781958 0.001895805804582661
17.81666666666656 0.002437050041244597 0.000999897081431757
17.81944444444434 0.00254332983964353 -4.877741939919816e-05
17.82222222222212 0.002197093431199656 -0.0009389458601210224
17.82499999999989 0.001654457348793656 -0.001753564996165623
17.82777777777767 0.0007875453916672892 -0.002034286709931871
17.83055555555545 -5.195276632317928e-05 -0.002124029589421679
17.83333333333322 -0.0008354505431851065 -0.001823644582807581
17.836111111111 -0.001363177430154666 -0.001290053254596366
17.83888888888877 -0.001747952915635115 -0.0006261219548486842
17.84166666666655 -0.001663147392389673 6.108572111054107e-05
17.84444444444433 -0.001460236194057657 0.000678006303202351
17.8472222222221 -0.0009949959657408647 0.001099042187409648
17.84999999999988 -0.0004750311714282737 0.001293363322240469
17.85277777777766 8.4567475230896e-05 0.001323488017354093
17.85555555555543 0.0005023766515410392 0.001065945794588166
17.85833333333321 0.0008432663256249349 0.0007474737888631041
17.86111111111099 0.0009527721726025201 0.00032706186822127
17.86388888888876 0.0009232414362993756 -5.230260466870736e-05
17.86666666666654 0.0007645716361892835 -0.0003935416515070645
17.86944444444432 0.0004956829826551142 -0.0005650610242042151
17.87222222222209 0.0002086343686163207 -0.0006721680469693145
17.87499999999987 -5.341071903887471e-05 -0.0006013058279008031
17.87777777777764 -0.0002530130464094618 -0.0004773102282556729
17.88055555555542 -0.0003784045548178912 -0.000290167649379536
17.8833333333332 -0.0003868608716570594 -0.0001072023782175403
17.88611111111097 -0.0003529515228310708 6.69616440971804e-05
17.88888888888875 -0.0002369449203142851 0.0001572516901191721
17.89166666666653 -0.0001214285104996343 0.0002050385366417849
17.8944444444443 -6.661550860785869e-06 0.0001878427136994251
17.89722222222208 6.055729133612079e-05 0.0001271122378539433
17.89999999999986 0.0001065373036152101 4.863190991439175e-05
