17.6 0.01115574899094628 0.02730106128537428
17.60277777777778 0.005139611424112331 0.03037008243002715
17.60555555555555 -0.001309151238315108 0.03270395404118528
17.60833333333333 -0.008708230824211273 0.03342297471078674
17.61111111111111 -0.01636996440894765 0.03229029274169125
17.61388888888888 -0.02418884771770985 0.03004971003651689
17.61666666666666 -0.03125075888171546 0.0248459036547926
17.61944444444444 -0.03773173265438541 0.01873605961929054
17.62222222222221 -0.04262988372920513 0.01050569222642251
17.62499999999999 -0.04568040192438134 0.001172043807329477
17.62777777777777 -0.04730346543371303 -0.00901398372237569
17.63055555555554 -0.04537130249142265 -0.01972568701840557
17.63333333333332 -0.04213325960589337 -0.03030931696814145
17.6361111111111 -0.03544987866147054 -0.04003149398443824
17.63888888888887 -0.02688008521602224 -0.04835743718253608
17.64166666666665 -0.01644366681323666 -0.0553017923716954
17.64444444444442 -0.003926532556880767 -0.05878336271186484
17.6472222222222 0.009160550427093562 -0.06081687765013288
17.64999999999998 0.02292095055540327 -0.05833576612757193
17.65277777777775 0.0360901665893 -0.05349486008482385
17.65555555555553 0.04851039241591634 -0.04566425421165467
17.65833333333331 0.05832609771053726 -0.03433221973883201
17.66111111111108 0.06694431389168709 -0.02165083235430763
17.66388888888886 0.07070626911019494 -0.006081146489160836
17.66666666666664 0.07209541180576778 0.009825823089390629
17.66944444444441 0.06960676366513641 0.02628400169958686
17.67222222222219 0.06272022389362018 0.04159631507546073
17.67499999999997 0.05385178889272927 0.05637792068234358
17.67777777777774 0.03960315280311107 0.06705461608640582
17.68055555555552 0.02424042729172098 0.07579152836886387
17.68333333333329 0.006489487992132718 0.08037023152860959
17.68611111111107 -0.01182131738191099 0.08040944639333564
17.68888888888885 -0.03045962101679047 0.07779325027758885
17.69166666666662 -0.04717484308068996 0.06841006920948298
17.6944444444444 -0.06254566390298745 0.0570951304098193
17.69722222222218 -0.07435342186597006 0.04135169753898784
17.69999999999995 -0.08223364708687521 0.02350565607173839
17.70277777777773 -0.08714397872182726 0.004069679091699668
17.70555555555551 -0.08503514433457482 -0.01598994055053354
17.70833333333328 -0.0804806092126167 -0.03564025785838083
17.71111111111106 -0.06970024584390258 -0.05325830327622517
17.71388888888884 -0.05576446622126227 -0.06810359181745212
17.71666666666661 -0.03877153590263463 -0.08026247231200467
17.71944444444439 -0.01882661198852239 -0.0862012286904279
17.72222222222216 0.001802755834832094 -0.08964790254296204
17.72499999999994 0.02268954098364059 -0.08574166614200411
17.72777777777772 0.0421754462542253 -0.0782715854211526
17.73055555555549 0.05992403986471635 -0.06638177650807375
17.73333333333327 0.07302938263848027 -0.04984948226028482
17.73611111111105 0.08407831164268023 -0.03161648406525258
17.73888888888882 0.08760773055993244 -0.01044169790924006
17.7416666666666 0.0877770695217137 0.01059544679982288
17.74444444444438 0.08257641768675135 0.03141261659365612
17.74722222222215 0.07189169260997234 0.04953826434707456
17.74999999999993 0.05877167257783184 0.06642706332622218
17.75277777777771 0.04008511421438328 0.07667729048111949
17.75555555555548 0.02061878626586857 0.08421171602863493
17.75833333333326 -0.0004791247819524204 0.08606362190811655
17.76111111111103 -0.02080465461208132 0.08243432653312643
17.76388888888881 -0.04068851893924445 0.07567075309251148
17.76666666666659 -0.056207894494381 0.06196068464973273
17.76944444444436 -0.06962527098915122 0.0466338544815527
17.77222222222214 -0.07777824388378059 0.02780126679174133
17.77499999999992 -0.08112684049711361 0.008174398282209241
17.77777777777769 -0.08091990481638311 -0.01204028661382583
17.78055555555547 -0.07354628539465495 -0.03033996966005817
17.78333333333325 -0.06399095367172063 -0.04735162649945591
17.78611111111102 -0.04935295539558451 -0.06019112131302146
17.7888888888888 -0.03289161196288383 -0.06931299037989791
17.79166666666658 -0.01470058836440414 -0.07490820762515601
17.79444444444435 0.003668205507208323 -0.07398474828766101
17.79722222222213 0.02165537082316423 -0.07070442207197328
17.7999999999999 0.03704321773527017 -0.06132214484596236
17.80277777777768 0.04992542804199851 -0.04966632413088724
17.80555555555546 0.05976577601042567 -0.03525040392691113
17.80833333333323 0.06430911936933716 -0.01917053565763582
17.81111111111101 0.06668257823187157 -0.002648156931595152
17.81388888888879 0.06263476762867289 0.01303825414299764
17.81666666666656 0.05635922834099694 0.02731344703136646
17.81944444444434 0.04660160863176319 0.03938281689871964
17.82222222222212 0.03438531455351495 0.04761160416610197
17.82499999999989 0.02111739499914623 0.05412046903619271
17.82777777777767 0.007050818681879753 0.05457658953822701
17.83055555555545 -0.006425485237667447 0.05318208784225947
17.83333333333322 -0.0186959920665571 0.04800717074675939
17.836111111111 -0.02851172708038609 0.04020020330281515
17.83888888888877 -0.03695548003853019 0.03092217210232564
17.84166666666655 -0.04069010041640122 0.01978291186032335
17.84444444444433 -0.04286702288692668 0.008647530490327109
17.8472222222221 -0.04138911983364791 -0.002232716851494898
17.84999999999988 -0.03754710941244253 -0.01176477643772555
17.85277777777766 -0.03199291213974056 -0.0203204212554101
17.85555555555543 -0.02422251015238678 -0.02564482128492595
17.85833333333321 -0.01606298672524062 -0.0297492025179214
17.86111111111099 -0.00742827465627942 -0.03063930360606801
17.86388888888876 0.0006035939735097116 -0.02965395053176523
17.86666666666654 0.008075533442786798 -0.02692665020130368
17.86944444444432 0.01350565137200257 -0.02210411842627034
17.87222222222209 0.01807849094485078 -0.01670325061256507
17.87499999999987 0.02002111121096179 -0.0103931881323236
17.87777777777764 0.02060657249251181 -0.004270175242787224
17.88055555555542 0.01957910251914825 0.001630536402385641
17.8833333333332 0.01681103618607697 0.00631157070032339
17.88611111111097 0.01342528544954882 0.01044167692457928
17.88888888888875 0.008961159555710274 0.0125044551250032
17.89166666666653 0.004499248162873215 0.01364159849088827
17.8944444444443 4.07224960121827e-05 0.01336354904290099
17.89722222222208 -0.00369859510653676 0.01173586552107744
17.89999999999986 -0.00710668416169551 0.009528801954048744
