17.6 0.07823571685725626 0.02017940334212357
17.60277777777778 0.08332792476901542 0.001240909593441669
17.60555555555555 0.08590985704990392 -0.0182927097644592
17.60833333333333 0.08297764454611468 -0.03913359942126535
17.61111111111111 0.07464899619766131 -0.0589713223061983
17.61388888888888 0.06309158145898826 -0.07820883585851923
17.61666666666666 0.04434267760218194 -0.09253311807779631
17.61944444444444 0.0238262399094999 -0.104452116001173
17.62222222222221 -0.0005515498217527094 -0.1101650505213393
17.62499999999999 -0.02574553204006018 -0.1101741607326611
17.62777777777777 -0.05157009287765611 -0.1057765780199724
17.63055555555554 -0.07488928868842927 -0.0924033293616647
17.63333333333332 -0.09653400465818796 -0.07615722220291696
17.6361111111111 -0.1125313603752916 -0.05302280589776548
17.63888888888887 -0.1234568326312296 -0.02731827390535167
17.64166666666665 -0.1293636230006917 0.0009294145189030073
17.64444444444442 -0.1258447291108619 0.02967811669472823
17.6472222222222 -0.1187808100599513 0.05800211735261639
17.64999999999998 -0.1021226351502874 0.08267013955242683
17.65277777777775 -0.08173746117464936 0.1036295114170727
17.65555555555553 -0.05663043180855188 0.1198902744904526
17.65833333333331 -0.02827949855977237 0.1277087635122303
17.66111111111108 0.001084488518014279 0.1319716044303605
17.66388888888886 0.02981179509934868 0.125047202717803
17.66666666666664 0.05642784945236978 0.1141051334539314
17.66944444444441 0.079593570302539 0.09659715379351101
17.67222222222219 0.09625987070334445 0.07408607701197986
17.67499999999997 0.109979277671417 0.04933934609053396
17.67777777777774 0.1123607594605293 0.02205196714955177
17.68055555555552 0.1111816909692836 -0.004436954233483056
17.68333333333329 0.1023700616557658 -0.0292142649397482
17.68611111111107 0.08799681406642057 -0.04960440350047064
17.68888888888885 0.07037025216518838 -0.06742822966398311
17.69166666666662 0.04825622933511244 -0.07592913458010879
17.6944444444444 0.02591135375311014 -0.08113046727923208
17.69722222222218 0.003672391766308691 -0.07838167030475733
17.69999999999995 -0.01580407832809147 -0.07036808879436701
17.70277777777773 -0.0331916270840153 -0.05837342021190046
17.70555555555551 -0.04318642724642485 -0.0412138084927724
17.70833333333328 -0.050248043521665 -0.02312034068157976
17.71111111111106 -0.04927814579399212 -0.004017989266796321
17.71388888888884 -0.0435823432384339 0.01327587228139794
17.71666666666661 -0.03330780936152863 0.02881756371655253
17.71944444444439 -0.01769846040172762 0.03817179955856516
17.72222222222216 -0.0006349932543513763 0.04486529890180938
17.72499999999994 0.01830260251835827 0.0430655706755057
17.72777777777772 0.03600253947775954 0.03687689660537759
17.73055555555549 0.05216758460167765 0.02524523851604599
17.73333333333327 0.06284050220086344 0.007858282545645065
17.73611111111105 0.07103417543002156 -0.01160521896913566
17.73888888888882 0.06972992706914748 -0.03430587636394276
17.7416666666666 0.06415777354685148 -0.05638845226143045
17.74444444444438 0.05176476702643154 -0.07748322667912341
17.74722222222215 0.03270918654606871 -0.09394461230421511
17.74999999999993 0.01070515429434543 -0.1082873214221192
17.75277777777771 -0.01710676706661012 -0.1121897838218582
17.75555555555548 -0.045161639141138 -0.1120526167390806
17.75833333333326 -0.07372485917616678 -0.1034629640536817
17.76111111111103 -0.09923301578007354 -0.08723196002684373
17.76388888888881 -0.1229942162229661 -0.06663145398953557
17.76666666666659 -0.1375612687091873 -0.03735418069916985
17.76944444444436 -0.1482485737994177 -0.006458426840342242
17.77222222222214 -0.1493914843168362 0.02768600173600322
17.77499999999992 -0.1425602189088347 0.061067105888963
17.77777777777769 -0.1298275755984087 0.09388330328206695
17.78055555555547 -0.1061614821796442 0.1205152942161927
17.78333333333325 -0.07939866177046667 0.1440666889445675
17.78611111111102 -0.04580644450433202 0.1584508107683056
17.7888888888888 -0.01055158334312196 0.1656541382437414
17.79166666666658 0.02628051192415496 0.1660455477923495
17.79444444444435 0.06095867275337725 0.1547784085727519
17.79722222222213 0.09407975813525159 0.139410537656378
17.7999999999999 0.1203571291092904 0.1138395342593073
17.80277777777768 0.1412832267772502 0.08481165091065915
17.80555555555546 0.1557128370069349 0.05158708839865426
17.80833333333323 0.1596881114637842 0.0165841520388128
17.81111111111101 0.1594225820761186 -0.01872175698748416
17.81388888888879 0.1469819713741221 -0.05110618129458865
17.81666666666656 0.1304044294632031 -0.08041867326065029
17.81944444444434 0.1073606031845805 -0.1049295412517504
17.82222222222212 0.0797770006146213 -0.121681120288116
17.82499999999989 0.05025066711923651 -0.1349610947902692
17.82777777777767 0.01918897277809097 -0.136213205689047
17.83055555555545 -0.01081722338805613 -0.1337297871514173
17.83333333333322 -0.03866726820183596 -0.1236155009942111
17.836111111111 -0.06198398839834149 -0.1078706008335414
17.83888888888877 -0.08276701483588503 -0.08897872736649574
17.84166666666655 -0.09454055563545077 -0.06527975558095803
17.84444444444433 -0.1031909731977231 -0.04111633816007269
17.8472222222221 -0.1044568425085701 -0.01631021537830659
17.84999999999988 -0.1004782202268576 0.006774303829436412
17.85277777777766 -0.09270131463983146 0.02861196469101339
17.85555555555543 -0.07894968961374738 0.04518791888229377
17.85833333333321 -0.06374735313929006 0.05958629261530916
17.86111111111099 -0.04571219488109154 0.06801300711469918
17.86388888888876 -0.02753274721757443 0.07243322958511295
17.86666666666654 -0.009219281597916355 0.07313216793329454
17.86944444444432 0.006929866187626609 0.06828659988197874
17.87222222222209 0.02196905932431979 0.06163994723360178
17.87499999999987 0.03302503748777828 0.05097986513096815
17.87777777777764 0.041500747422983 0.03929402020466691
17.88055555555542 0.04690990780964147 0.02638909561471291
17.8833333333332 0.04803137360526735 0.01362886462587587
17.88611111111097 0.04749068478572042 0.001094004502786032
17.88888888888875 0.04273221441286201 -0.009418439636432508
17.89166666666653 0.03677510039820202 -0.01853404683951385
17.8944444444443 0.0289853934376246 -0.02551404557107778
17.89722222222208 0.02032565443654663 -0.02961829130524957
17.89999999999986 0.0113174649733774 -0.03245716604692959
