17.6 0.0001792009707661432 -0.001058708223689245
17.60277777777778 0.000353326211930214 -0.0009992634665876967
17.60555555555555 0.0005195946171416533 -0.0009250655022363751
17.60833333333333 0.0006686044669739586 -0.0008184602118475579
17.61111111111111 0.0007939043841356012 -0.0006882933027567977
17.61388888888888 0.0009050183022554682 -0.0005440291330381314
17.61666666666666 0.0009717585030098922 -0.0003766771548491248
17.61944444444444 0.001022464307901629 -0.0002055078367400108
17.62222222222221 0.001034067465108356 -2.747457412853078e-05
17.62499999999999 0.001016278195368888 0.0001465383672405267
17.62777777777777 0.0009757807577704535 0.0003174452660297384
17.63055555555554 0.0008942503505091375 0.0004685495421866737
17.63333333333332 0.000799983689231701 0.0006101387592633856
17.6361111111111 0.0006759222308305181 0.0007229703862816687
17.63888888888887 0.0005402403916578065 0.0008134929482429372
17.64166666666665 0.0003930600638193834 0.0008819404563187763
17.64444444444442 0.000239867069386462 0.0009110937710266984
17.6472222222222 8.641496908475238e-05 0.0009253981506934608
17.64999999999998 -5.955283695635603e-05 0.0008992280465531954
17.65277777777775 -0.0001954686006812329 0.0008557009493777264
17.65555555555553 -0.0003186491076067849 0.0007901837175994141
17.65833333333331 -0.0004166262927776946 0.0007036534073266208
17.66111111111108 -0.0005037649882069882 0.0006093601426587306
17.66388888888886 -0.0005543816504249105 0.0005024131549543457
17.66666666666664 -0.0005901236297444674 0.000396071553677867
17.66944444444441 -0.0006015565208081271 0.0002907193107766523
17.67222222222219 -0.0005897007988112837 0.0001960523643892507
17.67499999999997 -0.0005673780076246103 0.0001062681360470601
17.67777777777774 -0.0005218224127763731 4.227666174038144e-05
17.68055555555552 -0.0004731017422268037 -1.168983277675874e-05
17.68333333333329 -0.0004175962685161103 -4.416631536854949e-05
17.68611111111107 -0.0003649150054082211 -5.688458294957152e-05
17.68888888888885 -0.0003138857874998055 -5.804512030102131e-05
17.69166666666662 -0.0002794659457501147 -3.530329859012418e-05
17.6944444444444 -0.0002530226957365674 -7.431056350015207e-06
17.69722222222218 -0.0002468221215962597 3.11786392886009e-05
17.69999999999995 -0.0002586475134546727 6.999584112185668e-05
17.70277777777773 -0.0002841036512077442 0.0001089699535035347
17.70555555555551 -0.0003359704917246975 0.0001350236914578148
17.70833333333328 -0.000395666568002139 0.0001538749791380208
17.71111111111106 -0.000473122734442946 0.0001501232743272275
17.71388888888884 -0.0005551616253862405 0.0001272804707630795
17.71666666666661 -0.0006416405262283447 8.594110093184747e-05
17.71944444444439 -0.0007220923847908691 1.06799717551303e-05
17.72222222222216 -0.0007979449144742512 -7.710654324190199e-05
17.72499999999994 -0.0008525015961028601 -0.0001980820166616133
17.72777777777772 -0.0008892115072311823 -0.0003317904609093108
17.73055555555549 -0.0009037886124229409 -0.0004812897941768014
17.73333333333327 -0.0008796409083349989 -0.0006406967791231529
17.73611111111105 -0.0008392003858656189 -0.000802803820243127
17.73888888888882 -0.0007470926943887569 -0.0009592193596163966
17.7416666666666 -0.0006346224308900714 -0.001105475083323237
17.74444444444438 -0.0004896092440668444 -0.001235493658703742
17.74722222222215 -0.0003148284789538705 -0.001334217709915819
17.74999999999993 -0.0001268763562431382 -0.001418763568948031
17.75277777777771 8.683987085587172e-05 -0.001445145964533413
17.75555555555548 0.000302196893127386 -0.00145016820574448
17.75833333333326 0.0005209871009503145 -0.001410496645679946
17.76111111111103 0.0007286360057953167 -0.001329192649457266
17.76388888888881 0.0009299140550696158 -0.001224082260181138
17.76666666666659 0.001094443172721588 -0.001065053820429416
17.76944444444436 0.00124240805444378 -0.000892346377152796
17.77222222222214 0.001349244838703185 -0.0006892427600675212
17.77499999999992 0.001418017562838319 -0.0004743468376500837
17.77777777777769 0.001458620554402359 -0.0002507238880442909
17.78055555555547 0.00143807690281809 -2.931237582906864e-05
17.78333333333325 0.001397078344448408 0.0001868348281172593
17.78611111111102 0.001305368722014885 0.0003830895641845767
17.7888888888888 0.001187683831393165 0.0005568765411447881
17.79166666666658 0.001045358018549913 0.0007093499247038011
17.79444444444435 0.0008763652676610514 0.0008148422546172231
17.79722222222213 0.0007002414607741872 0.0009017373293403054
17.7999999999999 0.0005147271601725878 0.0009346626502790192
17.80277777777768 0.0003340508646568223 0.0009401771468342414
17.80555555555546 0.0001592479449655966 0.0009124146892713045
17.80833333333323 7.246779957975001e-06 0.0008452826072669698
17.81111111111101 -0.0001343166287306769 0.0007631932849068108
17.81388888888879 -0.000235147584054578 0.0006473418577044936
17.81666666666656 -0.0003156448286466758 0.0005244138848818892
17.81944444444434 -0.0003643592010559132 0.0003904248249850994
17.82222222222212 -0.0003757538393061506 0.0002573873026048405
17.82499999999989 -0.0003706319652886462 0.000125058389653056
17.82777777777767 -0.000318910339317757 1.180586600859546e-05
17.83055555555545 -0.0002553474364825147 -9.033939943548559e-05
17.83333333333322 -0.0001675954012265864 -0.0001697949716549658
17.836111111111 -6.644101565056403e-05 -0.0002216376583949475
17.83888888888877 4.220399859829782e-05 -0.0002580473899612046
17.84166666666655 0.0001547124254219014 -0.0002502331573780942
17.84444444444433 0.0002641087556727795 -0.0002286286795157172
17.8472222222221 0.0003644597934656557 -0.0001750010504273251
17.84999999999988 0.0004495279720564521 -0.0001005829619239788
17.85277777777766 0.0005235276556482147 -1.110754069124915e-05
17.85555555555543 0.0005649354679688912 9.98852112271593e-05
17.85833333333321 0.0005938089824850915 0.0002155392297313943
17.86111111111099 0.0005893785692460033 0.000339219117180738
17.86388888888876 0.0005629832463800357 0.0004606206907407835
17.86666666666654 0.0005161866176211278 0.0005799061354678276
17.86944444444432 0.0004376509611514603 0.0006844258663904169
17.87222222222209 0.0003483217557237102 0.0007818168059013542
17.87499999999987 0.000233147096460912 0.000854668025442192
17.87777777777764 0.0001090329519321044 0.0009109735290985753
17.88055555555542 -2.570542701021961e-05 0.0009476150857977129
17.8833333333332 -0.0001662720646751352 0.0009535216892006521
17.88611111111097 -0.0003082093216640146 0.0009469466359980845
17.88888888888875 -0.0004460090546893835 0.0009038400340097051
17.89166666666653 -0.0005776530807574836 0.0008463945554037436
17.8944444444443 -0.0006998857148541799 0.0007670265276552645
17.89722222222208 -0.0008046012127996945 0.0006664849380828438
17.89999999999986 -0.0009014383686877229 0.000556767698724851
