17.6 0.1797796442640481 -0.1553311699369397
17.60277777777778 0.1977052156495027 -0.1427775845598444
17.60555555555555 0.2151906327978212 -0.1291762183104504
17.60833333333333 0.2317091942904063 -0.1132732659876313
17.61111111111111 0.2469599215926507 -0.09535595425936276
17.61388888888888 0.2614520851798848 -0.07623342187558166
17.61666666666666 0.273464493615699 -0.05431927829345172
17.61944444444444 0.2845019242283091 -0.03156589837091273
17.62222222222221 0.2931190580201565 -0.00685748955056174
17.62499999999999 0.2996068304784043 0.01905308301184896
17.62777777777777 0.3044494888845091 0.04589243005411554
17.63055555555554 0.3055705250985559 0.07408186402826965
17.63333333333332 0.305293128130996 0.1026216221695522
17.6361111111111 0.3012749640268084 0.1318483267182738
17.63888888888887 0.2948073884989983 0.1611112927996263
17.64166666666665 0.2859160946743496 0.1904101400478832
17.64444444444442 0.2729533484527429 0.2190835889955933
17.6472222222222 0.258432777412967 0.247404574254683
17.64999999999998 0.2395876080583784 0.2742923208605337
17.65277777777775 0.2186392300291845 0.300063612345943
17.65555555555553 0.1950262290576044 0.3244204308102046
17.65833333333331 0.1680893267990488 0.3462168933962285
17.66111111111108 0.1398082181737479 0.3668968830591278
17.66388888888886 0.1079011713529721 0.3836513077958124
17.66666666666664 0.07477672909032324 0.3985341991327887
17.66944444444441 0.03966274705455596 0.4103585196821907
17.67222222222219 0.002894739803085352 0.4183497123149123
17.67499999999997 -0.0346155825162827 0.4246067650935807
17.67777777777774 -0.07357094018499688 0.4249003628269338
17.68055555555552 -0.1126620969044282 0.423194801906685
17.68333333333329 -0.1520443587712642 0.4172037517177792
17.68611111111107 -0.1910128410263812 0.4071832863127596
17.68888888888885 -0.2297392794974755 0.3948057813661928
17.69166666666662 -0.2668057090599287 0.3764926776745795
17.6944444444444 -0.3030435656835806 0.3562890043195872
17.69722222222218 -0.3371674291560531 0.3316326317350212
17.69999999999995 -0.3690872706423221 0.3038492329671797
17.70277777777773 -0.3993404905648806 0.2737012619310229
17.70555555555551 -0.425357356112563 0.2393116075997829
17.70833333333328 -0.4497160293662678 0.2035836533971649
17.71111111111106 -0.4695657444146099 0.164669592097995
17.71388888888884 -0.4862462019576502 0.1242469767190496
17.71666666666661 -0.4998560985957572 0.08236278645305663
17.71944444444439 -0.5079742834813654 0.03893862320018185
17.72222222222216 -0.5139662828585221 -0.00491731529534422
17.72499999999994 -0.5139468543474047 -0.04939223734402425
17.72777777777772 -0.5108156331173775 -0.09365503786256332
17.73055555555549 -0.5038252988696008 -0.1376547742787483
17.73333333333327 -0.4916812556872855 -0.180401162736069
17.73611111111105 -0.4774418907098258 -0.2225503722615576
17.73888888888882 -0.4572666725994097 -0.2621277690225028
17.7416666666666 -0.4348544699714525 -0.3002431021852805
17.74444444444438 -0.408867177931681 -0.3360218040266427
17.74722222222215 -0.3793519150719683 -0.3685227659804868
17.74999999999993 -0.3482643083270537 -0.3995462872613855
17.75277777777771 -0.3130618519617377 -0.4251873473754119
17.75555555555548 -0.2768399638496285 -0.4488874335717417
17.75833333333326 -0.2384850256149975 -0.4685262428204215
17.76111111111103 -0.1988100474363678 -0.4841123980208176
17.76388888888881 -0.1583802397869449 -0.4973811515967544
17.76666666666659 -0.1170349434422961 -0.5044469852563789
17.76944444444436 -0.07567697148539171 -0.5094773515508223
17.77222222222214 -0.03442185589752674 -0.5097091541633031
17.77499999999992 0.006143679468258945 -0.5063359248948018
17.77777777777769 0.04619888329350827 -0.5002947515429322
17.78055555555547 0.08431669872508235 -0.48904605013205
17.78333333333325 0.1215761844810438 -0.4760743727898231
17.78611111111102 0.1563898486077494 -0.4588599721968209
17.7888888888888 0.1892520515092982 -0.4392778379088757
17.79166666666658 0.2202630394813599 -0.4174496000813758
17.79444444444435 0.2476421616437065 -0.3924647935407906
17.79722222222213 0.2735857376255041 -0.3664040700671897
17.7999999999999 0.2953702919279836 -0.3377939654625171
17.80277777777768 0.3148532716010353 -0.3082519950450214
17.80555555555546 0.3315421217626408 -0.2775787322787895
17.80833333333323 0.3442580705765303 -0.2460174507927707
17.81111111111101 0.3553527100762562 -0.21416053512309
17.81388888888879 0.3617047735673647 -0.1820401220787536
17.81666666666656 0.3661301210964125 -0.1501295512558258
17.81944444444434 0.3675438900718679 -0.1185469770582833
17.82222222222212 0.3657179301219943 -0.08786814045457171
17.82499999999989 0.3624572090458524 -0.05760180199215354
17.82777777777767 0.3550913360864675 -0.02924375735487914
17.83055555555545 0.3465262780453054 -0.001702158720235726
17.83333333333322 0.3355115478047422 0.02417161973773119
17.836111111111 0.3225302798494735 0.04817693803022927
17.83888888888877 0.3084499058836785 0.07113796625753367
17.84166666666655 0.2920356881074691 0.09102551026107884
17.84444444444433 0.2750256693021222 0.1098552572111252
17.8472222222221 0.2566876931419739 0.1261867569881268
17.84999999999988 0.2376615656980956 0.1404984802976456
17.85277777777766 0.2181370499001906 0.153347395801773
17.85555555555543 0.1980871474400085 0.1631156877416635
17.85833333333321 0.1779671243338933 0.171830473134867
17.86111111111099 0.1578199314791307 0.1779043842042035
17.86388888888876 0.1379128613745247 0.182361629660034
17.86666666666654 0.1182288205361898 0.1853172941729878
17.86944444444432 0.09928788134882181 0.1859061400489178
17.87222222222209 0.08067817854672288 0.1856504122263515
17.87499999999987 0.06313997433173621 0.1832316644712961
17.87777777777764 0.04630285094979009 0.1798194236015248
17.88055555555542 0.03029893517336101 0.1752264543760516
17.8833333333332 0.01563540437403146 0.169245330160257
17.88611111111097 0.001527709685745117 0.1627310339361986
17.88888888888875 -0.0108591096707994 0.1549062596820123
17.89166666666653 -0.02247756329453188 0.1466615865336466
17.8944444444443 -0.03292127108661785 0.1377749346314327
17.89722222222208 -0.04198380873255332 0.12838270235357
17.89999999999986 -0.05043725381936285 0.1187739386408444
