17.6 0.001431002714591644 0.002645841370638954
17.60277777777778 0.002039112384875899 0.002034556019973026
17.60555555555555 0.002528142850072784 0.001364682415561806
17.60833333333333 0.002755600454655814 0.0005661121414064258
17.61111111111111 0.002731929417946535 -0.0002160579909836598
17.61388888888888 0.002558004446980283 -0.000988415679002897
17.61666666666666 0.002089340115722521 -0.001566594751587248
17.61944444444444 0.001561326922761634 -0.00205486221002895
17.62222222222221 0.0009140613189981226 -0.002313195270791178
17.62499999999999 0.0002703248082597911 -0.002395409821344246
17.62777777777777 -0.000370685175779932 -0.002341557734725037
17.63055555555554 -0.0008956207991336392 -0.002075722980532064
17.63333333333332 -0.001367568285242355 -0.001754109562927212
17.6361111111111 -0.001682839112766347 -0.001321337025787966
17.63888888888887 -0.00190037736326215 -0.0008676314918381579
17.64166666666665 -0.002021208203620172 -0.0003932125379670896
17.64444444444442 -0.002008717596066942 6.538962891530201e-05
17.6472222222222 -0.001948934782122578 0.0005143917671671355
17.64999999999998 -0.001772812911127187 0.0009224854641454388
17.65277777777775 -0.001542367453960745 0.001302549920245055
17.65555555555553 -0.001243097692400811 0.001647103226545409
17.65833333333331 -0.0008485006025457587 0.001918606834342409
17.66111111111108 -0.0004150694463269745 0.002155594187222414
17.66388888888886 0.0001263072317963995 0.002243381824290061
17.66666666666664 0.0006898031696276583 0.002240864807316658
17.66944444444441 0.001289447712445527 0.002090766573318228
17.67222222222219 0.001846792240929609 0.001739377985456936
17.67499999999997 0.002384167718547452 0.001297160266001778
17.67777777777774 0.002698732874795575 0.0005863722321376708
17.68055555555552 0.002893279351810305 -0.0001707088561871914
17.68333333333329 0.002830548218082931 -0.001027025884464834
17.68611111111107 0.002483432385208196 -0.001837722074206033
17.68888888888885 0.001969963385695086 -0.002621731979565587
17.69166666666662 0.001090762051422764 -0.003098416068192774
17.6944444444444 0.0001448432441375696 -0.003422277747633407
17.69722222222218 -0.0009312302508941979 -0.003356432521450793
17.69999999999995 -0.001928207571829539 -0.00296089335097218
17.70277777777773 -0.002865374514201835 -0.002316048574456952
17.70555555555551 -0.003401136812318296 -0.001281632453088522
17.70833333333328 -0.003755544401482155 -0.0001694400656237918
17.71111111111106 -0.003582712366247556 0.001049130802635379
17.71388888888884 -0.003080453492354895 0.002136776940377266
17.71666666666661 -0.002259026747083212 0.003097575588338735
17.71944444444439 -0.001097853373817937 0.003571593515117471
17.72222222222216 0.0001395728472096498 0.00383987485894526
17.72499999999994 0.001390277284638875 0.003463259215157252
17.72777777777772 0.002456404630406523 0.002800957209773748
17.73055555555549 0.003293627315243196 0.001784359126014919
17.73333333333327 0.003587532228121833 0.0005395093856203632
17.73611111111105 0.003653568721084815 -0.000766071820891815
17.73888888888882 0.003004020257155752 -0.001921573570503814
17.7416666666666 0.002144038458194157 -0.002853446235182262
17.74444444444438 0.0009477476762832621 -0.003427920818894792
17.74722222222215 -0.0003281304985970685 -0.003445258444873179
17.74999999999993 -0.001634562596374725 -0.003213572210025051
17.75277777777771 -0.002572486328605511 -0.002264565355213821
17.75555555555548 -0.003273822439121425 -0.001193198711771855
17.75833333333326 -0.003480124667208726 0.0001341924894215573
17.76111111111103 -0.003161870069329054 0.00138601848818884
17.76388888888881 -0.002543661706303325 0.002594634550759107
17.76666666666659 -0.001347410627834503 0.00324965395060438
17.76944444444436 -7.850028553873465e-05 0.003655011154137168
17.77222222222214 0.001307717548184356 0.00344042579274561
17.77499999999992 0.002485644039524317 0.002773107958610471
17.77777777777769 0.003509422197957843 0.001770740404561076
17.78055555555547 0.003856844462404632 0.0003774718323702642
17.78333333333325 0.003940243896753806 -0.001049585946832874
17.78611111111102 0.003311981664367143 -0.002413778994239231
17.7888888888888 0.002326893766624949 -0.003479645001376163
17.79166666666658 0.001003310289050118 -0.004262508987413693
17.79444444444435 -0.0005229300922201918 -0.004314467743463225
17.79722222222213 -0.002050193627681273 -0.004090460854461886
17.7999999999999 -0.003319033947653067 -0.003109689210589036
17.80277777777768 -0.004250177469245884 -0.001873972661946018
17.80555555555546 -0.004771354449581575 -0.000328751014879006
17.80833333333323 -0.00457322912181168 0.001256803012631035
17.81111111111101 -0.004090499178738835 0.002817822826539492
17.81388888888879 -0.002855749296115647 0.00393786124032587
17.81666666666656 -0.001458102970527886 0.004727595276107166
17.81944444444434 0.0001941607681859468 0.00500104273901246
17.82222222222212 0.001767223213426448 0.004618821862994495
17.82499999999989 0.003297390500623073 0.003948266348271031
17.82777777777767 0.004240639735084949 0.002573680980391739
17.83055555555545 0.004895606569451729 0.001108467431979269
17.83333333333322 0.004961675666662653 -0.0005418796189326082
17.836111111111 0.004467777406901987 -0.002041177224173392
17.83888888888877 0.003660911090061305 -0.003456052673468583
17.84166666666655 0.002282913220690552 -0.004248245207273162
17.84444444444433 0.0008362838179006775 -0.004783663617661259
17.8472222222221 -0.0007236064461957064 -0.004696438655795447
17.84999999999988 -0.002103119677796394 -0.004157367080871487
17.85277777777766 -0.003351996210091009 -0.003291049019486157
17.85555555555543 -0.004016808132931366 -0.00199568014228381
17.85833333333321 -0.00445107878260094 -0.0006362086038993194
17.86111111111099 -0.004265655382029711 0.0007718733314421826
17.86388888888876 -0.003733756223098806 0.002001729079467899
17.86666666666654 -0.002880045681792164 0.003066045928070502
17.86944444444432 -0.001716919133989022 0.003618823721307239
17.87222222222209 -0.000491612808982354 0.003968946538283898
17.87499999999987 0.000730015815823512 0.003732097186939592
17.87777777777764 0.001794622943970857 0.003242176226169357
17.88055555555542 0.00267261606260644 0.002451489391085285
17.8833333333332 0.00312633173673967 0.001446702954706391
17.88611111111097 0.003405160929482791 0.0003817357467531899
17.88888888888875 0.003150986850649577 -0.000640432080610432
17.89166666666653 0.002721203243403905 -0.001535308312084418
17.8944444444443 0.002022932179351758 -0.002235569836929414
17.89722222222208 0.001183915690668201 -0.002599732049414752
17.89999999999986 0.0002884471457160618 -0.002815422847837769
