17.6 29.72724055715915 -4.545958440557143
17.60277777777778 29.68571228295676 -4.603632390427393
17.60555555555555 29.64418400875438 -4.661306340297642
17.60833333333333 29.60265573455199 -4.718980290167892
17.61111111111111 29.56112746034961 -4.776654240038141
17.61388888888888 29.51959918614722 -4.83432818990839
17.61666666666666 29.47807091194484 -4.892002139778639
17.61944444444444 29.41999492781244 -4.978096448707885
17.62222222222221 29.31364213856243 -5.147105199663604
17.62499999999999 29.20728934931243 -5.316113950619322
17.62777777777777 29.10093656006242 -5.485122701575042
17.63055555555554 28.99458377081242 -5.654131452530761
17.63333333333332 28.88823098156242 -5.82314020348648
17.6361111111111 28.78187819231241 -5.992148954442198
17.63888888888887 28.67248603796647 -6.23248711841564
17.64166666666665 28.56017999690005 -6.541209903127693
17.64444444444442 28.44787395583363 -6.849932687839746
17.6472222222222 28.3355679147672 -7.158655472551799
17.64999999999998 28.22326187370078 -7.467378257263851
17.65277777777775 28.11095583263436 -7.776101041975904
17.65555555555553 27.99864979156794 -8.084823826687957
17.65833333333331 27.94550151333158 -8.490974162209296
17.66111111111108 27.91044429406545 -8.926918855777599
17.66388888888886 27.87538707479932 -9.362863549345901
17.66666666666664 27.84032985553319 -9.798808242914204
17.66944444444441 27.80527263626706 -10.2347529364825
17.67222222222219 27.77021541700093 -10.67069763005081
17.67499999999997 27.73848336665097 -11.1078730185297
17.67777777777774 27.86118693937498 -11.60220734844055
17.68055555555552 27.98389051209898 -12.0965416783514
17.68333333333329 28.10659408482299 -12.59087600826225
17.68611111111107 28.229297657547 -13.0852103381731
17.68888888888885 28.35200123027101 -13.57954466808395
17.69166666666662 28.47470480299502 -14.0738789979948
17.6944444444444 28.6521545351454 -14.55126792630062
17.69722222222218 28.9729649729217 -14.98428287921411
17.69999999999995 29.293775410698 -15.41729783212759
17.70277777777773 29.6145858484743 -15.85031278504107
17.70555555555551 29.9353962862506 -16.28332773795455
17.70833333333328 30.2562067240269 -16.71634269086803
17.71111111111106 30.5770171618032 -17.14935764378151
17.71388888888884 30.98673385858106 -17.4763123425424
17.71666666666661 31.47478206109212 -17.70982188345368
17.71944444444439 31.96283026360318 -17.94333142436496
17.72222222222216 32.45087846611425 -18.17684096527625
17.72499999999994 32.93892666862531 -18.41035050618753
17.72777777777772 33.42697487113638 -18.6438600470988
17.73055555555549 33.91502307364744 -18.87736958801009
17.73333333333327 34.4502497188201 -18.87055564359581
17.73611111111105 34.99825385888168 -18.79865408856539
17.73888888888882 35.54625799894326 -18.72675253353496
17.7416666666666 36.09426213900484 -18.65485097850454
17.74444444444438 36.64226627906642 -18.58294942347412
17.74722222222215 37.190270419128 -18.5110478684437
17.74999999999993 37.7343221420843 -18.42513535495659
17.75277777777771 38.18856616521259 -18.02086272970475
17.75555555555548 38.6428101883409 -17.61659010445291
17.75833333333326 39.09705421146919 -17.21231747920107
17.76111111111103 39.5512982345975 -16.80804485394923
17.76388888888881 40.0055422577258 -16.40377222869739
17.76666666666659 40.4597862808541 -15.99949960344555
17.76944444444436 40.8430927630947 -15.51710117389416
17.77222222222214 41.05883025109344 -14.8501536003072
17.77499999999992 41.27456773909218 -14.18320602672024
17.77777777777769 41.49030522709092 -13.51625845313328
17.78055555555547 41.70604271508967 -12.84931087954633
17.78333333333325 41.9217802030884 -12.18236330595937
17.78611111111102 42.13751769108715 -11.51541573237241
17.7888888888888 42.17681549993527 -10.78266465101673
17.79166666666658 42.07331678877767 -9.996657340910376
17.79444444444435 41.96981807762008 -9.210650030804018
17.79722222222213 41.86631936646248 -8.424642720697662
17.7999999999999 41.76282065530489 -7.638635410591305
17.80277777777768 41.65932194414729 -6.852628100484948
17.80555555555546 41.5558232329897 -6.06662079037859
17.80833333333323 41.20326350009704 -5.317478166292767
17.81111111111101 40.79150665478097 -4.5770975835236
17.81388888888879 40.37974980946489 -3.836717000754434
17.81666666666656 39.96799296414881 -3.096336417985268
17.81944444444434 39.55623611883274 -2.355955835216102
17.82222222222212 39.14447927351666 -1.615575252446936
17.82499999999989 38.71899944621946 -0.8862376337116029
17.82777777777767 38.09021618205668 -0.3204994822312209
17.83055555555545 37.46143291789389 0.2452386692491609
17.83333333333322 36.83264965373111 0.810976820729543
17.836111111111 36.20386638956833 1.376714972209925
17.83888888888877 35.57508312540554 1.942453123690307
17.84166666666655 34.94629986124276 2.508191275170689
17.84444444444433 34.28992140233562 2.999638647195396
17.8472222222221 33.57449734290003 3.332125601389205
17.84999999999988 32.85907328346444 3.664612555583014
17.85277777777766 32.14364922402884 3.997099509776822
17.85555555555543 31.42822516459325 4.329586463970631
17.85833333333321 30.71280110515766 4.662073418164439
17.86111111111099 29.99737704572207 4.994560372358248
17.86388888888876 29.30205740521368 5.20092292078292
17.86666666666654 28.62167247591061 5.313593053479288
17.86944444444432 27.94128754660754 5.426263186175655
17.87222222222209 27.26090261730447 5.538933318872022
17.87499999999987 26.5805176880014 5.65160345156839
17.87777777777764 25.90013275869833 5.764273584264757
17.88055555555542 25.21974782939526 5.876943716961124
17.8833333333332 24.63460556282731 5.85795101844882
17.88611111111097 24.06910373236556 5.811807510103451
17.88888888888875 23.50360190190381 5.765664001758083
17.89166666666653 22.93810007144206 5.719520493412714
17.8944444444443 22.37259824098031 5.673376985067344
17.89722222222208 21.80709641051856 5.627233476721976
17.89999999999986 21.25371423220815 5.574036493569934
