17.6 0.0002068257787009873 0.0005769903481231321
17.60277777777778 -7.520418038756217e-05 0.0005966252331626337
17.60555555555555 -0.0003424936743015658 0.0005485706598881543
17.60833333333333 -0.0005774038317927584 0.0003518274450360004
17.61111111111111 -0.0006874425081942246 7.271364811874798e-05
17.61388888888888 -0.0007227687534939451 -0.0002556836712140618
17.61666666666666 -0.0005213745118058419 -0.0005386512205292496
17.61944444444444 -0.0002650040630773086 -0.0007620357616754686
17.62222222222221 0.0001089209942445084 -0.0008167916241665673
17.62499999999999 0.0004560300619655542 -0.0007089339174087061
17.62777777777777 0.0007824214803998193 -0.0004754432973357724
17.63055555555554 0.0008903628578016865 -8.094581491354617e-05
17.63333333333332 0.0009063010372827057 0.0003276682965955746
17.6361111111111 0.0006603276005216201 0.0007001301738273622
17.63888888888887 0.0003086027872575493 0.0009366321706314959
17.64166666666665 -0.0001477641223380166 0.001038600439597793
17.64444444444442 -0.0005715086830221883 0.0008501730214001462
17.6472222222222 -0.0009508076285964707 0.0005657200269604023
17.64999999999998 -0.001078278524074378 7.531808262023422e-05
17.65277777777775 -0.001035659773308054 -0.0003999908500264023
17.65555555555553 -0.0007775489607615232 -0.0008561779590927738
17.65833333333331 -0.000323453289332342 -0.001083227323172198
17.66111111111108 0.0001927336734181256 -0.001208078855495136
17.66388888888886 0.0006828391530292954 -0.0009497587577074588
17.66666666666664 0.001053223494833539 -0.0005850758595816819
17.66944444444441 0.001227952458642138 -4.656857015762779e-05
17.67222222222219 0.001104782417862877 0.0004767048876164395
17.67499999999997 0.0008477370743562644 0.0009915076234775107
17.67777777777774 0.0002964179537842816 0.001184741962499673
17.68055555555552 -0.000249433910164967 0.001236821095152979
17.68333333333329 -0.000783565909088242 0.0009863133765731871
17.68611111111107 -0.001110907136745594 0.0005427955368201629
17.68888888888885 -0.001317284403490783 -1.362515933367784e-05
17.69166666666662 -0.0010982797609181 -0.0005565926501617293
17.6944444444444 -0.0007744531112164376 -0.00101431867720342
17.69722222222218 -0.0002203714397456053 -0.001227400675340415
17.69999999999995 0.0003258562609389929 -0.00118366908713547
17.70277777777773 0.0008661450022325203 -0.0009457420401145391
17.70555555555551 0.001117429386755111 -0.0004370425731837836
17.70833333333328 0.001243395872948187 0.0001046421524763454
17.71111111111106 0.001011439057376069 0.0006333143564712085
17.71388888888884 0.0006284068100537589 0.000997652828604924
17.71666666666661 9.900390220543966e-05 0.001202775228339828
17.71944444444439 -0.0004127739900193732 0.001053310139028224
17.72222222222216 -0.0008783242887310024 0.0007887770948990425
17.72499999999994 -0.001068975073538746 0.0002802052862344924
17.72777777777772 -0.001074986327254397 -0.0002151771259108344
17.73055555555549 -0.000852015485312252 -0.0006942026093011427
17.73333333333327 -0.0004315073689469914 -0.0009386514411479428
17.73611111111105 4.876588204172539e-05 -0.001080600618590725
17.73888888888882 0.000491953081946765 -0.0008605678343704834
17.7416666666666 0.0008201505826017884 -0.0005505144471146945
17.74444444444438 0.0009645745912934772 -9.659251618597845e-05
17.74722222222215 0.0008562800734019906 0.0003209575135659743
17.74999999999993 0.000636346108895584 0.0007197255959395952
17.75277777777771 0.0002147357753242357 0.0008347563068284038
17.75555555555548 -0.0001857512441635895 0.0008428085774377418
17.75833333333326 -0.0005420400249408215 0.0006270200898373076
17.76111111111103 -0.0007246119359995316 0.0003023552195473928
17.76388888888881 -0.000807848509946952 -8.456769278208671e-05
17.76666666666659 -0.0006093952063906563 -0.0003967179079693401
17.76944444444436 -0.0003599421325567432 -0.000637355066051214
17.77222222222214 -9.373408828462152e-06 -0.000687730853248585
17.77499999999992 0.0002884299955021123 -0.0005880335566577243
17.77777777777769 0.0005471838362388666 -0.0003772729992735643
17.78055555555547 0.0005919812948451329 -7.551457173773067e-05
17.78333333333325 0.0005646389528629217 0.0002169841198261987
17.78611111111102 0.000357593417678548 0.0004264966412874611
17.7888888888888 0.0001152229284025235 0.0005214319878670141
17.79166666666658 -0.0001606578769150915 0.0005076759733346178
17.79444444444435 -0.0003422225139456754 0.0003381813038213008
17.79722222222213 -0.0004754980148368193 0.0001307632033779267
17.7999999999999 -0.000432481818184479 -0.0001084050718358818
17.80277777777768 -0.0003201323776719159 -0.00029216490268651
17.80555555555546 -0.0001236118395476619 -0.0004086584508804735
17.80833333333323 7.861410137627313e-05 -0.0003830782391539518
17.81111111111101 0.0002726192026093534 -0.0003044174114506132
17.81388888888879 0.0003475642540985196 -0.0001146073328189909
17.81666666666656 0.0003573121206259207 6.790350640953635e-05
17.81944444444434 0.0002651526755143747 0.0002390051741375653
17.82222222222212 0.0001096076147487034 0.0003164804927740061
17.82499999999989 -7.206704967396675e-05 0.0003520425497181557
17.82777777777767 -0.0002132463120942729 0.0002410010119767855
17.83055555555545 -0.0003100171146633183 0.0001091898081619242
17.83333333333322 -0.0003160711703606938 -6.504926966857959e-05
17.836111111111 -0.0002375780626001851 -0.0002010942881385855
17.83888888888877 -0.0001118311977240039 -0.0003157924898678785
17.84166666666655 5.205092618155463e-05 -0.0003016916152222873
17.84444444444433 0.000198050247697299 -0.0002504519683947454
17.8472222222221 0.0002899800321973042 -0.0001142441896249521
17.84999999999988 0.0003048440267359913 3.39426266841579e-05
17.85277777777766 0.0002638937067210673 0.0001908051701817458
17.85555555555543 0.0001322475560053673 0.0002727298179118276
17.85833333333321 -1.137309022049529e-05 0.0003191105597272243
17.86111111111099 -0.0001591809347157294 0.0002629396184072629
17.86388888888876 -0.000260189477629125 0.000160704794296159
17.86666666666654 -0.000317730194661796 1.568521124898335e-05
17.86944444444432 -0.0002722810238039696 -0.0001240303563748617
17.87222222222209 -0.0001947253609720116 -0.0002492426583074091
17.87499999999987 -5.063075899403545e-05 -0.000294713083613372
17.87777777777764 8.677515566985069e-05 -0.0002864590657222447
17.88055555555542 0.0002162318227172318 -0.0002143556134087777
17.8833333333332 0.0002739886324172966 -8.974287116644539e-05
17.88611111111097 0.000301176458535778 4.892766690873637e-05
17.88888888888875 0.0002270240298673138 0.0001693055761774334
17.89166666666653 0.0001290819081625759 0.0002537953965259684
17.8944444444443 -5.232010899957132e-06 0.0002834163164741344
17.89722222222208 -0.0001234156062620392 0.0002401650486654538
17.89999999999986 -0.000233128971734715 0.0001657695456364445
