17.6 0.0004680156218300545 -0.0003394031343471422
17.60277777777778 0.000319318488941579 -0.0004823934374720216
17.60555555555555 0.0001497642480532913 -0.0005939857723525741
17.60833333333333 -6.560532557626012e-05 -0.0006366084129434672
17.61111111111111 -0.0002830755053909826 -0.0005994131693626173
17.61388888888888 -0.0005018025085693097 -0.0005144617198024096
17.61666666666666 -0.0006561422310776815 -0.0003197715046686553
17.61944444444444 -0.000774192582718263 -0.0001009226750087815
17.62222222222221 -0.0007967080231759237 0.000168468221021234
17.62499999999999 -0.0007325309570865904 0.0004323435195973901
17.62777777777777 -0.0006013765027609155 0.000691957546620367
17.63055555555554 -0.000352056280082302 0.0008689363554920729
17.63333333333332 -7.265142803868665e-05 0.001003839573642041
17.6361111111111 0.0002644137207041087 0.001008623510184742
17.63888888888887 0.0005898963529527691 0.0009197812619115333
17.64166666666665 0.0009039179636353775 0.0007382949216687024
17.64444444444442 0.001117674026159643 0.000427695141918799
17.6472222222222 0.001283210019963834 7.779541238912134e-05
17.64999999999998 0.001275277374551879 -0.0003406098589595788
17.65277777777775 0.001167935553338119 -0.0007434145041737301
17.65555555555553 0.0009346490392731397 -0.001126454212691094
17.65833333333331 0.0005595528750238104 -0.001393632552620285
17.66111111111108 0.0001321264376167099 -0.001606853775917516
17.66388888888886 -0.0003798696538311172 -0.001594443599944704
17.66666666666664 -0.0008746251563754961 -0.001479457758626558
17.66944444444441 -0.001341205066868523 -0.001196836686438304
17.67222222222219 -0.001679910587209345 -0.000759214454631006
17.67499999999997 -0.00196030548640189 -0.0002521777984202771
17.67777777777774 -0.001955130661363727 0.0003621595676559329
17.68055555555552 -0.001848417617193471 0.000960046499190949
17.68333333333329 -0.001524042534212473 0.001522669515796546
17.68611111111107 -0.001032703321459941 0.001950482737107681
17.68888888888885 -0.0004436970690045336 0.002299437860889862
17.69166666666662 0.0002684078898111847 0.002334927958302387
17.6944444444444 0.0009742917837380544 0.002256898627054867
17.69722222222218 0.001640898807173046 0.001904093280616713
17.69999999999995 0.002172002219243506 0.001375641546073358
17.70277777777773 0.002600641480740866 0.000714370783481993
17.70555555555551 0.002699839144581492 -8.60161729705519e-05
17.70833333333328 0.002673571253627294 -0.0008956652987306721
17.71111111111106 0.002311039523779944 -0.001666920278428339
17.71388888888884 0.001769543092387714 -0.002308749433777086
17.71666666666661 0.001054655254646375 -0.002825183326775039
17.71944444444439 0.0001853891194696531 -0.003007637777306288
17.72222222222216 -0.0007127997491502219 -0.003055800597175756
17.72499999999994 -0.001579878586714019 -0.002706025679663103
17.72777777777772 -0.002330046411320267 -0.002181032497457614
17.73055555555549 -0.002935226168668356 -0.001438741073594027
17.73333333333327 -0.003214764015438413 -0.0005299638964512267
17.73611111111105 -0.003355739570873037 0.0004303170099632155
17.73888888888882 -0.003042228272151269 0.001373935833145149
17.7416666666666 -0.002565202928042428 0.002218334795803745
17.74444444444438 -0.001826853767088928 0.002904163205104832
17.74722222222215 -0.0009153172409354553 0.003285468291975087
17.74999999999993 7.130183288573228e-05 0.003529508162779221
17.75277777777771 0.0010625403920467 0.003273352711621067
17.75555555555548 0.001975399907132038 0.002873118325853789
17.75833333333326 0.00272425979193848 0.002171414430148712
17.76111111111103 0.0032007466050581 0.001296856734907608
17.76388888888881 0.003521484175517015 0.000323457226112643
17.76666666666659 0.003363708630901163 -0.0006780927823360602
17.76944444444436 0.003061897383607592 -0.001624336571572223
17.77222222222214 0.002426516566017306 -0.002410422225033264
17.77499999999992 0.001626275647919365 -0.002964157770125303
17.77777777777769 0.0007040281722502564 -0.003345940023995899
17.78055555555547 -0.0002663813873382671 -0.00329689275711025
17.78333333333325 -0.001205999813711459 -0.003104537886002396
17.78611111111102 -0.001998362507593053 -0.002558131440883328
17.7888888888888 -0.00260226783197914 -0.001861975025874654
17.79166666666658 -0.003027396816110793 -0.001023761276404916
17.79444444444435 -0.003080141015593837 -0.0001229605411984157
17.79722222222213 -0.002996301804874341 0.0007705759864156715
17.7999999999999 -0.002551816931183568 0.001537286721198059
17.80277777777768 -0.001978206555264532 0.002159193402938291
17.80555555555546 -0.001247836814759509 0.002605306837390807
17.80833333333323 -0.0004471182028669567 0.002742716194391708
17.81111111111101 0.0003667720997829998 0.002755459012259037
17.81388888888879 0.001079253926645773 0.002415360188255831
17.81666666666656 0.001686836845755017 0.001969971567905258
17.81944444444434 0.002130456156783739 0.001360008355951307
17.82222222222212 0.002328799167693403 0.0006784981089149133
17.82499999999989 0.002418177815000145 -3.205128637750188e-05
17.82777777777767 0.002175593017017307 -0.0006685889616734365
17.83055555555545 0.001852254957119838 -0.001233970353477862
17.83333333333322 0.001363955688373704 -0.001653995059203816
17.836111111111 0.0008083969795253252 -0.001887329366092217
17.83888888888877 0.0002152466931911931 -0.002016321641838527
17.84166666666655 -0.0003345411248868937 -0.001870759575671861
17.84444444444433 -0.0008375420973332022 -0.00165430264567236
17.8472222222221 -0.001217883183627397 -0.00127941694837728
17.84999999999988 -0.001462139452556075 -0.000845377149295415
17.85277777777766 -0.001607837323443002 -0.000368495440127103
17.85555555555543 -0.001541280025611605 8.888619315604226e-05
17.85833333333321 -0.001411352929444246 0.0005183964462393252
17.86111111111099 -0.001135076480988232 0.0008492786162673375
17.86388888888876 -0.0008097527543153429 0.001085175728513667
17.86666666666654 -0.0004388732505818431 0.001232849431149818
17.86944444444432 -7.18363225159524e-05 0.00122188137543177
17.87222222222209 0.0002816879106964283 0.001156724754489341
17.87499999999987 0.0005595916964478689 0.0009609650628224152
17.87777777777764 0.0007740115289751538 0.0007266699457222459
17.88055555555542 0.0009129831247773691 0.0004465769576211527
17.8833333333332 0.0009369805146529752 0.0001612644546659211
17.88611111111097 0.0009164006941796847 -0.0001206281158825699
17.88888888888875 0.0007826474104169287 -0.000347199568632331
17.89166666666653 0.000620115896701668 -0.0005331364364244131
17.8944444444443 0.0004135856669646191 -0.0006569475387623018
17.89722222222208 0.0001975722955720919 -0.0006996249432358653
17.89999999999986 -2.151440262643788e-05 -0.0007068185490326393
