17.6 -0.00388710935059519 0.001848770418875009
17.60277777777778 -0.003890688695924567 0.002401978821568198
17.60555555555555 -0.003851787345090549 0.002975119782591452
17.60833333333333 -0.003719571656054705 0.003592045183542079
17.61111111111111 -0.003481344929353656 0.004227165723560326
17.61388888888888 -0.00317969025034142 0.00487317268105447
17.61666666666666 -0.002696249290266115 0.005500394430074036
17.61944444444444 -0.002149969036208003 0.006106083055151666
17.62222222222221 -0.001451983739042253 0.006651291942814198
17.62499999999999 -0.0006461166725382067 0.00711302392463798
17.62777777777777 0.0002430983029881458 0.007510262845252377
17.63055555555554 0.001269544677061457 0.007719587642697959
17.63333333333332 0.00233387761773082 0.007851087673962332
17.6361111111111 0.003477757256649536 0.007762912379890873
17.63888888888887 0.004631398186493007 0.007518966848201445
17.64166666666665 0.005794698016097839 0.007120885032433112
17.64444444444442 0.006898120132886094 0.00645929456751116
17.6472222222222 0.007966021514067903 0.005698828700881607
17.64999999999998 0.008884641692721049 0.004671710436913026
17.65277777777775 0.009687127323598718 0.003531334281895772
17.65555555555553 0.01034247834812819 0.002247468049769935
17.65833333333331 0.01074265871093033 0.0008291752583079938
17.66111111111108 0.01103371726598637 -0.0006381369086354328
17.66388888888886 0.01096356543643039 -0.002177421489642589
17.66666666666664 0.01074073460688419 -0.003702699062147845
17.66944444444441 0.01026838670790235 -0.005205085551313691
17.67222222222219 0.009532335693897128 -0.006602328531652286
17.67499999999997 0.008677447317451891 -0.007951524460113104
17.67777777777774 0.007499873974695492 -0.009046726981043706
17.68055555555552 0.006246380977970286 -0.01003496299801479
17.68333333333329 0.004830143087648326 -0.0107939006528982
17.68611111111107 0.003330008186264399 -0.01130911057869188
17.68888888888885 0.001780797038853536 -0.01168174996657257
17.69166666666662 0.000213748032146927 -0.01167591254382019
17.6944444444444 -0.001330919002324961 -0.01154989613029559
17.69722222222218 -0.002807659955334285 -0.0111410334140694
17.69999999999995 -0.004178062327642073 -0.01054490189020986
17.70277777777773 -0.005468054353428394 -0.009807162780325427
17.70555555555551 -0.006529819949638463 -0.008845396082443512
17.70833333333328 -0.007502176001537442 -0.007821455252736935
17.71111111111106 -0.008231300859794885 -0.006664347682297256
17.71388888888884 -0.008799851175167172 -0.005469743401331602
17.71666666666661 -0.009212827538948009 -0.004238810127467123
17.71944444444439 -0.00937697392774013 -0.003017251569714351
17.72222222222216 -0.009450880551651318 -0.001808819314259266
17.72499999999994 -0.009291964928693082 -0.0006722529646461636
17.72777777777772 -0.009034897395144645 0.0004034842135311172
17.73055555555549 -0.008656106035464134 0.001403783639726919
17.73333333333327 -0.008152684274151317 0.002275028799436904
17.73611111111105 -0.007601940548844428 0.00309198880398043
17.73888888888882 -0.006950774174123418 0.003736920955527222
17.7416666666666 -0.006277643703200871 0.004310375424394663
17.74444444444438 -0.005569410795424405 0.004769596153813223
17.74722222222215 -0.004851689754453723 0.005106631353399768
17.74999999999993 -0.00413008246398907 0.005389066509073348
17.75277777777771 -0.00342953871487111 0.005515434306254623
17.75555555555548 -0.002744593594885161 0.005597559977278046
17.75833333333326 -0.002092286910857154 0.005587113808236173
17.76111111111103 -0.001483692027207893 0.00550389100351812
17.76388888888881 -0.0009000925653239446 0.005379052829777863
17.76666666666659 -0.0003964021558969462 0.00516765952104123
17.76944444444436 7.795469155451936e-05 0.004934059630181386
17.77222222222214 0.0004817229285499067 0.004650966683377241
17.77499999999992 0.0008263082718307338 0.004344088623862023
17.77777777777769 0.001127094654010731 0.004019608126192369
17.78055555555547 0.001334406287506993 0.003682731921653696
17.78333333333325 0.001509605440569319 0.003347212586947992
17.78611111111102 0.001603917664500424 0.003023378813299114
17.7888888888888 0.001652551379467611 0.00272142263645097
17.79166666666658 0.001657853084215675 0.002440220207254444
17.79444444444435 0.001606883036911279 0.00221461398574607
17.79722222222213 0.001538644934299748 0.002012548516771272
17.7999999999999 0.001436819693390252 0.001883859381586429
17.80277777777768 0.001333300906770279 0.00179713507570217
17.80555555555546 0.00122772614247827 0.001761356399167643
17.80833333333323 0.001148107578658714 0.001792697438785824
17.81111111111101 0.001081839100361391 0.001850031325977448
17.81388888888879 0.0010794581392041 0.001970805366411205
17.81666666666656 0.001114840790626534 0.002105899471951914
17.81944444444434 0.001209250350005675 0.002263376742324052
17.82222222222212 0.001382175666146813 0.002417131173755937
17.82499999999989 0.001590019339500305 0.002568486032217799
17.82777777777767 0.001906468789349978 0.002668403427286023
17.83055555555545 0.002252908376185272 0.002736130810628616
17.83333333333322 0.002660611237511136 0.002738101057711792
17.836111111111 0.003103823602902046 0.002653015834955557
17.83888888888877 0.003566882376046466 0.002519274952338759
17.84166666666655 0.004035788437212905 0.002233268857948283
17.84444444444433 0.004491391183844978 0.001895876592265584
17.8472222222221 0.004909729232521052 0.001437512111717038
17.84999999999988 0.005265075039235724 0.0008920714823798104
17.85277777777766 0.00557479919191901 0.0002835666119435428
17.85555555555543 0.005741840998628829 -0.0004279216983405888
17.85833333333321 0.005851090374064839 -0.001164918437175424
17.86111111111099 0.00580326273798202 -0.001952687164810478
17.86388888888876 0.005642809520706074 -0.002741111707317698
17.86666666666654 0.005377748136480086 -0.003530145379570656
17.86944444444432 0.004933606125239012 -0.004264559454642759
17.87222222222209 0.004425442575070171 -0.004969214331035175
17.87499999999987 0.003752914356228484 -0.005562966155601129
17.87777777777764 0.003012133017594156 -0.006072925547447055
17.88055555555542 0.002190235471196946 -0.006483300855779655
17.8833333333332 0.001297598657068954 -0.006723216526119729
17.88611111111097 0.000381687282556228 -0.006892321204004308
17.88888888888875 -0.0005577405488473171 -0.006841199946510179
17.89166666666653 -0.001480289576333078 -0.00669605440849471
17.8944444444443 -0.002377032788047969 -0.006407156192686376
17.89722222222208 -0.003198389277811868 -0.00596565227620768
17.89999999999986 -0.003985321577080973 -0.005457576673353329
