17.6 0.09908816168329808 -0.06561319212284329
17.60277777777778 0.08788992032107314 -0.08811171208313824
17.60555555555555 0.0740683454389601 -0.1094844298273885
17.60833333333333 0.05448427951033834 -0.1283841775352655
17.61111111111111 0.03048426362973257 -0.1430640005164185
17.61388888888888 0.003842120390204123 -0.1552189808942122
17.61666666666666 -0.02704985723418409 -0.1586140466680015
17.61944444444444 -0.05848492625130351 -0.1586958218916514
17.62222222222221 -0.09070807797585378 -0.1506176450348771
17.62499999999999 -0.1212786268871877 -0.1362795012153513
17.62777777777777 -0.1505723985471768 -0.1171049966270478
17.63055555555554 -0.1738539879023647 -0.08935481707114569
17.63333333333332 -0.1943691855300416 -0.05906598055182942
17.6361111111111 -0.2066760245213069 -0.02307586966893899
17.63888888888887 -0.2128346251531053 0.01452261451860742
17.64166666666665 -0.2129094794361062 0.05371260096218419
17.64444444444442 -0.2025475977220141 0.09191591427551354
17.6472222222222 -0.1883218604505887 0.1291827653117731
17.64999999999998 -0.1638901134171896 0.1616038665347273
17.65277777777775 -0.1354424192891405 0.1899624097007166
17.65555555555553 -0.101906792188477 0.2131739669617548
17.65833333333331 -0.06431786321446992 0.2276153504612989
17.66111111111108 -0.0253329462928813 0.2383598431082553
17.66388888888886 0.01467529274863238 0.2374386921594618
17.66666666666664 0.05351353583193242 0.2320572134893721
17.66944444444441 0.09043970218717098 0.2193864029412136
17.67222222222219 0.1228342395410135 0.2000769082174955
17.67499999999997 0.1531694747304282 0.1777847444038546
17.67777777777774 0.1747274110299867 0.1490750931716357
17.68055555555552 0.1932043283222119 0.1194352110666702
17.68333333333329 0.2050766302835497 0.08780124289187424
17.68611111111107 0.2111666120494916 0.05640836430164066
17.68888888888885 0.2138741781021229 0.02515651304500036
17.69166666666662 0.2094567972065907 -0.003315774061742324
17.6944444444444 0.2032510653353478 -0.03048517010941463
17.69722222222218 0.1930941277475122 -0.05435963966755272
17.69999999999995 0.1812185335931433 -0.07552328551922702
17.70277777777773 0.1680433380226694 -0.09463708011129909
17.70555555555551 0.1538286179810797 -0.1101279030518683
17.70833333333328 0.1394431123935516 -0.1245778297875881
17.71111111111106 0.1249253882629605 -0.1367280511334472
17.71388888888884 0.1103482052873944 -0.1481065777730761
17.71666666666661 0.09571341512638273 -0.1587374417215131
17.71944444444439 0.08032370238604003 -0.1688739072614608
17.72222222222216 0.06447191699285042 -0.1788358589449645
17.72499999999994 0.04669233344464931 -0.18836624347775
17.72777777777772 0.02733577663816976 -0.1972775479723098
17.73055555555549 0.006023524649076278 -0.2054210957265096
17.73333333333327 -0.0185563994174153 -0.2111445350932951
17.73611111111105 -0.0444670128317974 -0.2156995209573349
17.73888888888882 -0.07416910039378251 -0.2150908545033713
17.7416666666666 -0.1048802274114601 -0.2114069595137932
17.74444444444438 -0.1372039745639046 -0.2028083157227039
17.74722222222215 -0.169473424872987 -0.1873371057810338
17.74999999999993 -0.2016801597408873 -0.1687768515652642
17.75277777777771 -0.2302094379073341 -0.1397533064257898
17.75555555555548 -0.2562306575390713 -0.1075728226035122
17.75833333333326 -0.2770040373016042 -0.06878678773249648
17.76111111111103 -0.2904563055158031 -0.02537190420721049
17.76388888888881 -0.299722192264221 0.02068986238852295
17.76666666666659 -0.295453006180801 0.06987116713204052
17.76944444444436 -0.2864176810253352 0.1187656752879495
17.77222222222214 -0.2659965349094792 0.1663795291966276
17.77499999999992 -0.2371638661043226 0.2099142462100817
17.77777777777769 -0.2021061560424086 0.2504301524323541
17.78055555555547 -0.1565336768828723 0.2802939421348463
17.78333333333325 -0.1081580121182864 0.3056663221318696
17.78611111111102 -0.05391276430244166 0.3185005045946568
17.7888888888888 0.001199708845411686 0.3223385012177272
17.79166666666658 0.05713485807882998 0.3176424448346526
17.79444444444435 0.1094933836046097 0.2987165378097293
17.79722222222213 0.1597274113437095 0.2747419010877688
17.7999999999999 0.2014569999703805 0.2380435262947966
17.80277777777768 0.2367853236772189 0.1965985648244226
17.80555555555546 0.2643424619554375 0.1493912101887817
17.80833333333323 0.2791769964115803 0.09833372439581721
17.81111111111101 0.2887786016733505 0.04615726520240943
17.81388888888879 0.2827043957612677 -0.005219237009383447
17.81666666666656 0.2706819142556148 -0.05410501302280034
17.81944444444434 0.2493619028798641 -0.09909762691496848
17.82222222222212 0.2197840051412099 -0.136506136829935
17.82499999999989 0.18660534577079 -0.1704959687439867
17.82777777777767 0.1464699530440815 -0.1911457251591425
17.83055555555545 0.1057025920063329 -0.2070541084518301
17.83333333333322 0.06364425826888791 -0.2132769060066713
17.836111111111 0.02348524551824364 -0.2108759774864779
17.83888888888877 -0.01561222892733744 -0.203655213022471
17.84166666666655 -0.04807678384223667 -0.1860252433182578
17.84444444444433 -0.07765928003727168 -0.1659414785555681
17.8472222222221 -0.100206381683506 -0.1404932829304108
17.84999999999988 -0.1165474448764986 -0.1131406999770507
17.85277777777766 -0.128393831734701 -0.08440887892827152
17.85555555555543 -0.1310518055634405 -0.05621022033687487
17.85833333333321 -0.1308326088556917 -0.02885925740427026
17.86111111111099 -0.1237606383096099 -0.004535822083542463
17.86388888888876 -0.1135204170254151 0.01667302720483891
17.86666666666654 -0.1003374814960096 0.03498900675438832
17.86944444444432 -0.08447612956574085 0.04746089074165876
17.87222222222209 -0.06800975783698258 0.05774963567950185
17.87499999999987 -0.0511786773987076 0.06211704025109161
17.87777777777764 -0.0352120696229146 0.06380052243405784
17.88055555555542 -0.02027285435765094 0.06229426608556266
17.8833333333332 -0.008009940001358845 0.05754962594393683
17.88611111111097 0.00310362071503499 0.05164858395307174
17.88888888888875 0.01034208136072181 0.04366127301042957
17.89166666666653 0.01593019372770883 0.0355102776498442
17.8944444444443 0.01899510694827859 0.02710902700134986
17.89722222222208 0.01959446052348503 0.01948849918379953
17.89999999999986 0.01912812271952204 0.01223390535256253
