17.6 0.001249084247344384 -0.002303289725674513
17.60277777777778 0.0006113679852950423 -0.002610294884511102
17.60555555555555 -6.389210512993646e-05 -0.002820433811157934
17.60833333333333 -0.0008216220657510222 -0.002817793542376226
17.61111111111111 -0.001558275813687006 -0.002595301195004521
17.61388888888888 -0.002282319355718648 -0.002241268137689381
17.61666666666666 -0.002820270907914256 -0.001590392087571853
17.61944444444444 -0.00326169935705414 -0.0008687189249921073
17.62222222222221 -0.003451918696856917 5.900484525651678e-06
17.62499999999999 -0.00341085598198552 0.0008997553026337216
17.62777777777777 -0.003191108065993379 0.001808471121771211
17.63055555555554 -0.002622315779365213 0.002577233164076054
17.63333333333332 -0.00194859087628138 0.003263106785497636
17.6361111111111 -0.001035963495716628 0.003678972593637592
17.63888888888887 -6.435191256289703e-05 0.00387137223607339
17.64166666666665 0.0009656251577689433 0.003842649763490814
17.64444444444442 0.001915240952657635 0.003436478830063977
17.6472222222222 0.002807549314794769 0.002896468270975843
17.64999999999998 0.003434040879035019 0.002027428691831676
17.65277777777775 0.003860735644042683 0.001069343927600466
17.65555555555553 0.004034301396471334 -1.555055189669547e-06
17.65833333333331 0.003827532515286376 -0.001051387881800957
17.66111111111108 0.003467106451523241 -0.002076928918790234
17.66388888888886 0.002693916563009449 -0.002859089552508761
17.66666666666664 0.001816118563706414 -0.003473484667261763
17.66944444444441 0.0007673637907475285 -0.003813707429253042
17.67222222222219 -0.0003083582259059178 -0.003789631406512672
17.67499999999997 -0.001394928228690148 -0.003601168737980542
17.67777777777774 -0.002268333096703332 -0.002926170595594273
17.68055555555552 -0.00300674997631418 -0.002144665511971355
17.68333333333329 -0.003455800339338898 -0.001134847206241336
17.68611111111107 -0.003564689296951022 -6.473197861003497e-05
17.68888888888885 -0.003474598045261437 0.001040654428964838
17.69166666666662 -0.002886844895521361 0.0019814797688361
17.6944444444444 -0.00217017651011909 0.00280703448252671
17.69722222222218 -0.001165927792022898 0.003327031437538282
17.69999999999995 -7.815460128888455e-05 0.003530493411960416
17.70277777777773 0.001072777527090539 0.003494600231297294
17.70555555555551 0.002101110895946084 0.002955522141790247
17.70833333333328 0.003034488725941139 0.002262331495635088
17.71111111111106 0.003643582931177695 0.001210355980642529
17.71388888888884 0.003957785222048269 5.346188131963585e-05
17.71666666666661 0.003986279083762072 -0.001205083441580615
17.71944444444439 0.003500945776442131 -0.002386196346264587
17.72222222222216 0.002833506222942117 -0.003498617287366704
17.72499999999994 0.001712776064745879 -0.004275152595482095
17.72777777777772 0.0004623373149191151 -0.00478222488197765
17.73055555555549 -0.0009489605150878565 -0.004955120586525447
17.73333333333327 -0.002343573440033488 -0.004605148557089091
17.73611111111105 -0.003708063581306797 -0.004044798425632581
17.73888888888882 -0.00475277237811856 -0.002910586327586064
17.7416666666666 -0.005565220109533689 -0.001620888338851917
17.74444444444438 -0.006006474357415486 -8.269691749675191e-05
17.74722222222215 -0.005932972574540345 0.001518247319466492
17.74999999999993 -0.005628921374086059 0.003143684054121168
17.75277777777771 -0.004618146463678834 0.00451622868044744
17.75555555555548 -0.003434400281078437 0.005708820793419642
17.75833333333326 -0.001888730512612687 0.006524881832226812
17.76111111111103 -0.0001924879808192803 0.006866333155180637
17.76388888888881 0.001589855551004617 0.006936391629547122
17.76666666666659 0.003261289572530507 0.006264379372242452
17.76944444444436 0.004808904730046635 0.005380750882707064
17.77222222222214 0.006024289704566019 0.004012954608452338
17.77499999999992 0.006841791451935086 0.002418077968782574
17.77777777777769 0.007364835275825802 0.0006551479699860234
17.78055555555547 0.007183602993914752 -0.001157014635346398
17.78333333333325 0.006765900338527345 -0.002917072160251223
17.78611111111102 0.005760626728392867 -0.004444263637571956
17.7888888888888 0.004482468888051414 -0.005677233902231266
17.79166666666658 0.002945444843007287 -0.006631097057597697
17.79444444444435 0.001218371952063726 -0.006977743424331961
17.79722222222213 -0.0005340789344491 -0.007092619332287895
17.7999999999999 -0.002195640590236815 -0.006563254727448176
17.80277777777768 -0.003673765890207832 -0.005755643509846167
17.80555555555546 -0.004929198026678415 -0.004610238738979106
17.80833333333323 -0.005715745433465269 -0.003180045759415651
17.81111111111101 -0.006304404620883833 -0.001656539875520994
17.81388888888879 -0.006255306161238252 -6.639428196754372e-05
17.81666666666656 -0.005959415547338413 0.001437184797803516
17.81944444444434 -0.00527777323283394 0.002805454957370538
17.82222222222212 -0.004273885598622984 0.003855743262333206
17.82499999999989 -0.003130500915578477 0.004762529127976246
17.82777777777767 -0.001778771266007887 0.005099663969279621
17.83055555555545 -0.0004445845067184017 0.005244483944099041
17.83333333333322 0.0008537659740250895 0.00499644681194116
17.836111111111 0.001970217258616091 0.004439967565727117
17.83888888888877 0.002985004334935841 0.003711098754378641
17.84166666666655 0.003582343818224891 0.002699248894029669
17.84444444444433 0.004028044293933956 0.001653538755494409
17.8472222222221 0.004112571398956619 0.000552108251111611
17.84999999999988 0.003936434783722617 -0.0004715180068959914
17.85277777777766 0.00357151444379803 -0.001438795128886543
17.85555555555543 0.002914924230618629 -0.002143099243416998
17.85833333333321 0.002190921979675422 -0.002737687476422422
17.86111111111099 0.001341794203515011 -0.003030407648126537
17.86388888888876 0.0005029426139352357 -0.003124476701605094
17.86666666666654 -0.0003263643142092879 -0.003034035902881266
17.86944444444432 -0.00101425383989124 -0.002682725137582159
17.87222222222209 -0.00163481904667599 -0.002250391573212124
17.87499999999987 -0.002026005668840447 -0.001651309952570906
17.87777777777764 -0.00227930916821785 -0.001026731981158991
17.88055555555542 -0.002368743879341042 -0.0003718525774814966
17.8833333333332 -0.002247368714985665 0.0002262506070598553
17.88611111111097 -0.002046542255544074 0.0007933019186244775
17.88888888888875 -0.001663561642917984 0.001204076896100097
17.89166666666653 -0.001242112659492343 0.001527721525865053
17.8944444444443 -0.0007618498113702434 0.001718153535113456
17.89722222222208 -0.0002862900685489541 0.001751880054306384
17.89999999999986 0.0001853720276601033 0.001717250371957666
