17.6 28.85578796694763 6.891012052394665
17.60277777777778 29.4366514609574 6.527166958130604
17.60555555555555 30.01751495496716 6.163321863866543
17.60833333333333 30.59837844897693 5.799476769602482
17.61111111111111 31.1692273891222 5.365578397193874
17.61388888888888 31.73410131178096 4.889883898111525
17.61666666666666 32.29897523443972 4.414189399029175
17.61944444444444 32.85400411470562 3.909059043172195
17.62222222222221 33.37990871191099 3.316849506685583
17.62499999999999 33.90581330911635 2.724639970198971
17.62777777777777 34.43171790632172 2.132430433712359
17.63055555555554 34.90074110110952 1.438482240103898
17.63333333333332 35.36193078423582 0.7305229475576942
17.6361111111111 35.82312046736211 0.02256365501149071
17.63888888888887 36.23787272061714 -0.7401606241966205
17.64166666666665 36.60715648573614 -1.556507189418637
17.64444444444442 36.97644025085513 -2.372853754640653
17.6472222222222 37.33009409376327 -3.201520933514365
17.64999999999998 37.58059972599245 -4.111496850556728
17.65277777777775 37.83110535822163 -5.02147276759909
17.65555555555553 38.08161099045081 -5.931448684641453
17.65833333333331 38.22355997512109 -6.895403600306156
17.66111111111108 38.33083347216169 -7.876600648452666
17.66388888888886 38.43810696920228 -8.857797696599176
17.66666666666664 38.48274765438204 -9.854974571539925
17.66944444444441 38.42701034737877 -10.87776139247196
17.67222222222219 38.3712730403755 -11.900548213404
17.67499999999997 38.31368092259168 -12.92339742525266
17.67777777777774 38.08201137805463 -13.95210214017006
17.68055555555552 37.85034183351759 -14.98080685508747
17.68333333333329 37.61867228898054 -16.00951157000487
17.68611111111107 37.27227068921653 -17.01664512623566
17.68888888888885 36.86044860424947 -18.01147875752499
17.69166666666662 36.44862651928241 -19.00631238881433
17.6944444444444 35.99089989903711 -19.98134773377367
17.69722222222218 35.40465420152845 -20.90095375186794
17.69999999999995 34.81840850401979 -21.82055976996221
17.70277777777773 34.23216280651113 -22.74016578805648
17.70555555555551 33.50510396032059 -23.55731262317939
17.70833333333328 32.76055164570054 -24.36173077139059
17.71111111111106 32.01599933108049 -25.16614891960179
17.71388888888884 31.20320281748225 -25.89285270053122
17.71666666666661 30.32634664700443 -26.54660734032888
17.71944444444439 29.44949047652661 -27.20036198012654
17.72222222222216 28.55872231417165 -27.82870696539229
17.72499999999994 27.58398534369013 -28.30368653578468
17.72777777777772 26.6092483732086 -28.77866610617708
17.73055555555549 25.63451140272708 -29.25364567656948
17.73333333333327 24.6156922206155 -29.5770990634709
17.73611111111105 23.5835901363194 -29.85489440828961
17.73888888888882 22.5514880520233 -30.13268975310832
17.7416666666666 21.51396644100812 -30.32980387217376
17.74444444444438 20.46813596113516 -30.40322273908573
17.74722222222215 19.42230548126219 -30.4766416059977
17.74999999999993 18.37710175222089 -30.54584651990529
17.75277777777771 17.36099551089207 -30.41941476359063
17.75555555555548 16.34488926956325 -30.29298300727597
17.75833333333326 15.32878302823442 -30.16655125096132
17.76111111111103 14.35781076065068 -29.92087811195973
17.76388888888881 13.41141990337786 -29.61026228986037
17.76666666666659 12.46502904610504 -29.29964646776101
17.76944444444436 11.54692901046534 -28.94551940593592
17.77222222222214 10.70389449300458 -28.47594169375588
17.77499999999992 9.860859975543809 -28.00636398157584
17.77777777777769 9.017825458083042 -27.5367862693958
17.78055555555547 8.290406180985247 -26.95328230972411
17.78333333333325 7.57582746854713 -26.35712536985051
17.78611111111102 6.861248756109014 -25.76096842997691
17.7888888888888 6.222324589083618 -25.11746739231585
17.79166666666658 5.651478288226343 -24.43136369098876
17.79444444444435 5.080631987369068 -23.74525998966167
17.79722222222213 4.53251944076792 -23.05119517336334
17.7999999999999 4.110576323183607 -22.31294718701125
17.80277777777768 3.688633205599295 -21.57469920065916
17.80555555555546 3.266690088014983 -20.83645121430708
17.80833333333323 2.957420992067199 -20.08568157468262
17.81111111111101 2.680118560909508 -19.33135942590866
17.81388888888879 2.402816129751817 -18.57703727713469
17.81666666666656 2.179182049384852 -17.82913358212621
17.81944444444434 2.034292572354887 -17.09064732939706
17.82222222222212 1.889403095324922 -16.35216107666793
17.82499999999989 1.748126771816387 -15.61499822453371
17.82777777777767 1.717475395736563 -14.91835430423358
17.83055555555545 1.686824019656739 -14.22171038393346
17.83333333333322 1.656172643576915 -13.52506646363333
17.836111111111 1.686313266053617 -12.8685481436578
17.83888888888877 1.74805851211652 -12.23289037317136
17.84166666666655 1.809803758179423 -11.59723260268491
17.84444444444433 1.891205006139567 -10.98234948667615
17.8472222222221 2.022097258884422 -10.41977398284257
17.84999999999988 2.152989511629277 -9.857198479008987
17.85277777777766 2.283881764374132 -9.294622975175407
17.85555555555543 2.457102113200126 -8.803631667407194
17.85833333333321 2.634479037500609 -8.319669854023891
17.86111111111099 2.811855961801092 -7.835708040640588
17.86388888888876 3.003177373284812 -7.393924742154337
17.86666666666654 3.206526538806056 -6.988522329977023
17.86944444444432 3.409875704327301 -6.58311991779971
17.87222222222209 3.614637333017276 -6.189826792199731
17.87499999999987 3.826640369772742 -5.858615487513536
17.87777777777764 4.038643406528208 -5.527404182827341
17.88055555555542 4.250646443283674 -5.196192878141146
17.8833333333332 4.458742073614617 -4.917780380356145
17.88611111111097 4.665796115388051 -4.65344234198065
17.88888888888875 4.872850157161485 -4.389104303605155
17.89166666666653 5.073759784149306 -4.148841725456988
17.8944444444443 5.266038383418152 -3.94239782196206
17.89722222222208 5.458316982686998 -3.735953918467132
17.89999999999986 5.649704968071145 -3.531548788385985
