17.6 -0.3383300248273775 2.43703569346121
17.60277777777778 -0.1680841883630387 2.580582795601925
17.60555555555555 0.00216164810130004 2.724129897742641
17.60833333333333 0.1724074845656388 2.867676999883357
17.61111111111111 0.3828880506216525 2.986570493079803
17.61388888888888 0.6173740008543708 3.090754819343711
17.61666666666666 0.8518599510870889 3.19493914560762
17.61944444444444 1.100284669621616 3.282472936650712
17.62222222222221 1.389944013395724 3.320749966622621
17.62499999999999 1.679603357169832 3.359026996594531
17.62777777777777 1.96926270094394 3.39730402656644
17.63055555555554 2.289670127772915 3.356084580272999
17.63333333333332 2.614312075147132 3.303917151907985
17.6361111111111 2.938954022521349 3.251749723542972
17.63888888888887 3.265655641500265 3.144954209000727
17.64166666666665 3.59437395593761 2.984670452427643
17.64444444444442 3.923092270374955 2.82438669585456
17.6472222222222 4.247217007828359 2.649081435924002
17.64999999999998 4.54102686334458 2.374643168667601
17.65277777777775 4.834836718860801 2.100204901411199
17.65555555555553 5.128646574377022 1.825766634154798
17.65833333333331 5.363979559779831 1.471785571636817
17.66111111111108 5.580633689195126 1.092396712589135
17.66388888888886 5.79728781861042 0.7130078535414526
17.66666666666664 5.969275260730591 0.3032370311693868
17.66944444444441 6.069677981441256 -0.1552252100688223
17.67222222222219 6.170080702151919 -0.6136874513070316
17.67499999999997 6.268952163110884 -1.072549934181429
17.67777777777774 6.224112060571866 -1.568975835835522
17.68055555555552 6.179271958032848 -2.065401737489616
17.68333333333329 6.13443185549383 -2.561827639143709
17.68611111111107 5.988976805682992 -3.049392171645783
17.68888888888885 5.786150878516396 -3.531903930811396
17.69166666666662 5.583324951349799 -4.014415689977008
17.6944444444444 5.340892309390757 -4.478618129565207
17.69722222222218 4.987572618740238 -4.891559907365935
17.69999999999995 4.634252928089719 -5.304501685166662
17.70277777777773 4.2809332374392 -5.71744346296739
17.70555555555551 3.819119091420114 -6.023119448865206
17.70833333333328 3.343826485842861 -6.315469614257018
17.71111111111106 2.868533880265608 -6.607819779648831
17.71388888888884 2.35441206716502 -6.818331475192184
17.71666666666661 1.803841944199358 -6.952022805392578
17.71944444444439 1.253271821233696 -7.085714135592972
17.72222222222216 0.7003374556947477 -7.194225088408438
17.72499999999994 0.1331331974794598 -7.150754477702222
17.72777777777772 -0.434071060735828 -7.107283866996005
17.73055555555549 -1.001275318951116 -7.063813256289787
17.73333333333327 -1.53362618206388 -6.887729722352746
17.73611111111105 -2.055474980492812 -6.671687111442411
17.73888888888882 -2.577323778921743 -6.455644500532077
17.7416666666666 -3.05919980996139 -6.182263803522493
17.74444444444438 -3.479792171902969 -5.820976050666562
17.74722222222215 -3.900384533844549 -5.459688297810633
17.74999999999993 -4.317970625659679 -5.096303488448988
17.75277777777771 -4.595987843138712 -4.635560888998286
17.75555555555548 -4.874005060617745 -4.174818289547583
17.75833333333326 -5.152022278096777 -3.714075690096881
17.76111111111103 -5.324265583819838 -3.22574401967109
17.76388888888881 -5.438901023243542 -2.722386455944471
17.76666666666659 -5.553536462667245 -2.219028892217852
17.76944444444436 -5.623988868353329 -1.720093283546523
17.77222222222214 -5.577208117461576 -1.232890679730754
17.77499999999992 -5.530427366569824 -0.7456880759149846
17.77777777777769 -5.483646615678071 -0.2584854720992158
17.78055555555547 -5.312280152970966 0.1676870225620133
17.78333333333325 -5.127076838969734 0.5870813359010754
17.78611111111102 -4.941873524968504 1.006475649240138
17.7888888888888 -4.704223852144493 1.370554843535889
17.79166666666658 -4.419380237734229 1.684858637678737
17.79444444444435 -4.134536623323966 1.999162431821585
17.79722222222213 -3.841664564354748 2.294563710934876
17.7999999999999 -3.504235664729806 2.485058448814719
17.80277777777768 -3.166806765104864 2.675553186694562
17.80555555555546 -2.829377865479922 2.866047924574405
17.80833333333323 -2.487719417147894 2.960429598372509
17.81111111111101 -2.144861006626098 3.027543104612338
17.81388888888879 -1.802002596104303 3.094656610852165
17.81666666666656 -1.473177584755783 3.118572658703882
17.81944444444434 -1.164943003988565 3.079107464616517
17.82222222222212 -0.8567084232213468 3.039642270529152
17.82499999999989 -0.5504536167079338 2.997691304693892
17.82777777777767 -0.3048141207394343 2.87963275934403
17.83055555555545 -0.05917462477093471 2.761574213994167
17.83333333333322 0.1864648711975648 2.643515668644305
17.836111111111 0.381862141404741 2.495382033621408
17.83888888888877 0.5511394176814164 2.331612921709993
17.84166666666655 0.7204166939580916 2.167843809798577
17.84444444444433 0.8679174169383961 2.000110836593896
17.8472222222221 0.9605878896460617 1.822397426917109
17.84999999999988 1.053258362353727 1.644684017240323
17.85277777777766 1.145928835061393 1.466970607563536
17.85555555555543 1.178331325711364 1.300228012938554
17.85833333333321 1.204815562546238 1.134562741061378
17.86111111111099 1.231299799381113 0.9688974691842009
17.86388888888876 1.231383417375504 0.8191097289231952
17.86666666666654 1.208695301588715 0.6830170813890044
17.86944444444432 1.186007185801926 0.5469244338548136
17.87222222222209 1.158449234397172 0.4170310143203836
17.87499999999987 1.105924637700537 0.3189197613097213
17.87777777777764 1.053400041003901 0.220808508299059
17.88055555555542 1.000875444307266 0.1226972552883967
17.8833333333332 0.9390204247587786 0.0548452204210414
17.88611111111097 0.8746782153397388 -0.004940682605146379
17.88888888888875 0.810336005920699 -0.06472658563133417
17.89166666666653 0.7469864919115969 -0.1108927116010645
17.8944444444443 0.6850314120184556 -0.1379272070734824
17.89722222222208 0.6230763321253143 -0.1649617025459003
17.89999999999986 0.5616096529931289 -0.1909909396278684
