17.6 -0.03494677800736844 0.1299753485726511
17.60277777777778 0.001552446215856998 0.1354826884889843
17.60555555555555 0.03820832303751828 0.1356358043075584
17.60833333333333 0.07520830753327254 0.1240276750574327
17.61111111111111 0.1075606380124788 0.1021911904787681
17.61388888888888 0.1371322092064919 0.07423493150407043
17.61666666666666 0.153073244585497 0.03505740902583795
17.61944444444444 0.1633070981323645 -0.005999947960694649
17.62222222222221 0.1592005564184164 -0.0504663727354847
17.62499999999999 0.1437676629535502 -0.09237848507608748
17.62777777777777 0.1195841924349293 -0.132317172233872
17.63055555555554 0.08070957292306004 -0.1604516054850633
17.63333333333332 0.03796606044028167 -0.1830796687609032
17.6361111111111 -0.01249497768858983 -0.1892719610651079
17.63888888888887 -0.06277049552258723 -0.1837323192997794
17.64166666666665 -0.1128624390787868 -0.1665838057102227
17.64444444444442 -0.1539769356635529 -0.1317838553806912
17.6472222222222 -0.1904745866530231 -0.0910414780494999
17.64999999999998 -0.209406287169427 -0.03706318035798371
17.65277777777775 -0.2169992288655236 0.01911135742209123
17.65555555555553 -0.2102267310997259 0.07806838264510137
17.65833333333331 -0.1836998038721482 0.1317085890437195
17.66111111111108 -0.1493124108099886 0.1823813232075173
17.66388888888886 -0.09516903869926213 0.2158331705948154
17.66666666666664 -0.03673363043684727 0.2391353960098938
17.66944444444441 0.02871607764774137 0.2458505077384143
17.67222222222219 0.09305810238206096 0.2318446911388703
17.67499999999997 0.1568291125166278 0.2084929821750087
17.67777777777774 0.2056910668294153 0.1582686590872469
17.68055555555552 0.2462691234627338 0.1022351476270584
17.68333333333329 0.2690894325835897 0.03374879037357181
17.68611111111107 0.2715394423315993 -0.03801147336010734
17.68888888888885 0.2620736780727632 -0.1116868355920208
17.69166666666662 0.2222692666335923 -0.1762322916137188
17.6944444444444 0.1741565152223784 -0.234257866826318
17.69722222222218 0.1072102671559736 -0.2749699164240919
17.69999999999995 0.03288059814688361 -0.2970357443876552
17.70277777777773 -0.0470322132419371 -0.3050018059914325
17.70555555555551 -0.1246408134110844 -0.2813019870806395
17.70833333333328 -0.1983742103505843 -0.2471669304216603
17.71111111111106 -0.2573869547594588 -0.1874131071598404
17.71388888888884 -0.3007448083476394 -0.1169222357372998
17.71666666666661 -0.3289352936659318 -0.03602868789558497
17.71944444444439 -0.3263211138879628 0.04964436009049171
17.72222222222216 -0.3120520037279035 0.1348779659708917
17.72499999999994 -0.2658240609361421 0.2104892586610442
17.72777777777772 -0.2067205284731152 0.2743922223726241
17.73055555555549 -0.1316492371649591 0.3237750143186719
17.73333333333327 -0.04526354149798686 0.3454927424877994
17.73611111111105 0.04455168125413594 0.3555835590973268
17.73888888888882 0.1323243710482084 0.3289268618338023
17.7416666666666 0.2127629961551744 0.2887945851829185
17.74444444444438 0.2814805133139919 0.2271259944413289
17.74722222222215 0.3276747089313682 0.1490242900759677
17.74999999999993 0.3636968872403464 0.06372377188079836
17.75277777777771 0.3608906038312253 -0.02900625385254094
17.75555555555548 0.3456065375241094 -0.1185308806369547
17.75833333333326 0.304214066781786 -0.2013485585331823
17.76111111111103 0.2434052328774896 -0.2681002375902243
17.76388888888881 0.1714936719709451 -0.3256650057081849
17.76666666666659 0.08369403252526747 -0.3495154583985122
17.76944444444436 -0.004977388791068415 -0.3613902966832559
17.77222222222214 -0.09370105136506451 -0.3446120280162012
17.77499999999992 -0.1731364660338364 -0.3079093943492231
17.77777777777769 -0.2456980091636826 -0.2564615119656268
17.78055555555547 -0.2926881877063688 -0.1836072023359548
17.78333333333325 -0.3293136542897931 -0.1061468587641708
17.78611111111102 -0.3375056737007855 -0.02113056091794556
17.7888888888888 -0.327559790490523 0.06063745595289485
17.79166666666658 -0.300407746230684 0.1393240555968475
17.79444444444435 -0.2496752963521697 0.2013904863902022
17.79722222222213 -0.191639447753009 0.2558771681875599
17.7999999999999 -0.1191116183098788 0.2850643131445211
17.80277777777768 -0.04535082842433723 0.2995296655723967
17.80555555555546 0.02990678503344026 0.2961226473019842
17.80833333333323 0.09683799067013164 0.2701280251098976
17.81111111111101 0.1595446945362268 0.2355313225782156
17.81388888888879 0.2024495278854541 0.1813179971838322
17.81666666666656 0.23474476447845 0.1233102644525552
17.81944444444434 0.2504565322662377 0.05937163376621012
17.82222222222212 0.2469139772302143 -0.002747934328016975
17.82499999999989 0.2348805785027818 -0.06388927465246391
17.82777777777767 0.200702770122371 -0.1119842436535867
17.83055555555545 0.1619443463644859 -0.1533767217141139
17.83333333333322 0.1138287296954619 -0.181077480311634
17.836111111111 0.06333618322243935 -0.1940327314824298
17.83888888888877 0.01151516091361784 -0.1987466579535879
17.84166666666655 -0.03452169039987157 -0.1834069608846236
17.84444444444433 -0.07666493757379407 -0.1630045405178762
17.8472222222221 -0.1088862028602426 -0.1313471997210782
17.84999999999988 -0.1309270976064845 -0.09532195063844781
17.85277777777766 -0.1455949361122258 -0.05613327706968506
17.85555555555543 -0.1444161684636525 -0.01756368546360244
17.85833333333321 -0.1383388438186645 0.01935316660912566
17.86111111111099 -0.1206883238308744 0.05017226457878433
17.86388888888876 -0.09833562446063804 0.07465365173122139
17.86666666666654 -0.0716154771211477 0.09324848714092303
17.86944444444432 -0.0427044185696536 0.1003872335665052
17.87222222222209 -0.01383082403701335 0.1034052253860062
17.87499999999987 0.01217938279810835 0.09575893442128991
17.87777777777764 0.03464128105628216 0.08403090832403459
17.88055555555542 0.05288615104367566 0.06745189701101206
17.8833333333332 0.06344601729534904 0.0476250040747624
17.88611111111097 0.07089018411559651 0.02687377585034641
17.88888888888875 0.0692580306339792 0.006645248405821876
17.89166666666653 0.06451434921375485 -0.01181460600752703
17.8944444444443 0.05501348730013061 -0.02757035587509517
17.89722222222208 0.042243825693747 -0.03847304456513077
17.89999999999986 0.02810709005177665 -0.04721904305473087
