17.6 -0.001087966145666497 0.001731207409692645
17.60277777777778 -0.0009637052882919068 0.001992124382662529
17.60555555555555 -0.0008113942159851761 0.002251721790791491
17.60833333333333 -0.0005974672221138873 0.002508420604241791
17.61111111111111 -0.0003247589216851854 0.002744121274914886
17.61388888888888 -1.688090693968399e-05 0.002967258450049884
17.61666666666666 0.0003742146315936996 0.003129464187879459
17.61944444444444 0.0007891680258610968 0.003263765976699937
17.62222222222221 0.001258945903171512 0.003326838434096476
17.62499999999999 0.001755856935325918 0.003321691154365084
17.62777777777777 0.002273730654088973 0.003263838283331842
17.63055555555554 0.002804598059218481 0.003083851223870562
17.63333333333332 0.003332703942708173 0.002858684550015247
17.6361111111111 0.003841241728231908 0.002513800607269318
17.63888888888887 0.004316757608067765 0.002096086092314832
17.64166666666665 0.004759597965841337 0.001606304962201814
17.64444444444442 0.005115684203852252 0.001010360722127737
17.6472222222222 0.005433814854159853 0.0003770221542666183
17.64999999999998 0.005627444553262791 -0.0003471615189151852
17.65277777777775 0.005745205060843393 -0.001101571963820262
17.65555555555553 0.00576684444131394 -0.001894277681268001
17.65833333333331 0.005644112220498356 -0.002706134574140972
17.66111111111108 0.005460929384233732 -0.003522747839374986
17.66388888888886 0.005091388744691225 -0.004318492406675165
17.66666666666664 0.004647510839443249 -0.005086994548260414
17.66944444444441 0.004082146569404606 -0.005810975503375075
17.67222222222219 0.003392241522440799 -0.006451987187647151
17.67499999999997 0.002646216415116147 -0.007055283687262632
17.67777777777774 0.001748555109723101 -0.007495694601256653
17.68055555555552 0.000814393457775306 -0.007872149336838229
17.68333333333329 -0.0001980120309889464 -0.00811150464023766
17.68611111111107 -0.001253542257485417 -0.00820601302709773
17.68888888888885 -0.002334298653686913 -0.008215792019878685
17.69166666666662 -0.003429379207462226 -0.007992024170543274
17.6944444444444 -0.004514398199714977 -0.007689375602158751
17.69722222222218 -0.005567793182905594 -0.007198510608708043
17.69999999999995 -0.00656298135222959 -0.006567841797182463
17.70277777777773 -0.007514155109831634 -0.005831457135565025
17.70555555555551 -0.008323363489053971 -0.004897714001492979
17.70833333333328 -0.009071627473254709 -0.003901051463038997
17.71111111111106 -0.009646607262253118 -0.002753460463795559
17.71388888888884 -0.01008867266022399 -0.001536027997299525
17.71666666666661 -0.0104019628696501 -0.0002509290573376273
17.71944444444439 -0.01047200029901236 0.001095927581319932
17.72222222222216 -0.01044672854952785 0.002456728019896644
17.72499999999994 -0.0101478481486055 0.003820479753478785
17.72777777777772 -0.009707500522207245 0.005151132764543168
17.73055555555549 -0.009091711257906369 0.006440738147286115
17.73333333333327 -0.008249841256956856 0.007614579821355385
17.73611111111105 -0.007317692963456144 0.008735433506805305
17.73888888888882 -0.006146252593892858 0.009646685531140826
17.7416666666666 -0.004898433906194525 0.01044695319312907
17.74444444444438 -0.003528549413250056 0.01106984858651491
17.74722222222215 -0.002073094290667822 0.01145954102312698
17.74999999999993 -0.0005801920448436587 0.01174441456979167
17.75277777777771 0.0009477758898383033 0.01167423631606563
17.75555555555548 0.002457395450059143 0.01148794061782846
17.75833333333326 0.003928623031105815 0.01105868178839541
17.76111111111103 0.00530659350749693 0.01041692413105853
17.76388888888881 0.006631237407465195 0.0096536547130056
17.76666666666659 0.007740787830521303 0.008619883733665994
17.76944444444436 0.008762803814143648 0.007515055580575761
17.77222222222214 0.009570639182361788 0.006250880447741887
17.77499999999992 0.01018776596030147 0.004910665164927334
17.77777777777769 0.01066375671729081 0.003514175520349262
17.78055555555547 0.01083046696649079 0.002080836869393768
17.78333333333325 0.01089000063441443 0.000652584421379735
17.78611111111102 0.01067820808076215 -0.0007367289030100846
17.7888888888888 0.01030932624368551 -0.002058943122434941
17.79166666666658 0.009791424778143393 -0.003317505108720299
17.79444444444435 0.009064599295769051 -0.004412396596418046
17.79722222222213 0.008268001726472931 -0.00543863944481831
17.7999999999999 0.007311597866814207 -0.006252920921175311
17.80277777777768 0.006305129854586851 -0.006944267728312334
17.80555555555546 0.005237883571531778 -0.007486370890313747
17.80833333333323 0.004143302355566512 -0.007817404126194773
17.81111111111101 0.003042874597678146 -0.008063322032220677
17.81388888888879 0.001973157838690015 -0.008069457067152572
17.81666666666656 0.0009390022640903845 -0.007986893717324471
17.81944444444434 -3.956893670761167e-05 -0.007765689198511713
17.82222222222212 -0.000923644878463477 -0.007415531245335019
17.82499999999989 -0.001765240217014442 -0.007008777172998058
17.82777777777767 -0.002447773388334598 -0.006470529305362568
17.83055555555545 -0.00307341762370201 -0.005904977880045189
17.83333333333322 -0.003582850235880752 -0.005283651272719249
17.836111111111 -0.003982737719997889 -0.004639048114971093
17.83888888888877 -0.004321399981849504 -0.003981435597533538
17.84166666666655 -0.00450964824231396 -0.003327190750770417
17.84444444444433 -0.004654051648703629 -0.002682324944633394
17.8472222222221 -0.00469792867205908 -0.00206274741588809
17.84999999999988 -0.004676286391129468 -0.00147573207331849
17.85277777777766 -0.004607192250424775 -0.0009122996474058946
17.85555555555543 -0.004459419138073103 -0.0004105591914613309
17.85833333333321 -0.004288834578253084 6.838252965699845e-05
17.86111111111099 -0.004066622440609033 0.0004878656179599738
17.86388888888876 -0.00382106721048183 0.0008683037948918274
17.86666666666654 -0.003553830599537417 0.001212476528715725
17.86944444444432 -0.003262653851570167 0.001496415450630553
17.87222222222209 -0.002964291552918704 0.001758327013597615
17.87499999999987 -0.002652111136918991 0.001962022390658319
17.87777777777764 -0.002337016648688612 0.00213681534363666
17.88055555555542 -0.00201845889769139 0.002277258877220862
17.8833333333332 -0.001701007310418828 0.002372386419676389
17.88611111111097 -0.001384566372983184 0.002449413242076219
17.88888888888875 -0.001075675675921673 0.002475935929374982
17.89166666666653 -0.0007726110950149358 0.00248207089996544
17.8944444444443 -0.0004784539983637258 0.002457035317006852
17.89722222222208 -0.0001994237316037092 0.002398078209494085
17.89999999999986 7.278189873972169e-05 0.002324231324010102
