17.6 9.918058440103877e-05 3.990400678461513e-05
17.60277777777778 6.85797818054379e-05 0.0001017642394511437
17.60555555555555 2.12453810916147e-05 0.0001507111560900275
17.60833333333333 -6.284653009546492e-05 0.0001712923054995828
17.61111111111111 -0.0001500239449883672 0.0001421124422534144
17.61388888888888 -0.0002390474618176261 8.315983828895132e-05
17.61666666666666 -0.0002674857048993813 -3.943756165073045e-05
17.61944444444444 -0.0002645305266994322 -0.0001664553088594116
17.62222222222221 -0.0001798832160865903 -0.0002942144506115477
17.62499999999999 -4.451577215540479e-05 -0.0003722226122002261
17.62777777777777 0.000130037319947347 -0.0004117938794566341
17.63055555555554 0.0003073904479436463 -0.0003251961970598158
17.63333333333332 0.0004642552313380862 -0.0001981074818763292
17.6361111111111 0.0005319885024067639 2.626922940878013e-05
17.63888888888887 0.0005081594914948038 0.0002572607143767507
17.64166666666665 0.0003937286421180843 0.0004947975872897518
17.64444444444442 0.0001504743420251909 0.0006282488518175453
17.6472222222222 -0.0001260481907621431 0.0007096959181634233
17.64999999999998 -0.0004305395128674403 0.0005978365455094377
17.65277777777775 -0.0006738676382385069 0.0003966709493708255
17.65555555555553 -0.0008397061358729012 8.236041670343382e-05
17.65833333333331 -0.000809589410687942 -0.0002775877479770555
17.66111111111108 -0.0006987237268507757 -0.0006430223753287928
17.66388888888886 -0.0003530880290549682 -0.0008770074348895748
17.66666666666664 2.985184593550156e-05 -0.0009995535185768705
17.66944444444441 0.0004737564179171477 -0.0009399794240953201
17.67222222222219 0.0008258935834691665 -0.0006708235720123879
17.67499999999997 0.001135585881217049 -0.0003078191812188118
17.67777777777774 0.001127330892007576 0.0001986085900780653
17.68055555555552 0.001006940358936456 0.0006692034817950623
17.68333333333329 0.0006461708699539155 0.001062985349879353
17.68611111111107 0.0001615708339302504 0.001245231704637273
17.68888888888885 -0.00039546489813689 0.001303738622625842
17.69166666666662 -0.0008759800087054638 0.0009870665854316901
17.6944444444444 -0.001265163415650363 0.000583453266456133
17.69722222222218 -0.001402946288450265 -7.277431673520366e-06
17.69999999999995 -0.001293527963064084 -0.0005759787544687347
17.70277777777773 -0.0009971828057084679 -0.001128022061964069
17.70555555555551 -0.0004299443921389236 -0.001391738199191082
17.70833333333328 0.0001759221420048833 -0.001527437131111925
17.71111111111106 0.0007919927698452741 -0.001293702154901839
17.71388888888884 0.001255349876097405 -0.0008778830065241587
17.71666666666661 0.001570749245163733 -0.0002856501273184758
17.71944444444439 0.001500939224784897 0.0003642350950516797
17.72222222222216 0.00129327403666625 0.0009919358830843899
17.72499999999994 0.0007371389464283329 0.001394046390732212
17.72777777777772 0.0001227400655245489 0.001589280748764873
17.73055555555549 -0.0005639150912088305 0.00152795610233999
17.73333333333327 -0.001092918738896163 0.001136706317735751
17.73611111111105 -0.001540183096342553 0.000627169181385396
17.73888888888882 -0.00157865535864912 -5.826040005454589e-05
17.7416666666666 -0.001442906358498607 -0.0006877580517169214
17.74444444444438 -0.001028721550751234 -0.001227866774505566
17.74722222222215 -0.0004448124781440609 -0.001488059294894214
17.74999999999993 0.0002118169838297934 -0.001622185653478879
17.75277777777771 0.0007922029673552308 -0.001306602308022224
17.75555555555548 0.001260310034052778 -0.0008979513677197088
17.75833333333326 0.001493485671500931 -0.0002945666012309541
17.76111111111103 0.001447197045215426 0.0003043070409015542
17.76388888888881 0.001241104268109552 0.0009006011174489538
17.76666666666659 0.0007313624892107512 0.001229671120547796
17.76944444444436 0.0001895660206733182 0.001437696234514105
17.77222222222214 -0.0003966196942875817 0.00134497325449962
17.77499999999992 -0.0008631550443687616 0.001058329180721025
17.77777777777769 -0.001241141806367341 0.0006281716369291332
17.78055555555547 -0.001298888456212235 9.115758299212931e-05
17.78333333333325 -0.001248102842860197 -0.0004330329024814701
17.78611111111102 -0.0009261237483498983 -0.0008519915481011601
17.7888888888888 -0.000516859949079892 -0.001115764120842733
17.79166666666658 -2.479524837046892e-05 -0.00123232250800018
17.79444444444435 0.0004206265078760196 -0.001080178708136919
17.79722222222213 0.0008234485053670339 -0.0008427568056904273
17.7999999999999 0.001022982724607086 -0.0004274516839639007
17.80277777777768 0.001088168225915874 -6.380393031568774e-06
17.80555555555546 0.0009902533381271074 0.0004216910721901103
17.80833333333323 0.0007177095243842091 0.0007226737460206709
17.81111111111101 0.000385774789436475 0.0009645363897228941
17.81388888888879 -1.294451647363581e-05 0.0009681106109314897
17.81666666666656 -0.0003736504850704262 0.0008797639427617855
17.81944444444434 -0.0006749392102034569 0.0006477391276675307
17.82222222222212 -0.0008277276775148928 0.0003315610807027713
17.82499999999989 -0.0009141477036817183 -1.963762996392494e-05
17.82777777777767 -0.0007748826143377646 -0.00033760489728746
17.83055555555545 -0.0005852217264976652 -0.000602878269611165
17.83333333333322 -0.0002926132716650858 -0.000760509567645589
17.836111111111 1.37342625350984e-05 -0.0007822370886126157
17.83888888888877 0.0003277606246566137 -0.0007280074300600208
17.84166666666655 0.0005373248196403292 -0.0005084825650352214
17.84444444444433 0.0006921237398069116 -0.0002634499498480484
17.8472222222221 0.0007104006922646584 2.984784353946397e-05
17.84999999999988 0.0006240295650659756 0.0002871278709946116
17.85277777777766 0.000461867858956637 0.0005183223043323645
17.85555555555543 0.0002117551075510752 0.0006102801290618452
17.85833333333321 -4.461130415819497e-05 0.0006491006818998448
17.86111111111099 -0.0002843371990521801 0.0005472298010881869
17.86388888888876 -0.0004596959335197791 0.0003833894879596035
17.86666666666654 -0.0005752695766018134 0.0001619911258253313
17.86944444444432 -0.0005529399535556922 -6.963251395821106e-05
17.87222222222209 -0.0004838775537960181 -0.0002898285315769154
17.87499999999987 -0.0003034943591506891 -0.0004298302426223196
17.87777777777764 -0.0001062103830807007 -0.0005014497813072351
17.88055555555542 0.0001111595216847482 -0.0004917997382159242
17.8833333333332 0.0002771874171042987 -0.0003805355987966354
17.88611111111097 0.0004170322557025466 -0.0002344685313166442
17.88888888888875 0.0004366244907501904 -3.940568397448868e-05
17.89166666666653 0.0004057576491629748 0.0001380920532740572
17.8944444444443 0.0002977444859554604 0.0002887346888650076
17.89722222222208 0.0001453939856189074 0.0003597634271442381
17.89999999999986 -2.464368283712383e-05 0.0003954854910656545
