17.6 -9.463623142238391e-05 -0.0002429664050752862
17.60277777777778 -0.0001532218579525935 -0.0001745317796595208
17.60555555555555 -0.000195632568925731 -0.0001039420027979703
17.60833333333333 -0.0002025129878605012 -2.861815731111741e-05
17.61111111111111 -0.0001878212035550515 3.41488778700727e-05
17.61388888888888 -0.0001602224549513271 8.940299003127062e-05
17.61666666666666 -0.0001212908704619828 0.0001219342928932736
17.61944444444444 -8.093217879715283e-05 0.0001492169248483205
17.62222222222221 -3.853488854073335e-05 0.0001653003796478807
17.62499999999999 8.43898100903757e-06 0.000174943147619954
17.62777777777777 5.894865013750727e-05 0.0001796099332455087
17.63055555555554 0.0001202272725452379 0.0001626618399936334
17.63333333333332 0.0001821847555121693 0.0001340650840542279
17.6361111111111 0.0002405916239508351 6.868857277772323e-05
17.63888888888887 0.000276176667531501 -2.080463272039849e-05
17.64166666666665 0.0002891792760250555 -0.0001341615601234964
17.64444444444442 0.0002303530105978415 -0.0002557326065076576
17.6472222222222 0.0001432765131298338 -0.0003709117388490247
17.64999999999998 -2.530605569546016e-05 -0.0004300312354413066
17.65277777777775 -0.0002088265135090359 -0.0004289134386004819
17.65555555555553 -0.0004112722649416396 -0.0003514790707949524
17.65833333333331 -0.0005535977387882487 -0.0001604644773640711
17.66111111111108 -0.000663581774463993 7.228542597622915e-05
17.66388888888886 -0.0005957958531838792 0.0003702854758574654
17.66666666666664 -0.0004440659955900418 0.0006346431832126465
17.66944444444441 -0.0001551499828128912 0.0008440205807898706
17.67222222222219 0.0002182225589140963 0.0008816034411106553
17.67499999999997 0.0006286529826249683 0.0008412697912484933
17.67777777777774 0.0009533276711570162 0.0004968375614047701
17.68055555555552 0.001180860370711845 9.074764732609533e-05
17.68333333333329 0.001200154994440218 -0.0004475145401452166
17.68611111111107 0.0009651185334094501 -0.0009439208957695011
17.68888888888885 0.0005813090144360234 -0.001415843338613273
17.69166666666662 -7.453753067742448e-05 -0.001551996421399596
17.6944444444444 -0.0007408666773655784 -0.001537537773943742
17.69722222222218 -0.001390599821958911 -0.001144687872703288
17.69999999999995 -0.001818000904168864 -0.0005209593509478676
17.70277777777773 -0.002077280519446156 0.0002773533128708501
17.70555555555551 -0.00179354773022754 0.00112115343287359
17.70833333333328 -0.001331632744883203 0.00189311788085536
17.71111111111106 -0.0004335514489237605 0.002343629429618744
17.71388888888884 0.0005448975978637192 0.002432837857969769
17.71666666666661 0.001601211593553949 0.002171994820161086
17.71944444444439 0.002351338706150008 0.001345458037480346
17.72222222222216 0.002929970260267038 0.0003558168697377047
17.72499999999994 0.00282995084170677 -0.0008903668997518997
17.72777777777772 0.002357244241960536 -0.002000398381259886
17.73055555555549 0.001422346846624625 -0.002941579584356558
17.73333333333327 0.0001398108681452109 -0.003261763717190745
17.73611111111105 -0.001239016975006982 -0.003315629522551492
17.73888888888882 -0.0024381364064386 -0.002475993682199357
17.7416666666666 -0.003327522257544467 -0.001393604730986502
17.74444444444438 -0.003721900103533202 7.674581294989406e-05
17.74722222222215 -0.00337906827304045 0.001516363803859452
17.74999999999993 -0.002708433044342994 0.00293488064815387
17.75277777777771 -0.001248868721571258 0.00362278419330559
17.75555555555548 0.0002534029833772288 0.00395445212956584
17.75833333333326 0.00184503524343032 0.003540735775428197
17.76111111111103 0.003041724710164175 0.002529816268385376
17.76388888888881 0.004012576723243648 0.001177402140734412
17.76666666666659 0.00395017672208804 -0.0004761914955505695
17.76944444444436 0.00356067888972885 -0.002025118301189764
17.77222222222214 0.002405573568123666 -0.003233418663759403
17.77499999999992 0.0009680043008921904 -0.003857685979483924
17.77777777777769 -0.0006786055622003335 -0.004049733119835792
17.78055555555547 -0.002079632466394887 -0.00328317005073019
17.78333333333325 -0.003271070911396172 -0.002267962671068924
17.78611111111102 -0.003750214542231524 -0.0007452424000262414
17.7888888888888 -0.003684414428764338 0.0007328908403635953
17.79166666666658 -0.003101664256449608 0.002168727479754138
17.79444444444435 -0.001915106898512992 0.003004574279122715
17.79722222222213 -0.0005892941892167129 0.003577190767013815
17.7999999999999 0.0008113857659736338 0.003300994068933049
17.80277777777768 0.001967107600097934 0.002676368290494518
17.80555555555546 0.00282544836893422 0.001628746896955815
17.80833333333323 0.00302445827158668 0.0004078407734415732
17.81111111111101 0.002961966455840944 -0.0008386312711448288
17.81388888888879 0.002202686317120163 -0.001753234792622536
17.81666666666656 0.001318487925823054 -0.002391174920996827
17.81944444444434 0.0002390344280032636 -0.002596672718669068
17.82222222222212 -0.0007015462347612382 -0.002317432288856548
17.82499999999989 -0.001574828630574692 -0.001827648081452221
17.82777777777767 -0.00191147583504059 -0.000980591560622077
17.83055555555545 -0.002054873318082927 -0.0001565843586598553
17.83333333333322 -0.001803503990474335 0.0006203381384441249
17.836111111111 -0.00132216025377797 0.00114729065012746
17.83888888888877 -0.0007122828747286327 0.001534533909670605
17.84166666666655 -8.791919107112268e-05 0.001475593966008035
17.84444444444433 0.0004684012001726116 0.001310785429464844
17.8472222222221 0.0008361472570508307 0.0009141457760136643
17.84999999999988 0.001003670575581347 0.0004837355663104163
17.85277777777766 0.00102618409268722 2.886728707658312e-05
17.85555555555543 0.0008254469741156613 -0.0002855640111665219
17.85833333333321 0.0005845340772305446 -0.0005347160501961355
17.86111111111099 0.0002919768068147568 -0.0005968259944609267
17.86388888888876 4.731601453820745e-05 -0.0005686089675266112
17.86666666666654 -0.0001528578793940236 -0.0004564950249609798
17.86944444444432 -0.0002300557849691339 -0.0003064473236932877
17.87222222222209 -0.0002676353336145039 -0.0001572881840374379
17.87499999999987 -0.0002181537073748987 -5.913095598593198e-05
17.87777777777764 -0.0001632885886544676 -7.014399796187347e-07
17.88055555555542 -0.0001020253961772427 1.051321824448263e-05
17.8833333333332 -8.071429942775413e-05 -1.052440336357324e-05
17.88611111111097 -7.562535601196258e-05 -3.909255193248153e-05
17.88888888888875 -0.0001179941042061069 -4.416289433165568e-05
17.89166666666653 -0.0001602533000352 -2.536383229628835e-05
17.8944444444443 -0.0002023450024705937 2.992889696801846e-05
17.89722222222208 -0.0002032677822281029 0.0001119945973601921
17.89999999999986 -0.0001856273619243781 0.0002045808573452879
