17.6 -0.06531986736092481 0.08692457791169632
17.60277777777778 -0.08300004842992281 0.07469805790672648
17.60555555555555 -0.09938706358047628 0.06054508401676786
17.60833333333333 -0.1129334726966873 0.04216040524460525
17.61111111111111 -0.1225131562229905 0.02085505990611182
17.61388888888888 -0.1297194898879067 -0.002197762900446293
17.61666666666666 -0.1294390539578192 -0.02746723922517468
17.61944444444444 -0.1264726998575892 -0.05274833197779002
17.62222222222221 -0.1169667622687459 -0.07763121943882548
17.62499999999999 -0.102723752592595 -0.1004475830814621
17.62777777777777 -0.08482094890503036 -0.1216673800357252
17.63055555555554 -0.06087320308128086 -0.1370976156595654
17.63333333333332 -0.03525631931136534 -0.1500265324501351
17.6361111111111 -0.00613434125542766 -0.1557452559103867
17.63888888888887 0.02347872277837736 -0.1563565710806845
17.64166666666665 0.05357772153854114 -0.1519140521737822
17.64444444444442 0.08145449430964838 -0.1392210093681657
17.6472222222222 0.1080255762860762 -0.1235472613000476
17.64999999999998 0.1291419058786687 -0.1003066690158568
17.65277777777775 0.1462513477323491 -0.07443007338770054
17.65555555555553 0.1582843342035534 -0.04521384005675914
17.65833333333331 0.1622204192086125 -0.01423417811866562
17.66111111111108 0.1627849313447672 0.01720588190523557
17.66388888888886 0.1531594500464791 0.04703785340542652
17.66666666666664 0.1399136139081232 0.07474156013504434
17.66944444444441 0.1207511793504125 0.09896713045709776
17.67222222222219 0.09691141713399627 0.1171653473125578
17.67499999999997 0.07097849597682587 0.1326310188382752
17.67777777777774 0.04208998106452652 0.1376405331340989
17.68055555555552 0.01359406418582491 0.1392418920603653
17.68333333333329 -0.01406026132800544 0.1335373709676353
17.68611111111107 -0.03843937686577942 0.1219944407429629
17.68888888888885 -0.06090263141470234 0.1070362851206479
17.69166666666662 -0.07558051239019628 0.08608592181003927
17.6944444444444 -0.08725611703376683 0.06414453326632322
17.69722222222218 -0.09157748002031611 0.04036643329368805
17.69999999999995 -0.0902995456524851 0.01757571712170933
17.70277777777773 -0.08478757470477769 -0.004468366238013742
17.70555555555551 -0.07215494593939276 -0.02162023796870026
17.70833333333328 -0.05761577464144408 -0.03650077571616663
17.71111111111106 -0.03913130118067151 -0.0447036346644441
17.71388888888884 -0.02020323021703227 -0.04808528283201641
17.71666666666661 -0.0008453762056129625 -0.04679586173086865
17.71944444444439 0.01580232365120375 -0.03819864750940213
17.72222222222216 0.03093998474244267 -0.02712197012777014
17.72499999999994 0.04012208054485158 -0.01031528040612881
17.72777777777772 0.04520493577265266 0.007834028775284245
17.73055555555549 0.04520408713797481 0.02764839752303754
17.73333333333327 0.0377749783692639 0.04648822701966645
17.73611111111105 0.02737571661219713 0.0646229558891261
17.73888888888882 0.009063774696695198 0.07765739335167612
17.7416666666666 -0.0114000537502249 0.08727954586822415
17.74444444444438 -0.03530297026126591 0.0914482749547546
17.74722222222215 -0.0602216758460318 0.08810786560165071
17.74999999999993 -0.08554696541129125 0.08140017237114305
17.75277777777771 -0.1077282756746147 0.06399976009443238
17.75555555555548 -0.1274811220095269 0.04370910914542035
17.75833333333326 -0.1421526715373386 0.01737094793055439
17.76111111111103 -0.1499639360584514 -0.01242038886609759
17.76388888888881 -0.1538523304235214 -0.04418633158949113
17.76666666666659 -0.1459587457814513 -0.07674508710241082
17.76944444444436 -0.1342643076019733 -0.1082750182105859
17.77222222222214 -0.1136396049682118 -0.1367848917150108
17.77499999999992 -0.08734991945504955 -0.1603835322823256
17.77777777777769 -0.05686780012869069 -0.1803475600946936
17.78055555555547 -0.02102675998512588 -0.1898373969452971
17.78333333333325 0.01574314341709863 -0.1953277217745151
17.78611111111102 0.05350970794559615 -0.1901531267857133
17.7888888888888 0.08934690771748283 -0.1783481239260483
17.79166666666658 0.1233538539358676 -0.1602533163390847
17.79444444444435 0.1505860726796045 -0.1333679945899525
17.79722222222213 0.1748066252877133 -0.1036741708209887
17.7999999999999 0.1891983418802918 -0.06804524947219617
17.80277777777768 0.1977418886398241 -0.03138573135926745
17.80555555555546 0.1991857117103935 0.006524939245635901
17.80833333333323 0.1909637940225421 0.0425511228286034
17.81111111111101 0.1789418909034752 0.07748343993387535
17.81388888888879 0.157106152336347 0.1062904647261581
17.81666666666656 0.1324130171989695 0.1313284385239589
17.81944444444434 0.103253591025695 0.1504751479289333
17.82222222222212 0.07178830704943455 0.16176993524593
17.82499999999989 0.03936221778338081 0.169572222791464
17.82777777777767 0.007771127847631988 0.1664817207872615
17.83055555555545 -0.02235543384455573 0.1602635897153225
17.83333333333322 -0.04949028543460234 0.1476563981941669
17.836111111111 -0.0720869623586327 0.1306310753214868
17.83888888888877 -0.09214723481152719 0.1111364406794761
17.84166666666655 -0.1041568157851641 0.088128157175867
17.84444444444433 -0.1135104081754451 0.06483509505871174
17.8472222222221 -0.1166350513324656 0.0412223212367456
17.84999999999988 -0.1154498061122561 0.01898484339502971
17.85277777777766 -0.111143156885179 -0.00225658675179416
17.85555555555543 -0.1018767336283394 -0.0195752775306222
17.85833333333321 -0.09134059049305794 -0.03530082838082323
17.86111111111099 -0.07820001384866405 -0.04669141981232729
17.86388888888876 -0.06453483664980225 -0.05519568941549159
17.86666666666654 -0.05038240334266998 -0.06101910416763613
17.86944444444432 -0.03697876540739784 -0.0627823001625554
17.87222222222209 -0.02404869412060664 -0.06319214182139635
17.87499999999987 -0.01302856120923405 -0.06045849930237412
17.87777777777764 -0.003329479807617202 -0.05670160232990872
17.88055555555542 0.004799582684148003 -0.05172860679532688
17.8833333333332 0.01067908602832269 -0.04608438957332415
17.88611111111097 0.01568164419088783 -0.0402566716237519
17.88888888888875 0.01841703608001782 -0.03462056977685517
17.89166666666653 0.02046340159356178 -0.02933212096375109
17.8944444444443 0.02145632233718881 -0.02457519501126771
17.89722222222208 0.02177577173027705 -0.02061004407789711
17.89999999999986 0.02181192568610663 -0.01699197519214142
