17.6 -0.001344797371643915 0.005034734608208949
17.60277777777778 0.0001779075591942204 0.00517164017933043
17.60555555555555 0.001680722156102168 0.005070192125631503
17.60833333333333 0.003139845064433034 0.004445169536511293
17.61111111111111 0.004325584916476556 0.003405374882171605
17.61388888888888 0.005347755692707028 0.002117416042741713
17.61666666666666 0.005688137680289372 0.0004676387831936981
17.61944444444444 0.005770281483198761 -0.001203132050842212
17.62222222222221 0.005216250429980199 -0.002865796623317416
17.62499999999999 0.004231849825630098 -0.004285619195351823
17.62777777777777 0.002914951873362022 -0.00551782551782265
17.63055555555554 0.001181213594558276 -0.006079041784001137
17.63333333333332 -0.0006205821513265363 -0.006370991474544043
17.6361111111111 -0.002463282564550516 -0.005915354052410044
17.63888888888887 -0.004100691328262763 -0.005030845748961644
17.64166666666665 -0.0055349618513711 -0.003721965209800477
17.64444444444442 -0.006329569430232026 -0.001953017872562988
17.6472222222222 -0.006854027097290186 -6.444339679764446e-05
17.64999999999998 -0.006526461406831368 0.001929562979209842
17.65277777777775 -0.005787930498141245 0.003760996256602894
17.65555555555553 -0.00452873449223848 0.005386460428974015
17.65833333333331 -0.002778385202617229 0.006422876208667101
17.66111111111108 -0.0008542890517393537 0.007199538523549499
17.66388888888886 0.001257945127290482 0.007032652683671332
17.66666666666664 0.003253008106107048 0.006487505237836208
17.66944444444441 0.005056582966051059 0.005324180260025889
17.67222222222219 0.006338484052520466 0.003650609758158447
17.67499999999997 0.007383289406990619 0.001748861250840323
17.67777777777774 0.007411589384037391 -0.0004445867221751999
17.68055555555552 0.007106929934985655 -0.002565628402791798
17.68333333333329 0.006088523207861466 -0.004531456594724163
17.68611111111107 0.00455267989018714 -0.006055782698139122
17.68888888888885 0.00271415778694293 -0.007321848526924224
17.69166666666662 0.0005023238672076853 -0.007635400128910191
17.6944444444444 -0.001699400952322543 -0.007614602697182822
17.69722222222218 -0.003807385293676977 -0.006789559394380361
17.69999999999995 -0.005561530306201143 -0.005452054799812913
17.70277777777773 -0.007048111628703691 -0.003727040895098492
17.70555555555551 -0.007675444318539061 -0.001555313273207253
17.70833333333328 -0.007973243147068456 0.0006746290561341205
17.71111111111106 -0.00738453029771842 0.002898768211709142
17.71388888888884 -0.006301083948108565 0.004858011182741304
17.71666666666661 -0.004738311023830273 0.006560607331367088
17.71944444444439 -0.002665741468157797 0.00750984588509042
17.72222222222216 -0.0004653499514837519 0.008146967751247999
17.72499999999994 0.001841909154939273 0.007826814820880624
17.72777777777772 0.003968128905212124 0.007042969622941079
17.73055555555549 0.005869831343712076 0.00568407299077734
17.73333333333327 0.007130466049782958 0.00376825979707121
17.73611111111105 0.008109128809523528 0.001657257551815146
17.73888888888882 0.008074670658158714 -0.0006929455462248548
17.7416666666666 0.007620896565795254 -0.002935238355171969
17.74444444444438 0.006496982841657757 -0.005005071797978339
17.74722222222215 0.0047899463896135 -0.006546570032795025
17.74999999999993 0.002826189446076027 -0.007847971584873242
17.75277777777771 0.0004793169307911191 -0.008098835162667833
17.75555555555548 -0.001817899926763742 -0.007987089263049333
17.75833333333326 -0.004011217717865007 -0.007116622445962279
17.76111111111103 -0.005784221398057575 -0.005660914777037403
17.76388888888881 -0.007316879716470373 -0.00387055280883344
17.76666666666659 -0.007886847420636894 -0.001602982132798466
17.76944444444436 -0.008109214043745483 0.0006817420597532705
17.77222222222214 -0.007497497227824004 0.002942578798693452
17.77499999999992 -0.006323182734510347 0.004882369702046686
17.77777777777769 -0.004732511550252141 0.006584567051217275
17.78055555555547 -0.00261183468020334 0.007443694398792325
17.78333333333325 -0.0004085504782663254 0.007973127785343773
17.78611111111102 0.001856351477917175 0.007613118207690884
17.7888888888888 0.003887851444396114 0.006735878982868713
17.79166666666658 0.005697939249391609 0.005367980126961005
17.79444444444435 0.006790035369920967 0.003450965019967177
17.79722222222213 0.007582748239254449 0.001394673668885766
17.7999999999999 0.007456576483272872 -0.0008080677137182321
17.80277777777768 0.006876824414811109 -0.002851597225858005
17.80555555555546 0.005746422317144321 -0.004701842288235111
17.80833333333323 0.004078799477913811 -0.005960077764293883
17.81111111111101 0.002226850859575467 -0.006958981509642346
17.81388888888879 0.0001501414976847939 -0.007039546195225359
17.81666666666656 -0.001827130978943201 -0.006742294240200565
17.81944444444434 -0.003648977333096539 -0.005854491049575961
17.82222222222212 -0.005000678970466667 -0.004467188014907432
17.82499999999989 -0.006139498093271741 -0.002864163618774993
17.82777777777767 -0.006391876308820313 -0.0009697726326373234
17.83055555555545 -0.006347320583837625 0.0008703527859445456
17.83333333333322 -0.005696193921447903 0.00259962554779625
17.836111111111 -0.004602323177666002 0.003971423360703657
17.83888888888877 -0.003261000947271788 0.005143426955549971
17.84166666666655 -0.001607531183998576 0.005562443910538247
17.84444444444433 3.77946056738268e-05 0.00572760129175403
17.8472222222221 0.001619774078097238 0.00529522794696837
17.84999999999988 0.002943247443547429 0.00448838134019816
17.85277777777766 0.004079499719382182 0.003410325310325778
17.85555555555543 0.004619405655062269 0.002030784267830335
17.85833333333321 0.00494140874656256 0.0006194809486671596
17.86111111111099 0.004698240592026323 -0.0007746708486719161
17.86388888888876 0.004152954195978131 -0.001992360661454408
17.86666666666654 0.003327056280664685 -0.003046150190258103
17.86944444444432 0.002226705012191603 -0.003646218558881192
17.87222222222209 0.001066665602045856 -0.004067652077410534
17.87499999999987 -0.000117041625178465 -0.003975076812524597
17.87777777777764 -0.00118803137911924 -0.003650239474696186
17.88055555555542 -0.002125060751334562 -0.00304936759630058
17.8833333333332 -0.002730652134989212 -0.002211222784291929
17.88611111111097 -0.003196539021142531 -0.001297062812159588
17.88888888888875 -0.003211775710227001 -0.0003268159653790797
17.89166666666653 -0.003057044404004914 0.0005768243487073959
17.8944444444443 -0.002642450918259345 0.001378630675017787
17.89722222222208 -0.002031784676830005 0.001947749282753259
17.89999999999986 -0.001338654512247817 0.002412778749764252
