17.6 -0.0008168582535980789 -0.001407407890789249
17.60277777777778 -0.001331091120427102 -0.0009921146916988979
17.60555555555555 -0.001736914784223814 -0.0004812181723523001
17.60833333333333 -0.001904603625628794 0.0002396833931756264
17.61111111111111 -0.00175028727537498 0.0009753559113247581
17.61388888888888 -0.001403310515504296 0.001719866106182681
17.61666666666666 -0.000624928697612361 0.002148710292450117
17.61944444444444 0.0002222224244588526 0.002405157480708266
17.62222222222221 0.001190005103806661 0.002209665504103044
17.62499999999999 0.002001924781461829 0.00166347396657312
17.62777777777777 0.002693426937558883 0.0008463369738712936
17.63055555555554 0.002810575623030772 -0.0002644733611674883
17.63333333333332 0.002700420377888809 -0.001385477752116724
17.6361111111111 0.001963931309588496 -0.002374146948045546
17.63888888888887 0.0009606606825496357 -0.003033350127867421
17.64166666666665 -0.0003065930952730583 -0.003366543228809199
17.64444444444442 -0.001572087436057205 -0.002969989015581927
17.6472222222222 -0.002760399751742844 -0.002314639871402689
17.64999999999998 -0.003427002439887611 -0.001022928526381513
17.65277777777775 -0.003665360296864054 0.0003548886741737637
17.65555555555553 -0.003361160957368532 0.001841796161822406
17.65833333333331 -0.002369214181846505 0.002963009689616992
17.66111111111108 -0.001125379723328835 0.003898743326341573
17.66388888888886 0.0005020038643475944 0.0039102686002288
17.66666666666664 0.002006354390762978 0.003519885605375523
17.66944444444441 0.00330963699761171 0.002472680300941349
17.67222222222219 0.003954538169946362 0.0009927639324386387
17.67499999999997 0.004300914576187977 -0.0006786556251520918
17.67777777777774 0.003497091448608231 -0.002219742087742951
17.68055555555552 0.002433184658815619 -0.003488040748797243
17.68333333333329 0.0008117504605013818 -0.004171578818690229
17.68611111111107 -0.0008573214045644518 -0.004098720148768325
17.68888888888885 -0.002554259314249252 -0.003583400990358786
17.69166666666662 -0.003569276350329469 -0.002148668141477553
17.6944444444444 -0.004238775351270443 -0.0005880623861945196
17.69722222222218 -0.00402495139799195 0.001178494401543244
17.69999999999995 -0.003192505078709675 0.002625248190011645
17.70277777777773 -0.001892273328324931 0.003830175636429933
17.70555555555551 -0.000187337845500536 0.004035806335148029
17.70833333333328 0.001495360092017 0.003883101394254105
17.71111111111106 0.002863433532873843 0.002802169237581279
17.71388888888884 0.003701023904908881 0.001410640898108916
17.71666666666661 0.004024651442075413 -0.0002818110786918389
17.71944444444439 0.003380156374083773 -0.001790820942638295
17.72222222222216 0.002426327419797846 -0.003134705393399237
17.72499999999994 0.000837559982166797 -0.003667352976176092
17.72777777777772 -0.000720972021189429 -0.003675872058321512
17.73055555555549 -0.002242007324557181 -0.003034389259728274
17.73333333333327 -0.003141588407651397 -0.001766333146581156
17.73611111111105 -0.003761521031487255 -0.0002942589661208757
17.73888888888882 -0.003318152927798944 0.001246237628363401
17.7416666666666 -0.002530531082927492 0.002518409657913823
17.74444444444438 -0.001192732026085819 0.003361752474073373
17.74722222222215 0.0002863545972822712 0.003436565142318523
17.74999999999993 0.001820606376046529 0.003168439472497981
17.75277777777771 0.002787392265904459 0.001964501261124315
17.75555555555548 0.003416637538529391 0.0006563915687544409
17.75833333333326 0.003339615758740323 -0.0008696856246288237
17.76111111111103 0.002637623655507939 -0.002112250748024964
17.76388888888881 0.001578259019231492 -0.003192697091057841
17.76666666666659 0.0001056250987038954 -0.003351025260170668
17.76944444444436 -0.001307886502206758 -0.003197107916153614
17.77222222222214 -0.002492184059185991 -0.002302625284777046
17.77499999999992 -0.003169997717119719 -0.001096493792586763
17.77777777777769 -0.003472982312123847 0.0003402769177149444
17.78055555555547 -0.002884690639606861 0.001628948253611949
17.78333333333325 -0.002055538015104979 0.002744769604709386
17.78611111111102 -0.0007158788710478179 0.003245618722386168
17.7888888888888 0.0006150762996564358 0.003244148227849482
17.79166666666658 0.001937774618925957 0.002766162210730959
17.79444444444435 0.002737151515223452 0.0016966473993705
17.79722222222213 0.003298376271305721 0.0004841456364849055
17.7999999999999 0.003066169417781358 -0.0008424103446696155
17.80277777777768 0.002487959139680032 -0.001953131140198653
17.80555555555546 0.001489698011473374 -0.002801826340705119
17.80833333333323 0.0002843456698346465 -0.003016623846523048
17.81111111111101 -0.0009608297333260268 -0.002975852869224884
17.81388888888879 -0.001919992848437539 -0.002215606995937712
17.81666666666656 -0.002604243974883725 -0.001304675625200961
17.81944444444434 -0.00285879032621378 -0.0001582133192394842
17.82222222222212 -0.002584403530574768 0.0008884219608187427
17.82499999999989 -0.002079151082371907 0.001884093870333348
17.82777777777767 -0.001113989428010385 0.002333053204238879
17.83055555555545 -0.0001448769614506474 0.00255708210621472
17.83333333333322 0.0008323061482100522 0.002321627452006801
17.836111111111 0.001556660633671266 0.001761182117021789
17.83888888888877 0.002139708162030796 0.001019098154953234
17.84166666666655 0.002167266797415298 0.0001445458649947066
17.84444444444433 0.002034089769031343 -0.0006735045719605175
17.8472222222221 0.001532916635849299 -0.00131914548227267
17.84999999999988 0.0008992348320277517 -0.001699947801569275
17.85277777777766 0.0001695846273390171 -0.001888942777655664
17.85555555555543 -0.0004767814128364051 -0.001669279806943647
17.85833333333321 -0.001046893385081451 -0.001343720409031661
17.86111111111099 -0.001361052011209837 -0.0007986308085846274
17.86388888888876 -0.001476894920834405 -0.0002430575769184146
17.86666666666654 -0.001408539503923592 0.0003222529935761587
17.86944444444432 -0.001104403689132333 0.0007269639709764322
17.87222222222209 -0.0007382299797278208 0.001057444054769053
17.87499999999987 -0.0002878174754249359 0.001140649132173381
17.87777777777764 0.0001251856393198378 0.001106549190028776
17.88055555555542 0.000493729133392363 0.0009330367438657673
17.8833333333332 0.0007158040665797164 0.0006518257282073191
17.88611111111097 0.0008770893851235681 0.0003381161681949283
17.88888888888875 0.0008497571381834188 2.121542939639468e-05
17.89166666666653 0.0007637980509095649 -0.0002566993086422437
17.8944444444443 0.0005882050388476129 -0.0004750087832893939
17.89722222222208 0.0003705990760107125 -0.0005929257676873241
17.89999999999986 0.0001361673011685154 -0.0006667336299814928
