17.6 10.22643875546413 6.288556152558596
17.60277777777778 10.32470223805029 6.317623087735286
17.60555555555555 10.42296572063646 6.346690022911976
17.60833333333333 10.52122920322262 6.375756958088666
17.61111111111111 10.62805559910906 6.433575036936638
17.61388888888888 10.73999091521271 6.508547008860394
17.61666666666666 10.85192623131636 6.583518980784151
17.61944444444444 10.97420434343735 6.67015963359933
17.62222222222221 11.12707922770275 6.791319382591439
17.62499999999999 11.27995411196816 6.912479131583547
17.62777777777777 11.43282899623356 7.033638880575655
17.63055555555554 11.64759842929724 7.185147686519906
17.63333333333332 11.87089176734897 7.340836060503023
17.6361111111111 12.09418510540071 7.496524434486139
17.63888888888887 12.366586550564 7.656958162436879
17.64166666666665 12.68707143599896 7.822038230014432
17.64444444444442 13.00755632143392 7.987118297591985
17.6472222222222 13.34324117904409 8.148416989904916
17.64999999999998 13.77923683226097 8.284760849609643
17.65277777777775 14.21523248547786 8.42110470931437
17.65555555555553 14.65122813869474 8.557448569019098
17.65833333333331 15.17790023685463 8.635485911566482
17.66111111111108 15.73353647507992 8.69489881277487
17.66388888888886 16.2891727133052 8.754311713983256
17.66666666666664 16.88511548990141 8.763862845635066
17.66944444444441 17.54565522890948 8.693503397415361
17.67222222222219 18.20619496791755 8.623143949195658
17.67499999999997 18.8674598143948 8.550889539995122
17.67777777777774 19.59677733971024 8.300789533389819
17.68055555555552 20.32609486502567 8.050689526784518
17.68333333333329 21.05541239034111 7.800589520179217
17.68611111111107 21.79227445421198 7.411586101044848
17.68888888888885 22.53343843154507 6.943379632457275
17.69166666666662 23.27460240887817 6.475173163869702
17.6944444444444 23.99954605791006 5.944787036113142
17.69722222222218 24.67907760084954 5.240316313609886
17.69999999999995 25.35860914378902 4.53584559110663
17.70277777777773 26.0381406867285 3.831374868603375
17.70555555555551 26.58980603602324 2.924684195635235
17.70833333333328 27.12558634018787 1.992871377807838
17.71111111111106 27.6613666443525 1.061058559980441
17.71388888888884 28.08174970583843 0.03236978417757486
17.71666666666661 28.39381135859614 -1.087254788670437
17.71944444444439 28.70587301135386 -2.206879361518448
17.72222222222216 28.97680569364655 -3.343380223644062
17.72499999999994 28.99949566131452 -4.581741546065621
17.72777777777772 29.02218562898248 -5.820102868487181
17.73055555555549 29.04487559665044 -7.05846419090874
17.73333333333327 28.81455246013212 -8.31702976203867
17.73611111111105 28.50799112707066 -9.581683300386697
17.73888888888882 28.2014297940092 -10.84633683873472
17.7416666666666 27.76267382594485 -12.07991812920326
17.74444444444438 27.1212455687903 -13.26586145308733
17.74722222222215 26.47981731163575 -14.4518047769714
17.74999999999993 25.83200765666825 -15.63390311228468
17.75277777777771 24.88793569925248 -16.6374942928556
17.75555555555548 23.94386374183671 -17.64108547342651
17.75833333333326 22.99979178442094 -18.64467665399742
17.76111111111103 21.90355535231653 -19.47348221856792
17.76388888888881 20.72444526481023 -20.20709392833582
17.76666666666659 19.54533517730392 -20.94070563810372
17.76944444444436 18.32777976310718 -21.58427917100475
17.77222222222214 17.00821535083325 -21.98894969535956
17.77499999999992 15.68865093855932 -22.39362021971437
17.77777777777769 14.36908652628539 -22.79829074406919
17.78055555555547 13.02083426243238 -22.88698869049308
17.78333333333325 11.66939584239449 -22.94059380395767
17.78611111111102 10.31795742235661 -22.99419891742226
17.7888888888888 9.006283137724724 -22.87186543736389
17.79166666666658 7.730390675238399 -22.59121332676824
17.79444444444435 6.454498212752074 -22.31056121617258
17.79722222222213 5.204157572524255 -21.98673209556821
17.7999999999999 4.095626278362824 -21.42327609072474
17.80277777777768 2.987094984201393 -20.85982008588126
17.80555555555546 1.878563690039962 -20.29636408103779
17.80833333333323 0.9511629659239782 -19.57219516465716
17.81111111111101 0.0751506641948283 -18.80243050494609
17.81388888888879 -0.8008616375343218 -18.03266584523502
17.81666666666656 -1.569388913431822 -17.21526073433014
17.81944444444434 -2.180209354685111 -16.32795542383314
17.82222222222212 -2.7910297959384 -15.44065011333613
17.82499999999989 -3.393457065492012 -14.55240327119962
17.82777777777767 -3.73890821362429 -13.63532928748021
17.83055555555545 -4.084359361756568 -12.71825530376081
17.83333333333322 -4.429810509888846 -11.80118132004141
17.836111111111 -4.618563374433279 -10.91420727227248
17.83888888888877 -4.725851730703775 -10.04288161850723
17.84166666666655 -4.833140086974272 -9.171555964741978
17.84444444444433 -4.885815818289608 -8.329093407590776
17.8472222222221 -4.80098476174994 -7.559304004425583
17.84999999999988 -4.716153705210274 -6.78951460126039
17.85277777777766 -4.631322648670606 -6.019725198095196
17.85555555555543 -4.42168028197608 -5.372519583584539
17.85833333333321 -4.199781573070129 -4.737351570966363
17.86111111111099 -3.977882864164178 -4.102183558348186
17.86388888888876 -3.711919154047057 -3.54549921714522
17.86666666666654 -3.407947377425473 -3.056510609986797
17.86944444444432 -3.103975600803888 -2.567522002828374
17.87222222222209 -2.794460279828307 -2.101447203940193
17.87499999999987 -2.45652434748024 -1.752846785759831
17.87777777777764 -2.118588415132173 -1.40424636757947
17.88055555555542 -1.780652482784107 -1.055645949399108
17.8833333333332 -1.445353433781452 -0.8040903460073819
17.88611111111097 -1.110757292851739 -0.5784037610046839
17.88888888888875 -0.7761611519220268 -0.3527171760019859
17.89166666666653 -0.4535087463388048 -0.1683949874410883
17.8944444444443 -0.1476336441181515 -0.04217715295210012
17.89722222222208 0.1582414581025018 0.08404068153688807
17.89999999999986 0.4622949347455093 0.2071055801713928
