17.6 -0.02589207680661142 -0.004625434063705574
17.60277777777778 -0.02651885641862233 0.002768254652920194
17.60555555555555 -0.02602485835961037 0.01015628723325787
17.60833333333333 -0.02306892732660442 0.01753189537938967
17.61111111111111 -0.01797567029253228 0.02380038027508705
17.61388888888888 -0.01160361989264841 0.02940645715858357
17.61666666666666 -0.002993219197820763 0.03186302246974899
17.61944444444444 0.005919255380647955 0.03302052349723057
17.62222222222221 0.01529456713530535 0.0309230400826146
17.62499999999999 0.02379990910859783 0.02633948538943941
17.62777777777777 0.03163312489565784 0.01983522765237404
17.63055555555554 0.03630700975747197 0.01035569984594035
17.63333333333332 0.03958261897310752 0.0001882884620700606
17.6361111111111 0.03878143901009538 -0.01113380423127492
17.63888888888887 0.03526709889586195 -0.02189520915752332
17.64166666666665 0.02906805835223168 -0.03210180765688086
17.64444444444442 0.01920614012923276 -0.0393234207557633
17.6472222222222 0.008206733216312432 -0.0451535922962856
17.64999999999998 -0.00488949489137973 -0.04611915925623627
17.65277777777775 -0.01778105874706443 -0.04428695366864998
17.65555555555553 -0.03041332685717234 -0.03891015975382887
17.65833333333331 -0.04041588813281272 -0.0292719979051216
17.66111111111108 -0.04916322609217452 -0.01800617291036286
17.66388888888886 -0.05236239755947178 -0.003428487726804189
17.66666666666664 -0.05283062856815702 0.01130927572151916
17.66944444444441 -0.04883579484574162 0.02630864855624786
17.67222222222219 -0.04010784668907594 0.03918877542574515
17.67499999999997 -0.02925216867571192 0.05109549758517654
17.67777777777774 -0.01359337370542434 0.05694314097068283
17.68055555555552 0.002551067490708921 0.0602741719660454
17.68333333333329 0.01973656247488232 0.05821047584863038
17.68611111111107 0.03542062306985709 0.05110191641749322
17.68888888888885 0.05022640728114525 0.04104232273587911
17.69166666666662 0.05936603917877836 0.02513436824113146
17.6944444444444 0.06599713292170169 0.008157665088081297
17.69722222222218 0.06633859230995848 -0.01090576945587845
17.69999999999995 0.06150997931243791 -0.02912814884354333
17.70277777777773 0.05277189799834979 -0.04671454516546508
17.70555555555551 0.03734303091069374 -0.05928000878102491
17.70833333333328 0.02020417242925256 -0.06945543437094444
17.71111111111106 -0.0003057231477358625 -0.07253427976474908
17.71388888888884 -0.02060534460028308 -0.07052119979967045
17.71666666666661 -0.0407012402575145 -0.06357476654547942
17.71944444444439 -0.0565437132080704 -0.04932387842258835
17.72222222222216 -0.07026001684335746 -0.03273356769735463
17.72499999999994 -0.07621055711202274 -0.01131693589635917
17.72777777777772 -0.07735399465069411 0.01042321947678461
17.73055555555549 -0.07253586777980628 0.03256459502800755
17.73333333333327 -0.06009165162917944 0.05127144780733021
17.73611111111105 -0.04473602431133295 0.06824838521074614
17.73888888888882 -0.02303213324903819 0.07697401624746779
17.7416666666666 -0.000618766538059954 0.08137014838891136
17.74444444444438 0.02292846536494761 0.07884699005802562
17.74722222222215 0.04384566612460782 0.06870498113152264
17.74999999999993 0.06353266652004363 0.0551788946134384
17.75277777777771 0.07470513382440191 0.03384443266718823
17.75555555555548 0.08218533985122246 0.01158854313253125
17.75833333333326 0.08193989048697976 -0.01259533347583487
17.76111111111103 0.07441255424551198 -0.034886192263121
17.76388888888881 0.0627212661153906 -0.05609457953385635
17.76666666666659 0.04283632746267393 -0.06960154445250087
17.76944444444436 0.02155088965441546 -0.07974850881021693
17.77222222222214 -0.002441912621856668 -0.08159016863154898
17.77499999999992 -0.02517476681661738 -0.07677874889780248
17.77777777777769 -0.04697518236994669 -0.06704364337675689
17.78055555555547 -0.06216661832078266 -0.04930736442984834
17.78333333333325 -0.07436534239384253 -0.02970551537275259
17.78611111111102 -0.07796241828704747 -0.006704896090065537
17.7888888888888 -0.07575606626431852 0.01554538928603658
17.79166666666658 -0.06804440762228112 0.03708388530549449
17.79444444444435 -0.05287694818138261 0.05313866188119529
17.79722222222213 -0.03550324837208376 0.06665374296230288
17.7999999999999 -0.01418620732753468 0.07158071086792928
17.80277777777768 0.006762066732883725 0.07168342310860719
17.80555555555546 0.02726265480474794 0.06592945142870059
17.80833333333323 0.04337325048680844 0.05352593392454279
17.81111111111101 0.05743810622141843 0.03871335217501714
17.81388888888879 0.063229195190714 0.01959698263710736
17.81666666666656 0.06520946657723675 0.0005886388090095224
17.81944444444434 0.0612331897594995 -0.01825085402220432
17.82222222222212 0.05156797338621237 -0.03370608563719513
17.82499999999989 0.03942739700753774 -0.04760769650971566
17.82777777777767 0.02282032017470996 -0.05380803937766231
17.83055555555545 0.006165608265887107 -0.057161513572101
17.83333333333322 -0.01058641165915002 -0.05469945924570136
17.836111111111 -0.02483006816218286 -0.04756086135994429
17.83888888888877 -0.03767179004016739 -0.03780852405991558
17.84166666666655 -0.04418216216936455 -0.02400493264982941
17.84444444444433 -0.04839538454559952 -0.009888030002082944
17.8472222222221 -0.04713824948076889 0.004556241063954459
17.84999999999988 -0.04218389969542272 0.01721514328688487
17.85277777777766 -0.03455187015766404 0.02858100565058063
17.85555555555543 -0.02349615989866036 0.03505960749312
17.85833333333321 -0.01189882552959017 0.03966390490866422
17.86111111111099 0.0002027122984947487 0.03929447027240551
17.86388888888876 0.01108496439320575 0.03611398779103841
17.86666666666654 0.02083472736594838 0.03032256595494862
17.86944444444432 0.02692383802712853 0.02174252015783495
17.87222222222209 0.03153193990963336 0.01249235774756434
17.87499999999987 0.03175678401068389 0.002623717419710854
17.87777777777764 0.02992900513293303 -0.006446489090359587
17.88055555555542 0.02566176279163403 -0.01456778771687884
17.8833333333332 0.0192035629312981 -0.02002531918126978
17.88611111111097 0.01202985569627201 -0.02434828945790993
17.88888888888875 0.00418731104583169 -0.02491881605233014
17.89166666666653 -0.003154176918046355 -0.02405467709790234
17.8944444444443 -0.009729604881039845 -0.02099709392629421
17.89722222222208 -0.01442010207272147 -0.01628008589846351
17.89999999999986 -0.01826684474961945 -0.0108653103035157
