17.6 31.27314255810283 -6.804262993388972
17.60277777777778 31.27038217244121 -6.808852603903072
17.60555555555555 31.26762178677959 -6.813442214417173
17.60833333333333 31.26486140111797 -6.818031824931274
17.61111111111111 31.26210101545635 -6.822621435445374
17.61388888888888 31.25934062979473 -6.827211045959475
17.61666666666666 31.25658024413311 -6.831800656473575
17.61944444444444 31.24635600987875 -6.873677235861594
17.62222222222221 31.21435651092236 -7.024335981323646
17.62499999999999 31.18235701196596 -7.174994726785698
17.62777777777777 31.15035751300956 -7.325653472247751
17.63055555555554 31.11835801405316 -7.476312217709803
17.63333333333332 31.08635851509677 -7.626970963171856
17.6361111111111 31.05435901614037 -7.777629708633908
17.63888888888887 31.06114217790524 -8.008986163291974
17.64166666666665 31.10510688137155 -8.317708770346009
17.64444444444442 31.14907158483786 -8.626431377400046
17.6472222222222 31.19303628830417 -8.935153984454081
17.64999999999998 31.23700099177048 -9.243876591508116
17.65277777777775 31.28096569523679 -9.552599198562152
17.65555555555553 31.3249303987031 -9.861321805616187
17.65833333333331 31.51535010791638 -10.2411313547529
17.66111111111108 31.75055728066281 -10.64268002990974
17.66388888888886 31.98576445340925 -11.04422870506657
17.66666666666664 32.22097162615568 -11.44577738022341
17.66944444444441 32.45617879890212 -11.84732605538025
17.67222222222219 32.69138597164855 -12.24887473053708
17.67499999999997 32.93208626451506 -12.6492800254515
17.67777777777774 33.42791146975552 -12.9965816601909
17.68055555555552 33.92373667499597 -13.3438832949303
17.68333333333329 34.41956188023643 -13.6911849296697
17.68611111111107 34.91538708547688 -14.0384865644091
17.68888888888885 35.41121229071733 -14.38578819914849
17.69166666666662 35.90703749595779 -14.73308983388789
17.6944444444444 36.46593896160926 -15.01279431003163
17.69722222222218 37.19001470241571 -15.11548588780729
17.69999999999995 37.91409044322216 -15.21817746558295
17.70277777777773 38.63816618402861 -15.32086904335861
17.70555555555551 39.36224192483506 -15.42356062113427
17.70833333333328 40.08631766564151 -15.52625219890993
17.71111111111106 40.81039340644796 -15.62894377668559
17.71388888888884 41.57320896604816 -15.51830648421233
17.71666666666661 42.37015652458776 -15.21971423996602
17.71944444444439 43.16710408312735 -14.9211219957197
17.72222222222216 43.96405164166694 -14.62252975147339
17.72499999999994 44.76099920020654 -14.32393750722707
17.72777777777772 45.55794675874613 -14.02534526298076
17.73055555555549 46.35489431728573 -13.72675301873444
17.73333333333327 47.02044930556641 -13.08050276139035
17.73611111111105 47.65041880606472 -12.34009512548862
17.73888888888882 48.28038830656304 -11.59968748958689
17.7416666666666 48.91035780706136 -10.85927985368516
17.74444444444438 49.54032730755968 -10.11887221778343
17.74722222222215 50.17029680805799 -9.378464581881705
17.74999999999993 50.78341469197986 -8.624328145587503
17.75277777777771 51.01362639904872 -7.558242855768667
17.75555555555548 51.24383810611758 -6.492157565949829
17.75833333333326 51.47404981318644 -5.426072276130991
17.76111111111103 51.70426152025529 -4.359986986312154
17.76388888888881 51.93447322732415 -3.293901696493316
17.76666666666659 52.16468493439302 -2.227816406674479
17.76944444444436 52.23898779111744 -1.136398556231587
17.77222222222214 51.94500202493933 0.01485998860560822
17.77499999999992 51.65101625876122 1.166118533442803
17.77777777777769 51.35703049258311 2.317377078279998
17.78055555555547 51.063044726405 3.468635623117193
17.78333333333325 50.76905896022689 4.619894167954389
17.78611111111102 50.47507319404879 5.771152712791584
17.7888888888888 49.91304499198148 6.819777254725447
17.79166666666658 49.13408414050622 7.785337836673637
17.79444444444435 48.35512328903096 8.750898418621826
17.79722222222213 47.57616243755569 9.716459000570016
17.7999999999999 46.79720158608043 10.68201958251821
17.80277777777768 46.01824073460517 11.6475801644664
17.80555555555546 45.2392798831299 12.61314074641459
17.80833333333323 44.21535061227868 13.27090755907772
17.81111111111101 43.13319696347796 13.85551759178123
17.81388888888879 42.05104331467726 14.44012762448473
17.81666666666656 40.96888966587655 15.02473765718823
17.81944444444434 39.88673601707584 15.60934768989173
17.82222222222212 38.80458236827513 16.19395772259524
17.82499999999989 37.71858684241327 16.75087077187461
17.82777777777767 36.5756746193188 16.89745814057816
17.83055555555545 35.43276239622434 17.04404550928172
17.83333333333322 34.28985017312988 17.19063287798527
17.836111111111 33.14693795003542 17.33722024668882
17.83888888888877 32.00402572694096 17.48380761539237
17.84166666666655 30.8611135038465 17.63039498409593
17.84444444444433 29.76538330692728 17.66146625672442
17.8472222222221 28.77060876897244 17.44536705903576
17.84999999999988 27.7758342310176 17.22926786134711
17.85277777777766 26.78105969306276 17.01316866365846
17.85555555555543 25.78628515510792 16.79706946596981
17.85833333333321 24.79151061715308 16.58097026828115
17.86111111111099 23.79673607919824 16.3648710705925
17.86388888888876 22.95325507801012 16.02687373276681
17.86666666666654 22.22216356129418 15.5983234908257
17.86944444444432 21.49107204457825 15.1697732488846
17.87222222222209 20.7599805278623 14.74122300694349
17.87499999999987 20.02888901114637 14.31267276500239
17.87777777777764 19.29779749443043 13.88412252306128
17.88055555555542 18.56670597771448 13.45557228112017
17.8833333333332 18.06615279137255 12.97957803429518
17.88611111111097 17.61313999520569 12.49380013674283
17.88888888888875 17.16012719903883 12.00802223919047
17.89166666666653 16.70711440287198 11.52224434163811
17.8944444444443 16.25410160670512 11.03646644408576
17.89722222222208 15.80108881053826 10.5506885465334
17.89999999999986 15.36682803446793 10.06948402269185
