17.6 8.080445357549068e-05 -0.0004335908406152961
17.60277777777778 0.000248816885085436 -0.0003203538641972093
17.60555555555555 0.0003757156765730382 -0.0001797104630886543
17.60833333333333 0.0004123030453147286 2.113469113224455e-05
17.61111111111111 0.0003502915933630856 0.0002013933823507368
17.61388888888888 0.0002292870267828845 0.0003693348920536935
17.61666666666666 2.513249382032789e-05 0.0004066248899997348
17.61944444444444 -0.0001745286330303671 0.000393734976424549
17.62222222222221 -0.0003445684299687231 0.0002568683080204226
17.62499999999999 -0.0004286709239262498 6.925195406870917e-05
17.62777777777777 -0.0004463794891004272 -0.0001575728796833946
17.63055555555554 -0.0003075538837222566 -0.000341215768642588
17.63333333333332 -0.0001289810135166544 -0.000486315874394121
17.6361111111111 0.0001255226696086306 -0.0004927523204565221
17.63888888888887 0.0003496810790179107 -0.0003997272323786529
17.64166666666665 0.0005438125217776726 -0.0002082839129646587
17.64444444444442 0.0005786944196902701 6.653583625194489e-05
17.6472222222222 0.0005486875750768146 0.0003511584047743186
17.64999999999998 0.0003226474739587865 0.0005741907389429971
17.65277777777775 4.457356376002218e-05 0.0006986643922615794
17.65555555555553 -0.0002994236583432477 0.0006982708722295391
17.65833333333331 -0.0005852547843098738 0.0005019512548737344
17.66111111111108 -0.0008351925637309676 0.0002321430607788436
17.66388888888886 -0.0008488157275723322 -0.0001711136805680647
17.66666666666664 -0.0007477513196418705 -0.0005453160578849762
17.66944444444441 -0.0004592576856159569 -0.000872036071762612
17.67222222222219 -4.694091571221041e-05 -0.001003916170106572
17.67499999999997 0.0004200280196776812 -0.001047411988723118
17.67777777777774 0.0008218276681318055 -0.0007430615445046633
17.68055555555552 0.001126975888561842 -0.0003668854878576114
17.68333333333329 0.001224937622390959 0.0001632592849405523
17.68611111111107 0.001070942238927031 0.0006673714833144505
17.68888888888885 0.0007695624692973204 0.001156255713361608
17.69166666666662 0.0002012037114862194 0.001346733226106435
17.6944444444444 -0.0003825659726395794 0.001404814122478676
17.69722222222218 -0.0009648915576181073 0.001130827080777075
17.69999999999995 -0.001368311005767042 0.0006589687188336823
17.70277777777773 -0.001636446492418863 3.748543880002472e-05
17.70555555555551 -0.001475344947251694 -0.000630597837052766
17.70833333333328 -0.001175906702716851 -0.001247475995351975
17.71111111111106 -0.0005420538102262353 -0.001627412850750427
17.71388888888884 0.0001535722655641092 -0.001746579625319021
17.71666666666661 0.0009090477923050655 -0.001613097186615131
17.71944444444439 0.001455557405303549 -0.001084557470029021
17.72222222222216 0.001886661693486163 -0.0004428636684042864
17.72499999999994 0.0018652182695052 0.0003731152644044547
17.72777777777772 0.00160321037050127 0.001102193313782161
17.73055555555549 0.001042864638283812 0.001723500582521202
17.73333333333327 0.0002651426810495685 0.001958158103603125
17.73611111111105 -0.0005731218388206091 0.002028275724160527
17.73888888888882 -0.001303289574173318 0.001558522240187106
17.7416666666666 -0.001851740963432264 0.0009461186194520503
17.74444444444438 -0.002109778100925402 0.0001057353280794185
17.74722222222215 -0.001946142702682101 -0.0007177580545343235
17.74999999999993 -0.001595105322910546 -0.001529599817780718
17.75277777777771 -0.0008018670105409733 -0.001934760685494357
17.75555555555548 1.597960029381932e-05 -0.002145105574882941
17.75833333333326 0.0008853164008557874 -0.001947819205246451
17.76111111111103 0.001545638277051199 -0.001427280868667364
17.76388888888881 0.00208644056941526 -0.0007218995565030054
17.76666666666659 0.002082447431145616 0.0001514548192964214
17.76944444444436 0.001905661237127628 0.0009736818294162433
17.77222222222214 0.001324278265838755 0.001626363743175727
17.77499999999992 0.0005874283104599918 0.001980335154364027
17.77777777777769 -0.0002644767218377482 0.002113242523877969
17.78055555555547 -0.001008614399717366 0.001746612702389075
17.78333333333325 -0.00165036214510207 0.001246718655744977
17.78611111111102 -0.00193795909354072 0.0004676120968158396
17.7888888888888 -0.001943033844624223 -0.0003054260653920482
17.79166666666658 -0.001680099524908303 -0.001072707563586525
17.79444444444435 -0.001081128578257593 -0.001551688055518963
17.79722222222213 -0.0003987658543691318 -0.001898819500361688
17.7999999999999 0.0003618082760233227 -0.001804815644050588
17.80277777777768 0.001011459531989386 -0.001512284207295444
17.80555555555546 0.00152644955517748 -0.000978738742899294
17.80833333333323 0.001696076918957092 -0.0003083007979501834
17.81111111111101 0.001724822287341574 0.0003934235466891643
17.81388888888879 0.001341986537204215 0.0009652965601091902
17.81666666666656 0.0008627067196845187 0.001390897621458114
17.81944444444434 0.0002326787427738386 0.001587866397341204
17.82222222222212 -0.0003675155321871936 0.001484012042494425
17.82499999999989 -0.0009505343094268979 0.001248442860179964
17.82777777777767 -0.001249150326032919 0.0007255902726072063
17.83055555555545 -0.001419913902997703 0.0001887555136657766
17.83333333333322 -0.001329502977565727 -0.0003766417557751495
17.836111111111 -0.001038601971831386 -0.0008127220229603051
17.83888888888877 -0.0006356462362724428 -0.001176526486137382
17.84166666666655 -0.0001282684440779972 -0.001220509714135173
17.84444444444433 0.0003521088686104049 -0.001166092820736077
17.8472222222221 0.0007446955261344542 -0.0008837349554379338
17.84999999999988 0.0009790102278065115 -0.0005110207358581269
17.85277777777766 0.00109869766447068 -7.286661120078019e-05
17.85555555555543 0.0009583094348583475 0.0003213938840771306
17.85833333333321 0.0007493275379088324 0.0006674195478568963
17.86111111111099 0.0003959988267699391 0.0008474640904087261
17.86388888888876 3.921304391003798e-05 0.0008934127424395453
17.86666666666654 -0.0003207837140402317 0.0008148113130915856
17.86944444444432 -0.0005568953014698035 0.0005788194314224561
17.87222222222209 -0.0007363351432455618 0.0003042176257139766
17.87499999999987 -0.0007285292316198165 -9.973624236566335e-06
17.87777777777764 -0.0006373908045611356 -0.0002796476794994351
17.88055555555542 -0.0004472148879957784 -0.0004964147610697195
17.8833333333332 -0.0002030284433684123 -0.0005768856057488417
17.88611111111097 5.263523785664874e-05 -0.0006029362352901812
17.88888888888875 0.0002563588401831391 -0.0004773201477985696
17.89166666666653 0.0004055562244646838 -0.0003198518927440222
17.8944444444443 0.0004713890798137296 -0.0001136852126093718
17.89722222222208 0.0004361090984908417 7.313816203476605e-05
17.89999999999986 0.0003574805521932082 0.0002497946094400339
