17.6 0.0006496720769691441 0.0008728630568401314
17.60277777777778 0.0007548461000329803 0.0008475126228460073
17.60555555555555 0.0008635479273341515 0.0008162775713558426
17.60833333333333 0.00097999903248252 0.0007721161971636719
17.61111111111111 0.001101764943772356 0.000711907610747294
17.61388888888888 0.001226710781208646 0.0006420977428596515
17.61666666666666 0.001354543368165949 0.0005420639723293515
17.61944444444444 0.001481314185237989 0.0004305994244519059
17.62222222222221 0.001604358317624692 0.0002909836944989927
17.62499999999999 0.001718718520844487 0.0001282628495314286
17.62777777777777 0.001826369644832464 -5.230867619529359e-05
17.63055555555554 0.001909789776716397 -0.0002692437886799442
17.63333333333332 0.001982046012187397 -0.0004985825642422685
17.6361111111111 0.002021158229033078 -0.000759092446945765
17.63888888888887 0.002033001499698349 -0.001035457083482817
17.64166666666665 0.002017861862079793 -0.00132751016524702
17.64444444444442 0.001948458574343745 -0.001636278622189389
17.6472222222222 0.001856949115317999 -0.001949530702342203
17.64999999999998 0.001698672066920684 -0.002267546074914943
17.65277777777775 0.001503684498843821 -0.002579778975000164
17.65555555555553 0.001262187188701826 -0.002884685874085102
17.65833333333331 0.0009563628657403781 -0.003163625209579389
17.66111111111108 0.0006240725837478179 -0.003430254378052157
17.66388888888886 0.0002152978907439506 -0.003643281837530093
17.66666666666664 -0.0002209824763000188 -0.003825671697188397
17.66944444444441 -0.0007022142458274835 -0.003957991775658554
17.67222222222219 -0.001222555608735713 -0.004019251107737202
17.67499999999997 -0.001760447860642976 -0.004048307876476326
17.67777777777774 -0.002332276851893101 -0.003956608718938554
17.68055555555552 -0.002905997137216878 -0.003821908448050522
17.68333333333329 -0.003483771688289851 -0.003595028994949602
17.68611111111107 -0.004044563918893605 -0.003278424105188877
17.68888888888885 -0.004595422201590203 -0.002909333583953883
17.69166666666662 -0.005087003022734056 -0.00240720938744526
17.6944444444444 -0.005549501247808532 -0.001863720189922035
17.69722222222218 -0.00593797379674805 -0.001223353903586826
17.69999999999995 -0.006249770673424503 -0.0005205018572863216
17.70277777777773 -0.006503587489282351 0.0002296002235577971
17.70555555555551 -0.006611611026953498 0.001049767880542062
17.70833333333328 -0.006663394852071956 0.001887163365181434
17.71111111111106 -0.006563414612423035 0.002757058059354259
17.71388888888884 -0.006360859764458443 0.003624152821979493
17.71666666666661 -0.006058924673138415 0.004488534848157109
17.71944444444439 -0.005590042647211249 0.005307307001896236
17.72222222222216 -0.005059102717819632 0.006101895769385034
17.72499999999994 -0.004362137779445149 0.006804231996737327
17.72777777777772 -0.003590948148693271 0.007437608107291028
17.73055555555549 -0.002727708210460628 0.007985462813149047
17.73333333333327 -0.001767137423068118 0.008384690867806124
17.73611111111105 -0.0007699821201679212 0.008720446937462819
17.73888888888882 0.0003008101149909119 0.008845800542724708
17.7416666666666 0.001380367029032077 0.008877057259415408
17.74444444444438 0.002473931420739926 0.008757930820846136
17.74722222222215 0.003541199738452952 0.008466473602220777
17.74999999999993 0.004596045593034319 0.008097892009369658
17.75277777777771 0.00555427073568552 0.007498276583733935
17.75555555555548 0.006463143897413978 0.006832518585602276
17.75833333333326 0.007268753403399817 0.006028364443922836
17.76111111111103 0.007948142601881937 0.00512114564781577
17.76388888888881 0.00855535609965929 0.004154992090747288
17.76666666666659 0.008942850295135031 0.003085455641909918
17.76944444444436 0.009253192050094353 0.001997456317146179
17.77222222222214 0.009379318140033928 0.0008730640438592209
17.77499999999992 0.009360957735633687 -0.0002441964460192933
17.77777777777769 0.009235668488319705 -0.001356178979980469
17.78055555555547 0.008899759555215297 -0.002404590622673084
17.78333333333325 0.008495317127942681 -0.003420079733365482
17.78611111111102 0.007923877334467422 -0.004336322875029901
17.7888888888888 0.007265859002190158 -0.005167194748924739
17.79166666666658 0.006525709658782717 -0.005917080865374357
17.79444444444435 0.005686051198440911 -0.006505164133185885
17.79722222222213 0.004815975324835175 -0.007029811645359839
17.7999999999999 0.003887242219559607 -0.007372390794055066
17.80277777777768 0.002951424219770125 -0.007618790627892112
17.80555555555546 0.002007005102904664 -0.007748428025004369
17.80833333333323 0.001087896983840316 -0.007723967898462351
17.81111111111101 0.0001824018375057437 -0.007638168619159645
17.81388888888879 -0.0006536975955556573 -0.007386874657394621
17.81666666666656 -0.001447487972695076 -0.007077423635110504
17.81944444444434 -0.002175146627283595 -0.006677069459664177
17.82222222222212 -0.002810300967405593 -0.006196780246722762
17.82499999999989 -0.003404088025325778 -0.005681510603806206
17.82777777777767 -0.003855746502161327 -0.00509108419270175
17.83055555555545 -0.004258917654359575 -0.004487574692629873
17.83333333333322 -0.004563039833223937 -0.003857339310279438
17.836111111111 -0.004775911839160804 -0.003223050496591325
17.83888888888877 -0.004937783748442425 -0.00258649620347041
17.84166666666655 -0.004975319749295292 -0.001971372215478289
17.84444444444433 -0.004976558390731769 -0.001369440116314458
17.8472222222221 -0.004894550964137954 -0.0008008838193617187
17.84999999999988 -0.004757986892019945 -0.0002686318129783515
17.85277777777766 -0.004581910582684804 0.0002373270859898873
17.85555555555543 -0.004340262532131043 0.0006773795119463515
17.85833333333321 -0.004079817672283861 0.001093108380605914
17.86111111111099 -0.003777174412245653 0.001445442931705035
17.86388888888876 -0.003456840367248436 0.001755584533559057
17.86666666666654 -0.003120074881304459 0.002026536752042197
17.86944444444432 -0.002769097945278277 0.002231414499365391
17.87222222222209 -0.002414896937039909 0.002412071512250228
17.87499999999987 -0.002058678331116985 0.00252852606231602
17.87777777777764 -0.001707046056321253 0.002613564442180344
17.88055555555542 -0.001360864459673465 0.002661265912070171
17.8833333333332 -0.001030234263390549 0.002661755607363797
17.88611111111097 -0.0007065963720767804 0.002643730074541016
17.88888888888875 -0.0004089594901484896 0.002576894081937404
17.89166666666653 -0.0001250341585331661 0.00249239181528149
17.8944444444443 0.000137927736156593 0.002380879778515559
17.89722222222208 0.0003729919054200959 0.0022439166549717
17.89999999999986 0.0005956659531062814 0.002095898348244744
