17.6 0.001075540547783003 0.001290788955530002
17.60277777777778 0.001112412691084929 0.001177261591333502
17.60555555555555 0.001137783806347987 0.001061782429702217
17.60833333333333 0.001137891427435727 0.0009420158928068698
17.61111111111111 0.001113141902205855 0.0008226728746211757
17.61388888888888 0.001073519983252183 0.0007035832538656964
17.61666666666666 0.0009948939801223864 0.0005922835586082769
17.61944444444444 0.0009031320818471623 0.0004856275383595677
17.62222222222221 0.0007798537869845443 0.000391284107834964
17.62499999999999 0.0006333308625379427 0.0003109829139320752
17.62777777777777 0.0004688494703751897 0.0002415305508149171
17.63055555555554 0.000270352935785651 0.0002013556598209067
17.63333333333332 6.048024706637234e-05 0.0001731931428437835
17.6361111111111 -0.0001775838332090339 0.0001787746042135638
17.63888888888887 -0.0004303397139677375 0.0002091820401222208
17.64166666666665 -0.0006976332854146841 0.0002641550382497965
17.64444444444442 -0.0009829828032564341 0.0003650475211987307
17.6472222222222 -0.001274168808184259 0.0004842996474928513
17.64999999999998 -0.001577248967448601 0.0006576930996179925
17.65277777777775 -0.001882053162718038 0.0008604240736174651
17.65555555555553 -0.002189041594838599 0.001100323700829044
17.65833333333331 -0.002490872622363207 0.001392430988824541
17.66111111111108 -0.002789796918440778 0.001706257957436378
17.66388888888886 -0.003071622143284375 0.002085512727669591
17.66666666666664 -0.003341977948883143 0.002490935986966012
17.66944444444441 -0.003593589749882181 0.002939125341816032
17.67222222222219 -0.003816013608231712 0.00343274729441964
17.67499999999997 -0.004025189870610139 0.003946865591887807
17.67777777777774 -0.004180896443901287 0.004520770761297217
17.68055555555552 -0.004316047521654187 0.0051113585414103
17.68333333333329 -0.004407134885212933 0.005737707940049737
17.68611111111107 -0.00445130830566369 0.006391026317438733
17.68888888888885 -0.004468039029587858 0.007060120420559259
17.69166666666662 -0.004406824775298287 0.007758653113651624
17.6944444444444 -0.004318135189540136 0.008463571297537784
17.69722222222218 -0.004163299513205234 0.009181907377210103
17.69999999999995 -0.003955380227431695 0.00990231669981482
17.70277777777773 -0.003707320557976043 0.01062429375241478
17.70555555555551 -0.003375359144060145 0.01133599486551965
17.70833333333328 -0.003013775400442601 0.01204098172400516
17.71111111111106 -0.002576170720297062 0.01272392366152992
17.71388888888884 -0.002092253384604211 0.01338496396906224
17.71666666666661 -0.001563465655991464 0.01402478470428255
17.71944444444439 -0.0009646505475400911 0.014616693708645
17.72222222222216 -0.0003402607422185791 0.0151884296027809
17.72499999999994 0.0003508114482182184 0.0156971883177582
17.72777777777772 0.00107147393113876 0.01616773398011291
17.73055555555549 0.001828833036629663 0.01659088943940954
17.73333333333327 0.002626859688559068 0.01694061052104365
17.73611111111105 0.003440603098180869 0.01725942767382704
17.73888888888882 0.004290660979536305 0.01748016931777396
17.7416666666666 0.005149724157592375 0.01765771689462708
17.74444444444438 0.006023179362339836 0.01776623285739912
17.74722222222215 0.006901379093222419 0.01779372928532861
17.74999999999993 0.007781527029319214 0.01778488756354304
17.75277777777771 0.008651601230212335 0.01766002212017875
17.75555555555548 0.009512925620391677 0.0174977696857941
17.75833333333326 0.01035594198271748 0.01725728903649702
17.76111111111103 0.01117137982504123 0.01694603014060173
17.76388888888881 0.01197104762968312 0.01659429860093057
17.76666666666659 0.01271510658556344 0.01614356518689509
17.76944444444436 0.01343722541828624 0.01566262472161477
17.77222222222214 0.01410591765202373 0.01511152372448438
17.77499999999992 0.01472613965828585 0.0145122920354333
17.77777777777769 0.01531049073167366 0.01387744069058509
17.78055555555547 0.01581125347032597 0.01317977272735965
17.78333333333325 0.01628105077738597 0.01246281673242917
17.78611111111102 0.01666953855280224 0.01170065164321615
17.7888888888888 0.01700326913583125 0.01091721169384134
17.79166666666658 0.01728505539594092 0.01011358977095532
17.79444444444435 0.01747665350350253 0.009288507671901701
17.79722222222213 0.01763409895246972 0.008457441441958391
17.7999999999999 0.0176975414390298 0.007617295971564761
17.80277777777768 0.01771277967808201 0.006779156242222173
17.80555555555546 0.0176694975855244 0.005943451498124636
17.80833333333323 0.01754819347547092 0.005121959156742997
17.81111111111101 0.01739547881880192 0.004307286308455833
17.81388888888879 0.01715475294727666 0.003521744035113256
17.81666666666656 0.01688008337963029 0.002753019832550227
17.81944444444434 0.01655235767434822 0.002010583335217146
17.82222222222212 0.01617035277286684 0.001305387307728429
17.82499999999989 0.01576436519616228 0.0006168906328679752
17.82777777777767 0.01529306203015779 -1.154578571495963e-05
17.83055555555545 0.01480374570194544 -0.000617906179089506
17.83333333333322 0.01427763243274839 -0.001179170093156515
17.836111111111 0.01372400371474245 -0.001694637196294074
17.83888888888877 0.01315499649931843 -0.002184508273594401
17.84166666666655 0.01255645392503228 -0.002604023388612257
17.84444444444433 0.01195134549220882 -0.003000332152154967
17.8472222222221 0.01133210393500751 -0.003342218142266111
17.84999999999988 0.01070812184713198 -0.003641686676062753
17.85277777777766 0.01008070646582839 -0.003910434688464755
17.85555555555543 0.009455209306496157 -0.004116210013375692
17.85833333333321 0.008832305514114616 -0.004300717945452366
17.86111111111099 0.008218530689524129 -0.004432277315486375
17.86388888888876 0.007614975971919414 -0.004531836829779679
17.86666666666654 0.007020913828261836 -0.004601674444161445
17.86944444444432 0.006449058201152309 -0.004624985154373114
17.87222222222209 0.005886385099078135 -0.004631699979662083
17.87499999999987 0.005351479871051423 -0.004595934196896191
17.87777777777764 0.004833432771613104 -0.00454054799327761
17.88055555555542 0.004335420909614833 -0.004461843674104501
17.8833333333332 0.003868271723394453 -0.004355352025169151
17.88611111111097 0.003413831167265557 -0.004238128921533162
17.88888888888875 0.002998018749411047 -0.004094021348207185
17.89166666666653 0.002599218693307347 -0.003940926396521335
17.8944444444443 0.002226428648061478 -0.003774090741919111
17.89722222222208 0.001884060815226639 -0.00359556261862881
17.89999999999986 0.001555110525663405 -0.003411991314219253
