17.6 0.0002445812720966594 0.0006060401507189185
17.60277777777778 0.0004588002054118706 0.0004431675394656529
17.60555555555555 0.0006267327606395856 0.0002445522729621045
17.60833333333333 0.0006929913055737517 -3.257635423184799e-05
17.61111111111111 0.0006351804783265829 -0.00030635884286676
17.61388888888888 0.0005031371334537583 -0.0005781392879256086
17.61666666666666 0.0002213013717950625 -0.0007205124040046816
17.61944444444444 -7.997791338831395e-05 -0.0007987580556971281
17.62222222222221 -0.0004099322669457184 -0.00071123396807525
17.62499999999999 -0.0006729526446191522 -0.0005061350576901363
17.62777777777777 -0.000884260791702593 -0.0002101995241101036
17.63055555555554 -0.0008853492678824993 0.0001654173516474494
17.63333333333332 -0.000807697258886953 0.0005352854014576403
17.6361111111111 -0.0005198175038570079 0.000832902076586458
17.63888888888887 -0.0001554873863229831 0.00100409323377367
17.64166666666665 0.0002844911668368778 0.001050185014813932
17.64444444444442 0.0006848962824309214 0.0008424225875227039
17.6472222222222 0.00104362712497083 0.0005488066547006446
17.64999999999998 0.001180047526154789 6.217164987563071e-05
17.65277777777775 0.001156809795662604 -0.0004262570162136987
17.65555555555553 0.0009312960258313419 -0.000916958129641931
17.65833333333331 0.0004813076339377205 -0.001220491716524039
17.66111111111108 -4.654450359505641e-05 -0.001435634165816349
17.66388888888886 -0.0006387961006004321 -0.001269143758491572
17.66666666666664 -0.001144047249360924 -0.0009587039024223527
17.66944444444441 -0.001507117110013424 -0.0004130133268705028
17.67222222222219 -0.001559002000771398 0.0002338452943972389
17.67499999999997 -0.001470227994553528 0.0009246053937813798
17.67777777777774 -0.0009206880044932956 0.001420365744459473
17.68055555555552 -0.0002966148051353243 0.001763430793787572
17.68333333333329 0.0004872312406790998 0.001779171108717654
17.68611111111107 0.001178006417837903 0.001450256925246584
17.68888888888885 0.001814339025586093 0.0009197342608090913
17.69166666666662 0.001981238084674642 7.63505699108738e-05
17.6944444444444 0.001960020704257018 -0.0007643310564461755
17.69722222222218 0.001474828108457725 -0.001543169062516222
17.69999999999995 0.0007422756088089167 -0.00203818396339557
17.70277777777773 -0.0001773237317214949 -0.002318579540896525
17.70555555555551 -0.001093565135870321 -0.001988425464085646
17.70833333333328 -0.001915580381551424 -0.00147171663691601
17.71111111111106 -0.002350655822200839 -0.0005214879200966178
17.71388888888884 -0.002407231749371313 0.0004736859272022694
17.71666666666661 -0.002097095345126489 0.001512405229639019
17.71944444444439 -0.001262738396176279 0.002187556977640931
17.72222222222216 -0.0002884924090388315 0.002679213632110971
17.72499999999994 0.0008504622121091113 0.002495678670506216
17.72777777777772 0.001817344927166581 0.001986725893435041
17.73055555555549 0.00257083138072263 0.001074203778264122
17.73333333333327 0.002723872629041339 -6.313340767134703e-05
17.73611111111105 0.002628587274725867 -0.001249418265473813
17.73888888888882 0.001787564545300235 -0.002147906443120343
17.7416666666666 0.0007923343294566052 -0.002746922609663207
17.74444444444438 -0.0004493462071614752 -0.002867330539253097
17.74722222222215 -0.001537081032285728 -0.002389358293928631
17.74999999999993 -0.002550306734620913 -0.001646892674630257
17.75277777777771 -0.002830483894966113 -0.0004122205524362337
17.75555555555548 -0.002823778867308327 0.0007829876842265638
17.75833333333326 -0.002216804044057062 0.00189562202996203
17.76111111111103 -0.001240563768626963 0.002574936831538663
17.76388888888881 -5.31689390354112e-05 0.003006469462819036
17.76666666666659 0.001114876585547576 0.002593181532814264
17.76944444444436 0.002124097409182169 0.001965789141804024
17.77222222222214 0.0026885535342929 0.0008627693916161397
17.77499999999992 0.002754889832232326 -0.0002850058069825408
17.77777777777769 0.002452586991993541 -0.001465902774743928
17.78055555555547 0.001541856586220778 -0.002193757810313794
17.78333333333325 0.0005206314984380402 -0.002700119416798052
17.78611111111102 -0.0006338488411796029 -0.002551607450158514
17.7888888888888 -0.001577397096170229 -0.002042804891965683
17.79166666666658 -0.00232084881881084 -0.001192219820526329
17.79444444444435 -0.002444193649609384 -0.0001427655825463321
17.79722222222213 -0.002340541269627966 0.000905432461442445
17.7999999999999 -0.001639095398696182 0.001686018204109344
17.80277777777768 -0.0008036926088105557 0.002165138357597725
17.80555555555546 0.0001943349231649742 0.002278276939756964
17.80833333333323 0.001027439109419574 0.001883770090289511
17.81111111111101 0.001765253603295056 0.001307188233009199
17.81388888888879 0.0019722725837254 0.0004239959372808589
17.81666666666656 0.001939151841070903 -0.0004080924212077644
17.81944444444434 0.001530677567253229 -0.001160302103012431
17.82222222222212 0.0008775194544969733 -0.001574731075390928
17.82499999999989 0.0001219325450748675 -0.001837691170378769
17.82777777777767 -0.0005745354568936292 -0.001555800655683334
17.83055555555545 -0.001143232011121168 -0.001160282396495362
17.83333333333322 -0.001450919511646651 -0.0005326475683191137
17.836111111111 -0.001448187794341112 9.191632078599422e-05
17.83888888888877 -0.001271961500476169 0.000714763849423764
17.84166666666655 -0.0007821148048654309 0.001046812125178039
17.84444444444433 -0.0002679545863510588 0.001254922487814169
17.8472222222221 0.0002717104168295575 0.001161218610519755
17.84999999999988 0.0006771573506045636 0.0008930136597752175
17.85277777777766 0.000985397864405892 0.0004984276285489695
17.85555555555543 0.0009882581929880534 5.014720807139752e-05
17.85833333333321 0.0008995721065348948 -0.0003695461025648825
17.86111111111099 0.0005988835440126571 -0.0006538918205726502
17.86388888888876 0.0002599465625702807 -0.0007940353682693033
17.86666666666654 -0.0001145160689916008 -0.000800241984882809
17.86944444444432 -0.0003879007350113244 -0.0006146511186012233
17.87222222222209 -0.0006087350769356181 -0.0003787735471680489
17.87499999999987 -0.0006393094626533375 -7.543150667656186e-05
17.87777777777764 -0.0005804321728569778 0.0001895997716843617
17.88055555555542 -0.0004152450071489783 0.00040910018273873
17.8833333333332 -0.0001896410155114444 0.0004936175852839841
17.88611111111097 4.947994897199509e-05 0.000524191928052627
17.88888888888875 0.0002380346651217208 0.0004040367785978229
17.89166666666653 0.0003724258535822474 0.0002539944400253485
17.8944444444443 0.0004240070263653529 5.825791008501997e-05
17.89722222222208 0.0003781772288341286 -0.0001140519734297012
17.89999999999986 0.0002906993157275894 -0.0002744776916135214
