17.6 0.008918185195989194 -0.00709108790797069
17.60277777777778 0.01078961201291662 -0.004225646708385546
17.60555555555555 0.01217587628158681 -0.001104128729848869
17.60833333333333 0.01249641832346481 0.002579894982228676
17.61111111111111 0.01162794786520148 0.006249367518141558
17.61388888888888 0.01004807386050233 0.009910133872809816
17.61666666666666 0.006788969579597463 0.01262467317822558
17.61944444444444 0.003127249125528403 0.0148044381309091
17.62222222222221 -0.001405996617531402 0.01557585385814882
17.62499999999999 -0.006004097822796464 0.01500940982625745
17.62777777777777 -0.01065230542876889 0.01340935451627334
17.63055555555554 -0.01431395444876922 0.009813452481516868
17.63333333333332 -0.01741442082753145 0.005646616161247996
17.6361111111111 -0.01871021029618203 0.0002378296759022016
17.63888888888887 -0.01857032675708333 -0.005304419862010201
17.64166666666665 -0.01700982971728767 -0.01097873249040139
17.64444444444442 -0.01319049388882002 -0.01564937673656549
17.6472222222222 -0.00861512803030345 -0.01976495764214457
17.64999999999998 -0.002375985272856372 -0.0216523427485101
17.65277777777775 0.004054268086565479 -0.02207696285870825
17.65555555555553 0.01072664563494863 -0.02064835879045519
17.65833333333331 0.01641885416367416 -0.01677614034028076
17.66111111111108 0.02160228806426747 -0.01195424751645826
17.66388888888886 0.02414600986851658 -0.005005218176353121
17.66666666666664 0.02528051537887294 0.002182510805107406
17.66944444444441 0.02411199611256987 0.009760336885646061
17.67222222222219 0.02040674942793963 0.01643533052604355
17.67499999999997 0.01556086714006769 0.02269345649660497
17.67777777777774 0.008089391556061001 0.02595868513187514
17.68055555555552 0.0003424184700156229 0.02794700834262281
17.68333333333329 -0.007995123846941687 0.02719809782556112
17.68611111111107 -0.01556506154407858 0.02391249386050601
17.68888888888885 -0.02268598261122018 0.01914303021829626
17.69166666666662 -0.02690946267378098 0.01155261402639748
17.6944444444444 -0.02988175773073686 0.003497242528631239
17.69722222222218 -0.02972928347344323 -0.005418191837012329
17.69999999999995 -0.02712517122402212 -0.01375109313088351
17.70277777777773 -0.02266719691257601 -0.02164349873774808
17.70555555555551 -0.01527151141653735 -0.02688793693091874
17.70833333333328 -0.007190098799959825 -0.03094488681808173
17.71111111111106 0.002102918411409003 -0.03156034082726641
17.71388888888884 0.01102863223100078 -0.02988074622293451
17.71666666666661 0.01959848117272977 -0.02597757510713389
17.71944444444439 0.02586321511778253 -0.01907021091973473
17.72222222222216 0.03105826200738821 -0.01125259919421451
17.72499999999994 0.03258036548032498 -0.001786775247779957
17.72777777777772 0.03202090584746009 0.007529765238936387
17.73055555555549 0.02887998015805133 0.01666117072638612
17.73333333333327 0.02272347050258762 0.02388467327362521
17.73611111111105 0.01544308418247176 0.03020696834260593
17.73888888888882 0.006005036958798591 0.03271536583470729
17.7416666666666 -0.0034757274781344 0.03339932653721137
17.74444444444438 -0.01302476143397995 0.03116752068081978
17.74722222222215 -0.02107663457980664 0.02597270484313711
17.74999999999993 -0.0284386669747674 0.01946527741228515
17.75277777777771 -0.03193506886126597 0.0102470627262919
17.75555555555548 -0.03389619162346273 0.0008439102111063648
17.75833333333326 -0.03264490969598952 -0.008946204609754291
17.76111111111103 -0.0285559648212868 -0.01762805974727753
17.76388888888881 -0.02284437842692054 -0.02567618628130041
17.76666666666659 -0.01418496504116544 -0.03026354503018302
17.76944444444436 -0.005103825192890526 -0.03343961851962564
17.77222222222214 0.004719833036408486 -0.03316146201617418
17.77499999999992 0.01377688029555928 -0.03024742156328435
17.77777777777769 0.02226658854923777 -0.02538266577152372
17.78055555555547 0.02778892978713145 -0.01751140778227592
17.78333333333325 0.03202760171853992 -0.008983305015627378
17.78611111111102 0.03264380730625165 0.0006456691202721306
17.7888888888888 0.03089706116697077 0.00978826267472567
17.79166666666658 0.02690874780704742 0.01846946095153893
17.79444444444435 0.01998282044984053 0.0246655734775237
17.79722222222213 0.01220780867102321 0.02974167909326864
17.7999999999999 0.003004289289781588 0.03111764784765503
17.80277777777768 -0.005927494280036262 0.03045957028776258
17.80555555555546 -0.01452938846008239 0.02733214467297423
17.80833333333323 -0.02110368226594117 0.02145296177015613
17.81111111111101 -0.0267452800446498 0.01458381806070741
17.81388888888879 -0.02871066210335139 0.006016859618321609
17.81666666666656 -0.02900389172452911 -0.002430692249141179
17.81944444444434 -0.02668344163455819 -0.01069160410983749
17.82222222222212 -0.02188942762901774 -0.01734610834731546
17.82499999999989 -0.01601994911667697 -0.02326486923279329
17.82777777777767 -0.008259926010323559 -0.02563471528795225
17.83055555555545 -0.0005213619714140552 -0.02670070832647103
17.83333333333322 0.00717336589763206 -0.0251032155232251
17.836111111111 0.01363704741297279 -0.02136996247610874
17.83888888888877 0.01941269206206069 -0.01644302425147089
17.84166666666655 0.02215215871014969 -0.009691700193151499
17.84444444444433 0.02379170431770847 -0.002820664170664604
17.8472222222221 0.02281253834182968 0.004139139281057983
17.84999999999988 0.02006062723324041 0.01019048924466642
17.85277777777766 0.01602481889203796 0.0155838986516624
17.85555555555543 0.01035542870775221 0.01853537967971387
17.85833333333321 0.004437018888229538 0.02054917350413399
17.86111111111099 -0.001685606793342434 0.02007324501059061
17.86388888888876 -0.007166076761208525 0.018182100382464
17.86666666666654 -0.01205010379492382 0.01497648381902267
17.86944444444432 -0.0150294663168998 0.01036153672409575
17.87222222222209 -0.01723585864698624 0.005410309720857367
17.87499999999987 -0.01714741311233158 0.0001606917481680103
17.87777777777764 -0.01597230355145913 -0.004657039058220157
17.88055555555542 -0.01350573559004866 -0.008961488578445241
17.8833333333332 -0.0098620256653368 -0.0118252708469954
17.88611111111097 -0.005832957936421372 -0.01407297838483198
17.88888888888875 -0.001434156156344926 -0.01426389227029575
17.89166666666653 0.002690790762006435 -0.01365290554283421
17.8944444444443 0.00639704402504563 -0.01181590187812428
17.89722222222208 0.009046005281642188 -0.009023071629938047
17.89999999999986 0.01122070011492804 -0.005827505955478131
