17.6 -0.09646915516614916 0.05513173717822861
17.60277777777778 -0.09519427885890364 0.06201614501713981
17.60555555555555 -0.0937400571831763 0.06895460197662889
17.60833333333333 -0.09189188023173805 0.07601178481334266
17.61111111111111 -0.08965004612401056 0.08316021001978144
17.61388888888888 -0.0871726811896259 0.09036322686878065
17.61666666666666 -0.0840462136378769 0.09766953654680284
17.61944444444444 -0.08068625348092888 0.1049983824450135
17.62222222222221 -0.07675745395654163 0.1123741958589076
17.62499999999999 -0.07235933141534 0.1197506220949427
17.62777777777777 -0.06759861663684519 0.1271275217885822
17.63055555555554 -0.06204382443667967 0.134436489521548
17.63333333333332 -0.05619219137333299 0.1417026958053932
17.6361111111111 -0.04954897334508859 0.1488270510422665
17.63888888888887 -0.04238182281770239 0.1558039818581658
17.64166666666665 -0.03469623558661193 0.1626350346630991
17.64444444444442 -0.02611643369713803 0.169113185881817
17.6472222222222 -0.0171887616670569 0.1754353979427538
17.64999999999998 -0.007272381375538562 0.1812406831343449
17.65277777777775 0.003151149094898546 0.1867052751399022
17.65555555555553 0.01421720449322269 0.1917382319535826
17.65833333333331 0.02614074233642644 0.1960416312847642
17.66111111111108 0.03841703326340455 0.2000285122961576
17.66388888888886 0.05171231295115099 0.202919377267766
17.66666666666664 0.06539061144490706 0.2052837607013097
17.66944444444441 0.07969486196887277 0.2067877368064174
17.67222222222219 0.09461198055468498 0.2071852930542792
17.67499999999997 0.1098050989476565 0.2070819330338121
17.67777777777774 0.1257126669760154 0.2051888567345162
17.68055555555552 0.1417818689147559 0.2026652734180713
17.68333333333329 0.1581975568050459 0.1987901059985155
17.68611111111107 0.1747749601878376 0.1935664432296657
17.68888888888885 0.1914469603768316 0.1875539670252662
17.69166666666662 0.208087267247408 0.1794126267514008
17.6944444444444 0.2246343620220459 0.1705468938270477
17.69722222222218 0.2409168689029129 0.1599499523760173
17.69999999999995 0.2567990375529814 0.1480155707520513
17.70277777777773 0.2723784813062916 0.1350698531948049
17.70555555555551 0.2870177464947617 0.120086400639977
17.70833333333328 0.3012520069063773 0.1044003869721171
17.71111111111106 0.3143329210842578 0.08693769434929027
17.71388888888884 0.3265032578130322 0.06843915504810054
17.71666666666661 0.3377913741758499 0.04893702726955768
17.71944444444439 0.3473288712783124 0.02795215223070871
17.72222222222216 0.3561579787331704 0.006441499792814802
17.72499999999994 0.3628721978517187 -0.01637899226039206
17.72777777777772 0.3683790814157757 -0.03971752512340743
17.73055555555549 0.3723886787606012 -0.06369851017184919
17.73333333333327 0.3741864910699181 -0.08825714271645771
17.73611111111105 0.3750625763505571 -0.1130222419401142
17.73888888888882 0.3731015700546668 -0.1380871104918767
17.7416666666666 0.3699358755339371 -0.1630977953496967
17.74444444444438 0.3648448801971362 -0.1880218852628545
17.74722222222215 0.3575726578858353 -0.2125153674556885
17.74999999999993 0.3493233206034358 -0.2368107760765363
17.75277777777771 0.3380619560338202 -0.2600258769963739
17.75555555555548 0.3258678290345825 -0.2827396828740361
17.75833333333326 0.3117219980384389 -0.3044045833644613
17.76111111111103 0.2958896324969079 -0.324810979582073
17.76388888888881 0.2790928673672001 -0.3444977338535773
17.76666666666659 0.2600659503738086 -0.3619424261753317
17.76944444444436 0.240398090234392 -0.3785619072777616
17.77222222222214 0.2192611441414585 -0.3931946920093281
17.77499999999992 0.1972145318569499 -0.4061289337816368
17.77777777777769 0.1744947109535504 -0.4178061498775835
17.78055555555547 0.1507628704371798 -0.4266900021680768
17.78333333333325 0.1267673267707161 -0.4345662468164123
17.78611111111102 0.1022311824410397 -0.4398338360545562
17.7888888888888 0.07759021128225747 -0.4434087964552966
17.79166666666658 0.05284979823421315 -0.4453780781300198
17.79444444444435 0.02832503420753034 -0.4446575252304458
17.79722222222213 0.003943803396995152 -0.4429344171194836
17.7999999999999 -0.01982890154079713 -0.4385071724617234
17.80277777777768 -0.04309563207700701 -0.4327450945886723
17.80555555555546 -0.0657481057521003 -0.4253625188043147
17.80833333333323 -0.08726050769491937 -0.4159080685562644
17.81111111111101 -0.1082816667700836 -0.4056287041955243
17.81388888888879 -0.1276317943125689 -0.3931218898890934
17.81666666666656 -0.1461730509242777 -0.3798042092143618
17.81944444444434 -0.1634499912611861 -0.3652190932701411
17.82222222222212 -0.179128753555467 -0.3494288968415344
17.82499999999989 -0.1940941678843709 -0.3331084579178563
17.82777777777767 -0.2066878115781461 -0.3154753795918538
17.83055555555545 -0.2184654205051924 -0.2975306111450798
17.83333333333322 -0.2285760493203463 -0.278949128119977
17.836111111111 -0.2370860397384232 -0.2600025576078195
17.83888888888877 -0.2447014267783137 -0.2408519381987663
17.84166666666655 -0.2499779653917872 -0.2215049290307164
17.84444444444433 -0.2545132578140157 -0.2021840693299619
17.8472222222221 -0.2573222329723284 -0.1829607465561053
17.84999999999988 -0.2588457858070318 -0.1639929063742104
17.85277777777766 -0.2594383812618113 -0.145210097524089
17.85555555555543 -0.2582088117975128 -0.1270621870212924
17.85833333333321 -0.2563826101043032 -0.1091840703138101
17.86111111111099 -0.2530967614845635 -0.09205370841612204
17.86388888888876 -0.248974070743738 -0.07550870721969034
17.86666666666654 -0.2440741096937518 -0.05950739697973878
17.86944444444432 -0.238027936972255 -0.04456508153720522
17.87222222222209 -0.2315849655123926 -0.03003612894342676
17.87499999999987 -0.2241670211728089 -0.01668565365603099
17.87777777777764 -0.2163370460825575 -0.003993243910567491
17.88055555555542 -0.2080173882924179 0.00791708024843279
17.8833333333332 -0.1991801206590696 0.01869830682694413
17.88611111111097 -0.190150367615201 0.02902117938008112
17.88888888888875 -0.1807021798089208 0.03800400140399467
17.89166666666653 -0.1711525247797586 0.04642284388765703
17.8944444444443 -0.161447737640926 0.0539794243185606
17.89722222222208 -0.1516886472962665 0.06056708726742242
17.89999999999986 -0.141908915651271 0.06672842155865212
