17.6 0.0005070914350503584 -0.0006449802161890788
17.60277777777778 0.0004202891281451194 -0.0007286415239211113
17.60555555555555 0.0003263103747092608 -0.0008057793100920511
17.60833333333333 0.000216567629175208 -0.0008685873382270753
17.61111111111111 9.577848993265803e-05 -0.000914201436240047
17.61388888888888 -3.161986801753137e-05 -0.0009495281547136584
17.61666666666666 -0.0001686561176330791 -0.0009541663457799705
17.61944444444444 -0.0003066214050274624 -0.0009478038514477044
17.62222222222221 -0.0004454724767824864 -0.0009146621479069725
17.62499999999999 -0.0005792932495568536 -0.0008611706255037906
17.62777777777777 -0.0007092276854240087 -0.0007919571246646673
17.63055555555554 -0.0008224096640132741 -0.0006935937159898443
17.63333333333332 -0.0009278696822310988 -0.0005859706085445582
17.6361111111111 -0.001010399576394499 -0.0004562769837757102
17.63888888888887 -0.001075118624373761 -0.000317311057092623
17.64166666666665 -0.001122213653226487 -0.0001691700904033458
17.64444444444442 -0.001137040049930942 -1.480948268846061e-05
17.6472222222222 -0.001139421404512336 0.0001404301891677473
17.64999999999998 -0.001106859401391494 0.0002920796517984098
17.65277777777775 -0.001058069423646092 0.0004368982202290713
17.65555555555553 -0.0009887197011567803 0.0005730625083583496
17.65833333333331 -0.0008967667607787583 0.0006902712780095478
17.66111111111108 -0.0007960712986850207 0.0007991618418919085
17.66388888888886 -0.0006762852657134533 0.0008782569382071078
17.66666666666664 -0.0005529249791689967 0.0009440493641847575
17.66944444444441 -0.0004237234356279378 0.0009881017779897687
17.67222222222219 -0.0002957040438047954 0.001008482181616067
17.67499999999997 -0.0001682700697009878 0.00101819215392995
17.67777777777774 -5.222219156905567e-05 0.0009984298283049848
17.68055555555552 5.792870976009681e-05 0.0009716088984489698
17.68333333333329 0.0001554385779424805 0.0009296568169810709
17.68611111111107 0.00023898827950777 0.0008794236213794999
17.68888888888885 0.0003143718668956241 0.0008243463200171042
17.69166666666662 0.0003690747433235755 0.000765556028150666
17.6944444444444 0.000417870661190653 0.0007075404170100828
17.69722222222218 0.0004531230796506593 0.0006524103003854758
17.69999999999995 0.0004815788382581743 0.0006024432996247517
17.70277777777773 0.0005048951472856608 0.0005563805068476811
17.70555555555551 0.0005243334696515341 0.0005198744566938514
17.70833333333328 0.0005438126367335684 0.0004863972937429348
17.71111111111106 0.0005655959341856606 0.0004601548213272954
17.71388888888884 0.0005916187227205256 0.000435940304853536
17.71666666666661 0.000621748976664496 0.0004136905899844574
17.71944444444439 0.0006608043898649864 0.0003888789448128447
17.72222222222216 0.0007031158068454476 0.0003620493496074004
17.72499999999994 0.000753903005632764 0.0003257594414561739
17.72777777777772 0.0008069443065614595 0.000281522245181459
17.73055555555549 0.0008627810491223276 0.000227429160091661
17.73333333333327 0.000916577097823509 0.0001564096266140746
17.73611111111105 0.0009688441986325233 7.834450532380689e-05
17.73888888888882 0.001009755649745924 -2.132624080452968e-05
17.7416666666666 0.001042182001944911 -0.0001287832569315609
17.74444444444438 0.001061047693777567 -0.000248684083559551
17.74722222222215 0.001058662400233283 -0.0003778366994445575
17.74999999999993 0.001046690587217337 -0.0005110308760532107
17.75277777777771 0.0009991049481524507 -0.0006473430267835811
17.75555555555548 0.0009393634905815519 -0.0007808115996461056
17.75833333333326 0.0008541873040695887 -0.0009083302949042801
17.76111111111103 0.0007468837969549891 -0.001022517765535241
17.76388888888881 0.0006269273744672657 -0.001129082132580485
17.76666666666659 0.0004806287444990005 -0.001205600755896592
17.76944444444436 0.0003283750199453794 -0.001270176118854679
17.77222222222214 0.0001633227947103487 -0.001305634227392423
17.77499999999992 -4.504876223788672e-06 -0.001316214060341211
17.77777777777769 -0.0001743865467274458 -0.001308382447745754
17.78055555555547 -0.0003369915435304875 -0.001262618938491234
17.78333333333325 -0.0004946368919451155 -0.00120444060625226
17.78611111111102 -0.0006361678323285472 -0.001115898558179629
17.7888888888888 -0.0007624809464500914 -0.001012098650800714
17.79166666666658 -0.0008743579719590704 -0.0008938246782568388
17.79444444444435 -0.0009567127306435513 -0.0007596981214747128
17.79722222222213 -0.001027576746678057 -0.0006211569791355341
17.7999999999999 -0.00106573963508957 -0.0004759454841885536
17.80277777777768 -0.00108743378612336 -0.0003321833613596214
17.80555555555546 -0.001089134761817536 -0.0001901807875613078
17.80833333333323 -0.001066523104201884 -5.771770095964496e-05
17.81111111111101 -0.001034493514556986 7.032015263908418e-05
17.81388888888879 -0.000979453137359078 0.0001806197793420552
17.81666666666656 -0.0009177827052172208 0.0002819246709277369
17.81944444444434 -0.0008457490790854297 0.0003691702242882339
17.82222222222212 -0.000767338329113898 0.0004395321358794059
17.82499999999989 -0.0006861999069123069 0.0005024040721625991
17.82777777777767 -0.0006029871571313419 0.0005430852829225786
17.83055555555545 -0.0005208439151445863 0.00057740979066455
17.83333333333322 -0.0004408854430906216 0.0005987489478549718
17.836111111111 -0.0003652340746150529 0.0006103259808095169
17.83888888888877 -0.0002919899640301284 0.0006164469224097386
17.84166666666655 -0.0002266750484504416 0.00061210168525402
17.84444444444433 -0.0001639700838388015 0.0006053220517581027
17.8472222222221 -0.000107383727778766 0.0005932386903419122
17.84999999999988 -5.504491464779511e-05 0.0005785729683471829
17.85277777777766 -5.782352305167102e-06 0.0005620369912665879
17.85555555555543 3.831078685179581e-05 0.0005430127329013129
17.85833333333321 8.090572632292601e-05 0.0005232416741433191
17.86111111111099 0.0001201108131293256 0.0005017398389637735
17.86388888888876 0.0001576795253738563 0.0004790018308746397
17.86666666666654 0.0001937283507370288 0.000455115648625289
17.86944444444432 0.0002275387553062218 0.0004286902262888898
17.87222222222209 0.000260471789341029 0.0004011998252477542
17.87499999999987 0.0002908922536081949 0.0003704452475173368
17.87777777777764 0.0003195815633243485 0.0003377114231279478
17.88055555555542 0.0003462134624392548 0.0003026253402089725
17.8833333333332 0.0003689630657682047 0.0002641737730642014
17.88611111111097 0.0003900199291483856 0.0002244001092554126
17.88888888888875 0.000405172676114726 0.0001811221050921875
17.89166666666653 0.0004172810757224328 0.0001367845015190329
17.8944444444443 0.0004247350064790229 9.082688818116088e-05
17.89722222222208 0.0004260917432468811 4.412153252908422e-05
17.89999999999986 0.0004247469076839822 -2.873255129470768e-06
