17.6 3.295396725186382e-06 0.000420888744561851
17.60277777777778 -0.0001399796704189678 0.0004033969127788648
17.60555555555555 -0.000276669568943999 0.0003605212687636985
17.60833333333333 -0.0003988942937045196 0.0002618868012496289
17.61111111111111 -0.0004796913904133961 0.000124077147222239
17.61388888888888 -0.0005357017321362149 -3.717159311799275e-05
17.61666666666666 -0.0005006384163624026 -0.0002167177856441628
17.61944444444444 -0.0004343416827440058 -0.0003879319614962888
17.62222222222221 -0.0002927824547997968 -0.0005307522307823258
17.62499999999999 -0.0001113692124797523 -0.000621254157521153
17.62777777777777 0.0001008346702306484 -0.0006713356825408665
17.63055555555554 0.0003231881662406719 -0.000610970812896643
17.63333333333332 0.000535212501073216 -0.0005118769251751201
17.6361111111111 0.0006970691314347198 -0.0003136017223474513
17.63888888888887 0.0007948391277518078 -7.676510793995785e-05
17.64166666666665 0.0008291947274435458 0.0001982284277166937
17.64444444444442 0.0007319703175414555 0.0004705403985976338
17.6472222222222 0.0005862382243603432 0.0007298668484955802
17.64999999999998 0.0003132309374821097 0.0009050859575896149
17.65277777777775 5.987900172419456e-06 0.001003943953204809
17.65555555555553 -0.0003446295141788566 0.00100605758990847
17.65833333333331 -0.0006727154375171644 0.0008548636493348693
17.66111111111108 -0.0009837017979754149 0.0006424257557457844
17.66388888888886 -0.001158491846154091 0.0002732938394549631
17.66666666666664 -0.001245610036496059 -0.0001213655184371522
17.66944444444441 -0.001189449681387811 -0.0005577433341325805
17.67222222222219 -0.0009610137132245353 -0.0009425250887315469
17.67499999999997 -0.0006551051444590551 -0.001303263871674369
17.67777777777774 -0.0001691624375153365 -0.001451575412824932
17.68055555555552 0.0003286170452783986 -0.001504833468158262
17.68333333333329 0.0008517703901162238 -0.00135433045996406
17.68611111111107 0.001284836041049121 -0.001020900149407016
17.68888888888885 0.00166520415515544 -0.0005804650101657607
17.69166666666662 0.001763740007157003 2.488188596512866e-05
17.6944444444444 0.001750847508913759 0.0006347038281211935
17.69722222222218 0.001463776039636136 0.001229019350006842
17.69999999999995 0.0009976965846055976 0.001688813836225721
17.70277777777773 0.0003962561526883946 0.002046887168926937
17.70555555555551 -0.0003267483272940304 0.002057427089216661
17.70833333333328 -0.001044243376277502 0.001938255997471727
17.71111111111106 -0.001672060726735791 0.001475266902963686
17.71388888888884 -0.002122550350157403 0.0008560012994743851
17.71666666666661 -0.002401234563293295 8.532592949102346e-05
17.71944444444439 -0.002281940398347308 -0.0007364085047811005
17.72222222222216 -0.002014737601614724 -0.001538427518212335
17.72499999999994 -0.001351941108147219 -0.002140213883062876
17.72777777777772 -0.0005739219786557767 -0.002533480343537814
17.73055555555549 0.0003469913648099041 -0.002668149284793136
17.73333333333327 0.001228497809613394 -0.002383675389351328
17.73611111111105 0.002071076834434456 -0.001934471732646459
17.73888888888882 0.00257328484707527 -0.001075654063463501
17.7416666666666 0.002856415872554266 -0.0001545643501915453
17.74444444444438 0.002789423859168732 0.0008660468947355889
17.74722222222215 0.002320522301263312 0.001751499442976533
17.74999999999993 0.001673556154471614 0.00257315314051682
17.75277777777771 0.0006571182730144907 0.002902985944918111
17.75555555555548 -0.0003678246549188681 0.003028155637347791
17.75833333333326 -0.001410563468143474 0.00272509001393609
17.76111111111103 -0.002235437718887851 0.002075915662611665
17.76388888888881 -0.002935731957376402 0.001228828309400446
17.76666666666659 -0.003069339478715513 0.0001387073244057525
17.76944444444436 -0.003004637281148891 -0.0009305842673150218
17.77222222222214 -0.002466726035186127 -0.001904371806943151
17.77499999999992 -0.001667332325357631 -0.002606865212314748
17.77777777777769 -0.0006744255994430895 -0.003108584365408414
17.78055555555547 0.0004121864307597135 -0.003036956331504628
17.78333333333325 0.001454753630920279 -0.002774874380600542
17.78611111111102 0.002274129945448695 -0.002042657312560955
17.7888888888888 0.002806880393832744 -0.001145519769120419
17.79166666666658 0.003067728907531408 -9.193369249633045e-05
17.79444444444435 0.00280559898023396 0.0009179034219179047
17.79722222222213 0.002366465032497138 0.001863453249365119
17.7999999999999 0.001512724520430058 0.00246741675756737
17.80277777777768 0.0005839305638144538 0.002806338586806799
17.80555555555546 -0.0004359788585642011 0.002823497755177205
17.80833333333323 -0.001308916615182839 0.002411212478707974
17.81111111111101 -0.002100763762015438 0.001840224833239671
17.81388888888879 -0.002465253995319224 0.0009540732993719287
17.81666666666656 -0.002613136152751198 6.143268761513653e-05
17.81944444444434 -0.002422446227595148 -0.0008413507621043168
17.82222222222212 -0.001916969366338162 -0.001539984821900359
17.82499999999989 -0.001275421547941186 -0.002144897722350202
17.82777777777767 -0.0004426351838358483 -0.002285132447358978
17.83055555555545 0.0003561713880521201 -0.002269219482453453
17.83333333333322 0.001085564694547423 -0.001934331022608544
17.836111111111 0.001599046340480905 -0.001397394397878547
17.83888888888877 0.001991854072005511 -0.000747532223447484
17.84166666666655 0.001974098485117807 -3.626616916065062e-05
17.84444444444433 0.001838629590932182 0.000630002321377806
17.8472222222221 0.001434155482211286 0.001164757481681281
17.84999999999988 0.0009208511895040535 0.001506591616521477
17.85277777777766 0.0003287274605075204 0.001708704160178125
17.85555555555543 -0.0002355235470096649 0.001594868863444042
17.85833333333321 -0.0007534639683848572 0.00139088955071256
17.86111111111099 -0.001105425103261176 0.0009852278481570415
17.86388888888876 -0.00130665090712388 0.0005357651406816145
17.86666666666654 -0.001367871691657069 4.561946592023447e-05
17.86944444444432 -0.001209925749933009 -0.0003730624587545145
17.87222222222209 -0.0009851986260104785 -0.0007484655745720715
17.87499999999987 -0.0006280363627651079 -0.0009529760060225142
17.87777777777764 -0.0002640847331260803 -0.001053160630539248
17.88055555555542 0.0001079357973432586 -0.001029358046032057
17.8833333333332 0.0004002156631534736 -0.0008684854695639459
17.88611111111097 0.0006549683139311457 -0.0006599262101175473
17.88888888888875 0.0007578096557714493 -0.0003770556586176325
17.89166666666653 0.0007963966199872072 -0.0001026136599168093
17.8944444444443 0.0007367457801780139 0.0001589420180584544
17.89722222222208 0.0005994644195067012 0.0003535808514051968
17.89999999999986 0.0004294569112281906 0.0005180874935657575
