17.6 -0.0001358619951195693 -0.0002193135809098612
17.60277777777778 -0.0002167771655463827 -0.0001820687184691834
17.60555555555555 -0.0002910670493273931 -0.0001291647441516558
17.60833333333333 -0.0003508036349144997 -4.186350722816152e-05
17.61111111111111 -0.000378664597800308 6.793244609846824e-05
17.61388888888888 -0.0003874539100248675 0.0001911873168236587
17.61666666666666 -0.0003297791172178587 0.0003191437855864364
17.61944444444444 -0.0002497110385038934 0.0004383801793824451
17.62222222222221 -0.0001159102858781048 0.0005307212802251032
17.62499999999999 4.572412090718944e-05 0.000580508553897048
17.62777777777777 0.0002288624100339955 0.0005974193505021995
17.63055555555554 0.0004170784733237487 0.00052623468071087
17.63333333333332 0.0005966065620846128 0.0004236841055485613
17.6361111111111 0.0007360093494103584 0.0002399982820184054
17.63888888888887 0.0008241642139120683 2.134552488456055e-05
17.64166666666665 0.0008616087212129867 -0.0002319073798366866
17.64444444444442 0.0007888034850125495 -0.0004950585257538314
17.6472222222222 0.0006736100803547974 -0.0007527342466662638
17.64999999999998 0.0004399242335649848 -0.000957988008029261
17.65277777777775 0.0001629040057433344 -0.001106362188870337
17.65555555555553 -0.0001690179478489197 -0.001182673793590454
17.65833333333331 -0.000520834118858376 -0.001127723527925299
17.66111111111108 -0.0008748048469074955 -0.001017973490758671
17.66388888888886 -0.001168161528590378 -0.00074104607021621
17.66666666666664 -0.001403243927452188 -0.00041228945913043
17.66944444444441 -0.001543091040034234 1.16948650311522e-06
17.67222222222219 -0.001534256191510017 0.0004499042787766997
17.67499999999997 -0.001458178668858109 0.0009139882117167311
17.67777777777774 -0.001154997040038006 0.001317875152491372
17.68055555555552 -0.0007931554939696318 0.001667184471297124
17.68333333333329 -0.000305567826944402 0.001899498666761823
17.68611111111107 0.0002371942431616876 0.001972221014722669
17.68888888888885 0.0008122310337341099 0.001951588800073315
17.69166666666662 0.001346211290693996 0.001666711418704112
17.6944444444444 0.001831963843892579 0.001304555739680855
17.69722222222218 0.002185076542259203 0.000764126291955454
17.69999999999995 0.002376880263327045 0.0001463742636438388
17.70277777777773 0.002446706516987982 -0.0005298469999900188
17.70555555555551 0.002226486702372768 -0.001195660285221124
17.70833333333328 0.001909369062585909 -0.001826960573282514
17.71111111111106 0.001352166595960855 -0.002321587536041296
17.71388888888884 0.000696765392785576 -0.002663934976644455
17.71666666666661 -5.377645480264147e-05 -0.002858745163941202
17.71944444444439 -0.0008325587822575548 -0.002751666262407869
17.72222222222216 -0.001598380081904401 -0.002531474570565144
17.72499999999994 -0.002240113385257699 -0.002005262476808041
17.72777777777772 -0.002749010454258061 -0.001365342290078741
17.73055555555549 -0.003093169673560062 -0.0005844061612701754
17.73333333333327 -0.003140943380763535 0.0002663041732338027
17.73611111111105 -0.003066128765001861 0.001131999116954221
17.73888888888882 -0.002623057390450716 0.001905707976660106
17.7416666666666 -0.0020597341756218 0.002573936542626635
17.74444444444438 -0.001304227654401117 0.003073589296670628
17.74722222222215 -0.000440921410654847 0.003300278493294159
17.74999999999993 0.0004686518922259484 0.003404256061062041
17.75277777777771 0.001337210385217054 0.003090643439751867
17.75555555555548 0.002131289882871008 0.002661188410241244
17.75833333333326 0.002769530178313583 0.001989345733119627
17.76111111111103 0.003173418722414311 0.001181323317963731
17.76388888888881 0.003443299497091819 0.0002954301686224842
17.76666666666659 0.003310872218927482 -0.0006121375360734123
17.76944444444436 0.003056013948841916 -0.001476039320475574
17.77222222222214 0.002516949403781634 -0.002213574875598018
17.77499999999992 0.001827235435211591 -0.002765020313977005
17.77777777777769 0.001026031679204151 -0.003178747684297244
17.78055555555547 0.0001492993260226252 -0.003236239605919847
17.78333333333325 -0.0007160800300942239 -0.003170701854323951
17.78611111111102 -0.001497943185912033 -0.002794315276987175
17.7888888888888 -0.002144635790932963 -0.002268009091748799
17.79166666666658 -0.002663101537825016 -0.001599484648318791
17.79444444444435 -0.002886228107406646 -0.0008177801339415297
17.79722222222213 -0.002995877105432074 -1.764459359225304e-05
17.7999999999999 -0.002787535765776544 0.0007489412575228607
17.80277777777768 -0.002443342501856006 0.001427258829361377
17.80555555555546 -0.001934223944650492 0.001998418023236432
17.80833333333323 -0.001293184618573142 0.002341017755858538
17.81111111111101 -0.0006101714990835699 0.002587653040698932
17.81388888888879 8.878409581769033e-05 0.002529339388084609
17.81666666666656 0.0007375376201061491 0.002358360920518082
17.81944444444434 0.001307822142123122 0.002011280242176478
17.82222222222212 0.001713637731978744 0.001531205072306876
17.82499999999989 0.002045549525522 0.0009940075128695527
17.82777777777767 0.0021027083651763 0.0003988053467928954
17.83055555555545 0.0020743342962873 -0.0001732575458971714
17.83333333333322 0.001871235248430133 -0.0006980519763699849
17.836111111111 0.00154752685755611 -0.001113407530832948
17.83888888888877 0.001156409409208051 -0.001467597247738773
17.84166666666655 0.0006850311086174876 -0.001609054317245911
17.84444444444433 0.0002165169792272253 -0.001681174271669738
17.8472222222221 -0.0002335963879531485 -0.001591018068504778
17.84999999999988 -0.0006169545487933342 -0.001400554517239659
17.85277777777766 -0.0009519657571578158 -0.001137444129009514
17.85555555555543 -0.00113642550700042 -0.0007903925465079868
17.85833333333321 -0.00126604726075023 -0.0004320516252559932
17.86111111111099 -0.001253656151980365 -6.903700123983607e-05
17.86388888888876 -0.001163900264359769 0.000257208141344996
17.86666666666654 -0.001002286921120876 0.0005493012910034715
17.86944444444432 -0.0007641594207692145 0.0007406655824759383
17.87222222222209 -0.0005070736743387347 0.0008917395950066219
17.87499999999987 -0.0002296233358223787 0.0009249455503331495
17.87777777777764 3.006189391282742e-05 0.0009024217590908111
17.88055555555542 0.0002686339751326257 0.0008136653074955558
17.8833333333332 0.0004432882977404505 0.0006615161591662577
17.88611111111097 0.00059041273141062 0.0004878143525448373
17.88888888888875 0.0006440999010285729 0.0002853165587121236
17.89166666666653 0.000660123924570115 8.986364600282632e-05
17.8944444444443 0.0006185651825476166 -9.481842623198659e-05
17.89722222222208 0.0005282265682371708 -0.0002408168487754073
17.89999999999986 0.0004171216373698507 -0.0003693439283514744
