17.6 -2.43152144867163e-05 -0.00275992286845978
17.60277777777778 0.0009160385184014172 -0.002756293789434762
17.60555555555555 0.001851060824372071 -0.002573889707431794
17.60833333333333 0.002774371962226213 -0.001998783231246042
17.61111111111111 0.003460168797821381 -0.001086336547930371
17.61388888888888 0.004003857357064387 2.794570875319191e-05
17.61666666666666 0.003893224562865191 0.001397871821213877
17.61944444444444 0.003533784977903712 0.002740033844985447
17.62222222222221 0.002560903725487473 0.003949570533627091
17.62499999999999 0.001222690357372329 0.004784235049268493
17.62777777777777 -0.0003977733680456778 0.005329278696047049
17.63055555555554 -0.002184466107367498 0.004998642263167265
17.63333333333332 -0.003913630912358117 0.004352064973281702
17.6361111111111 -0.005297700364330767 0.002881236910843713
17.63888888888887 -0.006186573402591982 0.001077890467682146
17.64166666666665 -0.006585444395110179 -0.001054486401165533
17.64444444444442 -0.005951251744264645 -0.00319700298324941
17.6472222222222 -0.004938245717965413 -0.005248854546185515
17.64999999999998 -0.002939774678265141 -0.006669090425576929
17.65277777777775 -0.0006852869692339895 -0.007520685950294682
17.65555555555553 0.001893556520071964 -0.007651852659115533
17.65833333333331 0.004303032922523813 -0.006680748323273372
17.66111111111108 0.006589058742025046 -0.005273038098958199
17.66388888888886 0.007922368937062704 -0.002790885761575948
17.66666666666664 0.008673943337092063 -0.0001444710431728422
17.66944444444441 0.008474810627659247 0.002770390992369281
17.67222222222219 0.007188166570346325 0.005358411049727757
17.67499999999997 0.005412678389268321 0.007794564556198894
17.67777777777774 0.002540577715103742 0.008967477473761844
17.68055555555552 -0.000415536001152314 0.009600385930293961
17.68333333333329 -0.003551743973390293 0.009075715763136033
17.68611111111107 -0.006255316447682679 0.007535572110255938
17.68888888888885 -0.008705815232359554 0.005401418897460464
17.69166666666662 -0.009786130511982868 0.002300541295937977
17.6944444444444 -0.01032365043960791 -0.0008876115477276393
17.69722222222218 -0.009525111298848818 -0.004161719816003885
17.69999999999995 -0.007807271324255356 -0.006954055248222896
17.70277777777773 -0.005394281027752193 -0.009382087146988486
17.70555555555551 -0.002139601063875423 -0.0104187812325548
17.70833333333328 0.001228333401131392 -0.01090632853240605
17.71111111111106 0.00460005331436621 -0.009894234034579957
17.71388888888884 0.007482421994151564 -0.008060248168276236
17.71666666666661 0.009890678752233777 -0.005429966166386302
17.71944444444439 0.01092406520531655 -0.002056463845975587
17.72222222222216 0.01140010073559503 0.001468589306589271
17.72499999999994 0.01020864127681403 0.004923714664079345
17.72777777777772 0.008289054515053964 0.007902454019297666
17.73055555555549 0.005466475231835155 0.01029039971025014
17.73333333333327 0.001987839135598337 0.01133186223480487
17.73611111111105 -0.001686524545284781 0.01180299129293986
17.73888888888882 -0.005202134472605884 0.01042838999698882
17.7416666666666 -0.008262060075525358 0.008424280640959321
17.74444444444438 -0.01059372305949352 0.005414108175153803
17.74722222222215 -0.01161532250307947 0.001847651904483594
17.74999999999993 -0.01204786245523647 -0.001956716930291128
17.75277777777771 -0.01046530459445214 -0.005470479796482372
17.75555555555548 -0.008366283328724699 -0.008557822975766358
17.75833333333326 -0.005186618525401678 -0.01075292931009785
17.76111111111103 -0.001576437595998052 -0.01169721312397286
17.76388888888881 0.002279922444192901 -0.0119262475959891
17.76666666666659 0.005705896712895594 -0.01022778987812939
17.76944444444436 0.008729342107748587 -0.00803666255565421
17.77222222222214 0.01068329396670427 -0.004748585053539032
17.77499999999992 0.0114870694194377 -0.001174904379928835
17.77777777777769 0.01143964398432359 0.002610140108687022
17.78055555555547 0.009669078519455894 0.005838148911294951
17.78333333333325 0.007420371402458458 0.008687783885646864
17.78611111111102 0.004134888873797333 0.01030900185085667
17.7888888888888 0.0007051362212149542 0.01092883918514581
17.79166666666658 -0.002861475418796463 0.01059873667427577
17.79444444444435 -0.005786738590357306 0.008814085244873763
17.79722222222213 -0.008362209306615761 0.006577108916812767
17.7999999999999 -0.009605997064196414 0.003434927737710629
17.80277777777768 -0.01003375414365099 0.0002611809996752989
17.80555555555546 -0.009470843629344092 -0.002950886572554517
17.80833333333323 -0.007752975316407364 -0.00550289972904726
17.81111111111101 -0.005618155881424313 -0.007738138760823436
17.81388888888879 -0.002753454975261422 -0.008619748608302051
17.81666666666656 7.313309501314879e-05 -0.008882481544638486
17.81944444444434 0.002840148399276538 -0.00817787084049564
17.82222222222212 0.004994262772221997 -0.006607819710515311
17.82499999999989 0.006868667146961847 -0.004663307480019583
17.82777777777767 0.007451378338716268 -0.002170460636129024
17.83055555555545 0.007597956818959255 0.0002565091764566548
17.83333333333322 0.006853611792168826 0.002548906657699202
17.836111111111 0.005491499264252686 0.004321652798966762
17.83888888888877 0.003784113941150557 0.005803963670738337
17.84166666666655 0.001719449483628516 0.006222655629721022
17.84444444444433 -0.0002981565784268666 0.006305080365201776
17.8472222222221 -0.002139729152993806 0.005604700416252896
17.84999999999988 -0.003573376794725065 0.004478841559278973
17.85277777777766 -0.00471158789415942 0.003044832826460575
17.85555555555543 -0.005039251809886255 0.001390530848296865
17.85833333333321 -0.005097627559358498 -0.0002419322099975415
17.86111111111099 -0.004491684299579408 -0.001687833406981773
17.86388888888876 -0.003600113177129949 -0.002832983017840187
17.86666666666654 -0.00244324702288332 -0.003698790477487053
17.86944444444432 -0.001150808437572323 -0.003968781949480073
17.87222222222209 0.0001394452789199281 -0.004025404817004571
17.87499999999987 0.001253306250164205 -0.003533013030981295
17.87777777777764 0.002156746278446153 -0.002853687562563408
17.88055555555542 0.002810109109101828 -0.001952198602351011
17.8833333333332 0.003039287175324109 -0.0009675323235255847
17.88611111111097 0.003101837858819818 2.801939762656554e-05
17.88888888888875 0.002722806121525736 0.00086817291554553
17.89166666666653 0.002225938119915635 0.001568746286197665
17.8944444444443 0.001548911563062015 0.002055917120557322
17.89722222222208 0.0008217856778511727 0.002252475652406979
17.89999999999986 7.678597472728293e-05 0.002321953887089767
