17.6 0.0003129977780652904 0.0007791637666901987
17.60277777777778 6.53096029492952e-05 0.000848391644571374
17.60555555555555 -0.0001889924703201668 0.0008761037489085156
17.60833333333333 -0.000457822825488569 0.0008126210922582767
17.61111111111111 -0.0006955279395746788 0.000664463544387422
17.61388888888888 -0.0009146103672828235 0.00046564377227481
17.61666666666666 -0.001023703139290734 0.0001726571820323302
17.61944444444444 -0.001085009483024476 -0.0001346133226676422
17.62222222222221 -0.001025434994890484 -0.0004660494429632721
17.62499999999999 -0.0008717970654486125 -0.0007669736709735617
17.62777777777777 -0.0006454870692011849 -0.001044324848246036
17.63055555555554 -0.0003083752326632742 -0.001201755551691355
17.63333333333332 5.297759822646674e-05 -0.001305938191708961
17.6361111111111 0.0004514565093038914 -0.001254637688170453
17.63888888888887 0.0008212123164564784 -0.001102471051009667
17.64166666666665 0.001162546310983699 -0.0008504963165917256
17.64444444444442 0.001376378383351622 -0.0004720802873811394
17.6472222222222 0.001532670021522604 -5.71526419279897e-05
17.64999999999998 0.001494042978131892 0.0004114437203300688
17.65277777777775 0.001351061843731489 0.0008540273653271581
17.65555555555553 0.001075871143825916 0.001263654659371392
17.65833333333331 0.0006605931392811033 0.001540731634843548
17.66111111111108 0.0001943290813695386 0.001757456831394802
17.66388888888886 -0.0003455751276772961 0.001735298197505693
17.66666666666664 -0.0008627433395629665 0.001609318288165853
17.66944444444441 -0.001342755037568444 0.001313667498107674
17.67222222222219 -0.001687769209056463 0.0008674279696101708
17.67499999999997 -0.00197130262656 0.0003537922128658449
17.67777777777774 -0.001968077110014694 -0.0002561328342334116
17.68055555555552 -0.001866194462984821 -0.0008467985271114925
17.68333333333329 -0.001552825812477258 -0.001396178974475214
17.68611111111107 -0.001082705568909138 -0.001810732733300735
17.68888888888885 -0.0005208921929066254 -0.00214641851275556
17.69166666666662 0.0001482777104964804 -0.002180572836926355
17.6944444444444 0.0008079986155550791 -0.002108297381787923
17.69722222222218 0.001421808352808248 -0.001779726155859752
17.69999999999995 0.001903619597561053 -0.001293633244232148
17.70277777777773 0.00228561716742519 -0.0006884267122404756
17.70555555555551 0.002360314294294682 2.970877168524124e-05
17.70833333333328 0.0023208074650422 0.0007503564578070525
17.71111111111106 0.001979310481412055 0.001419180046813005
17.71388888888884 0.001485599203399589 0.001961593958562733
17.71666666666661 0.0008444138685392785 0.002381534826598325
17.71944444444439 9.01817560347263e-05 0.002495282340853236
17.72222222222216 -0.0006795172698932267 0.002488855260234174
17.72499999999994 -0.001389380070279292 0.002136697362408919
17.72777777777772 -0.001981327685963967 0.001643803725952154
17.73055555555549 -0.002427041903290772 0.0009763756104746557
17.73333333333327 -0.002575225463570552 0.000201547128036574
17.73611111111105 -0.002599223510432097 -0.0006018664543359975
17.73888888888882 -0.002239072886317738 -0.00133477608511416
17.7416666666666 -0.001755199773039622 -0.001961263818064325
17.74444444444438 -0.001073596654236543 -0.002417670892374857
17.74722222222215 -0.0002955033939802423 -0.002592994100323968
17.74999999999993 0.0005235005877853673 -0.002642128733277211
17.75277777777771 0.001258657775488556 -0.002277536539003532
17.75555555555548 0.001901786487087517 -0.001810404393336143
17.75833333333326 0.002352355615519572 -0.001128718545008669
17.76111111111103 0.002545651941738746 -0.0003654464983308863
17.76388888888881 0.002591833709776023 0.0004444784297273183
17.76666666666659 0.002248525117966695 0.001164861254093676
17.76944444444436 0.001805184808175988 0.001805276479262333
17.77222222222214 0.001138836779578406 0.002233834524761277
17.77499999999992 0.0004079863420354174 0.002435124586673021
17.77777777777769 -0.0003705998232321283 0.00246822244053545
17.78055555555547 -0.001057442239534506 0.002154491791694708
17.78333333333325 -0.001676027355981469 0.00174118137333057
17.78611111111102 -0.002068587752861794 0.001105857831062177
17.7888888888888 -0.002268207128819638 0.0004232920843241725
17.79166666666658 -0.002284796837655351 -0.0003040890413148406
17.79444444444435 -0.002003653507776581 -0.0009404454496534279
17.79722222222213 -0.001625670707225976 -0.001520013974476253
17.7999999999999 -0.001036023473951785 -0.00186627680206508
17.80277777777768 -0.0004147681743242575 -0.002055886118173278
17.80555555555546 0.00024485956383661 -0.002055316852234559
17.80833333333323 0.0008177860877607711 -0.001808833317010557
17.81111111111101 0.001344519542062267 -0.001470400616364412
17.81388888888879 0.001638760214014769 -0.0009387170375496947
17.81666666666656 0.001812079245244034 -0.000388151100424464
17.81944444444434 0.001796390126316167 0.0001919291535222097
17.82222222222212 0.00158563366639553 0.0006932261673050317
17.82499999999989 0.001289744759725375 0.00115764985185132
17.82777777777767 0.0008248294866011303 0.001398856897435682
17.83055555555545 0.0003502568494925176 0.001552024740042473
17.83333333333322 -0.0001440436648483124 0.001525347793659737
17.836111111111 -0.0005703937343524467 0.001350324724790345
17.83888888888877 -0.0009587660209849583 0.001092390398412852
17.84166666666655 -0.001159068805027613 0.0007050618891142772
17.84444444444433 -0.001290614441769086 0.00030769271955312
17.8472222222221 -0.001258235244813032 -0.0001002248775064046
17.84999999999988 -0.00111787194355441 -0.000452779980313126
17.85277777777766 -0.0008993019728078276 -0.0007652392160658742
17.85555555555543 -0.0005885213341954316 -0.0009304639277455592
17.85833333333321 -0.0002658298898147431 -0.001040949511442947
17.86111111111099 6.009997980038469e-05 -0.001008265478858643
17.86388888888876 0.0003436569322081286 -0.000900451174505285
17.86666666666654 0.0005878573445613584 -0.0007228548550097162
17.86944444444432 0.0007218591050702312 -0.000481859244815431
17.87222222222209 0.0008133161659845821 -0.0002282381702567974
17.87499999999987 0.000784930842396413 2.394539340746181e-05
17.87777777777764 0.0007066397239793774 0.0002458935587698464
17.88055555555542 0.0005690374878550661 0.000431908116146259
17.8833333333332 0.0003890285211074965 0.0005393634038488784
17.88611111111097 0.0001966326348013941 0.000614663413982503
17.88888888888875 7.528369684245455e-06 0.0005937905851322225
17.89166666666653 -0.0001616952909452119 0.000541288531607144
17.8944444444443 -0.0003005237162652341 0.0004404289079065356
17.89722222222208 -0.0003862698000509558 0.0003115698755374879
17.89999999999986 -0.0004485556547451532 0.0001712345930778043
