17.6 0.0001527200167045433 2.440080213659245e-05
17.60277777777778 0.0001631378338863436 -7.1225786073343e-06
17.60555555555555 0.0001698356810609349 -4.039546198017882e-05
17.60833333333333 0.0001683621334443912 -7.751135393677832e-05
17.61111111111111 0.00015778455891039 -0.0001150668488216183
17.61388888888888 0.0001417599120914829 -0.0001528853645595921
17.61666666666666 0.0001116157254382532 -0.0001856771891257732
17.61944444444444 7.730514239368478e-05 -0.0002152309462766173
17.62222222222221 3.333967632143481e-05 -0.0002361199151486837
17.62499999999999 -1.520244231458628e-05 -0.0002475531441317849
17.62777777777777 -6.728041713698241e-05 -0.0002516810039794142
17.63055555555554 -0.0001204499103604405 -0.0002384524182282147
17.63333333333332 -0.0001725054580763521 -0.0002190229053888293
17.6361111111111 -0.0002191525182724073 -0.0001835174895031848
17.63888888888887 -0.0002586088359956679 -0.0001396680527712654
17.64166666666665 -0.0002909498386146196 -8.756211988713521e-05
17.64444444444442 -0.0003067791172705388 -2.699914546167992e-05
17.6472222222222 -0.0003158785592666728 3.574113146036769e-05
17.64999999999998 -0.0003046396408400454 0.0001002719841468646
17.65277777777775 -0.000283313339578137 0.0001617150843023264
17.65555555555553 -0.000249207007472848 0.0002192462111315321
17.65833333333331 -0.000200919079356156 0.0002652822149379274
17.66111111111108 -0.0001472158762774099 0.0003061475220820889
17.66388888888886 -8.251191417655708e-05 0.0003271789386943946
17.66666666666664 -1.667124894555058e-05 0.0003391031742378351
17.66944444444441 5.102708390099201e-05 0.0003361439147933044
17.67222222222219 0.0001145345317999409 0.0003172275861920309
17.67499999999997 0.0001761077079215627 0.0002911251471260344
17.67777777777774 0.0002239387610468112 0.0002464239956418425
17.68055555555552 0.0002657096319503999 0.0001979500424750402
17.68333333333329 0.0002944896149971208 0.0001413885365297393
17.68611111111107 0.0003099828519606168 8.238659456332541e-05
17.68888888888885 0.0003177038976216576 2.195709949258596e-05
17.69166666666662 0.0003067372191130801 -3.487178291443856e-05
17.6944444444444 0.0002905828866561783 -8.894320435423521e-05
17.69722222222218 0.0002626249809784529 -0.0001356471846168735
17.69999999999995 0.0002287714993899717 -0.0001746148149789403
17.70277777777773 0.0001904599434243453 -0.0002077324276690365
17.70555555555551 0.0001481855934980876 -0.0002279606524884589
17.70833333333328 0.0001054902202672537 -0.0002438655161650586
17.71111111111106 6.323995491831904e-05 -0.0002490298079972234
17.71388888888884 2.301851312802538e-05 -0.0002488055265281943
17.71666666666661 -1.523728646003355e-05 -0.0002433604819989427
17.71944444444439 -4.891948629439894e-05 -0.0002318116020278709
17.72222222222216 -8.08588161802454e-05 -0.0002182911980654417
17.72499999999994 -0.000107972420440516 -0.0002006299040146095
17.72777777777772 -0.0001329958347442971 -0.0001815142974649145
17.73055555555549 -0.0001554270843381219 -0.000160595114390944
17.73333333333327 -0.0001749811201336046 -0.0001373909754897839
17.73611111111105 -0.0001933579032917959 -0.0001131976707753517
17.73888888888882 -0.0002083245419018857 -8.559762483299756e-05
17.7416666666666 -0.0002214509426656046 -5.626429344860099e-05
17.74444444444438 -0.0002316363240399664 -2.416087117492596e-05
17.74722222222215 -0.0002368948610754043 1.116936609756475e-05
17.74999999999993 -0.0002399137466319733 4.793230811004342e-05
17.75277777777771 -0.0002330708172051843 8.795025092161091e-05
17.75555555555548 -0.0002221596608648009 0.0001280131618221333
17.75833333333326 -0.0002027361819056782 0.0001681701635609651
17.76111111111103 -0.0001744957978946609 0.0002053684793258179
17.76388888888881 -0.0001412137029834453 0.0002408749497960379
17.76666666666659 -9.566631927483544e-05 0.0002665579447628145
17.76944444444436 -4.701634071117236e-05 0.0002875702557471434
17.77222222222214 8.522493129292389e-06 0.0002969039538103941
17.77499999999992 6.592599461461944e-05 0.0002948801687631815
17.77777777777769 0.0001247094642041963 0.0002844511515663261
17.78055555555547 0.000179455690044939 0.0002553584232229636
17.78333333333325 0.0002311352013064669 0.0002201087329476898
17.78611111111102 0.0002726168698631059 0.0001697256631462535
17.7888888888888 0.0003039237153116977 0.0001124614836429469
17.79166666666658 0.0003255784169207443 4.866967610003217e-05
17.79444444444435 0.0003271497700525558 -1.937834569236008e-05
17.79722222222213 0.0003209968650799508 -8.769039580954636e-05
17.7999999999999 0.0002931727129535959 -0.0001520793855955912
17.80277777777768 0.000255416802558748 -0.0002101192981649012
17.80555555555546 0.0002056036603349904 -0.0002604513815832872
17.80833333333323 0.0001442029741663841 -0.0002942313761716072
17.81111111111101 7.878794481860904e-05 -0.0003209064281514859
17.81388888888879 8.065083341405756e-06 -0.0003236446034850873
17.81666666666656 -6.084977098098764e-05 -0.000316187752882947
17.81944444444434 -0.0001269385961016799 -0.00029279543381219
17.82222222222212 -0.0001830326985044034 -0.0002538202837806782
17.82499999999989 -0.0002345660782366444 -0.0002080278240647786
17.82777777777767 -0.000265071313477376 -0.0001477025179337149
17.83055555555545 -0.0002873882152969342 -8.564836963132158e-05
17.83333333333322 -0.0002929781472382899 -2.006257582347996e-05
17.836111111111 -0.0002829286646676067 4.252420773965471e-05
17.83888888888877 -0.0002641382490536599 0.0001034348321521469
17.84166666666655 -0.0002262366891186751 0.0001516089158828745
17.84444444444433 -0.0001840039986739843 0.0001940009904958674
17.8472222222221 -0.000132399649974754 0.0002222036625143757
17.84999999999988 -7.843980187858228e-05 0.0002377181889363081
17.85277777777766 -2.277400118868885e-05 0.0002440434220312693
17.85555555555543 2.880223597234339e-05 0.0002318664873763321
17.85833333333321 7.748272359977845e-05 0.000214097096664597
17.86111111111099 0.0001168733367513438 0.0001833057054695795
17.86388888888876 0.0001478537012074783 0.0001473827985903829
17.86666666666654 0.0001710225126371795 0.0001066936703633303
17.86944444444432 0.0001795155433593882 6.388770740536464e-05
17.87222222222209 0.0001827126397571649 2.127573569613774e-05
17.87499999999987 0.0001721469952711919 -1.763251983895568e-05
17.87777777777764 0.0001560472979243432 -5.214916116162969e-05
17.88055555555542 0.0001333705915997749 -8.144653790048245e-05
17.8833333333332 0.0001055225753888445 -0.0001010474478820072
17.88611111111097 7.604420401049268e-05 -0.0001166687551740677
17.88888888888875 4.563639654164496e-05 -0.0001203005234252137
17.89166666666653 1.679912492830655e-05 -0.0001194677874341822
17.8944444444443 -9.636971865641116e-06 -0.0001118093205120326
17.89722222222208 -3.078457260153981e-05 -9.855937652946066e-05
17.89999999999986 -4.956236662993306e-05 -8.29276668991143e-05
