17.6 0.1671628729880597 -0.5326156423123761
17.60277777777778 0.2168003055850989 -0.5284492318268577
17.60555555555555 0.2667442476305238 -0.5216458852096835
17.60833333333333 0.3173614772844826 -0.5090501676516123
17.61111111111111 0.3676254842522645 -0.490879528806885
17.61388888888888 0.4176781529274733 -0.4693733331249031
17.61666666666666 0.4656058915420126 -0.4393398658355981
17.61944444444444 0.5123755281721817 -0.4065080482565829
17.62222222222221 0.5561100561801371 -0.3670048719174345
17.62499999999999 0.5965412159522506 -0.3227889184439473
17.62777777777777 0.6344202407633149 -0.2749319408915583
17.63055555555554 0.6656506119327702 -0.220582392598573
17.63333333333332 0.6942136005250478 -0.1641700988940017
17.6361111111111 0.7153719656544792 -0.1028406257576597
17.63888888888887 0.731283564071749 -0.03930770417754064
17.64166666666665 0.74200343179124 0.02640555275082508
17.64444444444442 0.7434311163758529 0.09407812881220003
17.6472222222222 0.7412244723011148 0.1622200487760933
17.64999999999998 0.7286115328403789 0.2305383782419754
17.65277777777775 0.7106984360289456 0.2979201735303861
17.65555555555553 0.6860703988288341 0.3641154434465167
17.65833333333331 0.6526982945344084 0.4269430282079906
17.66111111111108 0.6157592161222759 0.4882231505573426
17.66388888888886 0.5688508585269626 0.5432367610907068
17.66666666666664 0.5184137911514645 0.5949270482066213
17.66944444444441 0.4622098971442949 0.6411861632558994
17.67222222222219 0.4008205586159194 0.6801889357598365
17.67499999999997 0.3370998879951521 0.7159065101892197
17.67777777777774 0.2680677942796039 0.7398883973954092
17.68055555555552 0.1980982966337747 0.7598497648873409
17.68333333333329 0.1261193364190903 0.771192559731808
17.68611111111107 0.05387280090826351 0.774360179065109
17.68888888888885 -0.01853025497078607 0.7727456623053487
17.69166666666662 -0.0889448700964484 0.7591118198345157
17.6944444444444 -0.1580802346187227 0.7416860555221514
17.69722222222218 -0.223852578812676 0.7153492271373414
17.69999999999995 -0.2858035322230968 0.68288950409967
17.70277777777773 -0.3448648537137516 0.6457998144261553
17.70555555555551 -0.3963675845034124 0.6006797998639177
17.70833333333328 -0.4449083804357805 0.5530982150257687
17.71111111111106 -0.4853903611711589 0.499782165487529
17.71388888888884 -0.5202912111404766 0.4439648528738056
17.71666666666661 -0.5497847371839482 0.385724171190297
17.71944444444439 -0.5698657004445055 0.3253355960635825
17.72222222222216 -0.5863612532922371 0.2644356308030899
17.72499999999994 -0.5929347816653548 0.2032615504688622
17.72777777777772 -0.5946136372244732 0.1429215396430909
17.73055555555549 -0.5902223276792956 0.08361590635738909
17.73333333333327 -0.5781939417661488 0.02722647364665733
17.73611111111105 -0.5631092019700598 -0.02784020888238547
17.73888888888882 -0.5398544904531237 -0.07778224480715407
17.7416666666666 -0.5137959190192407 -0.125085609777064
17.74444444444438 -0.483256292923296 -0.1681719207092703
17.74722222222215 -0.4488149617861032 -0.2058117068514691
17.74999999999993 -0.4126429514959746 -0.2410036009184554
17.75277777777771 -0.3726924698523486 -0.2679204609596642
17.75555555555548 -0.3320781048599285 -0.2920764625844003
17.75833333333326 -0.2900746361212891 -0.3104556680655527
17.76111111111103 -0.2478334839546067 -0.3235166076604852
17.76388888888881 -0.2054564188884535 -0.3335364394141865
17.76666666666659 -0.1641744353592441 -0.3360843433290758
17.76944444444436 -0.1236005484020927 -0.3363627486277324
17.77222222222214 -0.08485686539014853 -0.3313750067092482
17.77499999999992 -0.04816467793693534 -0.3228219403981333
17.77777777777769 -0.01299072267102866 -0.3116303159736245
17.78055555555547 0.01827166690444609 -0.295873312216301
17.78333333333325 0.04803866729021321 -0.2787334662046166
17.78611111111102 0.07381577262359604 -0.2583836369929756
17.7888888888888 0.09685949467247387 -0.2365616556877497
17.79166666666658 0.117310246961535 -0.2133431465402135
17.79444444444435 0.1332698815632502 -0.1886762680291204
17.79722222222213 0.1475409961252128 -0.16360630994053
17.7999999999999 0.1572066152349577 -0.1379285191326942
17.80277777777768 0.1645736534646368 -0.1123618597516886
17.80555555555546 0.1691501966178931 -0.08693011478770232
17.80833333333323 0.1701398860076651 -0.0623260675237709
17.81111111111101 0.1697008804774129 -0.03811557095427621
17.81388888888879 0.1653986022150734 -0.01555860660243559
17.81666666666656 0.1596901836980935 0.006074178866062378
17.81944444444434 0.151783879287394 0.02626241445820958
17.82222222222212 0.1417902774205988 0.04447405830999053
17.82499999999989 0.1308783158430033 0.06180118270802074
17.82777777777767 0.1176967031640011 0.07605394173714954
17.83055555555545 0.103977516247631 0.08921881895059304
17.83333333333322 0.08916018302807054 0.1001613921338954
17.836111111111 0.07371651577817895 0.1089371031617689
17.83888888888877 0.05792278786472308 0.116501746025933
17.84166666666655 0.04180022452272872 0.1208834469737582
17.84444444444433 0.02572734863998393 0.124260048417383
17.8472222222221 0.009833982483970185 0.1252973527108677
17.84999999999988 -0.005607676917695158 0.1246187224594118
17.85277777777766 -0.02072219112451014 0.1226973396131562
17.85555555555543 -0.0347249175113422 0.1184121083887067
17.85833333333321 -0.04825813495070404 0.1133756792154528
17.86111111111099 -0.0604932745800863 0.1065337611006685
17.86388888888876 -0.07172409718008109 0.09873295791722898
17.86666666666654 -0.08202209650522166 0.09004152928009457
17.86944444444432 -0.09053373238557744 0.08019087164798669
17.87222222222209 -0.09835611169839938 0.06997154350327385
17.87499999999987 -0.1042382322627527 0.0589599875631604
17.87777777777764 -0.1090729448735366 0.04773776275014793
17.88055555555542 -0.1126628534162814 0.03626516608431517
17.8833333333332 -0.1145366730388154 0.02477829369167577
17.88611111111097 -0.1157248711981313 0.01331898431541239
17.88888888888875 -0.1149987510674159 0.002213221065916237
17.89166666666653 -0.1135308455419641 -0.008601327038759678
17.8944444444443 -0.1109288325684177 -0.01897063954418796
17.89722222222208 -0.107185476032223 -0.02861510312144033
17.89999999999986 -0.1029443622809719 -0.0379348692283304
