17.6 -0.002247138733614221 -0.004627593418630705
17.60277777777778 -0.003652494731753039 -0.004068090995709819
17.60555555555555 -0.004974939191842379 -0.003273730878074728
17.60833333333333 -0.006115257745317008 -0.001963475487217945
17.61111111111111 -0.006835719694024299 -0.0002764150045697369
17.61388888888888 -0.007304975303361328 0.001636093468392811
17.61666666666666 -0.006851908018805527 0.003771353629521916
17.61944444444444 -0.006064706304590776 0.005850454479096669
17.62222222222221 -0.004462198518653328 0.007718762362268729
17.62499999999999 -0.002341265495972422 0.009114271376719474
17.62777777777777 0.0001801954354737206 0.01014450276050343
17.63055555555554 0.003110799136265306 0.01004632009623379
17.63333333333332 0.006060872600976945 0.009507548415395917
17.6361111111111 0.008849062443909482 0.007763797601252518
17.63888888888887 0.01116254603736119 0.005345725137496224
17.64166666666665 0.01300630281750817 0.002260404328133638
17.64444444444442 0.01355441926357197 -0.001496973061140561
17.6472222222222 0.01355924809859119 -0.005406418345357021
17.64999999999998 0.0118648139624919 -0.009315769360879095
17.65277777777775 0.009340281658143896 -0.01279420236027507
17.65555555555553 0.005764071196390368 -0.01572669141890987
17.65833333333331 0.001189473293896849 -0.01723816143846782
17.66111111111108 -0.003732863862398156 -0.0181203946805348
17.66388888888886 -0.008961576428477044 -0.01668996976340721
17.66666666666664 -0.01383685257038543 -0.01429343165625303
17.66944444444441 -0.01813452196351709 -0.01031801412276
17.67222222222219 -0.02092581988839637 -0.004979199844628952
17.67499999999997 -0.02303183255856292 0.0009693027861185573
17.67777777777774 -0.02207925046408558 0.007694872952604054
17.68055555555552 -0.02006870352310032 0.01416085166352405
17.68333333333329 -0.01579025403813376 0.02007035808293449
17.68611111111107 -0.009781489702856644 0.02442268414782357
17.68888888888885 -0.002760563477387918 0.02786412476852963
17.69166666666662 0.005519233674184011 0.02778036109814087
17.6944444444444 0.01370564111654959 0.02640824995734814
17.69722222222218 0.02140413188974157 0.02191208265766112
17.69999999999995 0.02752339660772818 0.01536309001515541
17.70277777777773 0.03244849347527859 0.007261806604095989
17.70555555555551 0.03345215087147065 -0.002550488538636373
17.70833333333328 0.03293159313244343 -0.01249581706877693
17.71111111111106 0.02828146080142472 -0.022047807210028
17.71388888888884 0.02134966285830909 -0.0300254692089222
17.71666666666661 0.01220725463347451 -0.03647783058539293
17.71944444444439 0.0009863793322177402 -0.03868514604993861
17.72222222222216 -0.01064115692253688 -0.0391581274458874
17.72499999999994 -0.02196181169893112 -0.03439525038858709
17.72777777777772 -0.03174486589672491 -0.02725755692582299
17.73055555555549 -0.03962105323513011 -0.01717471713329278
17.73333333333327 -0.04304270632856833 -0.004783327417926191
17.73611111111105 -0.04455769849319745 0.008319514401408249
17.73888888888882 -0.03971098435286517 0.02115632821007247
17.7416666666666 -0.03255575454505178 0.03253478988764261
17.74444444444438 -0.02171111613601528 0.04158255181217996
17.74722222222215 -0.008494336905734397 0.0461202870427881
17.74999999999993 0.005746987374569362 0.04862518111317321
17.75277777777771 0.01968959632837038 0.04372897710447154
17.75555555555548 0.03230719301944193 0.03674777471596839
17.75833333333326 0.04215234557362206 0.02540393984767137
17.76111111111103 0.04761259374270146 0.01178935812011679
17.76388888888881 0.05056545183503973 -0.003123689353017038
17.76666666666659 0.04607672706805348 -0.01766462957658808
17.76944444444436 0.03945490350298315 -0.03105345236383179
17.77222222222214 0.0279468218198096 -0.04125102523458415
17.77499999999992 0.01440406710252149 -0.04737238409432683
17.77777777777769 -0.0006444701049554309 -0.05047709527597619
17.78055555555547 -0.01522389044196755 -0.04657390408246842
17.78333333333325 -0.02885780976876864 -0.04047931745862003
17.78611111111102 -0.0389553071505508 -0.02918310207257559
17.7888888888888 -0.04544366364175178 -0.01617388085589824
17.79166666666658 -0.04850828031525298 -0.001539650683323526
17.79444444444435 -0.0452600165032312 0.01253996184708775
17.79722222222213 -0.03983030978028423 0.02589661010065718
17.7999999999999 -0.02911785406664427 0.03549365234411841
17.80277777777768 -0.01704591965593649 0.04205758913171913
17.80555555555546 -0.003323567527249122 0.04493931229166271
17.80833333333323 0.009800430423402924 0.04237730642006177
17.81111111111101 0.02241927558279 0.03770762910637848
17.81388888888879 0.03121000933686285 0.02789828992220659
17.81666666666656 0.03759008727919928 0.017069354319597
17.81944444444434 0.04020215816410015 0.004646725215947171
17.82222222222212 0.03831465772507011 -0.007187327020856942
17.82499999999989 0.03444875551177818 -0.01871269436543246
17.82777777777767 0.02577102904367227 -0.02650403360031364
17.83055555555545 0.01637017519137276 -0.0324920189696959
17.83333333333322 0.00549213063965286 -0.03479614777921441
17.836111111111 -0.004854518396944508 -0.0335292521351354
17.83888888888877 -0.0149041682962915 -0.03026649624828809
17.84166666666655 -0.02176377264770109 -0.02302948216948874
17.84444444444433 -0.02721089679878174 -0.01511902886124539
17.8472222222221 -0.02920204016054606 -0.005883110170202105
17.84999999999988 -0.02846736851692752 0.002908657780402071
17.85277777777766 -0.02575854600556655 0.01137875292198774
17.85555555555543 -0.01996453747447782 0.01730858262328193
17.85833333333321 -0.0135001332125326 0.0221244776070737
17.86111111111099 -0.005877023163044096 0.02381538040792172
17.86388888888876 0.001399238938073906 0.02350295392151641
17.86666666666654 0.00835334396168743 0.02132980802912156
17.86944444444432 0.01335543050592794 0.01682784466286433
17.87222222222209 0.01750081745251264 0.0116865256331463
17.87499999999987 0.01891117523707633 0.00555517561587638
17.87777777777764 0.01890434632667257 -0.0003207012229787263
17.88055555555542 0.01721324553628703 -0.005892958015144423
17.8833333333332 0.01381149663463301 -0.01001301854017754
17.88611111111097 0.009823711806382463 -0.01348940242046235
17.88888888888875 0.005009570670153566 -0.01464073198169601
17.89166666666653 0.000374515819220601 -0.01482961574425433
17.8944444444443 -0.003986735999936715 -0.01354702681887571
17.89722222222208 -0.007299120574236933 -0.01104302293134107
17.89999999999986 -0.01013800491937383 -0.008021449969530501
