17.6 -0.002179016760218692 0.003632033066851187
17.60277777777778 -0.0009324921191207092 0.004155391435715017
17.60555555555555 0.0003702581991131169 0.004455133221537867
17.60833333333333 0.001796515482291686 0.004263672288432516
17.61111111111111 0.00308162030463332 0.003603200600595276
17.61388888888888 0.00428227154787835 0.002662112927481899
17.61666666666666 0.004909020762179172 0.001197400200810341
17.61944444444444 0.005283522401851875 -0.0003453248437384826
17.62222222222221 0.005018629997164402 -0.002018210237300497
17.62499999999999 0.004267417609659564 -0.003520320402267694
17.62777777777777 0.003140481372497742 -0.004890492072867504
17.63055555555554 0.001477892878106925 -0.005618296883334081
17.63333333333332 -0.0002894004929853714 -0.006070152174714514
17.6361111111111 -0.002182885261510262 -0.005728754796961472
17.63888888888887 -0.003885713374040506 -0.004908003415620573
17.64166666666665 -0.005399884725566136 -0.003612926219533303
17.64444444444442 -0.006230807902495382 -0.001790665821336028
17.6472222222222 -0.006768725120017016 0.000168086634374836
17.64999999999998 -0.006366337702758493 0.002243664991062786
17.65277777777775 -0.005513575208333427 0.00412447240461356
17.65555555555553 -0.004090217994617324 0.005758518224861712
17.65833333333331 -0.002161011044912136 0.006702966472540708
17.66111111111108 -5.86188771134537e-05 0.007345797128345648
17.66388888888886 0.002157044675917798 0.006918605561927363
17.66666666666664 0.004192076514852545 0.006086261422953109
17.66944444444441 0.005931909302500728 0.004591792940847535
17.67222222222219 0.007010499229889191 0.002615860247877876
17.67499999999997 0.007789145637437773 0.0004253879188540139
17.67777777777774 0.007389704575044747 -0.001895513269009385
17.68055555555552 0.006639532391017822 -0.004065752566729318
17.68333333333329 0.005137516697603563 -0.005913026044681965
17.68611111111107 0.003173234245465041 -0.007154983623019136
17.68888888888885 0.0009385450542297993 -0.008042856691818704
17.69166666666662 -0.00145869912445239 -0.007796807039279695
17.6944444444444 -0.003753966945196667 -0.007190589199950028
17.69722222222218 -0.005725717814923079 -0.005736640615966421
17.69999999999995 -0.007163378445080571 -0.00383119376870657
17.70277777777773 -0.008197174542213987 -0.001584336197658884
17.70555555555551 -0.008160910436032927 0.0008787656544298481
17.70833333333328 -0.007749225348260508 0.003298378267518049
17.71111111111106 -0.006377786069951564 0.005419463478791379
17.71388888888884 -0.004560404890088119 0.007079739878767803
17.71666666666661 -0.002310969272712373 0.008293557914837234
17.71944444444439 0.000217207574510922 0.00849523187452577
17.72222222222216 0.002766332765171996 0.008307065149807712
17.72499999999994 0.00505641863913523 0.007024095833329139
17.72777777777772 0.006951289396092134 0.005303857943309745
17.73055555555549 0.00835603116933421 0.003041338160878415
17.73333333333327 0.008795513164884026 0.0004469646016487068
17.73611111111105 0.008831692440558791 -0.002235341734101003
17.73888888888882 0.007616251012024507 -0.004694756233356486
17.7416666666666 0.005985109018915242 -0.006813442481201267
17.74444444444438 0.003689605392882903 -0.008387585861461351
17.74722222222215 0.001034506836404821 -0.009036260444362907
17.74999999999993 -0.00177415905570502 -0.009268862510291055
17.75277777777771 -0.004373863598753224 -0.008083291663174031
17.75555555555548 -0.00667912776145638 -0.006523365691033462
17.75833333333326 -0.00836830743263179 -0.004180142310498495
17.76111111111103 -0.009174906414432157 -0.001483414146430044
17.76388888888881 -0.009476825278239141 0.001415456255750631
17.76666666666659 -0.00835826398325056 0.004106326484497243
17.76944444444436 -0.006851103444852683 0.006536272088550133
17.77222222222214 -0.004463594160849248 0.008262212438162041
17.77499999999992 -0.001761166028273493 0.009162889087219035
17.77777777777769 0.001174321313354483 0.00945282012297664
17.78055555555547 0.003879026643526439 0.008393854068110428
17.78333333333325 0.006354230296173781 0.006928809022295157
17.78611111111102 0.008030174338194147 0.004525307890576051
17.7888888888888 0.008959973189476094 0.001868274993267206
17.79166666666658 0.009181956226201413 -0.001029265777582021
17.79444444444435 0.008173189653300663 -0.003662237789836285
17.79722222222213 0.006752433827904527 -0.006096525182008912
17.7999999999999 0.004384264555579578 -0.007644121555350967
17.80277777777768 0.001832846088775285 -0.008546925323340296
17.80555555555546 -0.0009410383262093685 -0.008666945850524448
17.80833333333323 -0.003422816559089565 -0.007712794746524596
17.81111111111101 -0.005735019465560333 -0.006351757768349116
17.81388888888879 -0.007097530874600724 -0.004084002542659074
17.81666666666656 -0.007932389913532283 -0.001698916504541793
17.81944444444434 -0.007942495022531986 0.0008695649926568185
17.82222222222212 -0.007057469112654702 0.003136542185562434
17.82499999999989 -0.005780989780438539 0.00526045809349368
17.82777777777767 -0.003679408511388618 0.006408996090842131
17.83055555555545 -0.001513052254279161 0.007152069130892374
17.83333333333322 0.0007856251014474033 0.007066866161827432
17.836111111111 0.002795615115693194 0.006269431173207406
17.83888888888877 0.004644256588382092 0.005073926781835316
17.84166666666655 0.00561841480484198 0.003223893261631069
17.84444444444433 0.006261070003344782 0.001313524517987989
17.8472222222221 0.006109145716555526 -0.0006763896380873806
17.84999999999988 0.005415468762190355 -0.002409639096513356
17.85277777777766 0.004329431542478951 -0.00395700109207674
17.85555555555543 0.002760390888773163 -0.004777870851483954
17.85833333333321 0.001124686550670394 -0.005322395336858011
17.86111111111099 -0.0005444937594206809 -0.005136344875925055
17.86388888888876 -0.002000965652416338 -0.004555747667262256
17.86666666666654 -0.003259871083410429 -0.003608690089481843
17.86944444444432 -0.003940673302435624 -0.002317584042128027
17.87222222222209 -0.004395317837301174 -0.000956861438053693
17.87499999999987 -0.004203642376852003 0.0004026052851476942
17.87777777777764 -0.00373665197357301 0.001597038107856132
17.88055555555542 -0.002942460349739441 0.002595334487263875
17.8833333333332 -0.001910744199858734 0.003151941477873969
17.88611111111097 -0.000810145876079089 0.003526731598595334
17.88888888888875 0.0002664819128007543 0.003349385409271124
17.89166666666653 0.001222818620125971 0.002988301407617359
17.8944444444443 0.001995243629406843 0.002346302706188976
17.89722222222208 0.002442941588482346 0.001545337339163231
17.89999999999986 0.002747047578033753 0.0006796842489111727
