17.6 -0.1755454483442599 -0.03473583710536746
17.60277777777778 -0.1758448093405211 -0.06375240166603677
17.60555555555555 -0.1735571634282743 -0.0930894634513675
17.60833333333333 -0.1655868225653031 -0.1231305388032314
17.61111111111111 -0.1521654886563108 -0.1522857937013853
17.61388888888888 -0.135482745986624 -0.1809110492831319
17.61666666666666 -0.1109091512859604 -0.2057733589287589
17.61944444444444 -0.08398205899910129 -0.2287504847099323
17.62222222222221 -0.05158456990338978 -0.2468463391478169
17.62499999999999 -0.01612025312071218 -0.2600377769844955
17.62777777777777 0.02171345078462919 -0.2694401328364046
17.63055555555554 0.06209689215516467 -0.2698202689660771
17.63333333333332 0.1028209626654034 -0.2668281805293337
17.6361111111111 0.1434722572286387 -0.2548441055899541
17.63888888888887 0.1824646309938167 -0.2373379504169821
17.64166666666665 0.2198154852280246 -0.2143676389288673
17.64444444444442 0.2519251991913755 -0.1833259762970318
17.6472222222222 0.2816735886322966 -0.1494468923462692
17.64999999999998 0.303436441772212 -0.1086990222459993
17.65277777777775 0.3202522806164423 -0.06571040677787114
17.65555555555553 0.3308005874046495 -0.01988291869223603
17.65833333333331 0.3320314313978842 0.02725390928051425
17.66111111111108 0.3293902951813701 0.07469508814547102
17.66388888888886 0.3151326066633128 0.1204183490666014
17.66666666666664 0.2965291919098362 0.1641269450292453
17.66944444444441 0.270823733817716 0.204543056129083
17.67222222222219 0.2385825534152942 0.2391995902828231
17.67499999999997 0.2034035832249201 0.271242208198746
17.67777777777774 0.1616462889849796 0.2927707142820858
17.68055555555552 0.1188529968278212 0.3105331448641711
17.68333333333329 0.07383889145576911 0.3202224412222666
17.68611111111107 0.02900399000627366 0.3223348540846525
17.68888888888885 -0.01572608463615129 0.3200151066847585
17.69166666666662 -0.05701872402654092 0.3072329725494292
17.6944444444444 -0.09644523008104036 0.291466720887648
17.69722222222218 -0.1310585307349083 0.2688610210816504
17.69999999999995 -0.1608299809857479 0.242502253936942
17.70277777777773 -0.1869401554687138 0.2133055192057454
17.70555555555551 -0.2046242112822 0.1809531258527657
17.70833333333328 -0.2193183957299174 0.1480792215489953
17.71111111111106 -0.2263162414345119 0.1147913125202392
17.71388888888884 -0.2289422636913484 0.08264452536889427
17.71666666666661 -0.2273326092511989 0.05160332342754918
17.71944444444439 -0.2200794628795998 0.02418040411466132
17.72222222222216 -0.2109733722674277 -0.00168244619146266
17.72499999999994 -0.1978433728820475 -0.02255185326401423
17.72777777777772 -0.1837140060297522 -0.04064573540822368
17.73055555555549 -0.1683452661377133 -0.05529752955056726
17.73333333333327 -0.1529830971663989 -0.06554364241062356
17.73611111111105 -0.1377532088492527 -0.07405636478889695
17.73888888888882 -0.1242000015380815 -0.07823925010248479
17.7416666666666 -0.1117800397871422 -0.08124975135313206
17.74444444444438 -0.1011712010777805 -0.0823865794437139
17.74722222222215 -0.09287597764197811 -0.08266055575647768
17.74999999999993 -0.08561406668742169 -0.08256552123991026
17.75277777777771 -0.08125537040948183 -0.08292268457795124
17.75555555555548 -0.07751847202164547 -0.083849973980249
17.75833333333326 -0.0750826181322183 -0.08597019020186666
17.76111111111103 -0.07296207325713044 -0.08966874497617344
17.76388888888881 -0.07102182939301738 -0.09426983035940242
17.76666666666659 -0.06805780113995563 -0.1012513388343025
17.76944444444436 -0.06437949683471744 -0.1088459605331928
17.77222222222214 -0.05884277698404905 -0.1178084734319858
17.77499999999992 -0.05125611123936045 -0.1271324663493011
17.77777777777769 -0.04215236015403215 -0.1367239765892121
17.78055555555547 -0.02946516107843302 -0.1454587286324349
17.78333333333325 -0.01555623020044056 -0.15354851231677
17.78611111111102 0.00141633485194469 -0.1594974447593862
17.7888888888888 0.01990407000945508 -0.163271018104918
17.79166666666658 0.0398291411914591 -0.1649809802520287
17.79444444444435 0.06099739777869512 -0.1622247378641888
17.79722222222213 0.08238220921344856 -0.1576952464823712
17.7999999999999 0.1034859987620014 -0.1480021768262397
17.80277777777768 0.1235489610096545 -0.135642435389488
17.80555555555546 0.142348350814086 -0.1200453336584824
17.80833333333323 0.1579563398794055 -0.1005318091396972
17.81111111111101 0.17214043873092 -0.07952291218227245
17.81388888888879 0.1810650869248917 -0.05506650542643625
17.81666666666656 0.1873777166898019 -0.02986672540120068
17.81944444444434 0.1896075969278246 -0.003505006076389976
17.82222222222212 0.1868861402580043 0.02274542210299391
17.82499999999989 0.1819665429366243 0.04891370000697712
17.82777777777767 0.1704388953442636 0.07289612577286728
17.83055555555545 0.1570187072896301 0.09554449291030619
17.83333333333322 0.1397324740121851 0.1154676707636645
17.836111111111 0.1196893431821174 0.1318709645616083
17.83888888888877 0.09810537098001099 0.1463069806954974
17.84166666666655 0.07413226952199739 0.1546578337924897
17.84444444444433 0.04989166035087107 0.160936110235794
17.8472222222221 0.02523100296338964 0.1623277885081222
17.84999999999988 0.001322285159428664 0.1600245141247958
17.85277777777766 -0.02204184609762235 0.1550451982723958
17.85555555555543 -0.04278826631438006 0.1451040015607953
17.85833333333321 -0.06235660650806436 0.1336732894086617
17.86111111111099 -0.07858807184833239 0.1187899963570789
17.86388888888876 -0.09221670242779055 0.1024119212430416
17.86666666666654 -0.1034277847884717 0.08464547228101482
17.86944444444432 -0.1101807763832957 0.06577907865196597
17.87222222222209 -0.1152725011632506 0.04671654029105826
17.87499999999987 -0.1158716303523945 0.02781494861080117
17.87777777777764 -0.1143050189524791 0.009611618889135871
17.88055555555542 -0.1101645081598858 -0.007761853350876913
17.8833333333332 -0.1030040912651495 -0.02312885732786254
17.88611111111097 -0.09470072254474061 -0.03761750566354093
17.88888888888875 -0.08373473289140133 -0.04901583010696743
17.89166666666653 -0.07206390249535916 -0.05891393510981748
17.8944444444443 -0.05931544891922727 -0.06651837127878765
17.89722222222208 -0.04609889468407492 -0.07136590301488289
17.89999999999986 -0.0326975240936689 -0.07499984526209348
