17.6 -0.004589999468542136 0.009041275167620684
17.60277777777778 -0.003781416575041011 0.009735495416169989
17.60555555555555 -0.002918186079445766 0.01039408537159344
17.60833333333333 -0.001934915064643507 0.01097440878425148
17.61111111111111 -0.0008503630142031158 0.01145536759670059
17.61388888888888 0.0002947869592457334 0.0118768751174514
17.61666666666666 0.00156849775042782 0.01210724767033213
17.61944444444444 0.002875587104561602 0.01226352306850396
17.62222222222221 0.004257009860414975 0.01223638139050012
17.62499999999999 0.005666134058436152 0.01205187434795473
17.62777777777777 0.007096659993708677 0.01174578907984334
17.63055555555554 0.008516654573738673 0.01117517102632691
17.63333333333332 0.009919753840387107 0.01050868845395219
17.6361111111111 0.01125704122101585 0.00959140603988138
17.63888888888887 0.0125166334467177 0.008523352513998609
17.64166666666665 0.01369934550163406 0.007306109391460437
17.64444444444442 0.01469682189324923 0.005867606969317133
17.6472222222222 0.01561471813741476 0.004350344139702981
17.64999999999998 0.01627671511050036 0.002638140034300926
17.65277777777775 0.0167850288455815 0.0008560160655378051
17.65555555555553 0.01709863632693167 -0.00101469163449742
17.65833333333331 0.01712064479056462 -0.002945125942477122
17.66111111111108 0.01702045491347274 -0.004894416027797048
17.66388888888886 0.01654244704830468 -0.006834826907349588
17.66666666666664 0.01591245679352576 -0.008736544134891538
17.66944444444441 0.0150340879112738 -0.01057502590335881
17.67222222222219 0.01389761431843283 -0.01228075034063305
17.67499999999997 0.01264479537770528 -0.01392607144137718
17.67777777777774 0.01107031283634472 -0.01530018103203707
17.68055555555552 0.009414594242901607 -0.01656641927754144
17.68333333333329 0.007584734278136793 -0.0176014195013777
17.68611111111107 0.005645466708838827 -0.0183924477775348
17.68888888888885 0.003642200262234954 -0.01904076265810823
17.69166666666662 0.001560483761600018 -0.01929974702721619
17.6944444444444 -0.0005235171558487016 -0.01942889455092204
17.69722222222218 -0.002600592326914577 -0.01924908833024568
17.69999999999995 -0.004621941028754952 -0.01884343977386139
17.70277777777773 -0.006601150888123686 -0.01826701537719705
17.70555555555551 -0.008424105546858515 -0.01737473725131296
17.70833333333328 -0.01017885714287302 -0.01638110271024448
17.71111111111106 -0.01173824374333761 -0.01514319886766731
17.71388888888884 -0.01314947163678005 -0.0137846249093721
17.71666666666661 -0.01441715476216668 -0.01230913872823043
17.71944444444439 -0.0154200706340416 -0.01069796428882257
17.72222222222216 -0.01632036437286596 -0.009044917936520722
17.72499999999994 -0.01693009375340393 -0.007312501793221873
17.72777777777772 -0.01739196660100529 -0.005570771577061543
17.73055555555549 -0.01767047406326219 -0.00381749044376924
17.73333333333327 -0.01771177959903955 -0.002097021086389312
17.73611111111105 -0.01765755013004504 -0.0003940115599436772
17.73888888888882 -0.0173417514484083 0.001218153060531264
17.7416666666666 -0.01693248307130309 0.002775882064982657
17.74444444444438 -0.01637383390234415 0.004246613509573734
17.74722222222215 -0.01567657582251685 0.005596620826625365
17.74999999999993 -0.01491765779475262 0.006892292083029751
17.75277777777771 -0.01400788160995073 0.007997255683363926
17.75555555555548 -0.01306347884656087 0.00903711459861895
17.75833333333326 -0.01204662373122896 0.00994074903693213
17.76111111111103 -0.01098849923826432 0.01071707698902231
17.76388888888881 -0.009906775957535644 0.01142060813821186
17.76666666666659 -0.008798768056101349 0.01194309158627999
17.76944444444436 -0.007690162616404095 0.01240994484186111
17.77222222222214 -0.006583851795179167 0.01274739508157644
17.77499999999992 -0.005492923716125549 0.01299527597515572
17.77777777777769 -0.004413379807120033 0.01317687007434201
17.78055555555547 -0.003372047154575522 0.01323901520359099
17.78333333333325 -0.002346035529686309 0.01326325967381809
17.78611111111102 -0.001361845640795531 0.01319665352875681
17.7888888888888 -0.0004060736115850035 0.01308137206247835
17.79166666666658 0.0005227403795021048 0.0129199157195622
17.79444444444435 0.001407241024356499 0.0126924760929054
17.79722222222213 0.002275619308784522 0.01244144399987524
17.7999999999999 0.003101893117575233 0.01213028543468068
17.80277777777768 0.003908669758379862 0.01178968772089077
17.80555555555546 0.004691776685518464 0.01141335065160466
17.80833333333323 0.005445361088966342 0.01098672479307494
17.81111111111101 0.006186970047412364 0.0105391383970233
17.81388888888879 0.006894201643757468 0.01002629356663313
17.81666666666656 0.007585539825033899 0.009482840856195902
17.81944444444434 0.008252035596268237 0.008891546099013985
17.82222222222212 0.008883316333510931 0.008239209379529744
17.82499999999989 0.0094986811792613 0.007559604594230708
17.82777777777767 0.01004948800354077 0.006788045522796438
17.83055555555545 0.01057182587493611 0.005985016723473276
17.83333333333322 0.01103600791743891 0.005117702169846126
17.836111111111 0.01142855020836744 0.00419164922810681
17.83888888888877 0.01178105274772697 0.003232767159857521
17.84166666666655 0.01200139871712883 0.002198308800793839
17.84444444444433 0.01217155159227559 0.001144795631923982
17.8472222222221 0.0122213638767194 4.89348632892034e-05
17.84999999999988 0.01216344820779824 -0.001062856829748345
17.85277777777766 0.01202751138476517 -0.002186186374096992
17.85555555555543 0.01171291864450043 -0.003300084045182597
17.85833333333321 0.01133477755267808 -0.004401715642492037
17.86111111111099 0.01079401082417809 -0.00546033574530446
17.86388888888876 0.0101507032096893 -0.006466954939684176
17.86666666666654 0.009412154229898913 -0.007425274985209297
17.86944444444432 0.008525233940658872 -0.00826261219763145
17.87222222222209 0.007586994363403846 -0.009048561685932006
17.87499999999987 0.00652281259427811 -0.00967514892429191
17.87777777777764 0.005410549320643599 -0.01020175093696443
17.88055555555542 0.004241143028182476 -0.01060952435447944
17.8833333333332 0.003029259868071961 -0.01083217613517339
17.88611111111097 0.001804649812686308 -0.01097887918507657
17.88888888888875 0.0005797884571912529 -0.01089699842832786
17.89166666666653 -0.0006230246517885106 -0.01071869783673678
17.8944444444443 -0.001792128441647337 -0.01039298203096824
17.89722222222208 -0.002884004248845559 -0.009908169002373408
17.89999999999986 -0.003940780849655619 -0.009353756069186139
