17.6 -0.0003967061693105928 -0.004868472083175703
17.60277777777778 -0.0001835007838280531 -0.005245030224547416
17.60555555555555 5.714619341777151e-05 -0.005625553390551086
17.60833333333333 0.0003580721727954418 -0.00601478624549351
17.61111111111111 0.0007195955558322987 -0.006401419511045971
17.61388888888888 0.001117375250609211 -0.00678649740429488
17.61666666666666 0.001611721588168312 -0.007149507131106693
17.61944444444444 0.002138860897733704 -0.007499801531625407
17.62222222222221 0.002744836117830804 -0.007816525610192098
17.62499999999999 0.003409268708199317 -0.008095187178242383
17.62777777777777 0.004118864625133103 -0.008344442196111482
17.63055555555554 0.004913990082503174 -0.008514183279164816
17.63333333333332 0.005737590266177713 -0.008651200376303521
17.6361111111111 0.006631521098083586 -0.008696146696344501
17.63888888888887 0.007561325108263236 -0.008672964618478418
17.64166666666665 0.008526626004637414 -0.008582368776248708
17.64444444444442 0.009533725497968092 -0.008364973604878572
17.6472222222222 0.01055370295706726 -0.008096742367384396
17.64999999999998 0.01159691245514551 -0.007678065140859528
17.65277777777775 0.01263919040096836 -0.007177378331221484
17.65555555555553 0.01368028813317679 -0.006572790934210721
17.65833333333331 0.01469535570499331 -0.005821522267103697
17.66111111111108 0.015697260862492 -0.005009187097114663
17.66388888888886 0.01663394072887933 -0.004012420405163609
17.66666666666664 0.01752988066010962 -0.002941876618874673
17.66944444444441 0.01835924097508602 -0.001750761933039343
17.67222222222219 0.01908771418249391 -0.0004322261268770252
17.67499999999997 0.01977040851590044 0.0009437812289482351
17.67777777777774 0.02027035833736224 0.002485036886385293
17.68055555555552 0.02070036813016797 0.004070952191279453
17.68333333333329 0.02098045123170531 0.005752601989068708
17.68611111111107 0.02110121798732613 0.007501667191551733
17.68888888888885 0.02112879133725415 0.009290167588982446
17.69166666666662 0.02089220006081504 0.01114083920247972
17.6944444444444 0.02056280925114502 0.01299990025991702
17.69722222222218 0.02001016170834709 0.01487253394304825
17.69999999999995 0.01927980537830843 0.0167253591061108
17.70277777777773 0.01841507049001117 0.01856320560430599
17.70555555555551 0.01727349767611742 0.0203202299675257
17.70833333333328 0.01603561340647566 0.02203717373649167
17.71111111111106 0.01455279004500292 0.02363324851520592
17.71388888888884 0.01292624435438113 0.02512364129372047
17.71666666666661 0.01116045211648043 0.02651164320698488
17.71944444444439 0.009189749027061322 0.02768400372087128
17.72222222222216 0.007146923116022755 0.02876766146513977
17.72499999999994 0.00492657093808877 0.02958144476043593
17.72777777777772 0.002639346722053089 0.03023824512367683
17.73055555555549 0.0002691906477373055 0.03070036192943736
17.73333333333327 -0.002166411576208042 0.03087326362277168
17.73611111111105 -0.004623956160490062 0.03092581694305492
17.73888888888882 -0.00709679274699969 0.03060967569881593
17.7416666666666 -0.009547890612523501 0.03013978806591875
17.74444444444438 -0.01196424622989433 0.02942418702647517
17.74722222222215 -0.01429027075545511 0.02843880238137197
17.74999999999993 -0.01657505971155523 0.02733274788769363
17.75277777777771 -0.0186628286175812 0.02587141493615609
17.75555555555548 -0.02066582636091285 0.0243073806257412
17.75833333333326 -0.02249144966055055 0.02252845488505101
17.76111111111103 -0.02411632976032405 0.02058157956366739
17.76388888888881 -0.02562642024027755 0.01853866677486388
17.76666666666659 -0.02679793638016086 0.01630529508697806
17.76944444444436 -0.02785072568821096 0.01402747127115054
17.77222222222214 -0.02862010199603329 0.01165317774085314
17.77499999999992 -0.02916186297028762 0.00924591154769497
17.77777777777769 -0.02953517467626219 0.006814243567341427
17.78055555555547 -0.0295598001257286 0.004396558489273756
17.78333333333325 -0.02946509169092757 0.001997728925620019
17.78611111111102 -0.02907046664212285 -0.0003329167973131356
17.7888888888888 -0.02849925656542053 -0.002587585670118169
17.79166666666658 -0.027760532609501 -0.004770180613172796
17.79444444444435 -0.02677221801526047 -0.006786326578794754
17.79722222222213 -0.02569634951345719 -0.008733573828541858
17.7999999999999 -0.02440351297916128 -0.01047093865515593
17.80277777777768 -0.02302194218542792 -0.01208475608463584
17.80555555555546 -0.02153264731018948 -0.01354858601252395
17.80833333333323 -0.01993724887036352 -0.0147902420963259
17.81111111111101 -0.01830283226468707 -0.01594061552709132
17.81388888888879 -0.01659284680546145 -0.01681843169790386
17.81666666666656 -0.01487176763688242 -0.01758348006171557
17.81944444444434 -0.01313334830097912 -0.01817226523168518
17.82222222222212 -0.01140861813522917 -0.01856899567141026
17.82499999999989 -0.009690625004146906 -0.01888062910579693
17.82777777777767 -0.008031952068183468 -0.01894624322773813
17.83055555555545 -0.006403868230078357 -0.01893902283806257
17.83333333333322 -0.004838271212203912 -0.01878301751020203
17.836111111111 -0.003348133311305259 -0.01850487700008268
17.83888888888877 -0.001900169820994767 -0.01815847463466629
17.84166666666655 -0.0005803568946758893 -0.01766091870005897
17.84444444444433 0.000694890190710055 -0.01712210035223837
17.8472222222221 0.001864708378235436 -0.01648993749427438
17.84999999999988 0.002948969940030252 -0.01580054292191422
17.85277777777766 0.003971267763789447 -0.01506969871397184
17.85555555555543 0.004862646386829626 -0.01427349574750403
17.85833333333321 0.005708976410174618 -0.01345888546463265
17.86111111111099 0.006442005150366359 -0.01260348268776506
17.86388888888876 0.007104105822551984 -0.01173092595851915
17.86666666666654 0.007700327543429876 -0.01084243640570657
17.86944444444432 0.008188246866510431 -0.009938962285661991
17.87222222222209 0.008636332388624612 -0.009031650421464327
17.87499999999987 0.008978389906187559 -0.008119608249524686
17.87777777777764 0.009266486759738443 -0.007209939117498207
17.88055555555542 0.009490453439513779 -0.006303090252138077
17.8833333333332 0.009627381580860916 -0.005407742458390498
17.88611111111097 0.009729301133671622 -0.00451785327436834
17.88888888888875 0.009731524081331143 -0.003650385561939648
17.89166666666653 0.009692421836457113 -0.002796459853994554
17.8944444444443 0.009590137963879419 -0.001963238366240313
17.89722222222208 0.00941701699045364 -0.001161664429515719
17.89999999999986 0.009212723018647215 -0.0003743035812315695
