17.6 0.0004753515051971807 -0.0004936251741388595
17.60277777777778 0.0005725586773841942 -0.0004057251206187074
17.60555555555555 0.0006611023867122204 -0.0003078621604496122
17.60833333333333 0.000730615680434226 -0.0001881143884841936
17.61111111111111 0.0007762203083246198 -5.392532938377531e-05
17.61388888888888 0.0008075200322201985 8.890416274969821e-05
17.61666666666666 0.0007957100973153523 0.0002418431312825121
17.61944444444444 0.0007686010050991917 0.0003943959889700806
17.62222222222221 0.0007043327435434944 0.0005438246967841493
17.62499999999999 0.0006127689089007507 0.0006817400961709977
17.62777777777777 0.0005001169056422626 0.0008107604784551089
17.63055555555554 0.0003508702725475516 0.0009079840023997001
17.63333333333332 0.0001908354007901624 0.000991280110210678
17.6361111111111 6.663237247242509e-06 0.001034166430643856
17.63888888888887 -0.0001842175680129058 0.001047161766511641
17.64166666666665 -0.000381736644622722 0.001030579659609715
17.64444444444442 -0.0005741935162196714 0.0009622056103186695
17.6472222222222 -0.0007620472625661689 0.0008742866773081437
17.64999999999998 -0.0009264083890320375 0.0007332024939695997
17.65277777777775 -0.001070203119451856 0.0005693697458646538
17.65555555555553 -0.001187941619023925 0.0003767161069395017
17.65833333333331 -0.001258269347027317 0.0001571351321677726
17.66111111111108 -0.001308210175709587 -7.221517652294181e-05
17.66388888888886 -0.001289472405444528 -0.0003152856637522633
17.66666666666664 -0.001241463547047028 -0.0005547607896373442
17.66944444444441 -0.001145618141839118 -0.000788360162955048
17.67222222222219 -0.0009995585322932832 -0.0009982226206264682
17.67499999999997 -0.0008308802611207046 -0.001197241759133144
17.67777777777774 -0.0006026968480924984 -0.00133960941517875
17.68055555555552 -0.0003617954020311219 -0.001458183690196226
17.68333333333329 -9.363099012965192e-05 -0.001525753369416664
17.68611111111107 0.0001839128221734972 -0.001539343350786041
17.68888888888885 0.000466943191814881 -0.001521357464330498
17.69166666666662 0.0007377607449817218 -0.001420609515780955
17.6944444444444 0.0009974773081271493 -0.001294238747123213
17.69722222222218 0.001227139940242176 -0.001107920758522894
17.69999999999995 0.001420067600625729 -0.0008846577847572588
17.70277777777773 0.001585217273124763 -0.0006334580166524964
17.70555555555551 0.001677642817981408 -0.0003452411235086007
17.70833333333328 0.001742400032179997 -4.929836860372325e-05
17.71111111111106 0.001733043263915519 0.0002581370056187687
17.71388888888884 0.00167681279808774 0.0005578783361111616
17.71666666666661 0.001575168369220746 0.0008501652297712788
17.71944444444439 0.001405402312448244 0.00110709351433518
17.72222222222216 0.001212040244489039 0.001347423493994682
17.72499999999994 0.0009621310935081382 0.001530179898777923
17.72777777777772 0.0006938682640784287 0.00167600586153689
17.73055555555549 0.0004028439830279319 0.001776032260365698
17.73333333333327 0.0001017088257340461 0.001807528093478244
17.73611111111105 -0.0002015527830118943 0.00181091775266393
17.73888888888882 -0.0004909060090997646 0.00173223430625412
17.7416666666666 -0.0007646014244958672 0.001623611022774943
17.74444444444438 -0.001013272941524598 0.001467138684615767
17.74722222222215 -0.001219347365861377 0.001268925050212145
17.74999999999993 -0.001406184988805345 0.001052238002694802
17.75277777777771 -0.001519678930743308 0.0007990476490584699
17.75555555555548 -0.001607663974458877 0.0005420407264969168
17.75833333333326 -0.001642274421346525 0.0002770480483032041
17.76111111111103 -0.001628945135101766 2.002426034007477e-05
17.76388888888881 -0.001588202797036255 -0.0002324427312754085
17.76666666666659 -0.001486200496864153 -0.0004531699890714361
17.76944444444436 -0.001368261180148894 -0.0006593880560977793
17.77222222222214 -0.001214672236121589 -0.0008295124802112509
17.77499999999992 -0.001044452262660272 -0.0009665047829036605
17.77777777777769 -0.0008619243102285405 -0.001078977289313246
17.78055555555547 -0.0006714018875099955 -0.001138736138170363
17.78333333333325 -0.0004816942331445618 -0.00118085315129251
17.78611111111102 -0.0002992822600919709 -0.001179221144124774
17.7888888888888 -0.0001289496300895973 -0.001154528329269832
17.79166666666658 2.992417105945731e-05 -0.001107959337257868
17.79444444444435 0.0001615459639072618 -0.001035024097209115
17.79722222222213 0.0002822871349617888 -0.0009540745850245063
17.7999999999999 0.0003711454006482333 -0.0008578635543765934
17.80277777777768 0.0004437714258358183 -0.0007597003956141531
17.80555555555546 0.0004966913847351968 -0.000659167338128819
17.80833333333323 0.00052614268549398 -0.0005637180717561908
17.81111111111101 0.0005466079859377112 -0.0004709255086827611
17.81388888888879 0.0005461141577666872 -0.0003911465250873491
17.81666666666656 0.0005403105849663344 -0.000318230858753762
17.81944444444434 0.0005262075464608048 -0.0002560429901232185
17.82222222222212 0.0005086269458293065 -0.0002060138827781095
17.82499999999989 0.0004896083445080783 -0.0001613424039767407
17.82777777777767 0.0004725353890614116 -0.0001303941545344689
17.83055555555545 0.0004575338723578534 -0.0001022831351622328
17.83333333333322 0.0004467638508412067 -7.99679547572157e-05
17.836111111111 0.0004409263632112673 -5.934001509109757e-05
17.83888888888877 0.0004378456890415854 -3.96550812079152e-05
17.84166666666655 0.0004407842589438836 -1.725815243480348e-05
17.84444444444433 0.000444748592914511 7.081498087122313e-06
17.8472222222221 0.0004507363365428877 3.639460237159025e-05
17.84999999999988 0.0004555335623590565 7.067372600799133e-05
17.85277777777766 0.0004594685646687175 0.0001085494515390494
17.85555555555543 0.0004570546890371262 0.0001535233594255267
17.85833333333321 0.0004515264164646312 0.000200407004479005
17.86111111111099 0.0004369116625436864 0.0002513756338083541
17.86388888888876 0.0004149082361419099 0.0003026936191815272
17.86666666666654 0.0003860421105538036 0.0003543360911852702
17.86944444444432 0.0003446551116440979 0.0004020793347208496
17.87222222222209 0.0002987489170701183 0.0004475763801686755
17.87499999999987 0.0002410955618990593 0.0004844332655997713
17.87777777777764 0.0001786773641329147 0.0005145598586563211
17.88055555555542 0.0001105963342050366 0.000536687758082203
17.8833333333332 3.818042937306955e-05 0.0005450036033789943
17.88611111111097 -3.553028949588448e-05 0.0005475919676802127
17.88888888888875 -0.0001092222425249714 0.0005324492302892227
17.89166666666653 -0.0001806160184180473 0.0005098931331649714
17.8944444444443 -0.000248496136822737 0.0004760028327137802
17.89722222222208 -0.0003085422579856329 0.0004305442640174739
17.89999999999986 -0.0003650407266594431 0.0003800583665112634
