17.6 -0.0001365210869571168 -0.0001943194236202695
17.60277777777778 -0.0002022111565499497 -0.0001517832905811721
17.60555555555555 -0.0002601278154118224 -9.764819658321912e-05
17.60833333333333 -0.0003009691731736261 -1.803448609693603e-05
17.61111111111111 -0.0003135380113264 7.507169195350375e-05
17.61388888888888 -0.000309190988027634 0.0001762506104285987
17.61666666666666 -0.0002526444610465401 0.000273061531708191
17.61944444444444 -0.000179908943645484 0.0003607151514571048
17.62222222222221 -6.913825565170556e-05 0.0004219418475628581
17.62499999999999 5.815352007035352e-05 0.0004484182054863934
17.62777777777777 0.0001982092514206178 0.0004480469501100073
17.63055555555554 0.0003334899446646005 0.0003822156994268556
17.63333333333332 0.0004595061421683064 0.0002942792848422051
17.6361111111111 0.0005488359139326226 0.0001511833706992499
17.63888888888887 0.0005983303983223944 -1.223621382156599e-05
17.64166666666665 0.0006084074480017802 -0.0001957662833669395
17.64444444444442 0.0005398905622397318 -0.0003762453139390267
17.6472222222222 0.0004421794579934708 -0.0005490673653820357
17.64999999999998 0.0002669499886953707 -0.0006745550493528404
17.65277777777775 6.738573611911936e-05 -0.0007569506375374149
17.65555555555553 -0.000163009038698642 -0.0007847514589478196
17.65833333333331 -0.0003939604372395509 -0.0007217719304482857
17.66111111111108 -0.0006209575562474331 -0.0006216223744126481
17.66388888888886 -0.0007901605192610187 -0.0004160450248330076
17.66666666666664 -0.0009152137657667846 -0.0001826695744450485
17.66944444444441 -0.0009681149292739021 9.613517958003272e-05
17.67222222222219 -0.00091994778710553 0.0003804522072161279
17.67499999999997 -0.0008261550688625657 0.00066685979272943
17.67777777777774 -0.0005937242036805311 0.0008857648973133825
17.68055555555552 -0.0003314330411480428 0.001061928480042761
17.68333333333329 -5.131959430942315e-06 0.001146469352936766
17.68611111111107 0.0003322192579218903 0.001122549557933917
17.68888888888885 0.0006760343429170361 0.001035184803991819
17.69166666666662 0.0009519622982040277 0.0007904267591622474
17.6944444444444 0.001185094147629858 0.0005065674692237561
17.69722222222218 0.001305955161426161 0.0001365954354489212
17.69999999999995 0.001314769362734486 -0.0002496721781444898
17.70277777777773 0.001238856807682653 -0.0006482620666012231
17.70555555555551 0.0009923401801722592 -0.0009814483608221207
17.70833333333328 0.0006962391102275748 -0.001273650414687326
17.71111111111106 0.0002894977169068515 -0.001432763959288361
17.71388888888884 -0.0001376707834671235 -0.001480713295769945
17.71666666666661 -0.0005846302526133333 -0.001420960285279588
17.71944444444439 -0.0009703990806528328 -0.001183006209434482
17.72222222222216 -0.00131924257142111 -0.0008851779817609268
17.72499999999994 -0.001515253740907555 -0.000451435545900321
17.72777777777772 -0.001605712134953336 5.143267272366336e-06
17.73055555555549 -0.00156526846496146 0.0004900427845934216
17.73333333333327 -0.001345661082996011 0.0009192511223212795
17.73611111111105 -0.001056820912812877 0.00131758848805474
17.73888888888882 -0.0006081040606280001 0.001545811351681499
17.7416666666666 -0.0001361518245701303 0.001678577105189662
17.74444444444438 0.0003729345866294996 0.00165878583338479
17.74722222222215 0.0008327057631679737 0.001465792457010943
17.74999999999993 0.001269155031733594 0.001195836793088355
17.75277777777771 0.001522055639685522 0.0007454785877254459
17.75555555555548 0.001693314843462225 0.0002734339117454166
17.75833333333326 0.001693748283055488 -0.0002439873467791771
17.76111111111103 0.001533347646556744 -0.0007189843957100821
17.76388888888881 0.001280978353280626 -0.001169722297164421
17.76666666666659 0.0008519359192011003 -0.001447141446134888
17.76944444444436 0.0003948580952856295 -0.001649951691439187
17.77222222222214 -0.0001145009560650014 -0.001668691877747359
17.77499999999992 -0.000588521419823325 -0.00154413260556348
17.77777777777769 -0.001036389167379924 -0.001313522969594852
17.78055555555547 -0.001329129022578322 -0.0009198748601324581
17.78333333333325 -0.001554324399030419 -0.0004912065488173889
17.78611111111102 -0.001588400991759681 -5.232582958725868e-06
17.7888888888888 -0.001500140235741077 0.0004523849632136184
17.79166666666658 -0.001295826583812265 0.0008831027550924075
17.79444444444435 -0.0009465299007739532 0.00117958356005834
17.79722222222213 -0.0005569878783156357 0.001416921711249968
17.7999999999999 -0.0001072418475428747 0.001462805056909988
17.80277777777768 0.0003207427579401101 0.001408805678822647
17.80555555555546 0.0007223088237694771 0.001233547896798373
17.80833333333323 0.001011723719753074 0.0009338820698201422
17.81111111111101 0.001251062595806731 0.0005907783728267115
17.81388888888879 0.001305120580899103 0.0001866497227751314
17.81666666666656 0.00128141902571896 -0.000201664601799544
17.81944444444434 0.001136174405326726 -0.0005652601383517031
17.82222222222212 0.0008877722706259008 -0.0008385220344317686
17.82499999999989 0.0005948210111017453 -0.001070830373555135
17.82777777777767 0.0002418206389328594 -0.001129688428227916
17.83055555555545 -0.0001004512326738346 -0.001131106474219034
17.83333333333322 -0.0004208071298677096 -0.001015187176259616
17.836111111111 -0.0006711365069487063 -0.0008164960105741194
17.83888888888877 -0.0008823277741542837 -0.0005715433078532972
17.84166666666655 -0.0009499768304203785 -0.0002739388649893927
17.84444444444433 -0.0009708429120583219 1.954331215755727e-05
17.8472222222221 -0.0008822194245712603 0.0002948000008424691
17.84999999999988 -0.0007292456949125864 0.0005179287799463617
17.85277777777766 -0.0005296667898580566 0.0007033043154406377
17.85555555555543 -0.0002862086216927565 0.0007771167662887794
17.85833333333321 -4.108868580113013e-05 0.0008118860235319527
17.86111111111099 0.0001900957466126934 0.0007475751849905048
17.86388888888876 0.0003841362332208669 0.0006347426764831959
17.86666666666654 0.00054367691931429 0.0004768425829857618
17.86944444444432 0.0006191354231786169 0.0002829224168347917
17.87222222222209 0.0006628405513194932 8.326860170814341e-05
17.87499999999987 0.0006193128720635096 -0.0001070194973891404
17.87777777777764 0.0005402844469554925 -0.0002720943975086257
17.88055555555542 0.0004190647508107876 -0.0004072043803779765
17.8833333333332 0.0002686197369265725 -0.0004808502379599119
17.88611111111097 0.0001098682166358779 -0.0005293632527506501
17.88888888888875 -4.40587005615997e-05 -0.0005029111053478181
17.89166666666653 -0.0001818045918408166 -0.0004512697189403287
17.8944444444443 -0.0002948114923796809 -0.0003611167848942251
17.89722222222208 -0.0003642419272300704 -0.0002474654963927195
17.89999999999986 -0.0004143634836359297 -0.0001241473948933861
