17.6 -0.008383762161683321 0.001512149384134713
17.60277777777778 -0.008422671697395393 0.002525555503943837
17.60555555555555 -0.008425955377858188 0.003582315607588129
17.60833333333333 -0.00835098226392492 0.004734308338645843
17.61111111111111 -0.008143023459877864 0.00599997303429961
17.61388888888888 -0.007855497374947795 0.007333649326748487
17.61666666666666 -0.007234251497154716 0.008824912985260735
17.61944444444444 -0.006462320485372916 0.01034444198080918
17.62222222222221 -0.005306655484056023 0.01191740441579502
17.62499999999999 -0.003789771161549663 0.01342373822478626
17.62777777777777 -0.001993813967841223 0.01487859571213628
17.63055555555554 0.0004081639216060421 0.01599204379075732
17.63333333333332 0.003013320161602397 0.01692320703523786
17.6361111111111 0.006122867716275189 0.01728071668843316
17.63888888888887 0.009437900684049219 0.01712534133284013
17.64166666666665 0.01295626362353146 0.01646246088113052
17.64444444444442 0.01651427505513018 0.01477164361348634
17.6472222222222 0.02002614222627942 0.01267341529234316
17.64999999999998 0.0231635196080179 0.009387531677069343
17.65277777777775 0.02587369308128086 0.005540127152529207
17.65555555555553 0.02804262813662293 0.0009813136672299407
17.65833333333331 0.02908975611515404 -0.004304434792544975
17.66111111111108 0.02964410287063934 -0.009856979651615617
17.66388888888886 0.02842811888518554 -0.01582270123499229
17.66666666666664 0.02641155259862579 -0.02169479591352815
17.66944444444441 0.02308662727364695 -0.02741387995590773
17.67222222222219 0.01833746872590391 -0.03242381363822028
17.67499999999997 0.01294671474253876 -0.03710936207791281
17.67777777777774 0.005857104744927868 -0.04002006831684642
17.68055555555552 -0.001573699159977337 -0.04216387804158667
17.68333333333329 -0.009735902158999703 -0.04266373280766229
17.68611111111107 -0.01802907830873255 -0.04140001444487729
17.68888888888885 -0.02639886827921813 -0.03910467948856984
17.69166666666662 -0.03402360999827466 -0.03411569343307766
17.6944444444444 -0.04114422960321085 -0.02831300945239956
17.69722222222218 -0.04693290781358116 -0.02061788604254168
17.69999999999995 -0.05120658773744997 -0.0118534208573603
17.70277777777773 -0.05433466710512054 -0.002280348465496494
17.70555555555551 -0.05458091952352639 0.00809752001542601
17.70833333333328 -0.05375819454522747 0.0185352253044698
17.71111111111106 -0.05011175065199869 0.02877662512680124
17.71388888888884 -0.04477431628288863 0.03828187537089046
17.71666666666661 -0.03779855204087641 0.04707390111007524
17.71944444444439 -0.02858274668535439 0.05377385729908344
17.72222222222216 -0.01864198286574359 0.05956343155831811
17.72499999999994 -0.007172277180126054 0.06241160120028103
17.72777777777772 0.004540026987802704 0.06353339087882338
17.73055555555549 0.01655319147829867 0.0625141975317508
17.73333333333327 0.02796791109156599 0.05853940040242938
17.73611111111105 0.03904399812459284 0.05337834309586315
17.73888888888882 0.04820321363620861 0.0450112872463795
17.7416666666666 0.05615861780614385 0.03564453809538825
17.74444444444438 0.06219012257144902 0.02468010558572535
17.74722222222215 0.06554368483207924 0.01272523662398686
17.74999999999993 0.06769374554418761 0.000340591626101229
17.75277777777771 0.06578226376054257 -0.01210692798786269
17.75555555555548 0.06261222553243573 -0.02413264392089277
17.75833333333326 0.05680879474371416 -0.03527578149973064
17.76111111111103 0.04895343420088814 -0.04481833086931994
17.76388888888881 0.03992473261074233 -0.05344562676007503
17.76666666666659 0.02881882947755337 -0.0588247529840831
17.76944444444436 0.0173621895061089 -0.06300391956680507
17.77222222222214 0.005231341230934428 -0.06429235609596243
17.77499999999992 -0.006646431088875021 -0.06331514985742659
17.77777777777769 -0.01833691172304895 -0.06066122939925204
17.78055555555547 -0.02851491285518727 -0.05489442956938582
17.78333333333325 -0.03795542259226051 -0.04819675360277233
17.78611111111102 -0.04521747684542803 -0.0393582922094563
17.7888888888888 -0.05074393720211656 -0.02971555962445469
17.79166666666658 -0.05462396088290825 -0.01930987114865124
17.79444444444435 -0.05552270065955881 -0.00863459154869509
17.79722222222213 -0.05532191401904539 0.001974697065884911
17.7999999999999 -0.05219629970060376 0.0118224562064176
17.80277777777768 -0.04780950646606071 0.02080579752388154
17.80555555555546 -0.04189163221262014 0.028739728877065
17.80833333333323 -0.03452455692246775 0.03465398819321665
17.81111111111101 -0.02664614097967428 0.03971455443613747
17.81388888888879 -0.01799311016714702 0.04201241285287046
17.81666666666656 -0.009429313311075938 0.04315856495114698
17.81944444444434 -0.00100499475632553 0.04250452744337967
17.82222222222212 0.006597399207268805 0.04005746277775585
17.82499999999989 0.01382296767016795 0.03682321614324439
17.82777777777767 0.01920910034136761 0.03174544984131067
17.83055555555545 0.02385345219159004 0.02632761868357252
17.83333333333322 0.02698250846083003 0.02021510958502562
17.836111111111 0.02862852971332119 0.0139974571922921
17.83888888888877 0.02944567660019988 0.007721039780335772
17.84166666666655 0.02829575604228296 0.002033773443185113
17.84444444444433 0.02663111005777359 -0.003301690449152001
17.8472222222221 0.02381275117425709 -0.007749403500227993
17.84999999999988 0.02044482730807097 -0.01129390505227448
17.85277777777766 0.0166788851665156 -0.01418426251859142
17.85555555555543 0.01265554525665444 -0.01561244362633456
17.85833333333321 0.008663734525021205 -0.01656142131956731
17.86111111111099 0.004913134087821928 -0.01633741219222038
17.86388888888876 0.001551550283961664 -0.01552659781359754
17.86666666666654 -0.001448709596012352 -0.01417075076084916
17.86944444444432 -0.003612848676476695 -0.01224757945607162
17.87222222222209 -0.005454540174539656 -0.01017845721057119
17.87499999999987 -0.006389053736352865 -0.007926371996164659
17.87777777777764 -0.006895944140350733 -0.005764407332394585
17.88055555555542 -0.006894620868271208 -0.003709547476893225
17.8833333333332 -0.00636806049766438 -0.00203440716101223
17.88611111111097 -0.005654455775315794 -0.0005260300653408365
17.88888888888875 -0.004608182776948443 0.0003915526041183031
17.89166666666653 -0.003545279031677229 0.001053139858131925
17.8944444444443 -0.002456948722247588 0.001323338565815347
17.89722222222208 -0.001526648313974401 0.001220496402941852
17.89999999999986 -0.0006697536659386314 0.0009571799419741776
