17.6 0.0001009367081553618 0.000303505661740761
17.60277777777778 -5.651004277100696e-05 0.0003016279286478364
17.60555555555555 -0.0001998160603897619 0.0002611531308314669
17.60833333333333 -0.0003120601301248683 0.0001358948930886878
17.61111111111111 -0.0003431754284683225 -2.240192846471919e-05
17.61388888888888 -0.0003257501978609529 -0.0002004662172981621
17.61666666666666 -0.000182463790472929 -0.0003183571403796379
17.61944444444444 -1.954715194384202e-05 -0.0003944454794198809
17.62222222222221 0.0001772734356053531 -0.0003577521450526707
17.62499999999999 0.0003258707939711026 -0.0002408180938409567
17.62777777777777 0.0004372115765187462 -6.189121466154012e-05
17.63055555555554 0.0003983888003351613 0.0001468383214754527
17.63333333333332 0.0003105850854982479 0.0003390263105829949
17.6361111111111 0.0001036217902667061 0.000442760861754304
17.63888888888887 -0.0001126617648622864 0.0004505712766176715
17.64166666666665 -0.0003381678149249131 0.0003634637524056288
17.64444444444442 -0.0004535998929804016 0.0001556887051785403
17.6472222222222 -0.0005173318125006658 -7.922706281194948e-05
17.64999999999998 -0.0003990305239464241 -0.0003130182866528566
17.65277777777775 -0.0002170683649053308 -0.0004751061992813981
17.65555555555553 4.554780535191916e-05 -0.0005463508730014778
17.65833333333331 0.0002888518813957251 -0.0004483579842287502
17.66111111111108 0.0005130741935925609 -0.0002860813641149363
17.66388888888886 0.0005587205249896719 2.722634226547615e-06
17.66666666666664 0.0005143868804844226 0.0002709034702155728
17.66944444444441 0.0003230026272085915 0.000505380712173917
17.67222222222219 4.754964073340945e-05 0.0005870162615973766
17.67499999999997 -0.0002647844215460561 0.0005994694079869732
17.67777777777774 -0.0004905020750508367 0.0003674361241786066
17.68055555555552 -0.0006367539713901201 0.0001030723902737436
17.68333333333329 -0.0006126593827493993 -0.0002305963968792724
17.68611111111107 -0.0004308088199409812 -0.0004865178928122776
17.68888888888885 -0.0001566776037162564 -0.0006969604718739396
17.69166666666662 0.0001895208626246515 -0.0006454134842979484
17.6944444444444 0.0004984849450723409 -0.0005143091759445678
17.69722222222218 0.0006871290122914913 -0.000197938749405172
17.69999999999995 0.0007032525613358573 0.0001446182473331658
17.70277777777773 0.0005889207802735206 0.0005069768172165849
17.70555555555551 0.0002603030797771985 0.000691359510819967
17.70833333333328 -9.910677307618278e-05 0.0007886343077022789
17.71111111111106 -0.0004675620797348302 0.0006245019145435919
17.71388888888884 -0.000713401018924518 0.000343114978029781
17.71666666666661 -0.0008404420934328843 -5.187497627281285e-05
17.71944444444439 -0.0006869451959828712 -0.0004248306307062657
17.72222222222216 -0.0004436989429397298 -0.0007556702578488238
17.72499999999994 -1.573637553797829e-05 -0.0008445286419836102
17.72777777777772 0.0003823443488559297 -0.000775763606859496
17.73055555555549 0.0007433668821161067 -0.0005115207092583137
17.73333333333327 0.0008662487723395202 -0.0001028328056876029
17.73611111111105 0.0008878260288952917 0.0003439169548062367
17.73888888888882 0.0005773662390246507 0.0006909141951884218
17.7416666666666 0.000204280691812703 0.0009059221956939668
17.74444444444438 -0.0002688916822065488 0.0009099884886211873
17.74722222222215 -0.0006395995408558027 0.000666042469497678
17.74999999999993 -0.0009620587932513372 0.0003132583048097414
17.75277777777771 -0.0009227042662268263 -0.0001696696475607156
17.75555555555548 -0.0007714956106955845 -0.0005933087290846508
17.75833333333326 -0.0003862443493043961 -0.0008928922927956807
17.76111111111103 6.129554204124105e-05 -0.0009502256651393972
17.76388888888881 0.0005444535173688843 -0.000869034756774291
17.76666666666659 0.0008231834306460196 -0.000475238930683278
17.76944444444436 0.0009894474267316885 -4.810468761878766e-05
17.77222222222214 0.0008696396328043015 0.0004256816194612321
17.77499999999992 0.0005736137809847381 0.0007605483717149393
17.77777777777769 0.0001471757884525557 0.0009926061567807963
17.78055555555547 -0.0003048658229115046 0.000882240684978819
17.78333333333325 -0.0007077933577769601 0.0006726512414448712
17.78611111111102 -0.0009017446149039473 0.0002402404870824203
17.7888888888888 -0.0009028160530294774 -0.0001902398012307816
17.79166666666658 -0.0007209158820196045 -0.0006188887912710954
17.79444444444435 -0.0003351776520299288 -0.0008214894367666589
17.79722222222213 8.886293544553792e-05 -0.0009267123927791791
17.7999999999999 0.0004841625772254226 -0.0007232772099683014
17.80277777777768 0.0007536315617623129 -0.0004238583767224245
17.80555555555546 0.0008703411491664856 -7.914644884203471e-06
17.80833333333323 0.000731178378611972 0.0003629484908597241
17.81111111111101 0.0004994762644483575 0.0006985489475479904
17.81388888888879 0.0001040828120839171 0.0007790974504631906
17.81666666666656 -0.0002601714618990325 0.000740212561452853
17.81944444444434 -0.0005757532363351945 0.0005146457490099313
17.82222222222212 -0.0007030267604830585 0.000188571731695625
17.82499999999989 -0.00074640146807911 -0.000178455886071007
17.82777777777767 -0.0005198200368332332 -0.0004514847901582245
17.83055555555545 -0.0002569201325776544 -0.0006410690670991885
17.83333333333322 8.017044917094714e-05 -0.000660194266108121
17.836111111111 0.0003492680880058962 -0.0005248157839410424
17.83888888888877 0.0005803641916193593 -0.0003030845594089835
17.84166666666655 0.0005865112477415371 -3.976508497876175e-06
17.84444444444433 0.0005265045098225108 0.0002690500100956057
17.8472222222221 0.0003145595611121377 0.0004603596173152167
17.84999999999988 7.046203853543843e-05 0.0005272156871071116
17.85277777777766 -0.0001969217420862907 0.0005039372252373352
17.85555555555543 -0.0003638473927313633 0.0003244168746176446
17.85833333333321 -0.0004792802813933594 0.0001191430011018981
17.86111111111099 -0.0004423857846911357 -0.0001131434499051803
17.86388888888876 -0.0003303449473545139 -0.0002885503592312762
17.86666666666654 -0.0001485071698956648 -0.0004111267789903259
17.86944444444432 4.737659519502082e-05 -0.0003937424612641276
17.87222222222209 0.0002311472756796208 -0.0003309645479680788
17.87499999999987 0.0003260472510960938 -0.0001672993110551481
17.87777777777764 0.0003545156199374925 -1.821159858404558e-06
17.88055555555542 0.0003040325794171348 0.0001658115702374258
17.8833333333332 0.0001810180947613508 0.0002597874263926005
17.88611111111097 3.673454027776804e-05 0.0003215273891021888
17.88888888888875 -0.0001028385233591531 0.0002699145207567456
17.89166666666653 -0.0002083950707036116 0.0001889824449054197
17.8944444444443 -0.0002619441442432975 6.322455846170382e-05
17.89722222222208 -0.0002422402373064884 -5.481453470165327e-05
17.89999999999986 -0.0001911487419365929 -0.0001680814325495914
