17.6 -0.0006468481315692647 -9.603623058676956e-06
17.60277777777778 -0.0006091392229645775 -8.518564266856805e-05
17.60555555555555 -0.0005670983699554601 -0.0001547663996678421
17.60833333333333 -0.0005155418413163646 -0.0002111646078988209
17.61111111111111 -0.0004598486056751117 -0.0002545051260525095
17.61388888888888 -0.0004016803178106478 -0.0002900330375026187
17.61666666666666 -0.0003437650975910134 -0.0003066216389683931
17.61944444444444 -0.0002873999584098283 -0.0003175546941628479
17.62222222222221 -0.0002356031306449194 -0.000315337737884035
17.62499999999999 -0.0001897122838509967 -0.0003054262035514316
17.62777777777777 -0.0001483843133213076 -0.0002895699484793926
17.63055555555554 -0.0001186822713957678 -0.0002657783724976718
17.63333333333332 -9.338361576380974e-05 -0.0002400530973949761
17.6361111111111 -7.991940427082029e-05 -0.0002108253839650372
17.63888888888887 -7.38996563259304e-05 -0.0001817044237990812
17.64166666666665 -7.524628315077742e-05 -0.0001526890971076272
17.64444444444442 -8.815107372738745e-05 -0.0001273172971509442
17.6472222222222 -0.0001053237680273306 -0.0001038661435587936
17.64999999999998 -0.0001337235308886218 -8.786274517972455e-05
17.65277777777775 -0.0001669304445844092 -7.742508804850421e-05
17.65555555555553 -0.0002062276928037134 -7.403884811590557e-05
17.65833333333331 -0.0002515267428070554 -8.330992695688806e-05
17.66111111111108 -0.0002990268117836405 -9.810899699807289e-05
17.66388888888886 -0.0003499139483870235 -0.0001324348606712995
17.66666666666664 -0.0003998310866138431 -0.0001760806462131208
17.66944444444441 -0.0004481629960122519 -0.0002349576003647033
17.67222222222219 -0.0004889691372703435 -0.0003124096232702116
17.67499999999997 -0.0005263209360659582 -0.0003982523577951667
17.67777777777774 -0.0005426026399249078 -0.0005105770668465761
17.68055555555552 -0.0005484533094297822 -0.0006301340690901895
17.68333333333329 -0.0005319435296002122 -0.0007651945506635341
17.68611111111107 -0.0004874524678274494 -0.0009091940851641318
17.68888888888885 -0.0004265935252516503 -0.001058422592129335
17.69166666666662 -0.000314833354041972 -0.00120808019177408
17.6944444444444 -0.0001848273564597283 -0.001353133700372319
17.69722222222218 -1.074647972105599e-05 -0.001484773876608253
17.69999999999995 0.000196463769140488 -0.001593661841738928
17.70277777777773 0.0004287255493922775 -0.001685345202792385
17.70555555555551 0.0007041079430717435 -0.001721534189678959
17.70833333333328 0.0009912114948524133 -0.001733993479531527
17.71111111111106 0.001302931583051667 -0.001679101693369648
17.71388888888884 0.001616595702706513 -0.001574097139340943
17.71666666666661 0.001932143313045063 -0.001420540422670848
17.71944444444439 0.002223589110447122 -0.001181283934132026
17.72222222222216 0.002501015721320646 -0.000910183397104763
17.72499999999994 0.002721650165834254 -0.0005539372385479754
17.72777777777772 0.002897563154332833 -0.0001624472507932777
17.73055555555549 0.003018014494620866 0.0002727506353784591
17.73333333333327 0.003041092829581456 0.0007436357242289662
17.73611111111105 0.003022842567263728 0.001226195938713589
17.73888888888882 0.002870033022459107 0.001713362068029614
17.7416666666666 0.002660729781314044 0.002184050093173549
17.74444444444438 0.002361139810852244 0.002628403248634449
17.74722222222215 0.001969666429347289 0.003009520668840271
17.74999999999993 0.001537328766270575 0.003361846810293407
17.75277777777771 0.001005917028328883 0.003583328347985791
17.75555555555548 0.0004567570827862298 0.0037525066132887
17.75833333333326 -0.0001295390580111407 0.003812245966246957
17.76111111111103 -0.0007164043155536688 0.003760929643737206
17.76388888888881 -0.001303595007257125 0.003646109109007816
17.76666666666659 -0.001838232786990245 0.003371657811552606
17.76944444444436 -0.002342070185950086 0.003051248204169631
17.77222222222214 -0.002767043156722894 0.00262545651871432
17.77499999999992 -0.003107619248627918 0.002141609069604294
17.77777777777769 -0.003385736488277594 0.001614796804575403
17.78055555555547 -0.003512787943530045 0.001045323501428329
17.78333333333325 -0.003585840923139751 0.0004723205350460707
17.78611111111102 -0.00351978561545925 -9.319135854798867e-05
17.7888888888888 -0.003372706471268974 -0.000625892202192369
17.79166666666658 -0.003148765673945327 -0.001127467495025913
17.79444444444435 -0.002821973487660399 -0.001539206678551621
17.79722222222213 -0.002462584299437873 -0.001912800638905477
17.7999999999999 -0.002035385559169652 -0.002167167687487038
17.80277777777768 -0.001595974603752964 -0.002353833572838619
17.80555555555546 -0.001141737924108097 -0.002458309719164805
17.80833333333323 -0.0007055023083826663 -0.002453735620090076
17.81111111111101 -0.0002799508224866496 -0.002406373792824311
17.81388888888879 8.42833539387082e-05 -0.002249296048034644
17.81666666666656 0.0004108305687443044 -0.00205979363593406
17.81944444444434 0.000678470685877472 -0.001819609424022937
17.82222222222212 0.0008680733398593721 -0.001550553528523884
17.82499999999989 0.001022977698400363 -0.001269313402909965
17.82777777777767 0.001070395205302222 -0.000988947885444368
17.83055555555545 0.001087213554507305 -0.000720734022078345
17.83333333333322 0.0010415245334374 -0.0004773433237740089
17.836111111111 0.0009531776583942218 -0.0002742062737098349
17.83888888888877 0.0008409891334566262 -9.356715307540296e-05
17.84166666666655 0.0006959761581121965 1.482242313498235e-05
17.84444444444433 0.0005488249309764297 9.958764090282207e-05
17.8472222222221 0.0004001194269206682 0.0001290320587045635
17.84999999999988 0.0002662202172726784 0.000121514881343186
17.85277777777766 0.0001430443541817478 8.722854869418962e-05
17.85555555555543 6.002412934314456e-05 1.396725908816581e-05
17.85833333333321 -7.009367158521781e-06 -6.795790665843483e-05
17.86111111111099 -3.091012666516447e-05 -0.0001652735271888596
17.86388888888876 -2.715491285513109e-05 -0.0002600846708621786
17.86666666666654 2.287543970463875e-06 -0.0003525696224713575
17.86944444444432 6.795065689604507e-05 -0.0004241025808607032
17.87222222222209 0.0001449471041141708 -0.000485755550027622
17.87499999999987 0.0002455927230311367 -0.0005139862067502614
17.87777777777764 0.0003502574007169609 -0.0005216413903995208
17.88055555555542 0.0004596985751709385 -0.0005048434156626076
17.8833333333332 0.0005617258777653323 -0.0004547864161798832
17.88611111111097 0.0006594832634404528 -0.0003919024186589698
17.88888888888875 0.0007344445090518154 -0.0002970357682100785
17.89166666666653 0.000795588892475181 -0.0001934205180831115
17.8944444444443 0.0008356088288173615 -7.642963111332152e-05
17.89722222222208 0.0008479591606133198 4.588047887538267e-05
17.89999999999986 0.0008481224519391522 0.0001702438724048242
