4.763336432874808
-79.00274848756564
2.335694912496695
19.7104492719073
-83.11358811049814
63.98248527185613
-35.84091600466697
-18.29062659154528
24.90045244351652
-79.10126356253922
304.9529776465558
189.1975542651255
-73.29664910668184
-20.4929576251827
11.66235968289736
-38.94799126138813
145.4249336818741
741.2288218378663
93.6520096236768
-66.57570032832278
6.455019585615661
-18.26006464706403
29.96507369540685
-79.61360613452472
319.5088818316718
155.3867546365215
-72.56816627490105
29.86741049908194
-6.314828295734761
0.4655450395685594
18.15253204049895
-79.84114707238857
77.49231284135419
-57.59436651405109
10.017449779448
18.28569451983323
-35.90464029403231
6.239039685880936
1.920933670281389
-79.40871332200166
-37.77309832909521
-16.95708089849985
15.57665158786708
-13.26513746228684
12.16015772074255
-33.22844387508427
17.1172262741477
13.81956940151331
1.181350500950976
7.059199706890697
21.35042565631852
-22.69174938034931
-12.9397864387948
10.97467279443421
-12.42462839917441
-0.5317755121318659
33.68259790232355
16.76757824982301
5.008560989041455
-22.80811230337991
0.7030584309988658
7.656480430739915
-19.46078449330809
-23.50457305389151
-17.13925555632415
-23.02623411118279
-24.00050858726004
-8.238955743145478
-5.88729330052151
0.4992974867195698
-4.272207232683792
-25.63698835318671
-12.63062693235828
-5.460271192496658
0.9743416050789585
-22.70558255190066
-7.060149951808464
0.5648570984546226
20.99443370972087
7.3584795132235
20.75852888643448
2.185057803663781
-0.3627429111671682
-9.771003305840591
-8.711233321368516
8.852730985858795
-2.37969955390626
-4.798787893449137
8.531718314905229
-13.22526020090494
-20.41321393372207
-19.50058431656502
-14.34494740364604
-2.262335910549399
-7.651475181145559
